id,id_Key,Date_Proc,Lat_DNB,Lon_DNB,Rad_DNB,Date_Mscan,Date_LTZ,Line_DNB,Sample_DNB,Rad_I04,QF_Detect,QF_Bitflag,SMI,Thr_SMI,SI,Thr_SI,SHI,Thr_SHI,LI,Thr_LI,Glint,Thr_Gl_SMI,Xcorr,Land_Mask,EEZ,FMZ,MPA,File_DNB,File_GDNB,File_I04,File_VNF,File_EEZ,File_FMZ,File_MPA,File_FLM,File_LSM,File_LTZ,File_RLP,Dist_RLP,File_RLV,Lat_Gring,Lon_Gring,Gran_List,SOLZ_GDNBO,SOLA_GDNBO,SATZ_GDNBO,SATA_GDNBO,LUNZ_GDNBO,LUNA_GDNBO
1,VBD_npp_d20140716_t1624009_x1226507E_y045825S_l1639_s0065_v23,2017-05-23 13:08:19,-4.582519,122.650703,7.37921,2014-07-16 16:24:00,2014-07-17 00:24:00,1639,65,0.344945,1,2529,0.360703,0.229481,0.689903,0.4,0.891442,0.75,0.0344326,0.0001,1.27654e-32,999999,2.744791e-02,3,Indonesian Exclusive Economic Zone,WPP714,,SVDNB_npp_d20140716_t1620592_e1626395_b14078_c20140716222640241824_noaa_ops.h5,GDNBO_npp_d20140716_t1620592_e1626395_b14078_c20140716222640241587_noaa_ops.h5,SVI04_npp_d20140716_t1620592_e1626395_b14078_c20140716222639780721_noaa_ops.dspace_rad,VNFF_npp_d20140716_t1620592_e1626395_b14078_v21.csv,World_EEZ_v8_2014.shp,WPP_BFAR_merge.shp,KKP_IDN_merge_20161208.shp,VNF-VBD_npp_20120301-20151231_global_asia-enhanced_c201607211230.bitmask,NCEI_NGA.union.nga_lead2.add_2015ntl.mask,timezone.shp,VBD_platforms-recurring_2015_r20170330.shp,999999,VBD_bridges_c20160811.shp,5.882689;3.858913;1.633381;-3.244492;-8.134360;-13.033914;-17.939375;-16.198889;-13.503011;-8.695962;-3.857777;1.002322,124.625641;138.353409;151.924255;150.830734;149.834305;148.932846;148.122955;133.780533;119.648903;121.089813;122.381638;123.558464,npp_d20140716_t1620592_e1626395_b14078,161.913,21.8694,69.2618,100.225,50.3998,86.6191
2,VBD_npp_d20140716_t1623538_x1249755E_y046070S_l1580_s0390_v23,2017-05-23 13:08:19,-4.607021,124.975471,4.27488,2014-07-16 16:23:53,2014-07-17 00:23:53,1580,390,0.362844,1,2273,0.24793,0.220031,0.632962,0.4,0.812607,0.75,0.0365727,0.0001,2.4254e-24,999999,8.671352e-02,3,Indonesian Exclusive Economic Zone,WPP714,,SVDNB_npp_d20140716_t1620592_e1626395_b14078_c20140716222640241824_noaa_ops.h5,GDNBO_npp_d20140716_t1620592_e1626395_b14078_c20140716222640241587_noaa_ops.h5,SVI04_npp_d20140716_t1620592_e1626395_b14078_c20140716222639780721_noaa_ops.dspace_rad,VNFF_npp_d20140716_t1620592_e1626395_b14078_v21.csv,World_EEZ_v8_2014.shp,WPP_BFAR_merge.shp,KKP_IDN_merge_20161208.shp,VNF-VBD_npp_20120301-20151231_global_asia-enhanced_c201607211230.bitmask,NCEI_NGA.union.nga_lead2.add_2015ntl.mask,timezone.shp,VBD_platforms-recurring_2015_r20170330.shp,999999,VBD_bridges_c20160811.shp,5.882689;3.858913;1.633381;-3.244492;-8.134360;-13.033914;-17.939375;-16.198889;-13.503011;-8.695962;-3.857777;1.002322,124.625641;138.353409;151.924255;150.830734;149.834305;148.932846;148.122955;133.780533;119.648903;121.089813;122.381638;123.558464,npp_d20140716_t1620592_e1626395_b14078,160.971,27.9028,63.5682,99.7837,48.0903,86.2886
3,VBD_npp_d20140716_t1625299_x1236249E_y100808S_l2437_s0403_v23,2017-05-23 13:08:19,-10.080802,123.624947,7.03754,2014-07-16 16:25:29,2014-07-17 00:25:29,2437,403,0.364391,1,2529,0.403829,0.207434,0.803866,0.4,0.88906,0.75,0.03522,0.0001,3.83246e-25,999999,1.657159e-01,3,Indonesian Exclusive Economic Zone,WPP573,Teluk Kupang Marine Nature Recreational Park,SVDNB_npp_d20140716_t1620592_e1626395_b14078_c20140716222640241824_noaa_ops.h5,GDNBO_npp_d20140716_t1620592_e1626395_b14078_c20140716222640241587_noaa_ops.h5,SVI04_npp_d20140716_t1620592_e1626395_b14078_c20140716222639780721_noaa_ops.dspace_rad,VNFF_npp_d20140716_t1620592_e1626395_b14078_v21.csv,World_EEZ_v8_2014.shp,WPP_BFAR_merge.shp,KKP_IDN_merge_20161208.shp,VNF-VBD_npp_20120301-20151231_global_asia-enhanced_c201607211230.bitmask,NCEI_NGA.union.nga_lead2.add_2015ntl.mask,timezone.shp,VBD_platforms-recurring_2015_r20170330.shp,999999,VBD_bridges_c20160811.shp,5.882689;3.858913;1.633381;-3.244492;-8.134360;-13.033914;-17.939375;-16.198889;-13.503011;-8.695962;-3.857777;1.002322,124.625641;138.353409;151.924255;150.830734;149.834305;148.932846;148.122955;133.780533;119.648903;121.089813;122.381638;123.558464,npp_d20140716_t1620592_e1626395_b14078,166.143,34.9855,63.3357,101.251,49.6391,81.6098
4,VBD_npp_d20140716_t1625299_x1236476E_y101062S_l2440_s0407_v23,2017-05-23 13:08:19,-10.106220,123.647614,7.83163,2014-07-16 16:25:29,2014-07-17 00:25:29,2440,407,0.359585,1,2529,0.423421,0.207182,0.803271,0.4,0.887469,0.75,0.0352367,0.0001,4.59292e-25,999999,1.672944e-01,3,Indonesian Exclusive Economic Zone,WPP573,Teluk Kupang Marine Nature Recreational Park,SVDNB_npp_d20140716_t1620592_e1626395_b14078_c20140716222640241824_noaa_ops.h5,GDNBO_npp_d20140716_t1620592_e1626395_b14078_c20140716222640241587_noaa_ops.h5,SVI04_npp_d20140716_t1620592_e1626395_b14078_c20140716222639780721_noaa_ops.dspace_rad,VNFF_npp_d20140716_t1620592_e1626395_b14078_v21.csv,World_EEZ_v8_2014.shp,WPP_BFAR_merge.shp,KKP_IDN_merge_20161208.shp,VNF-VBD_npp_20120301-20151231_global_asia-enhanced_c201607211230.bitmask,NCEI_NGA.union.nga_lead2.add_2015ntl.mask,timezone.shp,VBD_platforms-recurring_2015_r20170330.shp,999999,VBD_bridges_c20160811.shp,5.882689;3.858913;1.633381;-3.244492;-8.134360;-13.033914;-17.939375;-16.198889;-13.503011;-8.695962;-3.857777;1.002322,124.625641;138.353409;151.924255;150.830734;149.834305;148.932846;148.122955;133.780533;119.648903;121.089813;122.381638;123.558464,npp_d20140716_t1620592_e1626395_b14078,166.151,35.1148,63.2594,101.143,49.6206,81.581
5,VBD_npp_d20140716_t1624436_x1245197E_y075165S_l2028_s0431_v23,2017-05-23 13:08:19,-7.516518,124.519745,8.86522,2014-07-16 16:24:43,2014-07-17 00:24:43,2028,431,0.365883,1,2529,0.489474,0.224891,0.850941,0.4,0.923633,0.75,0.0361308,0.0001,6.01473e-24,999999,5.623255e-02,3,Indonesian Exclusive Economic Zone,WPP714,,SVDNB_npp_d20140716_t1620592_e1626395_b14078_c20140716222640241824_noaa_ops.h5,GDNBO_npp_d20140716_t1620592_e1626395_b14078_c20140716222640241587_noaa_ops.h5,SVI04_npp_d20140716_t1620592_e1626395_b14078_c20140716222639780721_noaa_ops.dspace_rad,VNFF_npp_d20140716_t1620592_e1626395_b14078_v21.csv,World_EEZ_v8_2014.shp,WPP_BFAR_merge.shp,KKP_IDN_merge_20161208.shp,VNF-VBD_npp_20120301-20151231_global_asia-enhanced_c201607211230.bitmask,NCEI_NGA.union.nga_lead2.add_2015ntl.mask,timezone.shp,VBD_platforms-recurring_2015_r20170330.shp,999999,VBD_bridges_c20160811.shp,5.882689;3.858913;1.633381;-3.244492;-8.134360;-13.033914;-17.939375;-16.198889;-13.503011;-8.695962;-3.857777;1.002322,124.625641;138.353409;151.924255;150.830734;149.834305;148.932846;148.122955;133.780533;119.648903;121.089813;122.381638;123.558464,npp_d20140716_t1620592_e1626395_b14078,163.619,31.797,62.7747,100.37,48.6039,83.6855
6,VBD_npp_d20140716_t1626322_x1227988E_y136938S_l3000_s0431_v23,2017-05-23 13:08:19,-13.693834,122.798752,11.9745,2014-07-16 16:26:32,2014-07-17 00:26:32,3000,431,0.354558,1,2529,0.561065,0.211179,0.828121,0.4,0.900507,0.75,0.0341702,0.0001,1.84422e-25,999999,1.422287e-01,3,Australian Exclusive Economic Zone,,,SVDNB_npp_d20140716_t1620592_e1626395_b14078_c20140716222640241824_noaa_ops.h5,GDNBO_npp_d20140716_t1620592_e1626395_b14078_c20140716222640241587_noaa_ops.h5,SVI04_npp_d20140716_t1620592_e1626395_b14078_c20140716222639780721_noaa_ops.dspace_rad,VNFF_npp_d20140716_t1620592_e1626395_b14078_v21.csv,World_EEZ_v8_2014.shp,WPP_BFAR_merge.shp,KKP_IDN_merge_20161208.shp,VNF-VBD_npp_20120301-20151231_global_asia-enhanced_c201607211230.bitmask,NCEI_NGA.union.nga_lead2.add_2015ntl.mask,timezone.shp,VBD_platforms-recurring_2015_r20170330.shp,999999,VBD_bridges_c20160811.shp,5.882689;3.858913;1.633381;-3.244492;-8.134360;-13.033914;-17.939375;-16.198889;-13.503011;-8.695962;-3.857777;1.002322,124.625641;138.353409;151.924255;150.830734;149.834305;148.932846;148.122955;133.780533;119.648903;121.089813;122.381638;123.558464,npp_d20140716_t1620592_e1626395_b14078,169.298,43.6607,62.7999,101.972,50.8251,78.7613
7,VBD_npp_d20140716_t1624490_x1249095E_y078534S_l2068_s0498_v23,2017-05-23 13:08:19,-7.853354,124.909477,6.32439,2014-07-16 16:24:49,2014-07-17 00:24:49,2068,498,0.377042,1,2529,0.405906,0.212375,0.836068,0.4,0.917032,0.75,0.0364456,0.0001,1.66876e-22,999999,1.347267e-01,3,Indonesian Exclusive Economic Zone,WPP714,,SVDNB_npp_d20140716_t1620592_e1626395_b14078_c20140716222640241824_noaa_ops.h5,GDNBO_npp_d20140716_t1620592_e1626395_b14078_c20140716222640241587_noaa_ops.h5,SVI04_npp_d20140716_t1620592_e1626395_b14078_c20140716222639780721_noaa_ops.dspace_rad,VNFF_npp_d20140716_t1620592_e1626395_b14078_v21.csv,World_EEZ_v8_2014.shp,WPP_BFAR_merge.shp,KKP_IDN_merge_20161208.shp,VNF-VBD_npp_20120301-20151231_global_asia-enhanced_c201607211230.bitmask,NCEI_NGA.union.nga_lead2.add_2015ntl.mask,timezone.shp,VBD_platforms-recurring_2015_r20170330.shp,999999,VBD_bridges_c20160811.shp,5.882689;3.858913;1.633381;-3.244492;-8.134360;-13.033914;-17.939375;-16.198889;-13.503011;-8.695962;-3.857777;1.002322,124.625641;138.353409;151.924255;150.830734;149.834305;148.932846;148.122955;133.780533;119.648903;121.089813;122.381638;123.558464,npp_d20140716_t1620592_e1626395_b14078,163.682,33.5336,61.3957,100.668,48.2329,83.2833
8,VBD_npp_d20140716_t1626322_x1233258E_y138169S_l3002_s0507_v23,2017-05-23 13:08:19,-13.816890,123.325844,8.76741,2014-07-16 16:26:32,2014-07-17 00:26:32,3002,507,0.357652,4,51685,0.486352,0.239641,0.827808,0.4,0.939001,0.75,0.034623,0.0001,1.12505e-23,999999,-3.627313e-02,3,Australian Exclusive Economic Zone,,,SVDNB_npp_d20140716_t1620592_e1626395_b14078_c20140716222640241824_noaa_ops.h5,GDNBO_npp_d20140716_t1620592_e1626395_b14078_c20140716222640241587_noaa_ops.h5,SVI04_npp_d20140716_t1620592_e1626395_b14078_c20140716222639780721_noaa_ops.dspace_rad,VNFF_npp_d20140716_t1620592_e1626395_b14078_v21.csv,World_EEZ_v8_2014.shp,WPP_BFAR_merge.shp,KKP_IDN_merge_20161208.shp,VNF-VBD_npp_20120301-20151231_global_asia-enhanced_c201607211230.bitmask,NCEI_NGA.union.nga_lead2.add_2015ntl.mask,timezone.shp,VBD_platforms-recurring_2015_r20170330.shp,0.0943862,VBD_bridges_c20160811.shp,5.882689;3.858913;1.633381;-3.244492;-8.134360;-13.033914;-17.939375;-16.198889;-13.503011;-8.695962;-3.857777;1.002322,124.625641;138.353409;151.924255;150.830734;149.834305;148.932846;148.122955;133.780533;119.648903;121.089813;122.381638;123.558464,npp_d20140716_t1620592_e1626395_b14078,169.025,45.8867,61.2315,101.772,50.3421,78.4486
9,VBD_npp_d20140716_t1621564_x1277369E_y019607N_l0526_s0561_v23,2017-05-23 13:08:19,1.960653,127.736870,10.9021,2014-07-16 16:21:56,2014-07-17 01:21:56,526,561,0.358149,1,2529,0.445174,0.268504,0.698908,0.4,0.851213,0.75,0.0387267,0.0001,4.40332e-20,999999,-1.479658e-01,3,,WPP715,,SVDNB_npp_d20140716_t1620592_e1626395_b14078_c20140716222640241824_noaa_ops.h5,GDNBO_npp_d20140716_t1620592_e1626395_b14078_c20140716222640241587_noaa_ops.h5,SVI04_npp_d20140716_t1620592_e1626395_b14078_c20140716222639780721_noaa_ops.dspace_rad,VNFF_npp_d20140716_t1620592_e1626395_b14078_v21.csv,World_EEZ_v8_2014.shp,WPP_BFAR_merge.shp,KKP_IDN_merge_20161208.shp,VNF-VBD_npp_20120301-20151231_global_asia-enhanced_c201607211230.bitmask,NCEI_NGA.union.nga_lead2.add_2015ntl.mask,timezone.shp,VBD_platforms-recurring_2015_r20170330.shp,999999,VBD_bridges_c20160811.shp,5.882689;3.858913;1.633381;-3.244492;-8.134360;-13.033914;-17.939375;-16.198889;-13.503011;-8.695962;-3.857777;1.002322,124.625641;138.353409;151.924255;150.830734;149.834305;148.932846;148.122955;133.780533;119.648903;121.089813;122.381638;123.558464,npp_d20140716_t1620592_e1626395_b14078,154.083,25.6057,60.0117,98.3512,45.6991,92.5358
10,VBD_npp_d20140716_t1625584_x1246703E_y119905S_l2691_s0619_v23,2017-05-23 13:08:19,-11.990494,124.670326,21.5108,2014-07-16 16:25:58,2014-07-17 00:25:58,2691,619,0.371407,1,2529,0.828421,0.250889,0.897027,0.4,0.969195,0.75,0.0358584,0.0001,1.01085e-20,999999,-1.068165e-01,3,Australian Exclusive Economic Zone,,,SVDNB_npp_d20140716_t1620592_e1626395_b14078_c20140716222640241824_noaa_ops.h5,GDNBO_npp_d20140716_t1620592_e1626395_b14078_c20140716222640241587_noaa_ops.h5,SVI04_npp_d20140716_t1620592_e1626395_b14078_c20140716222639780721_noaa_ops.dspace_rad,VNFF_npp_d20140716_t1620592_e1626395_b14078_v21.csv,World_EEZ_v8_2014.shp,WPP_BFAR_merge.shp,KKP_IDN_merge_20161208.shp,VNF-VBD_npp_20120301-20151231_global_asia-enhanced_c201607211230.bitmask,NCEI_NGA.union.nga_lead2.add_2015ntl.mask,timezone.shp,VBD_platforms-recurring_2015_r20170330.shp,999999,VBD_bridges_c20160811.shp,5.882689;3.858913;1.633381;-3.244492;-8.134360;-13.033914;-17.939375;-16.198889;-13.503011;-8.695962;-3.857777;1.002322,124.625641;138.353409;151.924255;150.830734;149.834305;148.932846;148.122955;133.780533;119.648903;121.089813;122.381638;123.558464,npp_d20140716_t1620592_e1626395_b14078,166.901,43.5046,58.7281,101.433,48.8194,79.5526
11,VBD_npp_d20140716_t1626090_x1245433E_y126621S_l2794_s0627_v23,2017-05-23 13:08:19,-12.662106,124.543266,4635.17,2014-07-16 16:26:09,2014-07-17 00:26:09,2794,627,0.370081,4,100837,1.72292,0.22231,0.827008,0.4,0.979302,0.75,0.0356283,0.0001,1.01795e-20,999999,7.242085e-02,3,Australian Exclusive Economic Zone,,,SVDNB_npp_d20140716_t1620592_e1626395_b14078_c20140716222640241824_noaa_ops.h5,GDNBO_npp_d20140716_t1620592_e1626395_b14078_c20140716222640241587_noaa_ops.h5,SVI04_npp_d20140716_t1620592_e1626395_b14078_c20140716222639780721_noaa_ops.dspace_rad,VNFF_npp_d20140716_t1620592_e1626395_b14078_v21.csv,World_EEZ_v8_2014.shp,WPP_BFAR_merge.shp,KKP_IDN_merge_20161208.shp,VNF-VBD_npp_20120301-20151231_global_asia-enhanced_c201607211230.bitmask,NCEI_NGA.union.nga_lead2.add_2015ntl.mask,timezone.shp,VBD_platforms-recurring_2015_r20170330.shp,999999,VBD_bridges_c20160811.shp,5.882689;3.858913;1.633381;-3.244492;-8.134360;-13.033914;-17.939375;-16.198889;-13.503011;-8.695962;-3.857777;1.002322,124.625641;138.353409;151.924255;150.830734;149.834305;148.932846;148.122955;133.780533;119.648903;121.089813;122.381638;123.558464,npp_d20140716_t1620592_e1626395_b14078,167.437,45.3332,58.5491,101.267,49.0277,78.993
12,VBD_npp_d20140716_t1625299_x1259828E_y106104S_l2448_s0746_v23,2017-05-23 13:08:19,-10.610409,125.982849,67.8614,2014-07-16 16:25:29,2014-07-17 00:25:29,2448,746,0.381628,4,100837,1.21883,0.164533,0.89478,0.4,0.984159,0.75,0.0372353,0.0001,5.96411e-18,999999,4.347735e-01,3,Area of overlap between Australian Seabed Jurisdiction and Indonesian Exclusive Economic Zone Jurisdiction,WPP573,,SVDNB_npp_d20140716_t1620592_e1626395_b14078_c20140716222640241824_noaa_ops.h5,GDNBO_npp_d20140716_t1620592_e1626395_b14078_c20140716222640241587_noaa_ops.h5,SVI04_npp_d20140716_t1620592_e1626395_b14078_c20140716222639780721_noaa_ops.dspace_rad,VNFF_npp_d20140716_t1620592_e1626395_b14078_v21.csv,World_EEZ_v8_2014.shp,WPP_BFAR_merge.shp,KKP_IDN_merge_20161208.shp,VNF-VBD_npp_20120301-20151231_global_asia-enhanced_c201607211230.bitmask,NCEI_NGA.union.nga_lead2.add_2015ntl.mask,timezone.shp,VBD_platforms-recurring_2015_r20170330.shp,999999,VBD_bridges_c20160811.shp,5.882689;3.858913;1.633381;-3.244492;-8.134360;-13.033914;-17.939375;-16.198889;-13.503011;-8.695962;-3.857777;1.002322,124.625641;138.353409;151.924255;150.830734;149.834305;148.932846;148.122955;133.780533;119.648903;121.089813;122.381638;123.558464,npp_d20140716_t1620592_e1626395_b14078,165.094,42.9043,55.6078,100.367,47.4051,80.3821
13,VBD_npp_d20140716_t1625317_x1259831E_y106133S_l2449_s0747_v23,2017-05-23 13:08:19,-10.613278,125.983055,119.062,2014-07-16 16:25:31,2014-07-17 00:25:31,2449,747,0.443833,4,100837,1.42247,0.173111,0.895775,0.4,0.977099,0.75,0.0372387,0.0001,6.79112e-18,999999,3.809749e-01,3,Area of overlap between Australian Seabed Jurisdiction and Indonesian Exclusive Economic Zone Jurisdiction,WPP573,,SVDNB_npp_d20140716_t1620592_e1626395_b14078_c20140716222640241824_noaa_ops.h5,GDNBO_npp_d20140716_t1620592_e1626395_b14078_c20140716222640241587_noaa_ops.h5,SVI04_npp_d20140716_t1620592_e1626395_b14078_c20140716222639780721_noaa_ops.dspace_rad,VNFF_npp_d20140716_t1620592_e1626395_b14078_v21.csv,World_EEZ_v8_2014.shp,WPP_BFAR_merge.shp,KKP_IDN_merge_20161208.shp,VNF-VBD_npp_20120301-20151231_global_asia-enhanced_c201607211230.bitmask,NCEI_NGA.union.nga_lead2.add_2015ntl.mask,timezone.shp,VBD_platforms-recurring_2015_r20170330.shp,999999,VBD_bridges_c20160811.shp,5.882689;3.858913;1.633381;-3.244492;-8.134360;-13.033914;-17.939375;-16.198889;-13.503011;-8.695962;-3.857777;1.002322,124.625641;138.353409;151.924255;150.830734;149.834305;148.932846;148.122955;133.780533;119.648903;121.089813;122.381638;123.558464,npp_d20140716_t1620592_e1626395_b14078,165.091,42.9309,55.5776,101.05,47.3984,80.3768
14,VBD_npp_d20140716_t1625299_x1261693E_y106241S_l2445_s0773_v23,2017-05-23 13:08:19,-10.624089,126.169273,510.857,2014-07-16 16:25:29,2014-07-17 00:25:29,2445,773,0.38102,4,100837,1.54164,0.225459,0.875901,0.4,0.976108,0.75,0.0374001,0.0001,1.88925e-17,999999,5.266929e-02,3,Joint Development Area Australia - East Timor,,,SVDNB_npp_d20140716_t1620592_e1626395_b14078_c20140716222640241824_noaa_ops.h5,GDNBO_npp_d20140716_t1620592_e1626395_b14078_c20140716222640241587_noaa_ops.h5,SVI04_npp_d20140716_t1620592_e1626395_b14078_c20140716222639780721_noaa_ops.dspace_rad,VNFF_npp_d20140716_t1620592_e1626395_b14078_v21.csv,World_EEZ_v8_2014.shp,WPP_BFAR_merge.shp,KKP_IDN_merge_20161208.shp,VNF-VBD_npp_20120301-20151231_global_asia-enhanced_c201607211230.bitmask,NCEI_NGA.union.nga_lead2.add_2015ntl.mask,timezone.shp,VBD_platforms-recurring_2015_r20170330.shp,999999,VBD_bridges_c20160811.shp,5.882689;3.858913;1.633381;-3.244492;-8.134360;-13.033914;-17.939375;-16.198889;-13.503011;-8.695962;-3.857777;1.002322,124.625641;138.353409;151.924255;150.830734;149.834305;148.932846;148.122955;133.780533;119.648903;121.089813;122.381638;123.558464,npp_d20140716_t1620592_e1626395_b14078,164.978,43.4051,54.9213,100.464,47.2246,80.3059
15,VBD_npp_d20140716_t1623342_x1279364E_y039053S_l1399_s0783_v23,2017-05-23 13:08:19,-3.905343,127.936409,9.96461,2014-07-16 16:23:34,2014-07-17 01:23:34,1399,783,0.107892,2,2209,0.296505,0.282731,0.533401,0.4,0.653912,0.75,0.039261,0.0001,1.89717e-16,999999,-2.335193e-01,3,Indonesian Exclusive Economic Zone,WPP714,,SVDNB_npp_d20140716_t1620592_e1626395_b14078_c20140716222640241824_noaa_ops.h5,GDNBO_npp_d20140716_t1620592_e1626395_b14078_c20140716222640241587_noaa_ops.h5,SVI04_npp_d20140716_t1620592_e1626395_b14078_c20140716222639780721_noaa_ops.dspace_rad,VNFF_npp_d20140716_t1620592_e1626395_b14078_v21.csv,World_EEZ_v8_2014.shp,WPP_BFAR_merge.shp,KKP_IDN_merge_20161208.shp,VNF-VBD_npp_20120301-20151231_global_asia-enhanced_c201607211230.bitmask,NCEI_NGA.union.nga_lead2.add_2015ntl.mask,timezone.shp,VBD_platforms-recurring_2015_r20170330.shp,999999,VBD_bridges_c20160811.shp,5.882689;3.858913;1.633381;-3.244492;-8.134360;-13.033914;-17.939375;-16.198889;-13.503011;-8.695962;-3.857777;1.002322,124.625641;138.353409;151.924255;150.830734;149.834305;148.932846;148.122955;133.780533;119.648903;121.089813;122.381638;123.558464,npp_d20140716_t1620592_e1626395_b14078,158.9,33.474,54.648,99.5552,45.1422,86.5814
16,VBD_npp_d20140716_t1625352_x1266168E_y110450S_l2495_s0851_v23,2017-05-23 13:08:19,-11.045045,126.616829,31.3004,2014-07-16 16:25:35,2014-07-17 00:25:35,2495,851,0.389251,4,117221,0.895045,0.0760756,0.91407,0.4,0.898482,0.75,0.0377278,0.0001,4.0365e-16,999999,9.895481e-01,3,Joint Development Area Australia - East Timor,,,SVDNB_npp_d20140716_t1620592_e1626395_b14078_c20140716222640241824_noaa_ops.h5,GDNBO_npp_d20140716_t1620592_e1626395_b14078_c20140716222640241587_noaa_ops.h5,SVI04_npp_d20140716_t1620592_e1626395_b14078_c20140716222639780721_noaa_ops.dspace_rad,VNFF_npp_d20140716_t1620592_e1626395_b14078_v21.csv,World_EEZ_v8_2014.shp,WPP_BFAR_merge.shp,KKP_IDN_merge_20161208.shp,VNF-VBD_npp_20120301-20151231_global_asia-enhanced_c201607211230.bitmask,NCEI_NGA.union.nga_lead2.add_2015ntl.mask,timezone.shp,VBD_platforms-recurring_2015_r20170330.shp,0.445772,VBD_bridges_c20160811.shp,5.882689;3.858913;1.633381;-3.244492;-8.134360;-13.033914;-17.939375;-16.198889;-13.503011;-8.695962;-3.857777;1.002322,124.625641;138.353409;151.924255;150.830734;149.834305;148.932846;148.122955;133.780533;119.648903;121.089813;122.381638;123.558464,npp_d20140716_t1620592_e1626395_b14078,164.955,45.6409,52.8346,100.312,46.8393,79.745
17,VBD_npp_d20140716_t1623289_x1284699E_y037144S_l1357_s0852_v23,2017-05-23 13:08:19,-3.714366,128.469940,14.6115,2014-07-16 16:23:28,2014-07-17 01:23:28,1357,852,0.148607,1,2529,0.458768,0.227705,0.680084,0.4,0.805376,0.75,0.0396729,0.0001,2.78521e-15,999999,9.737716e-02,3,Indonesian Exclusive Economic Zone,WPP714,,SVDNB_npp_d20140716_t1620592_e1626395_b14078_c20140716222640241824_noaa_ops.h5,GDNBO_npp_d20140716_t1620592_e1626395_b14078_c20140716222640241587_noaa_ops.h5,SVI04_npp_d20140716_t1620592_e1626395_b14078_c20140716222639780721_noaa_ops.dspace_rad,VNFF_npp_d20140716_t1620592_e1626395_b14078_v21.csv,World_EEZ_v8_2014.shp,WPP_BFAR_merge.shp,KKP_IDN_merge_20161208.shp,VNF-VBD_npp_20120301-20151231_global_asia-enhanced_c201607211230.bitmask,NCEI_NGA.union.nga_lead2.add_2015ntl.mask,timezone.shp,VBD_platforms-recurring_2015_r20170330.shp,999999,VBD_bridges_c20160811.shp,5.882689;3.858913;1.633381;-3.244492;-8.134360;-13.033914;-17.939375;-16.198889;-13.503011;-8.695962;-3.857777;1.002322,124.625641;138.353409;151.924255;150.830734;149.834305;148.932846;148.122955;133.780533;119.648903;121.089813;122.381638;123.558464,npp_d20140716_t1620592_e1626395_b14078,158.457,34.2528,52.7853,99.1891,44.6144,86.7132
18,VBD_npp_d20140716_t1625370_x1266130E_y110629S_l2498_s0852_v23,2017-05-23 13:08:19,-11.062864,126.613037,1117.15,2014-07-16 16:25:37,2014-07-17 00:25:37,2498,852,0.479079,4,100845,1.86764,0.0769942,0.91407,0.4,0.984296,0.75,0.0377258,0.0001,4.47303e-16,999999,9.837872e-01,3,Joint Development Area Australia - East Timor,,,SVDNB_npp_d20140716_t1620592_e1626395_b14078_c20140716222640241824_noaa_ops.h5,GDNBO_npp_d20140716_t1620592_e1626395_b14078_c20140716222640241587_noaa_ops.h5,SVI04_npp_d20140716_t1620592_e1626395_b14078_c20140716222639780721_noaa_ops.dspace_rad,VNFF_npp_d20140716_t1620592_e1626395_b14078_v21.csv,World_EEZ_v8_2014.shp,WPP_BFAR_merge.shp,KKP_IDN_merge_20161208.shp,VNF-VBD_npp_20120301-20151231_global_asia-enhanced_c201607211230.bitmask,NCEI_NGA.union.nga_lead2.add_2015ntl.mask,timezone.shp,VBD_platforms-recurring_2015_r20170330.shp,999999,VBD_bridges_c20160811.shp,5.882689;3.858913;1.633381;-3.244492;-8.134360;-13.033914;-17.939375;-16.198889;-13.503011;-8.695962;-3.857777;1.002322,124.625641;138.353409;151.924255;150.830734;149.834305;148.932846;148.122955;133.780533;119.648903;121.089813;122.381638;123.558464,npp_d20140716_t1620592_e1626395_b14078,164.965,45.6969,52.8062,100.946,46.8392,79.7268
19,VBD_npp_d20140716_t1625370_x1266818E_y110743S_l2498_s0862_v23,2017-05-23 13:08:19,-11.074347,126.681824,7.66441,2014-07-16 16:25:37,2014-07-17 00:25:37,2498,862,0.384832,11,51681,0.428554,0.272653,0.85365,0.4,0.896501,0.75,0.0377838,0.0001,6.66873e-16,999999,-2.433109e-01,3,Joint Development Area Australia - East Timor,,,SVDNB_npp_d20140716_t1620592_e1626395_b14078_c20140716222640241824_noaa_ops.h5,GDNBO_npp_d20140716_t1620592_e1626395_b14078_c20140716222640241587_noaa_ops.h5,SVI04_npp_d20140716_t1620592_e1626395_b14078_c20140716222639780721_noaa_ops.dspace_rad,VNFF_npp_d20140716_t1620592_e1626395_b14078_v21.csv,World_EEZ_v8_2014.shp,WPP_BFAR_merge.shp,KKP_IDN_merge_20161208.shp,VNF-VBD_npp_20120301-20151231_global_asia-enhanced_c201607211230.bitmask,NCEI_NGA.union.nga_lead2.add_2015ntl.mask,timezone.shp,VBD_platforms-recurring_2015_r20170330.shp,0.180323,VBD_bridges_c20160811.shp,5.882689;3.858913;1.633381;-3.244492;-8.134360;-13.033914;-17.939375;-16.198889;-13.503011;-8.695962;-3.857777;1.002322,124.625641;138.353409;151.924255;150.830734;149.834305;148.932846;148.122955;133.780533;119.648903;121.089813;122.381638;123.558464,npp_d20140716_t1620592_e1626395_b14078,164.924,45.8893,52.5273,100.945,46.7741,79.6911
20,VBD_npp_d20140716_t1625210_x1272409E_y102418S_l2359_s0909_v23,2017-05-23 13:08:19,-10.241755,127.240891,16.2239,2014-07-16 16:25:21,2014-07-17 00:25:21,2359,909,0.38671,1,2529,0.692587,0.296935,0.763182,0.4,0.94814,0.75,0.038357,0.0001,5.30587e-15,999999,-3.189320e-01,3,Joint Development Area Australia - East Timor,,,SVDNB_npp_d20140716_t1620592_e1626395_b14078_c20140716222640241824_noaa_ops.h5,GDNBO_npp_d20140716_t1620592_e1626395_b14078_c20140716222640241587_noaa_ops.h5,SVI04_npp_d20140716_t1620592_e1626395_b14078_c20140716222639780721_noaa_ops.dspace_rad,VNFF_npp_d20140716_t1620592_e1626395_b14078_v21.csv,World_EEZ_v8_2014.shp,WPP_BFAR_merge.shp,KKP_IDN_merge_20161208.shp,VNF-VBD_npp_20120301-20151231_global_asia-enhanced_c201607211230.bitmask,NCEI_NGA.union.nga_lead2.add_2015ntl.mask,timezone.shp,VBD_platforms-recurring_2015_r20170330.shp,999999,VBD_bridges_c20160811.shp,5.882689;3.858913;1.633381;-3.244492;-8.134360;-13.033914;-17.939375;-16.198889;-13.503011;-8.695962;-3.857777;1.002322,124.625641;138.353409;151.924255;150.830734;149.834305;148.932846;148.122955;133.780533;119.648903;121.089813;122.381638;123.558464,npp_d20140716_t1620592_e1626395_b14078,163.995,44.8888,51.18,100.478,46.143,80.3176
21,VBD_npp_d20140716_t1625210_x1276115E_y103164S_l2360_s0964_v23,2017-05-23 13:08:19,-10.316393,127.611496,18.3912,2014-07-16 16:25:21,2014-07-17 01:25:21,2360,964,0.389362,1,2529,0.775788,0.235853,0.866661,0.4,0.96326,0.75,0.0386639,0.0001,4.02317e-14,999999,4.838102e-02,3,Joint Development Area Australia - East Timor,,,SVDNB_npp_d20140716_t1620592_e1626395_b14078_c20140716222640241824_noaa_ops.h5,GDNBO_npp_d20140716_t1620592_e1626395_b14078_c20140716222640241587_noaa_ops.h5,SVI04_npp_d20140716_t1620592_e1626395_b14078_c20140716222639780721_noaa_ops.dspace_rad,VNFF_npp_d20140716_t1620592_e1626395_b14078_v21.csv,World_EEZ_v8_2014.shp,WPP_BFAR_merge.shp,KKP_IDN_merge_20161208.shp,VNF-VBD_npp_20120301-20151231_global_asia-enhanced_c201607211230.bitmask,NCEI_NGA.union.nga_lead2.add_2015ntl.mask,timezone.shp,VBD_platforms-recurring_2015_r20170330.shp,999999,VBD_bridges_c20160811.shp,5.882689;3.858913;1.633381;-3.244492;-8.134360;-13.033914;-17.939375;-16.198889;-13.503011;-8.695962;-3.857777;1.002322,124.625641;138.353409;151.924255;150.830734;149.834305;148.932846;148.122955;133.780533;119.648903;121.089813;122.381638;123.558464,npp_d20140716_t1620592_e1626395_b14078,163.788,45.8935,49.5571,100.361,45.792,80.1171
22,VBD_npp_d20140716_t1623520_x1321610E_y056844S_l1558_s1452_v23,2017-05-23 13:08:19,-5.684391,132.160995,3.66905,2014-07-16 16:23:52,2014-07-17 01:23:52,1558,1452,0.303899,1,2529,0.232165,0.226268,0.550622,0.4,0.764916,0.75,0.0427077,0.0001,1.87093e-07,999999,-3.835879e-01,3,Indonesian Exclusive Economic Zone,WPP714,,SVDNB_npp_d20140716_t1620592_e1626395_b14078_c20140716222640241824_noaa_ops.h5,GDNBO_npp_d20140716_t1620592_e1626395_b14078_c20140716222640241587_noaa_ops.h5,SVI04_npp_d20140716_t1620592_e1626395_b14078_c20140716222639780721_noaa_ops.dspace_rad,VNFF_npp_d20140716_t1620592_e1626395_b14078_v21.csv,World_EEZ_v8_2014.shp,WPP_BFAR_merge.shp,KKP_IDN_merge_20161208.shp,VNF-VBD_npp_20120301-20151231_global_asia-enhanced_c201607211230.bitmask,NCEI_NGA.union.nga_lead2.add_2015ntl.mask,timezone.shp,VBD_platforms-recurring_2015_r20170330.shp,999999,VBD_bridges_c20160811.shp,5.882689;3.858913;1.633381;-3.244492;-8.134360;-13.033914;-17.939375;-16.198889;-13.503011;-8.695962;-3.857777;1.002322,124.625641;138.353409;151.924255;150.830734;149.834305;148.932846;148.122955;133.780533;119.648903;121.089813;122.381638;123.558464,npp_d20140716_t1620592_e1626395_b14078,157.587,44.2922,31.355,99.4481,40.9685,83.8872
23,VBD_npp_d20140716_t1625477_x1308280E_y125185S_l2601_s1497_v23,2017-05-23 13:08:19,-12.518540,130.828018,15.9824,2014-07-16 16:25:47,2014-07-17 01:55:47,2601,1497,0.377926,1,2529,0.673976,0.232549,0.862331,0.4,0.938121,0.75,0.040989,0.0001,2.45588e-07,999999,6.824515e-02,3,Australian Exclusive Economic Zone,,,SVDNB_npp_d20140716_t1620592_e1626395_b14078_c20140716222640241824_noaa_ops.h5,GDNBO_npp_d20140716_t1620592_e1626395_b14078_c20140716222640241587_noaa_ops.h5,SVI04_npp_d20140716_t1620592_e1626395_b14078_c20140716222639780721_noaa_ops.dspace_rad,VNFF_npp_d20140716_t1620592_e1626395_b14078_v21.csv,World_EEZ_v8_2014.shp,WPP_BFAR_merge.shp,KKP_IDN_merge_20161208.shp,VNF-VBD_npp_20120301-20151231_global_asia-enhanced_c201607211230.bitmask,NCEI_NGA.union.nga_lead2.add_2015ntl.mask,timezone.shp,VBD_platforms-recurring_2015_r20170330.shp,999999,VBD_bridges_c20160811.shp,5.882689;3.858913;1.633381;-3.244492;-8.134360;-13.033914;-17.939375;-16.198889;-13.503011;-8.695962;-3.857777;1.002322,124.625641;138.353409;151.924255;150.830734;149.834305;148.932846;148.122955;133.780533;119.648903;121.089813;122.381638;123.558464,npp_d20140716_t1620592_e1626395_b14078,162.579,57.665,29.27,99.7314,43.0112,76.5093
24,VBD_npp_d20140716_t1624027_x1338372E_y066433S_l1659_s1723_v23,2017-05-23 13:08:19,-6.643282,133.837250,10.8732,2014-07-16 16:24:02,2014-07-17 01:24:02,1659,1723,0.281414,2,2465,0.32279,0.239631,0.4896,0.4,0.67181,0.75,0.0439566,0.0001,4.4787e-05,999999,-4.928594e-01,3,Indonesian Exclusive Economic Zone,WPP718,,SVDNB_npp_d20140716_t1620592_e1626395_b14078_c20140716222640241824_noaa_ops.h5,GDNBO_npp_d20140716_t1620592_e1626395_b14078_c20140716222640241587_noaa_ops.h5,SVI04_npp_d20140716_t1620592_e1626395_b14078_c20140716222639780721_noaa_ops.dspace_rad,VNFF_npp_d20140716_t1620592_e1626395_b14078_v21.csv,World_EEZ_v8_2014.shp,WPP_BFAR_merge.shp,KKP_IDN_merge_20161208.shp,VNF-VBD_npp_20120301-20151231_global_asia-enhanced_c201607211230.bitmask,NCEI_NGA.union.nga_lead2.add_2015ntl.mask,timezone.shp,VBD_platforms-recurring_2015_r20170330.shp,999999,VBD_bridges_c20160811.shp,5.882689;3.858913;1.633381;-3.244492;-8.134360;-13.033914;-17.939375;-16.198889;-13.503011;-8.695962;-3.857777;1.002322,124.625641;138.353409;151.924255;150.830734;149.834305;148.932846;148.122955;133.780533;119.648903;121.089813;122.381638;123.558464,npp_d20140716_t1620592_e1626395_b14078,157.008,48.5882,17.7594,98.5273,39.3653,82.2988
25,VBD_npp_d20140716_t1624116_x1340700E_y072021S_l1736_s1775_v23,2017-05-23 13:08:19,-7.202143,134.069962,16.3841,2014-07-16 16:24:11,2014-07-17 01:24:11,1736,1775,0.293347,2,2465,0.316359,0.221357,0.510115,0.4,0.59244,0.75,0.0440798,0.0001,0.000103035,999999,-3.434245e-01,3,Indonesian Exclusive Economic Zone,WPP718,,SVDNB_npp_d20140716_t1620592_e1626395_b14078_c20140716222640241824_noaa_ops.h5,GDNBO_npp_d20140716_t1620592_e1626395_b14078_c20140716222640241587_noaa_ops.h5,SVI04_npp_d20140716_t1620592_e1626395_b14078_c20140716222639780721_noaa_ops.dspace_rad,VNFF_npp_d20140716_t1620592_e1626395_b14078_v21.csv,World_EEZ_v8_2014.shp,WPP_BFAR_merge.shp,KKP_IDN_merge_20161208.shp,VNF-VBD_npp_20120301-20151231_global_asia-enhanced_c201607211230.bitmask,NCEI_NGA.union.nga_lead2.add_2015ntl.mask,timezone.shp,VBD_platforms-recurring_2015_r20170330.shp,999999,VBD_bridges_c20160811.shp,5.882689;3.858913;1.633381;-3.244492;-8.134360;-13.033914;-17.939375;-16.198889;-13.503011;-8.695962;-3.857777;1.002322,124.625641;138.353409;151.924255;150.830734;149.834305;148.932846;148.122955;133.780533;119.648903;121.089813;122.381638;123.558464,npp_d20140716_t1620592_e1626395_b14078,157.169,49.9713,14.9027,99.049,39.1775,81.5267
26,VBD_npp_d20140716_t1624116_x1341496E_y072289S_l1738_s1787_v23,2017-05-23 13:08:19,-7.228931,134.149643,18.8705,2014-07-16 16:24:11,2014-07-17 01:24:11,1738,1787,0.203022,1,2529,0.493542,0.227055,0.537887,0.4,0.776345,0.75,0.0441385,0.0001,0.000123834,999999,-3.900214e-01,3,Indonesian Exclusive Economic Zone,WPP718,,SVDNB_npp_d20140716_t1620592_e1626395_b14078_c20140716222640241824_noaa_ops.h5,GDNBO_npp_d20140716_t1620592_e1626395_b14078_c20140716222640241587_noaa_ops.h5,SVI04_npp_d20140716_t1620592_e1626395_b14078_c20140716222639780721_noaa_ops.dspace_rad,VNFF_npp_d20140716_t1620592_e1626395_b14078_v21.csv,World_EEZ_v8_2014.shp,WPP_BFAR_merge.shp,KKP_IDN_merge_20161208.shp,VNF-VBD_npp_20120301-20151231_global_asia-enhanced_c201607211230.bitmask,NCEI_NGA.union.nga_lead2.add_2015ntl.mask,timezone.shp,VBD_platforms-recurring_2015_r20170330.shp,999999,VBD_bridges_c20160811.shp,5.882689;3.858913;1.633381;-3.244492;-8.134360;-13.033914;-17.939375;-16.198889;-13.503011;-8.695962;-3.857777;1.002322,124.625641;138.353409;151.924255;150.830734;149.834305;148.932846;148.122955;133.780533;119.648903;121.089813;122.381638;123.558464,npp_d20140716_t1620592_e1626395_b14078,157.126,50.1305,14.2273,98.569,39.1022,81.4687
30,VBD_npp_d20140716_t1622159_x1406995E_y011946S_l0693_s2535_v23,2017-05-23 13:08:19,-1.194563,140.699493,5.3581,2014-07-16 16:22:15,2014-07-17 01:22:15,693,2535,0.281801,2,2209,0.144882,0.137919,0.564667,0.4,0.53332,0.75,0.0490813,0.0001,0.0443236,999999,2.375001e-01,3,Indonesian Exclusive Economic Zone,WPP717,,SVDNB_npp_d20140716_t1620592_e1626395_b14078_c20140716222640241824_noaa_ops.h5,GDNBO_npp_d20140716_t1620592_e1626395_b14078_c20140716222640241587_noaa_ops.h5,SVI04_npp_d20140716_t1620592_e1626395_b14078_c20140716222639780721_noaa_ops.dspace_rad,VNFF_npp_d20140716_t1620592_e1626395_b14078_v21.csv,World_EEZ_v8_2014.shp,WPP_BFAR_merge.shp,KKP_IDN_merge_20161208.shp,VNF-VBD_npp_20120301-20151231_global_asia-enhanced_c201607211230.bitmask,NCEI_NGA.union.nga_lead2.add_2015ntl.mask,timezone.shp,VBD_platforms-recurring_2015_r20170330.shp,999999,VBD_bridges_c20160811.shp,5.882689;3.858913;1.633381;-3.244492;-8.134360;-13.033914;-17.939375;-16.198889;-13.503011;-8.695962;-3.857777;1.002322,124.625641;138.353409;151.924255;150.830734;149.834305;148.932846;148.122955;133.780533;119.648903;121.089813;122.381638;123.558464,npp_d20140716_t1620592_e1626395_b14078,148.603,48.4683,27.541,-81.5431,32.4275,88.8442
31,VBD_npp_d20140716_t1622035_x1411581E_y004823S_l0577_s2579_v23,2017-05-23 13:08:19,-0.482346,141.158127,5.85584,2014-07-16 16:22:03,2014-07-17 02:22:03,577,2579,0.34489,2,2209,0.120004,0.10372,0.516494,0.4,0.408438,0.75,0.0494064,0.0001,0.047607,999999,5.422874e-01,3,Indonesian Exclusive Economic Zone,WPP717,,SVDNB_npp_d20140716_t1620592_e1626395_b14078_c20140716222640241824_noaa_ops.h5,GDNBO_npp_d20140716_t1620592_e1626395_b14078_c20140716222640241587_noaa_ops.h5,SVI04_npp_d20140716_t1620592_e1626395_b14078_c20140716222639780721_noaa_ops.dspace_rad,VNFF_npp_d20140716_t1620592_e1626395_b14078_v21.csv,World_EEZ_v8_2014.shp,WPP_BFAR_merge.shp,KKP_IDN_merge_20161208.shp,VNF-VBD_npp_20120301-20151231_global_asia-enhanced_c201607211230.bitmask,NCEI_NGA.union.nga_lead2.add_2015ntl.mask,timezone.shp,VBD_platforms-recurring_2015_r20170330.shp,999999,VBD_bridges_c20160811.shp,5.882689;3.858913;1.633381;-3.244492;-8.134360;-13.033914;-17.939375;-16.198889;-13.503011;-8.695962;-3.857777;1.002322,124.625641;138.353409;151.924255;150.830734;149.834305;148.932846;148.122955;133.780533;119.648903;121.089813;122.381638;123.558464,npp_d20140716_t1620592_e1626395_b14078,147.826,48.0418,29.6117,-81.9039,32.0054,89.9864
32,VBD_npp_d20140716_t1622391_x1407197E_y026227S_l0904_s2584_v23,2017-05-23 13:08:19,-2.622721,140.719681,3.97985,2014-07-16 16:22:39,2014-07-17 01:22:39,904,2584,0.421459,2,2209,0.0851008,0.0841554,0.706394,0.4,0.403185,0.75,0.0492096,0.0001,0.0452301,999999,7.166516e-01,3,Indonesian Exclusive Economic Zone,WPP717,,SVDNB_npp_d20140716_t1620592_e1626395_b14078_c20140716222640241824_noaa_ops.h5,GDNBO_npp_d20140716_t1620592_e1626395_b14078_c20140716222640241587_noaa_ops.h5,SVI04_npp_d20140716_t1620592_e1626395_b14078_c20140716222639780721_noaa_ops.dspace_rad,VNFF_npp_d20140716_t1620592_e1626395_b14078_v21.csv,World_EEZ_v8_2014.shp,WPP_BFAR_merge.shp,KKP_IDN_merge_20161208.shp,VNF-VBD_npp_20120301-20151231_global_asia-enhanced_c201607211230.bitmask,NCEI_NGA.union.nga_lead2.add_2015ntl.mask,timezone.shp,VBD_platforms-recurring_2015_r20170330.shp,999999,VBD_bridges_c20160811.shp,5.882689;3.858913;1.633381;-3.244492;-8.134360;-13.033914;-17.939375;-16.198889;-13.503011;-8.695962;-3.857777;1.002322,124.625641;138.353409;151.924255;150.830734;149.834305;148.932846;148.122955;133.780533;119.648903;121.089813;122.381638;123.558464,npp_d20140716_t1620592_e1626395_b14078,149.444,50.3981,29.8481,-81.294,32.3712,86.5351
33,VBD_npp_d20140716_t1622373_x1407502E_y025608S_l0894_s2586_v23,2017-05-23 13:08:19,-2.560816,140.750153,6.28781,2014-07-16 16:22:37,2014-07-17 01:22:37,894,2586,0.406267,2,2209,0.159561,0.132818,0.758126,0.4,0.399429,0.75,0.0492317,0.0001,0.0449315,999999,2.829610e-01,3,Indonesian Exclusive Economic Zone,WPP717,,SVDNB_npp_d20140716_t1620592_e1626395_b14078_c20140716222640241824_noaa_ops.h5,GDNBO_npp_d20140716_t1620592_e1626395_b14078_c20140716222640241587_noaa_ops.h5,SVI04_npp_d20140716_t1620592_e1626395_b14078_c20140716222639780721_noaa_ops.dspace_rad,VNFF_npp_d20140716_t1620592_e1626395_b14078_v21.csv,World_EEZ_v8_2014.shp,WPP_BFAR_merge.shp,KKP_IDN_merge_20161208.shp,VNF-VBD_npp_20120301-20151231_global_asia-enhanced_c201607211230.bitmask,NCEI_NGA.union.nga_lead2.add_2015ntl.mask,timezone.shp,VBD_platforms-recurring_2015_r20170330.shp,999999,VBD_bridges_c20160811.shp,5.882689;3.858913;1.633381;-3.244492;-8.134360;-13.033914;-17.939375;-16.198889;-13.503011;-8.695962;-3.857777;1.002322,124.625641;138.353409;151.924255;150.830734;149.834305;148.932846;148.122955;133.780533;119.648903;121.089813;122.381638;123.558464,npp_d20140716_t1620592_e1626395_b14078,149.386,50.3413,29.9434,-80.6657,32.3438,86.6316
34,VBD_npp_d20140716_t1624276_x1394127E_y090122S_l1881_s2597_v23,2017-05-23 13:08:19,-9.012248,139.412720,41.6377,2014-07-16 16:24:27,2014-07-17 01:24:27,1881,2597,0.361795,1,2529,0.993896,0.222633,0.90133,0.4,0.967946,0.75,0.047935,0.0001,0.0359352,999999,-9.565917e-02,3,Indonesian Exclusive Economic Zone,WPP718,,SVDNB_npp_d20140716_t1620592_e1626395_b14078_c20140716222640241824_noaa_ops.h5,GDNBO_npp_d20140716_t1620592_e1626395_b14078_c20140716222640241587_noaa_ops.h5,SVI04_npp_d20140716_t1620592_e1626395_b14078_c20140716222639780721_noaa_ops.dspace_rad,VNFF_npp_d20140716_t1620592_e1626395_b14078_v21.csv,World_EEZ_v8_2014.shp,WPP_BFAR_merge.shp,KKP_IDN_merge_20161208.shp,VNF-VBD_npp_20120301-20151231_global_asia-enhanced_c201607211230.bitmask,NCEI_NGA.union.nga_lead2.add_2015ntl.mask,timezone.shp,VBD_platforms-recurring_2015_r20170330.shp,999999,VBD_bridges_c20160811.shp,5.882689;3.858913;1.633381;-3.244492;-8.134360;-13.033914;-17.939375;-16.198889;-13.503011;-8.695962;-3.857777;1.002322,124.625641;138.353409;151.924255;150.830734;149.834305;148.932846;148.122955;133.780533;119.648903;121.089813;122.381638;123.558464,npp_d20140716_t1620592_e1626395_b14078,153.834,59.271,30.4679,-81.5343,34.1818,76.9484
35,VBD_npp_d20140716_t1624276_x1394612E_y090125S_l1880_s2604_v23,2017-05-23 13:08:19,-9.012497,139.461182,56.4994,2014-07-16 16:24:27,2014-07-17 01:24:27,1880,2604,0.372899,1,2529,1.1189,0.204528,0.861512,0.4,0.969344,0.75,0.0479669,0.0001,0.0362301,999999,3.139143e-02,3,Indonesian Exclusive Economic Zone,WPP718,,SVDNB_npp_d20140716_t1620592_e1626395_b14078_c20140716222640241824_noaa_ops.h5,GDNBO_npp_d20140716_t1620592_e1626395_b14078_c20140716222640241587_noaa_ops.h5,SVI04_npp_d20140716_t1620592_e1626395_b14078_c20140716222639780721_noaa_ops.dspace_rad,VNFF_npp_d20140716_t1620592_e1626395_b14078_v21.csv,World_EEZ_v8_2014.shp,WPP_BFAR_merge.shp,KKP_IDN_merge_20161208.shp,VNF-VBD_npp_20120301-20151231_global_asia-enhanced_c201607211230.bitmask,NCEI_NGA.union.nga_lead2.add_2015ntl.mask,timezone.shp,VBD_platforms-recurring_2015_r20170330.shp,999999,VBD_bridges_c20160811.shp,5.882689;3.858913;1.633381;-3.244492;-8.134360;-13.033914;-17.939375;-16.198889;-13.503011;-8.695962;-3.857777;1.002322,124.625641;138.353409;151.924255;150.830734;149.834305;148.932846;148.122955;133.780533;119.648903;121.089813;122.381638;123.558464,npp_d20140716_t1620592_e1626395_b14078,153.793,59.3136,30.7897,-81.6438,34.1345,76.9241
36,VBD_npp_d20140716_t1624276_x1394730E_y090687S_l1888_s2607_v23,2017-05-23 13:08:19,-9.068727,139.472992,55.0887,2014-07-16 16:24:27,2014-07-17 01:24:27,1888,2607,0.373949,1,2529,0.897077,0.210438,0.808873,0.4,0.915826,0.75,0.0479699,0.0001,0.0353103,999999,-1.008380e-02,3,Indonesian Exclusive Economic Zone,WPP718,,SVDNB_npp_d20140716_t1620592_e1626395_b14078_c20140716222640241824_noaa_ops.h5,GDNBO_npp_d20140716_t1620592_e1626395_b14078_c20140716222640241587_noaa_ops.h5,SVI04_npp_d20140716_t1620592_e1626395_b14078_c20140716222639780721_noaa_ops.dspace_rad,VNFF_npp_d20140716_t1620592_e1626395_b14078_v21.csv,World_EEZ_v8_2014.shp,WPP_BFAR_merge.shp,KKP_IDN_merge_20161208.shp,VNF-VBD_npp_20120301-20151231_global_asia-enhanced_c201607211230.bitmask,NCEI_NGA.union.nga_lead2.add_2015ntl.mask,timezone.shp,VBD_platforms-recurring_2015_r20170330.shp,999999,VBD_bridges_c20160811.shp,5.882689;3.858913;1.633381;-3.244492;-8.134360;-13.033914;-17.939375;-16.198889;-13.503011;-8.695962;-3.857777;1.002322,124.625641;138.353409;151.924255;150.830734;149.834305;148.932846;148.122955;133.780533;119.648903;121.089813;122.381638;123.558464,npp_d20140716_t1620592_e1626395_b14078,153.812,59.4221,30.9254,-80.8562,34.1359,76.8358
37,VBD_npp_d20140716_t1624294_x1394700E_y090877S_l1891_s2608_v23,2017-05-23 13:08:19,-9.087723,139.469986,389.513,2014-07-16 16:24:29,2014-07-17 01:24:29,1891,2608,0.377705,8,18849,0.72688,0.217708,0.802071,0.4,0.745705,0.75,0.0479681,0.0001,0.0367433,999999,-6.110138e-02,3,Indonesian Exclusive Economic Zone,WPP718,,SVDNB_npp_d20140716_t1620592_e1626395_b14078_c20140716222640241824_noaa_ops.h5,GDNBO_npp_d20140716_t1620592_e1626395_b14078_c20140716222640241587_noaa_ops.h5,SVI04_npp_d20140716_t1620592_e1626395_b14078_c20140716222639780721_noaa_ops.dspace_rad,VNFF_npp_d20140716_t1620592_e1626395_b14078_v21.csv,World_EEZ_v8_2014.shp,WPP_BFAR_merge.shp,KKP_IDN_merge_20161208.shp,VNF-VBD_npp_20120301-20151231_global_asia-enhanced_c201607211230.bitmask,NCEI_NGA.union.nga_lead2.add_2015ntl.mask,timezone.shp,VBD_platforms-recurring_2015_r20170330.shp,0.496829,VBD_bridges_c20160811.shp,5.882689;3.858913;1.633381;-3.244492;-8.134360;-13.033914;-17.939375;-16.198889;-13.503011;-8.695962;-3.857777;1.002322,124.625641;138.353409;151.924255;150.830734;149.834305;148.932846;148.122955;133.780533;119.648903;121.089813;122.381638;123.558464,npp_d20140716_t1620592_e1626395_b14078,153.818,59.4592,30.9702,-82.143,34.1363,76.8057
38,VBD_npp_d20140716_t1624294_x1394786E_y090753S_l1889_s2609_v23,2017-05-23 13:08:19,-9.075343,139.478622,38.3917,2014-07-16 16:24:29,2014-07-17 01:24:29,1889,2609,0.351188,7,2209,0.202644,0.202129,0.808873,0.4,0.570826,0.75,0.0479768,0.0001,0.0370101,999999,4.822530e-02,3,,,,SVDNB_npp_d20140716_t1620592_e1626395_b14078_c20140716222640241824_noaa_ops.h5,GDNBO_npp_d20140716_t1620592_e1626395_b14078_c20140716222640241587_noaa_ops.h5,SVI04_npp_d20140716_t1620592_e1626395_b14078_c20140716222639780721_noaa_ops.dspace_rad,VNFF_npp_d20140716_t1620592_e1626395_b14078_v21.csv,World_EEZ_v8_2014.shp,WPP_BFAR_merge.shp,KKP_IDN_merge_20161208.shp,VNF-VBD_npp_20120301-20151231_global_asia-enhanced_c201607211230.bitmask,NCEI_NGA.union.nga_lead2.add_2015ntl.mask,timezone.shp,VBD_platforms-recurring_2015_r20170330.shp,999999,VBD_bridges_c20160811.shp,5.882689;3.858913;1.633381;-3.244492;-8.134360;-13.033914;-17.939375;-16.198889;-13.503011;-8.695962;-3.857777;1.002322,124.625641;138.353409;151.924255;150.830734;149.834305;148.932846;148.122955;133.780533;119.648903;121.089813;122.381638;123.558464,npp_d20140716_t1620592_e1626395_b14078,153.804,59.445,31.016,-82.3406,34.125,76.8196
39,VBD_npp_d20140716_t1624294_x1394843E_y090830S_l1890_s2610_v23,2017-05-23 13:08:19,-9.082969,139.484253,63.4704,2014-07-16 16:24:29,2014-07-17 01:24:29,1890,2610,0.364336,1,2529,0.663585,0.20145,0.808873,0.4,0.828372,0.75,0.0479792,0.0001,0.0369094,999999,5.298754e-02,3,Indonesian Exclusive Economic Zone,WPP718,,SVDNB_npp_d20140716_t1620592_e1626395_b14078_c20140716222640241824_noaa_ops.h5,GDNBO_npp_d20140716_t1620592_e1626395_b14078_c20140716222640241587_noaa_ops.h5,SVI04_npp_d20140716_t1620592_e1626395_b14078_c20140716222639780721_noaa_ops.dspace_rad,VNFF_npp_d20140716_t1620592_e1626395_b14078_v21.csv,World_EEZ_v8_2014.shp,WPP_BFAR_merge.shp,KKP_IDN_merge_20161208.shp,VNF-VBD_npp_20120301-20151231_global_asia-enhanced_c201607211230.bitmask,NCEI_NGA.union.nga_lead2.add_2015ntl.mask,timezone.shp,VBD_platforms-recurring_2015_r20170330.shp,999999,VBD_bridges_c20160811.shp,5.882689;3.858913;1.633381;-3.244492;-8.134360;-13.033914;-17.939375;-16.198889;-13.503011;-8.695962;-3.857777;1.002322,124.625641;138.353409;151.924255;150.830734;149.834305;148.932846;148.122955;133.780533;119.648903;121.089813;122.381638;123.558464,npp_d20140716_t1620592_e1626395_b14078,153.803,59.4632,31.0601,-82.2424,34.1213,76.8056
40,VBD_npp_d20140716_t1624294_x1394823E_y090963S_l1892_s2610_v23,2017-05-23 13:08:19,-9.096314,139.482254,70.2075,2014-07-16 16:24:29,2014-07-17 01:24:29,1892,2610,0.362237,1,2529,0.893806,0.200919,0.802071,0.4,0.901458,0.75,0.047975,0.0001,0.0366639,999999,5.671439e-02,3,Indonesian Exclusive Economic Zone,WPP718,,SVDNB_npp_d20140716_t1620592_e1626395_b14078_c20140716222640241824_noaa_ops.h5,GDNBO_npp_d20140716_t1620592_e1626395_b14078_c20140716222640241587_noaa_ops.h5,SVI04_npp_d20140716_t1620592_e1626395_b14078_c20140716222639780721_noaa_ops.dspace_rad,VNFF_npp_d20140716_t1620592_e1626395_b14078_v21.csv,World_EEZ_v8_2014.shp,WPP_BFAR_merge.shp,KKP_IDN_merge_20161208.shp,VNF-VBD_npp_20120301-20151231_global_asia-enhanced_c201607211230.bitmask,NCEI_NGA.union.nga_lead2.add_2015ntl.mask,timezone.shp,VBD_platforms-recurring_2015_r20170330.shp,999999,VBD_bridges_c20160811.shp,5.882689;3.858913;1.633381;-3.244492;-8.134360;-13.033914;-17.939375;-16.198889;-13.503011;-8.695962;-3.857777;1.002322,124.625641;138.353409;151.924255;150.830734;149.834305;148.932846;148.122955;133.780533;119.648903;121.089813;122.381638;123.558464,npp_d20140716_t1620592_e1626395_b14078,153.812,59.4848,31.0591,-82.0454,34.1263,76.787
41,VBD_npp_d20140716_t1622088_x1413843E_y008697S_l0629_s2624_v23,2017-05-23 13:08:19,-0.869709,141.384277,6.20832,2014-07-16 16:22:08,2014-07-17 02:22:08,629,2624,0.399969,2,2209,0.153313,0.109248,0.551089,0.4,0.336173,0.75,0.0495557,0.0001,0.0487407,999999,4.930231e-01,3,Indonesian Exclusive Economic Zone,,,SVDNB_npp_d20140716_t1620592_e1626395_b14078_c20140716222640241824_noaa_ops.h5,GDNBO_npp_d20140716_t1620592_e1626395_b14078_c20140716222640241587_noaa_ops.h5,SVI04_npp_d20140716_t1620592_e1626395_b14078_c20140716222639780721_noaa_ops.dspace_rad,VNFF_npp_d20140716_t1620592_e1626395_b14078_v21.csv,World_EEZ_v8_2014.shp,WPP_BFAR_merge.shp,KKP_IDN_merge_20161208.shp,VNF-VBD_npp_20120301-20151231_global_asia-enhanced_c201607211230.bitmask,NCEI_NGA.union.nga_lead2.add_2015ntl.mask,timezone.shp,VBD_platforms-recurring_2015_r20170330.shp,999999,VBD_bridges_c20160811.shp,5.882689;3.858913;1.633381;-3.244492;-8.134360;-13.033914;-17.939375;-16.198889;-13.503011;-8.695962;-3.857777;1.002322,124.625641;138.353409;151.924255;150.830734;149.834305;148.932846;148.122955;133.780533;119.648903;121.089813;122.381638;123.558464,npp_d20140716_t1620592_e1626395_b14078,147.897,48.7625,31.6775,-81.4843,31.7564,89.3449
42,VBD_npp_d20140716_t1622124_x1413606E_y011026S_l0664_s2628_v23,2017-05-23 13:08:19,-1.102559,141.360565,5.87822,2014-07-16 16:22:12,2014-07-17 02:22:12,664,2628,0.417702,2,2209,0.109463,0.10486,0.513084,0.4,0.489412,0.75,0.0495366,0.0001,0.0484315,999999,5.321259e-01,3,Indonesian Exclusive Economic Zone,WPP717,,SVDNB_npp_d20140716_t1620592_e1626395_b14078_c20140716222640241824_noaa_ops.h5,GDNBO_npp_d20140716_t1620592_e1626395_b14078_c20140716222640241587_noaa_ops.h5,SVI04_npp_d20140716_t1620592_e1626395_b14078_c20140716222639780721_noaa_ops.dspace_rad,VNFF_npp_d20140716_t1620592_e1626395_b14078_v21.csv,World_EEZ_v8_2014.shp,WPP_BFAR_merge.shp,KKP_IDN_merge_20161208.shp,VNF-VBD_npp_20120301-20151231_global_asia-enhanced_c201607211230.bitmask,NCEI_NGA.union.nga_lead2.add_2015ntl.mask,timezone.shp,VBD_platforms-recurring_2015_r20170330.shp,999999,VBD_bridges_c20160811.shp,5.882689;3.858913;1.633381;-3.244492;-8.134360;-13.033914;-17.939375;-16.198889;-13.503011;-8.695962;-3.857777;1.002322,124.625641;138.353409;151.924255;150.830734;149.834305;148.932846;148.122955;133.780533;119.648903;121.089813;122.381638;123.558464,npp_d20140716_t1620592_e1626395_b14078,148.057,49.0339,31.8529,-81.2094,31.7694,88.9611
43,VBD_npp_d20140716_t1622124_x1413780E_y010778S_l0660_s2630_v23,2017-05-23 13:08:19,-1.077809,141.378036,5.06486,2014-07-16 16:22:12,2014-07-17 02:22:12,660,2630,0.403781,2,2209,0.129271,0.104944,0.519466,0.4,0.423356,0.75,0.0495499,0.0001,0.0487591,999999,5.313806e-01,3,Indonesian Exclusive Economic Zone,WPP717,,SVDNB_npp_d20140716_t1620592_e1626395_b14078_c20140716222640241824_noaa_ops.h5,GDNBO_npp_d20140716_t1620592_e1626395_b14078_c20140716222640241587_noaa_ops.h5,SVI04_npp_d20140716_t1620592_e1626395_b14078_c20140716222639780721_noaa_ops.dspace_rad,VNFF_npp_d20140716_t1620592_e1626395_b14078_v21.csv,World_EEZ_v8_2014.shp,WPP_BFAR_merge.shp,KKP_IDN_merge_20161208.shp,VNF-VBD_npp_20120301-20151231_global_asia-enhanced_c201607211230.bitmask,NCEI_NGA.union.nga_lead2.add_2015ntl.mask,timezone.shp,VBD_platforms-recurring_2015_r20170330.shp,999999,VBD_bridges_c20160811.shp,5.882689;3.858913;1.633381;-3.244492;-8.134360;-13.033914;-17.939375;-16.198889;-13.503011;-8.695962;-3.857777;1.002322,124.625641;138.353409;151.924255;150.830734;149.834305;148.932846;148.122955;133.780533;119.648903;121.089813;122.381638;123.558464,npp_d20140716_t1620592_e1626395_b14078,148.027,49.022,31.9435,-81.5932,31.7512,89.001
49,VBD_npp_d20140716_t1622391_x1413812E_y027183S_l0903_s2683_v23,2017-05-23 13:08:19,-2.718339,141.381180,4.40287,2014-07-16 16:22:39,2014-07-17 02:22:39,903,2683,0.412122,10,2177,0.0819911,0.0618126,0.285726,0.4,0.311822,0.75,0.0496572,0.0001,0.0474451,999999,9.157764e-01,3,Papua New Guinean Exclusive Economic Zone,,,SVDNB_npp_d20140716_t1620592_e1626395_b14078_c20140716222640241824_noaa_ops.h5,GDNBO_npp_d20140716_t1620592_e1626395_b14078_c20140716222640241587_noaa_ops.h5,SVI04_npp_d20140716_t1620592_e1626395_b14078_c20140716222639780721_noaa_ops.dspace_rad,VNFF_npp_d20140716_t1620592_e1626395_b14078_v21.csv,World_EEZ_v8_2014.shp,WPP_BFAR_merge.shp,KKP_IDN_merge_20161208.shp,VNF-VBD_npp_20120301-20151231_global_asia-enhanced_c201607211230.bitmask,NCEI_NGA.union.nga_lead2.add_2015ntl.mask,timezone.shp,VBD_platforms-recurring_2015_r20170330.shp,999999,VBD_bridges_c20160811.shp,5.882689;3.858913;1.633381;-3.244492;-8.134360;-13.033914;-17.939375;-16.198889;-13.503011;-8.695962;-3.857777;1.002322,124.625641;138.353409;151.924255;150.830734;149.834305;148.932846;148.122955;133.780533;119.648903;121.089813;122.381638;123.558464,npp_d20140716_t1620592_e1626395_b14078,148.992,51.193,34.2775,-81.416,31.7078,86.2811
50,VBD_npp_d20140716_t1624507_x1405308E_y105314S_l2083_s2805_v23,2017-05-23 13:08:19,-10.531391,140.530807,132.986,2014-07-16 16:24:50,2014-07-17 01:24:50,2083,2805,0.371021,1,2529,1.366,0.190012,0.895202,0.4,0.968707,0.75,0.0484213,0.0001,0.0328431,999999,1.332577e-01,3,Papua New Guinean Exclusive Economic Zone,,,SVDNB_npp_d20140716_t1620592_e1626395_b14078_c20140716222640241824_noaa_ops.h5,GDNBO_npp_d20140716_t1620592_e1626395_b14078_c20140716222640241587_noaa_ops.h5,SVI04_npp_d20140716_t1620592_e1626395_b14078_c20140716222639780721_noaa_ops.dspace_rad,VNFF_npp_d20140716_t1620592_e1626395_b14078_v21.csv,World_EEZ_v8_2014.shp,WPP_BFAR_merge.shp,KKP_IDN_merge_20161208.shp,VNF-VBD_npp_20120301-20151231_global_asia-enhanced_c201607211230.bitmask,NCEI_NGA.union.nga_lead2.add_2015ntl.mask,timezone.shp,VBD_platforms-recurring_2015_r20170330.shp,999999,VBD_bridges_c20160811.shp,5.882689;3.858913;1.633381;-3.244492;-8.134360;-13.033914;-17.939375;-16.198889;-13.503011;-8.695962;-3.857777;1.002322,124.625641;138.353409;151.924255;150.830734;149.834305;148.932846;148.122955;133.780533;119.648903;121.089813;122.381638;123.558464,npp_d20140716_t1620592_e1626395_b14078,153.52,62.9235,39.2534,-82.323,33.3952,74.0396
51,VBD_npp_d20140716_t1624507_x1405391E_y105667S_l2088_s2807_v23,2017-05-23 13:08:19,-10.566661,140.539078,51.5072,2014-07-16 16:24:50,2014-07-17 01:24:50,2088,2807,0.357541,1,2529,1.00557,0.191103,0.883848,0.4,0.937837,0.75,0.0484186,0.0001,0.0321706,999999,1.256023e-01,3,Papua New Guinean Exclusive Economic Zone,,,SVDNB_npp_d20140716_t1620592_e1626395_b14078_c20140716222640241824_noaa_ops.h5,GDNBO_npp_d20140716_t1620592_e1626395_b14078_c20140716222640241587_noaa_ops.h5,SVI04_npp_d20140716_t1620592_e1626395_b14078_c20140716222639780721_noaa_ops.dspace_rad,VNFF_npp_d20140716_t1620592_e1626395_b14078_v21.csv,World_EEZ_v8_2014.shp,WPP_BFAR_merge.shp,KKP_IDN_merge_20161208.shp,VNF-VBD_npp_20120301-20151231_global_asia-enhanced_c201607211230.bitmask,NCEI_NGA.union.nga_lead2.add_2015ntl.mask,timezone.shp,VBD_platforms-recurring_2015_r20170330.shp,999999,VBD_bridges_c20160811.shp,5.882689;3.858913;1.633381;-3.244492;-8.134360;-13.033914;-17.939375;-16.198889;-13.503011;-8.695962;-3.857777;1.002322,124.625641;138.353409;151.924255;150.830734;149.834305;148.932846;148.122955;133.780533;119.648903;121.089813;122.381638;123.558464,npp_d20140716_t1620592_e1626395_b14078,153.529,62.9925,39.3274,-81.9567,33.3972,73.9821
4,VBD_npp_d20140716_t1802512_x0991310E_y045537N_l2778_s0023_v23,2017-05-23 13:09:55,4.553737,99.131004,10.6911,2014-07-16 18:02:51,2014-07-17 01:02:51,2778,23,0.310528,2,2465,0.267994,0.20437,0.506125,0.4,0.741444,0.75,0.0339837,0.0001,1.92686e-33,999999,-1.217466e-01,3,Malaysian Exclusive Economic Zone,WPP571,,SVDNB_npp_d20140716_t1757431_e1803235_b14079_c20140717000324408388_noaa_ops.h5,GDNBO_npp_d20140716_t1757431_e1803235_b14079_c20140717000324408134_noaa_ops.h5,SVI04_npp_d20140716_t1757431_e1803235_b14079_c20140717000324402868_noaa_ops.dspace_rad,VNFF_npp_d20140716_t1757431_e1803235_b14079_v21.csv,World_EEZ_v8_2014.shp,WPP_BFAR_merge.shp,KKP_IDN_merge_20161208.shp,VNF-VBD_npp_20120301-20151231_global_asia-enhanced_c201607211230.bitmask,NCEI_NGA.union.nga_lead2.add_2015ntl.mask,timezone.shp,VBD_platforms-recurring_2015_r20170330.shp,999999,VBD_bridges_c20160811.shp,22.302559;20.657581;17.812403;13.013085;8.184108;3.331987;-1.539063;0.598278;2.699680;7.587820;12.484635;17.389103,102.195274;116.899490;131.129013;129.599106;128.217987;126.965988;125.829720;112.252083;98.601341;99.606560;100.547348;101.419044,npp_d20140716_t1757431_e1803235_b14079,152.908,17.221,69.8728,97.9063,50.1181,94.0231
9,VBD_npp_d20140716_t1802583_x0991653E_y041573N_l2838_s0040_v23,2017-05-23 13:09:55,4.157317,99.165329,11.4265,2014-07-16 18:02:58,2014-07-17 01:02:58,2838,40,0.328869,1,2529,0.394663,0.205743,0.599421,0.4,0.830035,0.75,0.0340403,0.0001,5.58846e-33,999999,-1.324165e-01,3,Indonesian Exclusive Economic Zone,WPP571,,SVDNB_npp_d20140716_t1757431_e1803235_b14079_c20140717000324408388_noaa_ops.h5,GDNBO_npp_d20140716_t1757431_e1803235_b14079_c20140717000324408134_noaa_ops.h5,SVI04_npp_d20140716_t1757431_e1803235_b14079_c20140717000324402868_noaa_ops.dspace_rad,VNFF_npp_d20140716_t1757431_e1803235_b14079_v21.csv,World_EEZ_v8_2014.shp,WPP_BFAR_merge.shp,KKP_IDN_merge_20161208.shp,VNF-VBD_npp_20120301-20151231_global_asia-enhanced_c201607211230.bitmask,NCEI_NGA.union.nga_lead2.add_2015ntl.mask,timezone.shp,VBD_platforms-recurring_2015_r20170330.shp,999999,VBD_bridges_c20160811.shp,22.302559;20.657581;17.812403;13.013085;8.184108;3.331987;-1.539063;0.598278;2.699680;7.587820;12.484635;17.389103,102.195274;116.899490;131.129013;129.599106;128.217987;126.965988;125.829720;112.252083;98.601341;99.606560;100.547348;101.419044,npp_d20140716_t1757431_e1803235_b14079,153.268,17.5793,69.6096,98.1247,50.0278,93.691
11,VBD_npp_d20140716_t1802512_x0992846E_y045392N_l2777_s0045_v23,2017-05-23 13:09:55,4.539173,99.284645,9.50188,2014-07-16 18:02:51,2014-07-17 01:02:51,2777,45,0.310639,2,2465,0.26748,0.187047,0.624595,0.4,0.728873,0.75,0.0341243,0.0001,8.28855e-33,999999,1.289382e-02,3,Malaysian Exclusive Economic Zone,WPP571,,SVDNB_npp_d20140716_t1757431_e1803235_b14079_c20140717000324408388_noaa_ops.h5,GDNBO_npp_d20140716_t1757431_e1803235_b14079_c20140717000324408134_noaa_ops.h5,SVI04_npp_d20140716_t1757431_e1803235_b14079_c20140717000324402868_noaa_ops.dspace_rad,VNFF_npp_d20140716_t1757431_e1803235_b14079_v21.csv,World_EEZ_v8_2014.shp,WPP_BFAR_merge.shp,KKP_IDN_merge_20161208.shp,VNF-VBD_npp_20120301-20151231_global_asia-enhanced_c201607211230.bitmask,NCEI_NGA.union.nga_lead2.add_2015ntl.mask,timezone.shp,VBD_platforms-recurring_2015_r20170330.shp,999999,VBD_bridges_c20160811.shp,22.302559;20.657581;17.812403;13.013085;8.184108;3.331987;-1.539063;0.598278;2.699680;7.587820;12.484635;17.389103,102.195274;116.899490;131.129013;129.599106;128.217987;126.965988;125.829720;112.252083;98.601341;99.606560;100.547348;101.419044,npp_d20140716_t1757431_e1803235_b14079,152.877,17.5271,69.5312,97.9468,49.9626,94.0321
12,VBD_npp_d20140716_t1803001_x0991740E_y039811N_l2864_s0046_v23,2017-05-23 13:09:55,3.981095,99.174011,38.418,2014-07-16 18:03:00,2014-07-17 01:03:00,2864,46,0.297325,8,18913,0.665545,0.185708,0.663948,0.4,0.852716,0.75,0.0340561,0.0001,7.82705e-33,999999,2.330063e-02,3,Indonesian Exclusive Economic Zone,WPP571,,SVDNB_npp_d20140716_t1757431_e1803235_b14079_c20140717000324408388_noaa_ops.h5,GDNBO_npp_d20140716_t1757431_e1803235_b14079_c20140717000324408134_noaa_ops.h5,SVI04_npp_d20140716_t1757431_e1803235_b14079_c20140717000324402868_noaa_ops.dspace_rad,VNFF_npp_d20140716_t1757431_e1803235_b14079_v21.csv,World_EEZ_v8_2014.shp,WPP_BFAR_merge.shp,KKP_IDN_merge_20161208.shp,VNF-VBD_npp_20120301-20151231_global_asia-enhanced_c201607211230.bitmask,NCEI_NGA.union.nga_lead2.add_2015ntl.mask,timezone.shp,VBD_platforms-recurring_2015_r20170330.shp,0.27192,VBD_bridges_c20160811.shp,22.302559;20.657581;17.812403;13.013085;8.184108;3.331987;-1.539063;0.598278;2.699680;7.587820;12.484635;17.389103,102.195274;116.899490;131.129013;129.599106;128.217987;126.965988;125.829720;112.252083;98.601341;99.606560;100.547348;101.419044,npp_d20140716_t1757431_e1803235_b14079,153.431,17.7173,69.5188,97.8645,50.0006,93.5414
13,VBD_npp_d20140716_t1803019_x0991760E_y039808N_l2865_s0047_v23,2017-05-23 13:09:55,3.980837,99.176048,22.3361,2014-07-16 18:03:01,2014-07-17 01:03:01,2865,47,0.297325,8,18913,0.541072,0.177353,0.640702,0.4,0.834714,0.75,0.0340616,0.0001,8.748e-33,999999,8.823924e-02,3,Indonesian Exclusive Economic Zone,WPP571,,SVDNB_npp_d20140716_t1757431_e1803235_b14079_c20140717000324408388_noaa_ops.h5,GDNBO_npp_d20140716_t1757431_e1803235_b14079_c20140717000324408134_noaa_ops.h5,SVI04_npp_d20140716_t1757431_e1803235_b14079_c20140717000324402868_noaa_ops.dspace_rad,VNFF_npp_d20140716_t1757431_e1803235_b14079_v21.csv,World_EEZ_v8_2014.shp,WPP_BFAR_merge.shp,KKP_IDN_merge_20161208.shp,VNF-VBD_npp_20120301-20151231_global_asia-enhanced_c201607211230.bitmask,NCEI_NGA.union.nga_lead2.add_2015ntl.mask,timezone.shp,VBD_platforms-recurring_2015_r20170330.shp,0.300899,VBD_bridges_c20160811.shp,22.302559;20.657581;17.812403;13.013085;8.184108;3.331987;-1.539063;0.598278;2.699680;7.587820;12.484635;17.389103,102.195274;116.899490;131.129013;129.599106;128.217987;126.965988;125.829720;112.252083;98.601341;99.606560;100.547348;101.419044,npp_d20140716_t1757431_e1803235_b14079,153.428,17.7361,69.4975,98.3195,49.9913,93.5421
15,VBD_npp_d20140716_t1802548_x0992808E_y043369N_l2808_s0051_v23,2017-05-23 13:09:55,4.336886,99.280807,11.4898,2014-07-16 18:02:54,2014-07-17 01:02:54,2808,51,0.303125,1,2529,0.32147,0.189344,0.685672,0.4,0.759667,0.75,0.0341359,0.0001,1.15844e-32,999999,-4.961889e-03,3,Indonesian Exclusive Economic Zone,WPP571,,SVDNB_npp_d20140716_t1757431_e1803235_b14079_c20140717000324408388_noaa_ops.h5,GDNBO_npp_d20140716_t1757431_e1803235_b14079_c20140717000324408134_noaa_ops.h5,SVI04_npp_d20140716_t1757431_e1803235_b14079_c20140717000324402868_noaa_ops.dspace_rad,VNFF_npp_d20140716_t1757431_e1803235_b14079_v21.csv,World_EEZ_v8_2014.shp,WPP_BFAR_merge.shp,KKP_IDN_merge_20161208.shp,VNF-VBD_npp_20120301-20151231_global_asia-enhanced_c201607211230.bitmask,NCEI_NGA.union.nga_lead2.add_2015ntl.mask,timezone.shp,VBD_platforms-recurring_2015_r20170330.shp,999999,VBD_bridges_c20160811.shp,22.302559;20.657581;17.812403;13.013085;8.184108;3.331987;-1.539063;0.598278;2.699680;7.587820;12.484635;17.389103,102.195274;116.899490;131.129013;129.599106;128.217987;126.965988;125.829720;112.252083;98.601341;99.606560;100.547348;101.419044,npp_d20140716_t1757431_e1803235_b14079,153.066,17.6683,69.4435,98.0259,49.938,93.859
17,VBD_npp_d20140716_t1802405_x0994654E_y051714N_l2677_s0052_v23,2017-05-23 13:09:55,5.171406,99.465439,13.1256,2014-07-16 18:02:40,2014-07-17 01:02:40,2677,52,0.223629,8,18849,0.276647,0.212439,0.481469,0.4,0.668145,0.75,0.0342471,0.0001,1.42829e-32,999999,-1.844615e-01,3,Malaysian Exclusive Economic Zone,,,SVDNB_npp_d20140716_t1757431_e1803235_b14079_c20140717000324408388_noaa_ops.h5,GDNBO_npp_d20140716_t1757431_e1803235_b14079_c20140717000324408134_noaa_ops.h5,SVI04_npp_d20140716_t1757431_e1803235_b14079_c20140717000324402868_noaa_ops.dspace_rad,VNFF_npp_d20140716_t1757431_e1803235_b14079_v21.csv,World_EEZ_v8_2014.shp,WPP_BFAR_merge.shp,KKP_IDN_merge_20161208.shp,VNF-VBD_npp_20120301-20151231_global_asia-enhanced_c201607211230.bitmask,NCEI_NGA.union.nga_lead2.add_2015ntl.mask,timezone.shp,VBD_platforms-recurring_2015_r20170330.shp,0.422119,VBD_bridges_c20160811.shp,22.302559;20.657581;17.812403;13.013085;8.184108;3.331987;-1.539063;0.598278;2.699680;7.587820;12.484635;17.389103,102.195274;116.899490;131.129013;129.599106;128.217987;126.965988;125.829720;112.252083;98.601341;99.606560;100.547348;101.419044,npp_d20140716_t1757431_e1803235_b14079,152.233,17.4225,69.4249,97.9249,49.8722,94.5983
18,VBD_npp_d20140716_t1802423_x0994347E_y050078N_l2702_s0052_v23,2017-05-23 13:09:55,5.007817,99.434654,9.72824,2014-07-16 18:02:42,2014-07-17 01:02:42,2702,52,0.241804,8,18593,0.236515,0.213701,0.6387,0.4,0.685469,0.75,0.0342276,0.0001,1.37366e-32,999999,-1.942666e-01,3,Malaysian Exclusive Economic Zone,,,SVDNB_npp_d20140716_t1757431_e1803235_b14079_c20140717000324408388_noaa_ops.h5,GDNBO_npp_d20140716_t1757431_e1803235_b14079_c20140717000324408134_noaa_ops.h5,SVI04_npp_d20140716_t1757431_e1803235_b14079_c20140717000324402868_noaa_ops.dspace_rad,VNFF_npp_d20140716_t1757431_e1803235_b14079_v21.csv,World_EEZ_v8_2014.shp,WPP_BFAR_merge.shp,KKP_IDN_merge_20161208.shp,VNF-VBD_npp_20120301-20151231_global_asia-enhanced_c201607211230.bitmask,NCEI_NGA.union.nga_lead2.add_2015ntl.mask,timezone.shp,VBD_platforms-recurring_2015_r20170330.shp,0.513989,VBD_bridges_c20160811.shp,22.302559;20.657581;17.812403;13.013085;8.184108;3.331987;-1.539063;0.598278;2.699680;7.587820;12.484635;17.389103,102.195274;116.899490;131.129013;129.599106;128.217987;126.965988;125.829720;112.252083;98.601341;99.606560;100.547348;101.419044,npp_d20140716_t1757431_e1803235_b14079,152.396,17.4716,69.4266,97.6891,49.8829,94.4534
19,VBD_npp_d20140716_t1802441_x0994328E_y049800N_l2707_s0053_v23,2017-05-23 13:09:55,4.979961,99.432762,9.14659,2014-07-16 18:02:44,2014-07-17 01:02:44,2707,53,0.290309,8,18849,0.360672,0.177406,0.758935,0.4,0.572237,0.75,0.03423,0.0001,1.51105e-32,999999,8.782501e-02,3,Malaysian Exclusive Economic Zone,,,SVDNB_npp_d20140716_t1757431_e1803235_b14079_c20140717000324408388_noaa_ops.h5,GDNBO_npp_d20140716_t1757431_e1803235_b14079_c20140717000324408134_noaa_ops.h5,SVI04_npp_d20140716_t1757431_e1803235_b14079_c20140717000324402868_noaa_ops.dspace_rad,VNFF_npp_d20140716_t1757431_e1803235_b14079_v21.csv,World_EEZ_v8_2014.shp,WPP_BFAR_merge.shp,KKP_IDN_merge_20161208.shp,VNF-VBD_npp_20120301-20151231_global_asia-enhanced_c201607211230.bitmask,NCEI_NGA.union.nga_lead2.add_2015ntl.mask,timezone.shp,VBD_platforms-recurring_2015_r20170330.shp,0.532231,VBD_bridges_c20160811.shp,22.302559;20.657581;17.812403;13.013085;8.184108;3.331987;-1.539063;0.598278;2.699680;7.587820;12.484635;17.389103,102.195274;116.899490;131.129013;129.599106;128.217987;126.965988;125.829720;112.252083;98.601341;99.606560;100.547348;101.419044,npp_d20140716_t1757431_e1803235_b14079,152.421,17.4982,69.4056,98.0295,49.8754,94.43
20,VBD_npp_d20140716_t1802512_x0993392E_y045315N_l2777_s0053_v23,2017-05-23 13:09:55,4.531498,99.339188,12.2827,2014-07-16 18:02:51,2014-07-17 01:02:51,2777,53,0.309755,1,2529,0.368041,0.2011,0.694809,0.4,0.838156,0.75,0.0341752,0.0001,1.38683e-32,999999,-9.632795e-02,3,Malaysian Exclusive Economic Zone,WPP571,,SVDNB_npp_d20140716_t1757431_e1803235_b14079_c20140717000324408388_noaa_ops.h5,GDNBO_npp_d20140716_t1757431_e1803235_b14079_c20140717000324408134_noaa_ops.h5,SVI04_npp_d20140716_t1757431_e1803235_b14079_c20140717000324402868_noaa_ops.dspace_rad,VNFF_npp_d20140716_t1757431_e1803235_b14079_v21.csv,World_EEZ_v8_2014.shp,WPP_BFAR_merge.shp,KKP_IDN_merge_20161208.shp,VNF-VBD_npp_20120301-20151231_global_asia-enhanced_c201607211230.bitmask,NCEI_NGA.union.nga_lead2.add_2015ntl.mask,timezone.shp,VBD_platforms-recurring_2015_r20170330.shp,999999,VBD_bridges_c20160811.shp,22.302559;20.657581;17.812403;13.013085;8.184108;3.331987;-1.539063;0.598278;2.699680;7.587820;12.484635;17.389103,102.195274;116.899490;131.129013;129.599106;128.217987;126.965988;125.829720;112.252083;98.601341;99.606560;100.547348;101.419044,npp_d20140716_t1757431_e1803235_b14079,152.867,17.6371,69.4079,97.951,49.9072,94.0331
21,VBD_npp_d20140716_t1802441_x0994335E_y049382N_l2713_s0054_v23,2017-05-23 13:09:55,4.938153,99.433548,11.1275,2014-07-16 18:02:44,2014-07-17 01:02:44,2713,54,0.31434,8,18913,0.355251,0.188367,0.7341,0.4,0.833689,0.75,0.0342317,0.0001,1.58588e-32,999999,2.635267e-03,3,Malaysian Exclusive Economic Zone,,,SVDNB_npp_d20140716_t1757431_e1803235_b14079_c20140717000324408388_noaa_ops.h5,GDNBO_npp_d20140716_t1757431_e1803235_b14079_c20140717000324408134_noaa_ops.h5,SVI04_npp_d20140716_t1757431_e1803235_b14079_c20140717000324402868_noaa_ops.dspace_rad,VNFF_npp_d20140716_t1757431_e1803235_b14079_v21.csv,World_EEZ_v8_2014.shp,WPP_BFAR_merge.shp,KKP_IDN_merge_20161208.shp,VNF-VBD_npp_20120301-20151231_global_asia-enhanced_c201607211230.bitmask,NCEI_NGA.union.nga_lead2.add_2015ntl.mask,timezone.shp,VBD_platforms-recurring_2015_r20170330.shp,0.391354,VBD_bridges_c20160811.shp,22.302559;20.657581;17.812403;13.013085;8.184108;3.331987;-1.539063;0.598278;2.699680;7.587820;12.484635;17.389103,102.195274;116.899490;131.129013;129.599106;128.217987;126.965988;125.829720;112.252083;98.601341;99.606560;100.547348;101.419044,npp_d20140716_t1757431_e1803235_b14079,152.46,17.5238,69.3909,97.8583,49.8714,94.394
22,VBD_npp_d20140716_t1802548_x0993032E_y043476N_l2806_s0054_v23,2017-05-23 13:09:55,4.347605,99.303215,10.783,2014-07-16 18:02:54,2014-07-17 01:02:54,2806,54,0.307821,1,2529,0.343762,0.186662,0.678197,0.4,0.805776,0.75,0.0341567,0.0001,1.41226e-32,999999,1.588294e-02,3,Indonesian Exclusive Economic Zone,WPP571,,SVDNB_npp_d20140716_t1757431_e1803235_b14079_c20140717000324408388_noaa_ops.h5,GDNBO_npp_d20140716_t1757431_e1803235_b14079_c20140717000324408134_noaa_ops.h5,SVI04_npp_d20140716_t1757431_e1803235_b14079_c20140717000324402868_noaa_ops.dspace_rad,VNFF_npp_d20140716_t1757431_e1803235_b14079_v21.csv,World_EEZ_v8_2014.shp,WPP_BFAR_merge.shp,KKP_IDN_merge_20161208.shp,VNF-VBD_npp_20120301-20151231_global_asia-enhanced_c201607211230.bitmask,NCEI_NGA.union.nga_lead2.add_2015ntl.mask,timezone.shp,VBD_platforms-recurring_2015_r20170330.shp,999999,VBD_bridges_c20160811.shp,22.302559;20.657581;17.812403;13.013085;8.184108;3.331987;-1.539063;0.598278;2.699680;7.587820;12.484635;17.389103,102.195274;116.899490;131.129013;129.599106;128.217987;126.965988;125.829720;112.252083;98.601341;99.606560;100.547348;101.419044,npp_d20140716_t1757431_e1803235_b14079,153.049,17.7055,69.3971,98.0847,49.9161,93.8712
23,VBD_npp_d20140716_t1802441_x0994714E_y049606N_l2709_s0059_v23,2017-05-23 13:09:55,4.960628,99.471359,18.5027,2014-07-16 18:02:44,2014-07-17 01:02:44,2709,59,0.323124,1,2529,0.528075,0.161035,0.763761,0.4,0.796228,0.75,0.0342666,0.0001,2.19978e-32,999999,2.150650e-01,3,Malaysian Exclusive Economic Zone,,,SVDNB_npp_d20140716_t1757431_e1803235_b14079_c20140717000324408388_noaa_ops.h5,GDNBO_npp_d20140716_t1757431_e1803235_b14079_c20140717000324408134_noaa_ops.h5,SVI04_npp_d20140716_t1757431_e1803235_b14079_c20140717000324402868_noaa_ops.dspace_rad,VNFF_npp_d20140716_t1757431_e1803235_b14079_v21.csv,World_EEZ_v8_2014.shp,WPP_BFAR_merge.shp,KKP_IDN_merge_20161208.shp,VNF-VBD_npp_20120301-20151231_global_asia-enhanced_c201607211230.bitmask,NCEI_NGA.union.nga_lead2.add_2015ntl.mask,timezone.shp,VBD_platforms-recurring_2015_r20170330.shp,999999,VBD_bridges_c20160811.shp,22.302559;20.657581;17.812403;13.013085;8.184108;3.331987;-1.539063;0.598278;2.699680;7.587820;12.484635;17.389103,102.195274;116.899490;131.129013;129.599106;128.217987;126.965988;125.829720;112.252083;98.601341;99.606560;100.547348;101.419044,npp_d20140716_t1757431_e1803235_b14079,152.428,17.5829,69.3137,97.9758,49.8351,94.4192
24,VBD_npp_d20140716_t1802388_x0995515E_y052502N_l2663_s0062_v23,2017-05-23 13:09:55,5.250202,99.551483,11.5058,2014-07-16 18:02:38,2014-07-17 01:02:38,2663,62,0.28622,1,2529,0.368309,0.18555,0.565225,0.4,0.761922,0.75,0.0343211,0.0001,2.68616e-32,999999,2.452620e-02,3,Malaysian Exclusive Economic Zone,,,SVDNB_npp_d20140716_t1757431_e1803235_b14079_c20140717000324408388_noaa_ops.h5,GDNBO_npp_d20140716_t1757431_e1803235_b14079_c20140717000324408134_noaa_ops.h5,SVI04_npp_d20140716_t1757431_e1803235_b14079_c20140717000324402868_noaa_ops.dspace_rad,VNFF_npp_d20140716_t1757431_e1803235_b14079_v21.csv,World_EEZ_v8_2014.shp,WPP_BFAR_merge.shp,KKP_IDN_merge_20161208.shp,VNF-VBD_npp_20120301-20151231_global_asia-enhanced_c201607211230.bitmask,NCEI_NGA.union.nga_lead2.add_2015ntl.mask,timezone.shp,VBD_platforms-recurring_2015_r20170330.shp,999999,VBD_bridges_c20160811.shp,22.302559;20.657581;17.812403;13.013085;8.184108;3.331987;-1.539063;0.598278;2.699680;7.587820;12.484635;17.389103,102.195274;116.899490;131.129013;129.599106;128.217987;126.965988;125.829720;112.252083;98.601341;99.606560;100.547348;101.419044,npp_d20140716_t1757431_e1803235_b14079,152.134,17.5264,69.2742,97.8492,49.7995,94.6792
25,VBD_npp_d20140716_t1802441_x0994923E_y049161N_l2715_s0063_v23,2017-05-23 13:09:55,4.916135,99.492302,9.22613,2014-07-16 18:02:44,2014-07-17 01:02:44,2715,63,0.321245,8,18913,0.273918,0.180485,0.640013,0.4,0.815461,0.75,0.0342873,0.0001,2.78506e-32,999999,6.389422e-02,3,Malaysian Exclusive Economic Zone,,,SVDNB_npp_d20140716_t1757431_e1803235_b14079_c20140717000324408388_noaa_ops.h5,GDNBO_npp_d20140716_t1757431_e1803235_b14079_c20140717000324408134_noaa_ops.h5,SVI04_npp_d20140716_t1757431_e1803235_b14079_c20140717000324402868_noaa_ops.dspace_rad,VNFF_npp_d20140716_t1757431_e1803235_b14079_v21.csv,World_EEZ_v8_2014.shp,WPP_BFAR_merge.shp,KKP_IDN_merge_20161208.shp,VNF-VBD_npp_20120301-20151231_global_asia-enhanced_c201607211230.bitmask,NCEI_NGA.union.nga_lead2.add_2015ntl.mask,timezone.shp,VBD_platforms-recurring_2015_r20170330.shp,0.0918935,VBD_bridges_c20160811.shp,22.302559;20.657581;17.812403;13.013085;8.184108;3.331987;-1.539063;0.598278;2.699680;7.587820;12.484635;17.389103,102.195274;116.899490;131.129013;129.599106;128.217987;126.965988;125.829720;112.252083;98.601341;99.606560;100.547348;101.419044,npp_d20140716_t1757431_e1803235_b14079,152.464,17.6486,69.2533,97.8061,49.8107,94.3839
26,VBD_npp_d20140716_t1802566_x0993732E_y042184N_l2824_s0068_v23,2017-05-23 13:09:55,4.218397,99.373230,7.59591,2014-07-16 18:02:56,2014-07-17 01:02:56,2824,68,0.342017,1,2273,0.210168,0.204419,0.5306,0.4,0.767978,0.75,0.0342302,0.0001,3.32712e-32,999999,-1.221240e-01,3,Indonesian Exclusive Economic Zone,WPP571,,SVDNB_npp_d20140716_t1757431_e1803235_b14079_c20140717000324408388_noaa_ops.h5,GDNBO_npp_d20140716_t1757431_e1803235_b14079_c20140717000324408134_noaa_ops.h5,SVI04_npp_d20140716_t1757431_e1803235_b14079_c20140717000324402868_noaa_ops.dspace_rad,VNFF_npp_d20140716_t1757431_e1803235_b14079_v21.csv,World_EEZ_v8_2014.shp,WPP_BFAR_merge.shp,KKP_IDN_merge_20161208.shp,VNF-VBD_npp_20120301-20151231_global_asia-enhanced_c201607211230.bitmask,NCEI_NGA.union.nga_lead2.add_2015ntl.mask,timezone.shp,VBD_platforms-recurring_2015_r20170330.shp,999999,VBD_bridges_c20160811.shp,22.302559;20.657581;17.812403;13.013085;8.184108;3.331987;-1.539063;0.598278;2.699680;7.587820;12.484635;17.389103,102.195274;116.899490;131.129013;129.599106;128.217987;126.965988;125.829720;112.252083;98.601341;99.606560;100.547348;101.419044,npp_d20140716_t1757431_e1803235_b14079,153.148,17.934,69.1834,98.0565,49.8298,93.7697
27,VBD_npp_d20140716_t1802423_x0995472E_y049786N_l2704_s0069_v23,2017-05-23 13:09:55,4.978628,99.547211,22.9239,2014-07-16 18:02:42,2014-07-17 01:02:42,2704,69,0.309755,8,18913,0.61335,0.172546,0.778582,0.4,0.863223,0.75,0.034334,0.0001,3.98377e-32,999999,1.255983e-01,3,Malaysian Exclusive Economic Zone,,,SVDNB_npp_d20140716_t1757431_e1803235_b14079_c20140717000324408388_noaa_ops.h5,GDNBO_npp_d20140716_t1757431_e1803235_b14079_c20140717000324408134_noaa_ops.h5,SVI04_npp_d20140716_t1757431_e1803235_b14079_c20140717000324402868_noaa_ops.dspace_rad,VNFF_npp_d20140716_t1757431_e1803235_b14079_v21.csv,World_EEZ_v8_2014.shp,WPP_BFAR_merge.shp,KKP_IDN_merge_20161208.shp,VNF-VBD_npp_20120301-20151231_global_asia-enhanced_c201607211230.bitmask,NCEI_NGA.union.nga_lead2.add_2015ntl.mask,timezone.shp,VBD_platforms-recurring_2015_r20170330.shp,0.314736,VBD_bridges_c20160811.shp,22.302559;20.657581;17.812403;13.013085;8.184108;3.331987;-1.539063;0.598278;2.699680;7.587820;12.484635;17.389103,102.195274;116.899490;131.129013;129.599106;128.217987;126.965988;125.829720;112.252083;98.601341;99.606560;100.547348;101.419044,npp_d20140716_t1757431_e1803235_b14079,152.39,17.7026,69.1668,97.6413,49.7676,94.4455
28,VBD_npp_d20140716_t1802441_x0995491E_y049773N_l2705_s0070_v23,2017-05-23 13:09:55,4.977304,99.549095,19.2225,2014-07-16 18:02:44,2014-07-17 01:02:44,2705,70,0.309755,8,18913,0.560023,0.158168,0.778582,0.4,0.840658,0.75,0.0343396,0.0001,4.41683e-32,999999,2.373516e-01,3,Malaysian Exclusive Economic Zone,,,SVDNB_npp_d20140716_t1757431_e1803235_b14079_c20140717000324408388_noaa_ops.h5,GDNBO_npp_d20140716_t1757431_e1803235_b14079_c20140717000324408134_noaa_ops.h5,SVI04_npp_d20140716_t1757431_e1803235_b14079_c20140717000324402868_noaa_ops.dspace_rad,VNFF_npp_d20140716_t1757431_e1803235_b14079_v21.csv,World_EEZ_v8_2014.shp,WPP_BFAR_merge.shp,KKP_IDN_merge_20161208.shp,VNF-VBD_npp_20120301-20151231_global_asia-enhanced_c201607211230.bitmask,NCEI_NGA.union.nga_lead2.add_2015ntl.mask,timezone.shp,VBD_platforms-recurring_2015_r20170330.shp,0.230116,VBD_bridges_c20160811.shp,22.302559;20.657581;17.812403;13.013085;8.184108;3.331987;-1.539063;0.598278;2.699680;7.587820;12.484635;17.389103,102.195274;116.899490;131.129013;129.599106;128.217987;126.965988;125.829720;112.252083;98.601341;99.606560;100.547348;101.419044,npp_d20140716_t1757431_e1803235_b14079,152.388,17.7211,69.1452,98.097,49.7584,94.4456
29,VBD_npp_d20140716_t1802548_x0994118E_y043390N_l2805_s0070_v23,2017-05-23 13:09:55,4.338994,99.411774,8.24309,2014-07-16 18:02:54,2014-07-17 01:02:54,2805,70,0.301689,1,2529,0.249397,0.192861,0.643474,0.4,0.752604,0.75,0.0342592,0.0001,3.87688e-32,999999,-3.229575e-02,3,Malaysian Exclusive Economic Zone,WPP571,,SVDNB_npp_d20140716_t1757431_e1803235_b14079_c20140717000324408388_noaa_ops.h5,GDNBO_npp_d20140716_t1757431_e1803235_b14079_c20140717000324408134_noaa_ops.h5,SVI04_npp_d20140716_t1757431_e1803235_b14079_c20140717000324402868_noaa_ops.dspace_rad,VNFF_npp_d20140716_t1757431_e1803235_b14079_v21.csv,World_EEZ_v8_2014.shp,WPP_BFAR_merge.shp,KKP_IDN_merge_20161208.shp,VNF-VBD_npp_20120301-20151231_global_asia-enhanced_c201607211230.bitmask,NCEI_NGA.union.nga_lead2.add_2015ntl.mask,timezone.shp,VBD_platforms-recurring_2015_r20170330.shp,999999,VBD_bridges_c20160811.shp,22.302559;20.657581;17.812403;13.013085;8.184108;3.331987;-1.539063;0.598278;2.699680;7.587820;12.484635;17.389103,102.195274;116.899490;131.129013;129.599106;128.217987;126.965988;125.829720;112.252083;98.601341;99.606560;100.547348;101.419044,npp_d20140716_t1757431_e1803235_b14079,153.024,17.9214,69.152,98.1215,49.8064,93.8783
30,VBD_npp_d20140716_t1802530_x0994361E_y043988N_l2795_s0071_v23,2017-05-23 13:09:55,4.398779,99.436089,16.6575,2014-07-16 18:02:53,2014-07-17 01:02:53,2795,71,0.302739,8,18913,0.494221,0.15468,0.780422,0.4,0.822587,0.75,0.0342741,0.0001,4.1957e-32,999999,2.644580e-01,3,Malaysian Exclusive Economic Zone,WPP571,,SVDNB_npp_d20140716_t1757431_e1803235_b14079_c20140717000324408388_noaa_ops.h5,GDNBO_npp_d20140716_t1757431_e1803235_b14079_c20140717000324408134_noaa_ops.h5,SVI04_npp_d20140716_t1757431_e1803235_b14079_c20140717000324402868_noaa_ops.dspace_rad,VNFF_npp_d20140716_t1757431_e1803235_b14079_v21.csv,World_EEZ_v8_2014.shp,WPP_BFAR_merge.shp,KKP_IDN_merge_20161208.shp,VNF-VBD_npp_20120301-20151231_global_asia-enhanced_c201607211230.bitmask,NCEI_NGA.union.nga_lead2.add_2015ntl.mask,timezone.shp,VBD_platforms-recurring_2015_r20170330.shp,0.363036,VBD_bridges_c20160811.shp,22.302559;20.657581;17.812403;13.013085;8.184108;3.331987;-1.539063;0.598278;2.699680;7.587820;12.484635;17.389103,102.195274;116.899490;131.129013;129.599106;128.217987;126.965988;125.829720;112.252083;98.601341;99.606560;100.547348;101.419044,npp_d20140716_t1757431_e1803235_b14079,152.962,17.9181,69.1332,97.9252,49.7932,93.9326
31,VBD_npp_d20140716_t1802423_x0995869E_y050628N_l2691_s0073_v23,2017-05-23 13:09:55,5.062848,99.586861,10.2438,2014-07-16 18:02:42,2014-07-17 01:02:42,2691,73,0.269592,8,18913,0.294455,0.177613,0.620523,0.4,0.785458,0.75,0.0343696,0.0001,5.27547e-32,999999,8.621556e-02,3,Malaysian Exclusive Economic Zone,,,SVDNB_npp_d20140716_t1757431_e1803235_b14079_c20140717000324408388_noaa_ops.h5,GDNBO_npp_d20140716_t1757431_e1803235_b14079_c20140717000324408134_noaa_ops.h5,SVI04_npp_d20140716_t1757431_e1803235_b14079_c20140717000324402868_noaa_ops.dspace_rad,VNFF_npp_d20140716_t1757431_e1803235_b14079_v21.csv,World_EEZ_v8_2014.shp,WPP_BFAR_merge.shp,KKP_IDN_merge_20161208.shp,VNF-VBD_npp_20120301-20151231_global_asia-enhanced_c201607211230.bitmask,NCEI_NGA.union.nga_lead2.add_2015ntl.mask,timezone.shp,VBD_platforms-recurring_2015_r20170330.shp,0.680935,VBD_bridges_c20160811.shp,22.302559;20.657581;17.812403;13.013085;8.184108;3.331987;-1.539063;0.598278;2.699680;7.587820;12.484635;17.389103,102.195274;116.899490;131.129013;129.599106;128.217987;126.965988;125.829720;112.252083;98.601341;99.606560;100.547348;101.419044,npp_d20140716_t1757431_e1803235_b14079,152.297,17.729,69.1038,98.0167,49.7344,94.5246
32,VBD_npp_d20140716_t1802530_x0994774E_y043585N_l2800_s0078_v23,2017-05-23 13:09:55,4.358548,99.477394,22.9919,2014-07-16 18:02:53,2014-07-17 01:02:53,2800,78,0.276829,1,2529,0.599235,0.185525,0.795386,0.4,0.874618,0.75,0.0343143,0.0001,6.35416e-32,999999,2.472014e-02,3,Malaysian Exclusive Economic Zone,WPP571,,SVDNB_npp_d20140716_t1757431_e1803235_b14079_c20140717000324408388_noaa_ops.h5,GDNBO_npp_d20140716_t1757431_e1803235_b14079_c20140717000324408134_noaa_ops.h5,SVI04_npp_d20140716_t1757431_e1803235_b14079_c20140717000324402868_noaa_ops.dspace_rad,VNFF_npp_d20140716_t1757431_e1803235_b14079_v21.csv,World_EEZ_v8_2014.shp,WPP_BFAR_merge.shp,KKP_IDN_merge_20161208.shp,VNF-VBD_npp_20120301-20151231_global_asia-enhanced_c201607211230.bitmask,NCEI_NGA.union.nga_lead2.add_2015ntl.mask,timezone.shp,VBD_platforms-recurring_2015_r20170330.shp,999999,VBD_bridges_c20160811.shp,22.302559;20.657581;17.812403;13.013085;8.184108;3.331987;-1.539063;0.598278;2.699680;7.587820;12.484635;17.389103,102.195274;116.899490;131.129013;129.599106;128.217987;126.965988;125.829720;112.252083;98.601341;99.606560;100.547348;101.419044,npp_d20140716_t1757431_e1803235_b14079,152.988,18.0224,69.0277,97.7851,49.7489,93.9033
33,VBD_npp_d20140716_t1802370_x0996851E_y053026N_l2652_s0079_v23,2017-05-23 13:09:55,5.302566,99.685097,27.1463,2014-07-16 18:02:37,2014-07-17 01:02:37,2652,79,0.253516,8,18913,0.624346,0.187808,0.777175,0.4,0.886572,0.75,0.0344373,0.0001,7.9553e-32,999999,6.976481e-03,3,Malaysian Exclusive Economic Zone,,,SVDNB_npp_d20140716_t1757431_e1803235_b14079_c20140717000324408388_noaa_ops.h5,GDNBO_npp_d20140716_t1757431_e1803235_b14079_c20140717000324408134_noaa_ops.h5,SVI04_npp_d20140716_t1757431_e1803235_b14079_c20140717000324402868_noaa_ops.dspace_rad,VNFF_npp_d20140716_t1757431_e1803235_b14079_v21.csv,World_EEZ_v8_2014.shp,WPP_BFAR_merge.shp,KKP_IDN_merge_20161208.shp,VNF-VBD_npp_20120301-20151231_global_asia-enhanced_c201607211230.bitmask,NCEI_NGA.union.nga_lead2.add_2015ntl.mask,timezone.shp,VBD_platforms-recurring_2015_r20170330.shp,0.264193,VBD_bridges_c20160811.shp,22.302559;20.657581;17.812403;13.013085;8.184108;3.331987;-1.539063;0.598278;2.699680;7.587820;12.484635;17.389103,102.195274;116.899490;131.129013;129.599106;128.217987;126.965988;125.829720;112.252083;98.601341;99.606560;100.547348;101.419044,npp_d20140716_t1757431_e1803235_b14079,152.046,17.7342,69.0075,97.6944,49.6769,94.7454
34,VBD_npp_d20140716_t1802548_x0994754E_y043574N_l2801_s0079_v23,2017-05-23 13:09:55,4.357405,99.475372,28.5392,2014-07-16 18:02:54,2014-07-17 01:02:54,2801,79,0.276829,1,2529,0.718478,0.196785,0.778093,0.4,0.89373,0.75,0.0343198,0.0001,6.81815e-32,999999,-6.279001e-02,3,Malaysian Exclusive Economic Zone,WPP571,,SVDNB_npp_d20140716_t1757431_e1803235_b14079_c20140717000324408388_noaa_ops.h5,GDNBO_npp_d20140716_t1757431_e1803235_b14079_c20140717000324408134_noaa_ops.h5,SVI04_npp_d20140716_t1757431_e1803235_b14079_c20140717000324402868_noaa_ops.dspace_rad,VNFF_npp_d20140716_t1757431_e1803235_b14079_v21.csv,World_EEZ_v8_2014.shp,WPP_BFAR_merge.shp,KKP_IDN_merge_20161208.shp,VNF-VBD_npp_20120301-20151231_global_asia-enhanced_c201607211230.bitmask,NCEI_NGA.union.nga_lead2.add_2015ntl.mask,timezone.shp,VBD_platforms-recurring_2015_r20170330.shp,999999,VBD_bridges_c20160811.shp,22.302559;20.657581;17.812403;13.013085;8.184108;3.331987;-1.539063;0.598278;2.699680;7.587820;12.484635;17.389103,102.195274;116.899490;131.129013;129.599106;128.217987;126.965988;125.829720;112.252083;98.601341;99.606560;100.547348;101.419044,npp_d20140716_t1757431_e1803235_b14079,152.987,18.0335,69.0149,98.2409,49.7436,93.9029
36,VBD_npp_d20140716_t1802370_x0997539E_y052795N_l2654_s0089_v23,2017-05-23 13:09:55,5.279489,99.753853,66.5664,2014-07-16 18:02:37,2014-07-17 01:02:37,2654,89,0.234512,8,18913,0.989516,0.170453,0.831388,0.4,0.94949,0.75,0.0344993,0.0001,1.51492e-31,999999,1.418636e-01,3,Malaysian Exclusive Economic Zone,,,SVDNB_npp_d20140716_t1757431_e1803235_b14079_c20140717000324408388_noaa_ops.h5,GDNBO_npp_d20140716_t1757431_e1803235_b14079_c20140717000324408134_noaa_ops.h5,SVI04_npp_d20140716_t1757431_e1803235_b14079_c20140717000324402868_noaa_ops.dspace_rad,VNFF_npp_d20140716_t1757431_e1803235_b14079_v21.csv,World_EEZ_v8_2014.shp,WPP_BFAR_merge.shp,KKP_IDN_merge_20161208.shp,VNF-VBD_npp_20120301-20151231_global_asia-enhanced_c201607211230.bitmask,NCEI_NGA.union.nga_lead2.add_2015ntl.mask,timezone.shp,VBD_platforms-recurring_2015_r20170330.shp,0.0499585,VBD_bridges_c20160811.shp,22.302559;20.657581;17.812403;13.013085;8.184108;3.331987;-1.539063;0.598278;2.699680;7.587820;12.484635;17.389103,102.195274;116.899490;131.129013;129.599106;128.217987;126.965988;125.829720;112.252083;98.601341;99.606560;100.547348;101.419044,npp_d20140716_t1757431_e1803235_b14079,152.047,17.8766,68.8449,97.6432,49.606,94.7366
39,VBD_npp_d20140716_t1802548_x0995451E_y042445N_l2816_s0091_v23,2017-05-23 13:09:55,4.244486,99.545135,27.886,2014-07-16 18:02:54,2014-07-17 01:02:54,2816,91,0.325223,1,2529,0.729331,0.177628,0.830373,0.4,0.896086,0.75,0.0343832,0.0001,1.4261e-31,999999,8.610021e-02,3,Malaysian Exclusive Economic Zone,WPP571,,SVDNB_npp_d20140716_t1757431_e1803235_b14079_c20140717000324408388_noaa_ops.h5,GDNBO_npp_d20140716_t1757431_e1803235_b14079_c20140717000324408134_noaa_ops.h5,SVI04_npp_d20140716_t1757431_e1803235_b14079_c20140717000324402868_noaa_ops.dspace_rad,VNFF_npp_d20140716_t1757431_e1803235_b14079_v21.csv,World_EEZ_v8_2014.shp,WPP_BFAR_merge.shp,KKP_IDN_merge_20161208.shp,VNF-VBD_npp_20120301-20151231_global_asia-enhanced_c201607211230.bitmask,NCEI_NGA.union.nga_lead2.add_2015ntl.mask,timezone.shp,VBD_platforms-recurring_2015_r20170330.shp,999999,VBD_bridges_c20160811.shp,22.302559;20.657581;17.812403;13.013085;8.184108;3.331987;-1.539063;0.598278;2.699680;7.587820;12.484635;17.389103,102.195274;116.899490;131.129013;129.599106;128.217987;126.965988;125.829720;112.252083;98.601341;99.606560;100.547348;101.419044,npp_d20140716_t1757431_e1803235_b14079,153.073,18.2377,68.8208,97.816,49.6658,93.8141
43,VBD_npp_d20140716_t1802566_x0995452E_y042418N_l2817_s0092_v23,2017-05-23 13:09:55,4.241782,99.545158,45.3856,2014-07-16 18:02:56,2014-07-17 01:02:56,2817,92,0.325223,1,2529,0.858924,0.178358,0.830373,0.4,0.920086,0.75,0.0343887,0.0001,1.56082e-31,999999,8.042952e-02,3,Malaysian Exclusive Economic Zone,WPP571,,SVDNB_npp_d20140716_t1757431_e1803235_b14079_c20140717000324408388_noaa_ops.h5,GDNBO_npp_d20140716_t1757431_e1803235_b14079_c20140717000324408134_noaa_ops.h5,SVI04_npp_d20140716_t1757431_e1803235_b14079_c20140717000324402868_noaa_ops.dspace_rad,VNFF_npp_d20140716_t1757431_e1803235_b14079_v21.csv,World_EEZ_v8_2014.shp,WPP_BFAR_merge.shp,KKP_IDN_merge_20161208.shp,VNF-VBD_npp_20120301-20151231_global_asia-enhanced_c201607211230.bitmask,NCEI_NGA.union.nga_lead2.add_2015ntl.mask,timezone.shp,VBD_platforms-recurring_2015_r20170330.shp,999999,VBD_bridges_c20160811.shp,22.302559;20.657581;17.812403;13.013085;8.184108;3.331987;-1.539063;0.598278;2.699680;7.587820;12.484635;17.389103,102.195274;116.899490;131.129013;129.599106;128.217987;126.965988;125.829720;112.252083;98.601341;99.606560;100.547348;101.419044,npp_d20140716_t1757431_e1803235_b14079,153.073,18.2537,68.8028,98.2698,49.6584,93.8125
44,VBD_npp_d20140716_t1802477_x0996624E_y047510N_l2737_s0093_v23,2017-05-23 13:09:55,4.750965,99.662376,8.16711,2014-07-16 18:02:47,2014-07-17 01:02:47,2737,93,0.222524,2,2209,0.225176,0.206081,0.4407,0.4,0.690285,0.75,0.0344607,0.0001,1.81732e-31,999999,-1.350444e-01,3,Malaysian Exclusive Economic Zone,,,SVDNB_npp_d20140716_t1757431_e1803235_b14079_c20140717000324408388_noaa_ops.h5,GDNBO_npp_d20140716_t1757431_e1803235_b14079_c20140717000324408134_noaa_ops.h5,SVI04_npp_d20140716_t1757431_e1803235_b14079_c20140717000324402868_noaa_ops.dspace_rad,VNFF_npp_d20140716_t1757431_e1803235_b14079_v21.csv,World_EEZ_v8_2014.shp,WPP_BFAR_merge.shp,KKP_IDN_merge_20161208.shp,VNF-VBD_npp_20120301-20151231_global_asia-enhanced_c201607211230.bitmask,NCEI_NGA.union.nga_lead2.add_2015ntl.mask,timezone.shp,VBD_platforms-recurring_2015_r20170330.shp,999999,VBD_bridges_c20160811.shp,22.302559;20.657581;17.812403;13.013085;8.184108;3.331987;-1.539063;0.598278;2.699680;7.587820;12.484635;17.389103,102.195274;116.899490;131.129013;129.599106;128.217987;126.965988;125.829720;112.252083;98.601341;99.606560;100.547348;101.419044,npp_d20140716_t1757431_e1803235_b14079,152.564,18.0986,68.7842,98.1569,49.6128,94.2679
45,VBD_npp_d20140716_t1802566_x0995735E_y041900N_l2824_s0097_v23,2017-05-23 13:09:55,4.189970,99.573509,27.6863,2014-07-16 18:02:56,2014-07-17 01:02:56,2824,97,0.341133,1,2529,0.722232,0.175101,0.837963,0.4,0.926094,0.75,0.0344144,0.0001,2.11468e-31,999999,1.057392e-01,3,Malaysian Exclusive Economic Zone,WPP571,,SVDNB_npp_d20140716_t1757431_e1803235_b14079_c20140717000324408388_noaa_ops.h5,GDNBO_npp_d20140716_t1757431_e1803235_b14079_c20140717000324408134_noaa_ops.h5,SVI04_npp_d20140716_t1757431_e1803235_b14079_c20140717000324402868_noaa_ops.dspace_rad,VNFF_npp_d20140716_t1757431_e1803235_b14079_v21.csv,World_EEZ_v8_2014.shp,WPP_BFAR_merge.shp,KKP_IDN_merge_20161208.shp,VNF-VBD_npp_20120301-20151231_global_asia-enhanced_c201607211230.bitmask,NCEI_NGA.union.nga_lead2.add_2015ntl.mask,timezone.shp,VBD_platforms-recurring_2015_r20170330.shp,999999,VBD_bridges_c20160811.shp,22.302559;20.657581;17.812403;13.013085;8.184108;3.331987;-1.539063;0.598278;2.699680;7.587820;12.484635;17.389103,102.195274;116.899490;131.129013;129.599106;128.217987;126.965988;125.829720;112.252083;98.601341;99.606560;100.547348;101.419044,npp_d20140716_t1757431_e1803235_b14079,153.113,18.3408,68.7212,98.0717,49.6264,93.7711
47,VBD_npp_d20140716_t1802388_x0998496E_y052164N_l2662_s0105_v23,2017-05-23 13:09:55,5.216445,99.849640,12.3849,2014-07-16 18:02:38,2014-07-17 01:02:38,2662,105,0.257383,1,2529,0.380801,0.162925,0.646693,0.4,0.808135,0.75,0.0345944,0.0001,4.12313e-31,999999,2.003748e-01,3,Malaysian Exclusive Economic Zone,,,SVDNB_npp_d20140716_t1757431_e1803235_b14079_c20140717000324408388_noaa_ops.h5,GDNBO_npp_d20140716_t1757431_e1803235_b14079_c20140717000324408134_noaa_ops.h5,SVI04_npp_d20140716_t1757431_e1803235_b14079_c20140717000324402868_noaa_ops.dspace_rad,VNFF_npp_d20140716_t1757431_e1803235_b14079_v21.csv,World_EEZ_v8_2014.shp,WPP_BFAR_merge.shp,KKP_IDN_merge_20161208.shp,VNF-VBD_npp_20120301-20151231_global_asia-enhanced_c201607211230.bitmask,NCEI_NGA.union.nga_lead2.add_2015ntl.mask,timezone.shp,VBD_platforms-recurring_2015_r20170330.shp,999999,VBD_bridges_c20160811.shp,22.302559;20.657581;17.812403;13.013085;8.184108;3.331987;-1.539063;0.598278;2.699680;7.587820;12.484635;17.389103,102.195274;116.899490;131.129013;129.599106;128.217987;126.965988;125.829720;112.252083;98.601341;99.606560;100.547348;101.419044,npp_d20140716_t1757431_e1803235_b14079,152.075,18.107,68.5892,97.9085,49.4974,94.6982
48,VBD_npp_d20140716_t1802566_x0996211E_y041260N_l2832_s0105_v23,2017-05-23 13:09:55,4.125979,99.621086,23.9931,2014-07-16 18:02:56,2014-07-17 01:02:56,2832,105,0.348536,1,2529,0.658359,0.16483,0.797941,0.4,0.905135,0.75,0.0344579,0.0001,3.4353e-31,999999,1.855716e-01,3,Malaysian Exclusive Economic Zone,WPP571,,SVDNB_npp_d20140716_t1757431_e1803235_b14079_c20140717000324408388_noaa_ops.h5,GDNBO_npp_d20140716_t1757431_e1803235_b14079_c20140717000324408134_noaa_ops.h5,SVI04_npp_d20140716_t1757431_e1803235_b14079_c20140717000324402868_noaa_ops.dspace_rad,VNFF_npp_d20140716_t1757431_e1803235_b14079_v21.csv,World_EEZ_v8_2014.shp,WPP_BFAR_merge.shp,KKP_IDN_merge_20161208.shp,VNF-VBD_npp_20120301-20151231_global_asia-enhanced_c201607211230.bitmask,NCEI_NGA.union.nga_lead2.add_2015ntl.mask,timezone.shp,VBD_platforms-recurring_2015_r20170330.shp,999999,VBD_bridges_c20160811.shp,22.302559;20.657581;17.812403;13.013085;8.184108;3.331987;-1.539063;0.598278;2.699680;7.587820;12.484635;17.389103,102.195274;116.899490;131.129013;129.599106;128.217987;126.965988;125.829720;112.252083;98.601341;99.606560;100.547348;101.419044,npp_d20140716_t1757431_e1803235_b14079,153.159,18.473,68.5918,97.8337,49.5742,93.7215
49,VBD_npp_d20140716_t1802583_x0996236E_y041279N_l2833_s0106_v23,2017-05-23 13:09:55,4.127925,99.623566,22.95,2014-07-16 18:02:58,2014-07-17 01:02:58,2833,106,0.352459,1,2529,0.641745,0.170392,0.797941,0.4,0.894104,0.75,0.0344632,0.0001,3.82695e-31,999999,1.423430e-01,3,Malaysian Exclusive Economic Zone,WPP571,,SVDNB_npp_d20140716_t1757431_e1803235_b14079_c20140717000324408388_noaa_ops.h5,GDNBO_npp_d20140716_t1757431_e1803235_b14079_c20140717000324408134_noaa_ops.h5,SVI04_npp_d20140716_t1757431_e1803235_b14079_c20140717000324402868_noaa_ops.dspace_rad,VNFF_npp_d20140716_t1757431_e1803235_b14079_v21.csv,World_EEZ_v8_2014.shp,WPP_BFAR_merge.shp,KKP_IDN_merge_20161208.shp,VNF-VBD_npp_20120301-20151231_global_asia-enhanced_c201607211230.bitmask,NCEI_NGA.union.nga_lead2.add_2015ntl.mask,timezone.shp,VBD_platforms-recurring_2015_r20170330.shp,999999,VBD_bridges_c20160811.shp,22.302559;20.657581;17.812403;13.013085;8.184108;3.331987;-1.539063;0.598278;2.699680;7.587820;12.484635;17.389103,102.195274;116.899490;131.129013;129.599106;128.217987;126.965988;125.829720;112.252083;98.601341;99.606560;100.547348;101.419044,npp_d20140716_t1757431_e1803235_b14079,153.154,18.491,68.5694,98.3121,49.5647,93.7243
53,VBD_npp_d20140716_t1801507_x1004371E_y079649N_l2231_s0107_v23,2017-05-23 13:09:55,7.964892,100.437141,17.0795,2014-07-16 18:01:50,2014-07-17 01:01:50,2231,107,0.180206,1,2529,0.456137,0.182768,0.869787,0.4,0.830516,0.75,0.0346546,0.0001,5.92125e-31,999999,4.614842e-02,3,Thailand Exclusive Economic Zone,,,SVDNB_npp_d20140716_t1757431_e1803235_b14079_c20140717000324408388_noaa_ops.h5,GDNBO_npp_d20140716_t1757431_e1803235_b14079_c20140717000324408134_noaa_ops.h5,SVI04_npp_d20140716_t1757431_e1803235_b14079_c20140717000324402868_noaa_ops.dspace_rad,VNFF_npp_d20140716_t1757431_e1803235_b14079_v21.csv,World_EEZ_v8_2014.shp,WPP_BFAR_merge.shp,KKP_IDN_merge_20161208.shp,VNF-VBD_npp_20120301-20151231_global_asia-enhanced_c201607211230.bitmask,NCEI_NGA.union.nga_lead2.add_2015ntl.mask,timezone.shp,VBD_platforms-recurring_2015_r20170330.shp,999999,VBD_bridges_c20160811.shp,22.302559;20.657581;17.812403;13.013085;8.184108;3.331987;-1.539063;0.598278;2.699680;7.587820;12.484635;17.389103,102.195274;116.899490;131.129013;129.599106;128.217987;126.965988;125.829720;112.252083;98.601341;99.606560;100.547348;101.419044,npp_d20140716_t1757431_e1803235_b14079,149.34,17.3145,68.5418,97.2756,49.3913,97.1853
55,VBD_npp_d20140716_t1801507_x1004489E_y079990N_l2226_s0108_v23,2017-05-23 13:09:55,7.998987,100.448891,20.2445,2014-07-16 18:01:50,2014-07-17 01:01:50,2226,108,0.183742,1,2529,0.557918,0.18953,0.895515,0.4,0.883543,0.75,0.0346629,0.0001,6.3177e-31,999999,-6.404522e-03,3,Thailand Exclusive Economic Zone,,,SVDNB_npp_d20140716_t1757431_e1803235_b14079_c20140717000324408388_noaa_ops.h5,GDNBO_npp_d20140716_t1757431_e1803235_b14079_c20140717000324408134_noaa_ops.h5,SVI04_npp_d20140716_t1757431_e1803235_b14079_c20140717000324402868_noaa_ops.dspace_rad,VNFF_npp_d20140716_t1757431_e1803235_b14079_v21.csv,World_EEZ_v8_2014.shp,WPP_BFAR_merge.shp,KKP_IDN_merge_20161208.shp,VNF-VBD_npp_20120301-20151231_global_asia-enhanced_c201607211230.bitmask,NCEI_NGA.union.nga_lead2.add_2015ntl.mask,timezone.shp,VBD_platforms-recurring_2015_r20170330.shp,999999,VBD_bridges_c20160811.shp,22.302559;20.657581;17.812403;13.013085;8.184108;3.331987;-1.539063;0.598278;2.699680;7.587820;12.484635;17.389103,102.195274;116.899490;131.129013;129.599106;128.217987;126.965988;125.829720;112.252083;98.601341;99.606560;100.547348;101.419044,npp_d20140716_t1757431_e1803235_b14079,149.304,17.3178,68.525,97.4281,49.384,97.218
56,VBD_npp_d20140716_t1801507_x1004492E_y079491N_l2233_s0109_v23,2017-05-23 13:09:55,7.949111,100.449249,9.89702,2014-07-16 18:01:50,2014-07-17 01:01:50,2233,109,0.19109,7,18593,0.22546,0.183489,0.869787,0.4,0.59043,0.75,0.0346663,0.0001,6.70383e-31,999999,4.054846e-02,3,,,,SVDNB_npp_d20140716_t1757431_e1803235_b14079_c20140717000324408388_noaa_ops.h5,GDNBO_npp_d20140716_t1757431_e1803235_b14079_c20140717000324408134_noaa_ops.h5,SVI04_npp_d20140716_t1757431_e1803235_b14079_c20140717000324402868_noaa_ops.dspace_rad,VNFF_npp_d20140716_t1757431_e1803235_b14079_v21.csv,World_EEZ_v8_2014.shp,WPP_BFAR_merge.shp,KKP_IDN_merge_20161208.shp,VNF-VBD_npp_20120301-20151231_global_asia-enhanced_c201607211230.bitmask,NCEI_NGA.union.nga_lead2.add_2015ntl.mask,timezone.shp,VBD_platforms-recurring_2015_r20170330.shp,0.78051,VBD_bridges_c20160811.shp,22.302559;20.657581;17.812403;13.013085;8.184108;3.331987;-1.539063;0.598278;2.699680;7.587820;12.484635;17.389103,102.195274;116.899490;131.129013;129.599106;128.217987;126.965988;125.829720;112.252083;98.601341;99.606560;100.547348;101.419044,npp_d20140716_t1757431_e1803235_b14079,149.352,17.3435,68.5095,97.2168,49.3773,97.1745
59,VBD_npp_d20140716_t1801507_x1004543E_y079342N_l2235_s0110_v23,2017-05-23 13:09:55,7.934241,100.454330,12.8346,2014-07-16 18:01:50,2014-07-17 01:01:50,2235,110,0.174516,8,18913,0.334494,0.176265,0.819458,0.4,0.754831,0.75,0.0346717,0.0001,7.12671e-31,999999,9.669687e-02,3,Thailand Exclusive Economic Zone,,,SVDNB_npp_d20140716_t1757431_e1803235_b14079_c20140717000324408388_noaa_ops.h5,GDNBO_npp_d20140716_t1757431_e1803235_b14079_c20140717000324408134_noaa_ops.h5,SVI04_npp_d20140716_t1757431_e1803235_b14079_c20140717000324402868_noaa_ops.dspace_rad,VNFF_npp_d20140716_t1757431_e1803235_b14079_v21.csv,World_EEZ_v8_2014.shp,WPP_BFAR_merge.shp,KKP_IDN_merge_20161208.shp,VNF-VBD_npp_20120301-20151231_global_asia-enhanced_c201607211230.bitmask,NCEI_NGA.union.nga_lead2.add_2015ntl.mask,timezone.shp,VBD_platforms-recurring_2015_r20170330.shp,0.452272,VBD_bridges_c20160811.shp,22.302559;20.657581;17.812403;13.013085;8.184108;3.331987;-1.539063;0.598278;2.699680;7.587820;12.484635;17.389103,102.195274;116.899490;131.129013;129.599106;128.217987;126.965988;125.829720;112.252083;98.601341;99.606560;100.547348;101.419044,npp_d20140716_t1757431_e1803235_b14079,149.364,17.3598,68.4935,97.1571,49.3704,97.1628
61,VBD_npp_d20140716_t1801507_x1004584E_y079124N_l2238_s0111_v23,2017-05-23 13:09:55,7.912396,100.458427,8.85185,2014-07-16 18:01:50,2014-07-17 01:01:50,2238,111,0.15612,2,2209,0.186822,0.150319,0.849455,0.4,0.63917,0.75,0.0346767,0.0001,7.56843e-31,999999,2.983549e-01,3,Thailand Exclusive Economic Zone,,,SVDNB_npp_d20140716_t1757431_e1803235_b14079_c20140717000324408388_noaa_ops.h5,GDNBO_npp_d20140716_t1757431_e1803235_b14079_c20140717000324408134_noaa_ops.h5,SVI04_npp_d20140716_t1757431_e1803235_b14079_c20140717000324402868_noaa_ops.dspace_rad,VNFF_npp_d20140716_t1757431_e1803235_b14079_v21.csv,World_EEZ_v8_2014.shp,WPP_BFAR_merge.shp,KKP_IDN_merge_20161208.shp,VNF-VBD_npp_20120301-20151231_global_asia-enhanced_c201607211230.bitmask,NCEI_NGA.union.nga_lead2.add_2015ntl.mask,timezone.shp,VBD_platforms-recurring_2015_r20170330.shp,999999,VBD_bridges_c20160811.shp,22.302559;20.657581;17.812403;13.013085;8.184108;3.331987;-1.539063;0.598278;2.699680;7.587820;12.484635;17.389103,102.195274;116.899490;131.129013;129.599106;128.217987;126.965988;125.829720;112.252083;98.601341;99.606560;100.547348;101.419044,npp_d20140716_t1757431_e1803235_b14079,149.384,17.3779,68.4778,97.0671,49.3636,97.1447
63,VBD_npp_d20140716_t1802388_x0998912E_y051608N_l2669_s0112_v23,2017-05-23 13:09:55,5.160777,99.891212,14.9291,2014-07-16 18:02:38,2014-07-17 01:02:38,2669,112,0.212027,8,18913,0.455071,0.187659,0.720979,0.4,0.825703,0.75,0.0346329,0.0001,6.29289e-31,999999,8.141609e-03,3,Malaysian Exclusive Economic Zone,,,SVDNB_npp_d20140716_t1757431_e1803235_b14079_c20140717000324408388_noaa_ops.h5,GDNBO_npp_d20140716_t1757431_e1803235_b14079_c20140717000324408134_noaa_ops.h5,SVI04_npp_d20140716_t1757431_e1803235_b14079_c20140717000324402868_noaa_ops.dspace_rad,VNFF_npp_d20140716_t1757431_e1803235_b14079_v21.csv,World_EEZ_v8_2014.shp,WPP_BFAR_merge.shp,KKP_IDN_merge_20161208.shp,VNF-VBD_npp_20120301-20151231_global_asia-enhanced_c201607211230.bitmask,NCEI_NGA.union.nga_lead2.add_2015ntl.mask,timezone.shp,VBD_platforms-recurring_2015_r20170330.shp,0.198087,VBD_bridges_c20160811.shp,22.302559;20.657581;17.812403;13.013085;8.184108;3.331987;-1.539063;0.598278;2.699680;7.587820;12.484635;17.389103,102.195274;116.899490;131.129013;129.599106;128.217987;126.965988;125.829720;112.252083;98.601341;99.606560;100.547348;101.419044,npp_d20140716_t1757431_e1803235_b14079,152.115,18.2178,68.4762,97.7009,49.4511,94.6562
66,VBD_npp_d20140716_t1801507_x1004838E_y079944N_l2226_s0113_v23,2017-05-23 13:09:55,7.994450,100.483841,8.83277,2014-07-16 18:01:50,2014-07-17 01:01:50,2226,113,0.20352,2,2465,0.256458,0.188034,0.908785,0.4,0.367349,0.75,0.0346941,0.0001,8.62816e-31,999999,5.224760e-03,3,Thailand Exclusive Economic Zone,,,SVDNB_npp_d20140716_t1757431_e1803235_b14079_c20140717000324408388_noaa_ops.h5,GDNBO_npp_d20140716_t1757431_e1803235_b14079_c20140717000324408134_noaa_ops.h5,SVI04_npp_d20140716_t1757431_e1803235_b14079_c20140717000324402868_noaa_ops.dspace_rad,VNFF_npp_d20140716_t1757431_e1803235_b14079_v21.csv,World_EEZ_v8_2014.shp,WPP_BFAR_merge.shp,KKP_IDN_merge_20161208.shp,VNF-VBD_npp_20120301-20151231_global_asia-enhanced_c201607211230.bitmask,NCEI_NGA.union.nga_lead2.add_2015ntl.mask,timezone.shp,VBD_platforms-recurring_2015_r20170330.shp,999999,VBD_bridges_c20160811.shp,22.302559;20.657581;17.812403;13.013085;8.184108;3.331987;-1.539063;0.598278;2.699680;7.587820;12.484635;17.389103,102.195274;116.899490;131.129013;129.599106;128.217987;126.965988;125.829720;112.252083;98.601341;99.606560;100.547348;101.419044,npp_d20140716_t1757431_e1803235_b14079,149.298,17.3806,68.4436,97.4331,49.3487,97.2228
67,VBD_npp_d20140716_t1801507_x1004801E_y079665N_l2230_s0113_v23,2017-05-23 13:09:55,7.966514,100.480057,45.0815,2014-07-16 18:01:50,2014-07-17 01:01:50,2230,113,0.203796,1,2529,0.845634,0.164673,0.905005,0.4,0.923433,0.75,0.0346924,0.0001,8.61416e-31,999999,1.867875e-01,3,Thailand Exclusive Economic Zone,,,SVDNB_npp_d20140716_t1757431_e1803235_b14079_c20140717000324408388_noaa_ops.h5,GDNBO_npp_d20140716_t1757431_e1803235_b14079_c20140717000324408134_noaa_ops.h5,SVI04_npp_d20140716_t1757431_e1803235_b14079_c20140717000324402868_noaa_ops.dspace_rad,VNFF_npp_d20140716_t1757431_e1803235_b14079_v21.csv,World_EEZ_v8_2014.shp,WPP_BFAR_merge.shp,KKP_IDN_merge_20161208.shp,VNF-VBD_npp_20120301-20151231_global_asia-enhanced_c201607211230.bitmask,NCEI_NGA.union.nga_lead2.add_2015ntl.mask,timezone.shp,VBD_platforms-recurring_2015_r20170330.shp,999999,VBD_bridges_c20160811.shp,22.302559;20.657581;17.812403;13.013085;8.184108;3.331987;-1.539063;0.598278;2.699680;7.587820;12.484635;17.389103,102.195274;116.899490;131.129013;129.599106;128.217987;126.965988;125.829720;112.252083;98.601341;99.606560;100.547348;101.419044,npp_d20140716_t1757431_e1803235_b14079,149.326,17.3881,68.4439,97.3117,49.3489,97.1974
73,VBD_npp_d20140716_t1801507_x1004883E_y079229N_l2236_s0115_v23,2017-05-23 13:09:55,7.922865,100.488251,16.1983,2014-07-16 18:01:50,2014-07-17 01:01:50,2236,115,0.144684,8,18913,0.423603,0.17849,0.843728,0.4,0.8024,0.75,0.0347025,0.0001,9.71549e-31,999999,7.939808e-02,3,Thailand Exclusive Economic Zone,,,SVDNB_npp_d20140716_t1757431_e1803235_b14079_c20140717000324408388_noaa_ops.h5,GDNBO_npp_d20140716_t1757431_e1803235_b14079_c20140717000324408134_noaa_ops.h5,SVI04_npp_d20140716_t1757431_e1803235_b14079_c20140717000324402868_noaa_ops.dspace_rad,VNFF_npp_d20140716_t1757431_e1803235_b14079_v21.csv,World_EEZ_v8_2014.shp,WPP_BFAR_merge.shp,KKP_IDN_merge_20161208.shp,VNF-VBD_npp_20120301-20151231_global_asia-enhanced_c201607211230.bitmask,NCEI_NGA.union.nga_lead2.add_2015ntl.mask,timezone.shp,VBD_platforms-recurring_2015_r20170330.shp,0.868187,VBD_bridges_c20160811.shp,22.302559;20.657581;17.812403;13.013085;8.184108;3.331987;-1.539063;0.598278;2.699680;7.587820;12.484635;17.389103,102.195274;116.899490;131.129013;129.599106;128.217987;126.965988;125.829720;112.252083;98.601341;99.606560;100.547348;101.419044,npp_d20140716_t1757431_e1803235_b14079,149.365,17.4243,68.4123,97.1315,49.3352,97.1612
77,VBD_npp_d20140716_t1801507_x1005088E_y079699N_l2229_s0117_v23,2017-05-23 13:09:55,7.969918,100.508820,15.2272,2014-07-16 18:01:50,2014-07-17 01:01:50,2229,117,0.190648,1,2529,0.404288,0.177227,0.898766,0.4,0.769787,0.75,0.0347178,0.0001,1.10355e-30,999999,8.921822e-02,3,Thailand Exclusive Economic Zone,,,SVDNB_npp_d20140716_t1757431_e1803235_b14079_c20140717000324408388_noaa_ops.h5,GDNBO_npp_d20140716_t1757431_e1803235_b14079_c20140717000324408134_noaa_ops.h5,SVI04_npp_d20140716_t1757431_e1803235_b14079_c20140717000324402868_noaa_ops.dspace_rad,VNFF_npp_d20140716_t1757431_e1803235_b14079_v21.csv,World_EEZ_v8_2014.shp,WPP_BFAR_merge.shp,KKP_IDN_merge_20161208.shp,VNF-VBD_npp_20120301-20151231_global_asia-enhanced_c201607211230.bitmask,NCEI_NGA.union.nga_lead2.add_2015ntl.mask,timezone.shp,VBD_platforms-recurring_2015_r20170330.shp,999999,VBD_bridges_c20160811.shp,22.302559;20.657581;17.812403;13.013085;8.184108;3.331987;-1.539063;0.598278;2.699680;7.587820;12.484635;17.389103,102.195274;116.899490;131.129013;129.599106;128.217987;126.965988;125.829720;112.252083;98.601341;99.606560;100.547348;101.419044,npp_d20140716_t1757431_e1803235_b14079,149.314,17.4362,68.3787,97.3459,49.3207,97.2075
78,VBD_npp_d20140716_t1801489_x1005244E_y079945N_l2224_s0118_v23,2017-05-23 13:09:55,7.994497,100.524406,42.4318,2014-07-16 18:01:48,2014-07-17 01:01:48,2224,118,0.216778,1,2529,0.795749,0.169861,0.910142,0.4,0.894332,0.75,0.0347261,0.0001,1.15296e-30,999999,1.464710e-01,3,Thailand Exclusive Economic Zone,,,SVDNB_npp_d20140716_t1757431_e1803235_b14079_c20140717000324408388_noaa_ops.h5,GDNBO_npp_d20140716_t1757431_e1803235_b14079_c20140717000324408134_noaa_ops.h5,SVI04_npp_d20140716_t1757431_e1803235_b14079_c20140717000324402868_noaa_ops.dspace_rad,VNFF_npp_d20140716_t1757431_e1803235_b14079_v21.csv,World_EEZ_v8_2014.shp,WPP_BFAR_merge.shp,KKP_IDN_merge_20161208.shp,VNF-VBD_npp_20120301-20151231_global_asia-enhanced_c201607211230.bitmask,NCEI_NGA.union.nga_lead2.add_2015ntl.mask,timezone.shp,VBD_platforms-recurring_2015_r20170330.shp,999999,VBD_bridges_c20160811.shp,22.302559;20.657581;17.812403;13.013085;8.184108;3.331987;-1.539063;0.598278;2.699680;7.587820;12.484635;17.389103,102.195274;116.899490;131.129013;129.599106;128.217987;126.965988;125.829720;112.252083;98.601341;99.606560;100.547348;101.419044,npp_d20140716_t1757431_e1803235_b14079,149.288,17.4379,68.3675,96.9894,49.3155,97.2312
79,VBD_npp_d20140716_t1801507_x1005119E_y079412N_l2233_s0118_v23,2017-05-23 13:09:55,7.941150,100.511948,14.1436,2014-07-16 18:01:50,2014-07-17 01:01:50,2233,118,0.16855,2,2465,0.370883,0.188898,0.883044,0.4,0.718302,0.75,0.0347224,0.0001,1.17114e-30,999999,-1.490943e-03,3,Thailand Exclusive Economic Zone,,,SVDNB_npp_d20140716_t1757431_e1803235_b14079_c20140717000324408388_noaa_ops.h5,GDNBO_npp_d20140716_t1757431_e1803235_b14079_c20140717000324408134_noaa_ops.h5,SVI04_npp_d20140716_t1757431_e1803235_b14079_c20140717000324402868_noaa_ops.dspace_rad,VNFF_npp_d20140716_t1757431_e1803235_b14079_v21.csv,World_EEZ_v8_2014.shp,WPP_BFAR_merge.shp,KKP_IDN_merge_20161208.shp,VNF-VBD_npp_20120301-20151231_global_asia-enhanced_c201607211230.bitmask,NCEI_NGA.union.nga_lead2.add_2015ntl.mask,timezone.shp,VBD_platforms-recurring_2015_r20170330.shp,999999,VBD_bridges_c20160811.shp,22.302559;20.657581;17.812403;13.013085;8.184108;3.331987;-1.539063;0.598278;2.699680;7.587820;12.484635;17.389103,102.195274;116.899490;131.129013;129.599106;128.217987;126.965988;125.829720;112.252083;98.601341;99.606560;100.547348;101.419044,npp_d20140716_t1757431_e1803235_b14079,149.341,17.4561,68.363,97.2254,49.314,97.1831
82,VBD_npp_d20140716_t1801507_x1005264E_y079960N_l2225_s0119_v23,2017-05-23 13:09:55,7.996003,100.526436,24.4252,2014-07-16 18:01:50,2014-07-17 01:01:50,2225,119,0.216778,1,2529,0.510167,0.167517,0.896586,0.4,0.808852,0.75,0.0347319,0.0001,1.24961e-30,999999,1.646889e-01,3,Thailand Exclusive Economic Zone,,,SVDNB_npp_d20140716_t1757431_e1803235_b14079_c20140717000324408388_noaa_ops.h5,GDNBO_npp_d20140716_t1757431_e1803235_b14079_c20140717000324408134_noaa_ops.h5,SVI04_npp_d20140716_t1757431_e1803235_b14079_c20140717000324402868_noaa_ops.dspace_rad,VNFF_npp_d20140716_t1757431_e1803235_b14079_v21.csv,World_EEZ_v8_2014.shp,WPP_BFAR_merge.shp,KKP_IDN_merge_20161208.shp,VNF-VBD_npp_20120301-20151231_global_asia-enhanced_c201607211230.bitmask,NCEI_NGA.union.nga_lead2.add_2015ntl.mask,timezone.shp,VBD_platforms-recurring_2015_r20170330.shp,999999,VBD_bridges_c20160811.shp,22.302559;20.657581;17.812403;13.013085;8.184108;3.331987;-1.539063;0.598278;2.699680;7.587820;12.484635;17.389103,102.195274;116.899490;131.129013;129.599106;128.217987;126.965988;125.829720;112.252083;98.601341;99.606560;100.547348;101.419044,npp_d20140716_t1757431_e1803235_b14079,149.284,17.4535,68.346,97.4693,49.3066,97.2347
85,VBD_npp_d20140716_t1801507_x1005346E_y079524N_l2231_s0121_v23,2017-05-23 13:09:55,7.952435,100.534592,13.8863,2014-07-16 18:01:50,2014-07-17 01:01:50,2231,121,0.180206,2,2465,0.374639,0.184731,0.848533,0.4,0.689805,0.75,0.034742,0.0001,1.40897e-30,999999,3.089786e-02,3,Thailand Exclusive Economic Zone,,,SVDNB_npp_d20140716_t1757431_e1803235_b14079_c20140717000324408388_noaa_ops.h5,GDNBO_npp_d20140716_t1757431_e1803235_b14079_c20140717000324408134_noaa_ops.h5,SVI04_npp_d20140716_t1757431_e1803235_b14079_c20140717000324402868_noaa_ops.dspace_rad,VNFF_npp_d20140716_t1757431_e1803235_b14079_v21.csv,World_EEZ_v8_2014.shp,WPP_BFAR_merge.shp,KKP_IDN_merge_20161208.shp,VNF-VBD_npp_20120301-20151231_global_asia-enhanced_c201607211230.bitmask,NCEI_NGA.union.nga_lead2.add_2015ntl.mask,timezone.shp,VBD_platforms-recurring_2015_r20170330.shp,999999,VBD_bridges_c20160811.shp,22.302559;20.657581;17.812403;13.013085;8.184108;3.331987;-1.539063;0.598278;2.699680;7.587820;12.484635;17.389103,102.195274;116.899490;131.129013;129.599106;128.217987;126.965988;125.829720;112.252083;98.601341;99.606560;100.547348;101.419044,npp_d20140716_t1757431_e1803235_b14079,149.323,17.4896,68.3141,97.289,49.2929,97.1986
89,VBD_npp_d20140716_t1801489_x1005531E_y079980N_l2223_s0122_v23,2017-05-23 13:09:55,7.998029,100.553062,27.2004,2014-07-16 18:01:48,2014-07-17 01:01:48,2223,122,0.218712,1,2529,0.671903,0.174879,0.896586,0.4,0.867393,0.75,0.0347515,0.0001,1.47438e-30,999999,1.074649e-01,3,Thailand Exclusive Economic Zone,,,SVDNB_npp_d20140716_t1757431_e1803235_b14079_c20140717000324408388_noaa_ops.h5,GDNBO_npp_d20140716_t1757431_e1803235_b14079_c20140717000324408134_noaa_ops.h5,SVI04_npp_d20140716_t1757431_e1803235_b14079_c20140717000324402868_noaa_ops.dspace_rad,VNFF_npp_d20140716_t1757431_e1803235_b14079_v21.csv,World_EEZ_v8_2014.shp,WPP_BFAR_merge.shp,KKP_IDN_merge_20161208.shp,VNF-VBD_npp_20120301-20151231_global_asia-enhanced_c201607211230.bitmask,NCEI_NGA.union.nga_lead2.add_2015ntl.mask,timezone.shp,VBD_platforms-recurring_2015_r20170330.shp,999999,VBD_bridges_c20160811.shp,22.302559;20.657581;17.812403;13.013085;8.184108;3.331987;-1.539063;0.598278;2.699680;7.587820;12.484635;17.389103,102.195274;116.899490;131.129013;129.599106;128.217987;126.965988;125.829720;112.252083;98.601341;99.606560;100.547348;101.419044,npp_d20140716_t1757431_e1803235_b14079,149.276,17.4856,68.3024,97.0235,49.2875,97.2415
90,VBD_npp_d20140716_t1801507_x1005339E_y078959N_l2239_s0122_v23,2017-05-23 13:09:55,7.895897,100.533859,25.8176,2014-07-16 18:01:50,2014-07-17 01:01:50,2239,122,0.122366,1,2529,0.623343,0.21921,0.780729,0.4,0.894288,0.75,0.0347449,0.0001,1.48971e-30,999999,-2.370871e-01,3,Thailand Exclusive Economic Zone,,,SVDNB_npp_d20140716_t1757431_e1803235_b14079_c20140717000324408388_noaa_ops.h5,GDNBO_npp_d20140716_t1757431_e1803235_b14079_c20140717000324408134_noaa_ops.h5,SVI04_npp_d20140716_t1757431_e1803235_b14079_c20140717000324402868_noaa_ops.dspace_rad,VNFF_npp_d20140716_t1757431_e1803235_b14079_v21.csv,World_EEZ_v8_2014.shp,WPP_BFAR_merge.shp,KKP_IDN_merge_20161208.shp,VNF-VBD_npp_20120301-20151231_global_asia-enhanced_c201607211230.bitmask,NCEI_NGA.union.nga_lead2.add_2015ntl.mask,timezone.shp,VBD_platforms-recurring_2015_r20170330.shp,999999,VBD_bridges_c20160811.shp,22.302559;20.657581;17.812403;13.013085;8.184108;3.331987;-1.539063;0.598278;2.699680;7.587820;12.484635;17.389103,102.195274;116.899490;131.129013;129.599106;128.217987;126.965988;125.829720;112.252083;98.601341;99.606560;100.547348;101.419044,npp_d20140716_t1757431_e1803235_b14079,149.377,17.517,68.2993,97.0469,49.2865,97.1488
93,VBD_npp_d20140716_t1803001_x0997029E_y039043N_l2864_s0123_v23,2017-05-23 13:09:55,3.904306,99.702927,37.9356,2014-07-16 18:03:00,2014-07-17 01:03:00,2864,123,0.33478,1,2529,0.82028,0.196849,0.822862,0.4,0.91155,0.75,0.0345427,0.0001,1.03394e-30,999999,-6.329044e-02,3,Indonesian Exclusive Economic Zone,WPP571,,SVDNB_npp_d20140716_t1757431_e1803235_b14079_c20140717000324408388_noaa_ops.h5,GDNBO_npp_d20140716_t1757431_e1803235_b14079_c20140717000324408134_noaa_ops.h5,SVI04_npp_d20140716_t1757431_e1803235_b14079_c20140717000324402868_noaa_ops.dspace_rad,VNFF_npp_d20140716_t1757431_e1803235_b14079_v21.csv,World_EEZ_v8_2014.shp,WPP_BFAR_merge.shp,KKP_IDN_merge_20161208.shp,VNF-VBD_npp_20120301-20151231_global_asia-enhanced_c201607211230.bitmask,NCEI_NGA.union.nga_lead2.add_2015ntl.mask,timezone.shp,VBD_platforms-recurring_2015_r20170330.shp,999999,VBD_bridges_c20160811.shp,22.302559;20.657581;17.812403;13.013085;8.184108;3.331987;-1.539063;0.598278;2.699680;7.587820;12.484635;17.389103,102.195274;116.899490;131.129013;129.599106;128.217987;126.965988;125.829720;112.252083;98.601341;99.606560;100.547348;101.419044,npp_d20140716_t1757431_e1803235_b14079,153.338,18.8015,68.2953,97.8877,49.4632,93.5394
94,VBD_npp_d20140716_t1803019_x0997050E_y039056N_l2865_s0124_v23,2017-05-23 13:09:55,3.905599,99.705048,27.2449,2014-07-16 18:03:01,2014-07-17 01:03:01,2865,124,0.33478,1,2529,0.658804,0.200557,0.822862,0.4,0.788909,0.75,0.0345481,0.0001,1.14887e-30,999999,-9.211163e-02,3,Indonesian Exclusive Economic Zone,WPP571,,SVDNB_npp_d20140716_t1757431_e1803235_b14079_c20140717000324408388_noaa_ops.h5,GDNBO_npp_d20140716_t1757431_e1803235_b14079_c20140717000324408134_noaa_ops.h5,SVI04_npp_d20140716_t1757431_e1803235_b14079_c20140717000324402868_noaa_ops.dspace_rad,VNFF_npp_d20140716_t1757431_e1803235_b14079_v21.csv,World_EEZ_v8_2014.shp,WPP_BFAR_merge.shp,KKP_IDN_merge_20161208.shp,VNF-VBD_npp_20120301-20151231_global_asia-enhanced_c201607211230.bitmask,NCEI_NGA.union.nga_lead2.add_2015ntl.mask,timezone.shp,VBD_platforms-recurring_2015_r20170330.shp,999999,VBD_bridges_c20160811.shp,22.302559;20.657581;17.812403;13.013085;8.184108;3.331987;-1.539063;0.598278;2.699680;7.587820;12.484635;17.389103,102.195274;116.899490;131.129013;129.599106;128.217987;126.965988;125.829720;112.252083;98.601341;99.606560;100.547348;101.419044,npp_d20140716_t1757431_e1803235_b14079,153.334,18.8192,68.2733,98.3677,49.454,93.5415
95,VBD_npp_d20140716_t1802548_x0997940E_y042923N_l2804_s0125_v23,2017-05-23 13:09:55,4.292321,99.793999,38.0266,2014-07-16 18:02:54,2014-07-17 01:02:54,2804,125,0.232026,1,2529,0.716762,0.18216,0.783878,0.4,0.895091,0.75,0.0346066,0.0001,1.2625e-30,999999,5.087653e-02,3,Malaysian Exclusive Economic Zone,WPP571,,SVDNB_npp_d20140716_t1757431_e1803235_b14079_c20140717000324408388_noaa_ops.h5,GDNBO_npp_d20140716_t1757431_e1803235_b14079_c20140717000324408134_noaa_ops.h5,SVI04_npp_d20140716_t1757431_e1803235_b14079_c20140717000324402868_noaa_ops.dspace_rad,VNFF_npp_d20140716_t1757431_e1803235_b14079_v21.csv,World_EEZ_v8_2014.shp,WPP_BFAR_merge.shp,KKP_IDN_merge_20161208.shp,VNF-VBD_npp_20120301-20151231_global_asia-enhanced_c201607211230.bitmask,NCEI_NGA.union.nga_lead2.add_2015ntl.mask,timezone.shp,VBD_platforms-recurring_2015_r20170330.shp,999999,VBD_bridges_c20160811.shp,22.302559;20.657581;17.812403;13.013085;8.184108;3.331987;-1.539063;0.598278;2.699680;7.587820;12.484635;17.389103,102.195274;116.899490;131.129013;129.599106;128.217987;126.965988;125.829720;112.252083;98.601341;99.606560;100.547348;101.419044,npp_d20140716_t1757431_e1803235_b14079,152.949,18.6886,68.264,98.1857,49.4186,93.889
96,VBD_npp_d20140716_t1803019_x0997145E_y038758N_l2869_s0126_v23,2017-05-23 13:09:55,3.875842,99.714516,17.0579,2014-07-16 18:03:01,2014-07-17 01:03:01,2869,126,0.341686,1,2529,0.553219,0.209366,0.822238,0.4,0.8774,0.75,0.0345571,0.0001,1.28289e-30,999999,-1.605744e-01,3,Indonesian Exclusive Economic Zone,WPP571,,SVDNB_npp_d20140716_t1757431_e1803235_b14079_c20140717000324408388_noaa_ops.h5,GDNBO_npp_d20140716_t1757431_e1803235_b14079_c20140717000324408134_noaa_ops.h5,SVI04_npp_d20140716_t1757431_e1803235_b14079_c20140717000324402868_noaa_ops.dspace_rad,VNFF_npp_d20140716_t1757431_e1803235_b14079_v21.csv,World_EEZ_v8_2014.shp,WPP_BFAR_merge.shp,KKP_IDN_merge_20161208.shp,VNF-VBD_npp_20120301-20151231_global_asia-enhanced_c201607211230.bitmask,NCEI_NGA.union.nga_lead2.add_2015ntl.mask,timezone.shp,VBD_platforms-recurring_2015_r20170330.shp,999999,VBD_bridges_c20160811.shp,22.302559;20.657581;17.812403;13.013085;8.184108;3.331987;-1.539063;0.598278;2.699680;7.587820;12.484635;17.389103,102.195274;116.899490;131.129013;129.599106;128.217987;126.965988;125.829720;112.252083;98.601341;99.606560;100.547348;101.419044,npp_d20140716_t1757431_e1803235_b14079,153.359,18.8568,68.2411,98.2473,49.4426,93.5166
98,VBD_npp_d20140716_t1801543_x1005326E_y077428N_l2263_s0127_v23,2017-05-23 13:09:55,7.742755,100.532608,19.7713,2014-07-16 18:01:54,2014-07-17 01:01:54,2263,127,0.218822,1,2529,0.50954,0.182696,0.838176,0.4,0.796264,0.75,0.0347663,0.0001,1.9873e-30,999999,4.671061e-02,3,Thailand Exclusive Economic Zone,,,SVDNB_npp_d20140716_t1757431_e1803235_b14079_c20140717000324408388_noaa_ops.h5,GDNBO_npp_d20140716_t1757431_e1803235_b14079_c20140717000324408134_noaa_ops.h5,SVI04_npp_d20140716_t1757431_e1803235_b14079_c20140717000324402868_noaa_ops.dspace_rad,VNFF_npp_d20140716_t1757431_e1803235_b14079_v21.csv,World_EEZ_v8_2014.shp,WPP_BFAR_merge.shp,KKP_IDN_merge_20161208.shp,VNF-VBD_npp_20120301-20151231_global_asia-enhanced_c201607211230.bitmask,NCEI_NGA.union.nga_lead2.add_2015ntl.mask,timezone.shp,VBD_platforms-recurring_2015_r20170330.shp,999999,VBD_bridges_c20160811.shp,22.302559;20.657581;17.812403;13.013085;8.184108;3.331987;-1.539063;0.598278;2.699680;7.587820;12.484635;17.389103,102.195274;116.899490;131.129013;129.599106;128.217987;126.965988;125.829720;112.252083;98.601341;99.606560;100.547348;101.419044,npp_d20140716_t1757431_e1803235_b14079,149.519,17.6189,68.2219,97.3378,49.2544,97.0174
99,VBD_npp_d20140716_t1801543_x1005249E_y076872N_l2271_s0127_v23,2017-05-23 13:09:55,7.687214,100.524918,20.3984,2014-07-16 18:01:54,2014-07-17 01:01:54,2271,127,0.214568,1,2529,0.58028,0.17822,0.8235,0.4,0.871434,0.75,0.0347631,0.0001,1.97478e-30,999999,8.149779e-02,3,Thailand Exclusive Economic Zone,,,SVDNB_npp_d20140716_t1757431_e1803235_b14079_c20140717000324408388_noaa_ops.h5,GDNBO_npp_d20140716_t1757431_e1803235_b14079_c20140717000324408134_noaa_ops.h5,SVI04_npp_d20140716_t1757431_e1803235_b14079_c20140717000324402868_noaa_ops.dspace_rad,VNFF_npp_d20140716_t1757431_e1803235_b14079_v21.csv,World_EEZ_v8_2014.shp,WPP_BFAR_merge.shp,KKP_IDN_merge_20161208.shp,VNF-VBD_npp_20120301-20151231_global_asia-enhanced_c201607211230.bitmask,NCEI_NGA.union.nga_lead2.add_2015ntl.mask,timezone.shp,VBD_platforms-recurring_2015_r20170330.shp,999999,VBD_bridges_c20160811.shp,22.302559;20.657581;17.812403;13.013085;8.184108;3.331987;-1.539063;0.598278;2.699680;7.587820;12.484635;17.389103,102.195274;116.899490;131.129013;129.599106;128.217987;126.965988;125.829720;112.252083;98.601341;99.606560;100.547348;101.419044,npp_d20140716_t1757431_e1803235_b14079,149.574,17.6341,68.2233,97.0946,49.2552,96.9668
100,VBD_npp_d20140716_t1802566_x0997876E_y042018N_l2818_s0127_v23,2017-05-23 13:09:55,4.201846,99.787567,6.1676,2014-07-16 18:02:56,2014-07-17 01:02:56,2818,127,0.330527,8,18593,0.208163,0.181525,0.520016,0.4,0.726327,0.75,0.0346071,0.0001,1.40968e-30,999999,5.581492e-02,3,Malaysian Exclusive Economic Zone,WPP571,,SVDNB_npp_d20140716_t1757431_e1803235_b14079_c20140717000324408388_noaa_ops.h5,GDNBO_npp_d20140716_t1757431_e1803235_b14079_c20140717000324408134_noaa_ops.h5,SVI04_npp_d20140716_t1757431_e1803235_b14079_c20140717000324402868_noaa_ops.dspace_rad,VNFF_npp_d20140716_t1757431_e1803235_b14079_v21.csv,World_EEZ_v8_2014.shp,WPP_BFAR_merge.shp,KKP_IDN_merge_20161208.shp,VNF-VBD_npp_20120301-20151231_global_asia-enhanced_c201607211230.bitmask,NCEI_NGA.union.nga_lead2.add_2015ntl.mask,timezone.shp,VBD_platforms-recurring_2015_r20170330.shp,0.522731,VBD_bridges_c20160811.shp,22.302559;20.657581;17.812403;13.013085;8.184108;3.331987;-1.539063;0.598278;2.699680;7.587820;12.484635;17.389103,102.195274;116.899490;131.129013;129.599106;128.217987;126.965988;125.829720;112.252083;98.601341;99.606560;100.547348;101.419044,npp_d20140716_t1757431_e1803235_b14079,153.034,18.7474,68.2318,98.2686,49.4117,93.8096
104,VBD_npp_d20140716_t1801543_x1005415E_y077063N_l2268_s0129_v23,2017-05-23 13:09:55,7.706305,100.541512,33.5558,2014-07-16 18:01:54,2014-07-17 01:01:54,2268,129,0.233462,1,2529,0.71583,0.19998,0.847921,0.4,0.918657,0.75,0.0347768,0.0001,2.23409e-30,999999,-8.762316e-02,3,Thailand Exclusive Economic Zone,,,SVDNB_npp_d20140716_t1757431_e1803235_b14079_c20140717000324408388_noaa_ops.h5,GDNBO_npp_d20140716_t1757431_e1803235_b14079_c20140717000324408134_noaa_ops.h5,SVI04_npp_d20140716_t1757431_e1803235_b14079_c20140717000324402868_noaa_ops.dspace_rad,VNFF_npp_d20140716_t1757431_e1803235_b14079_v21.csv,World_EEZ_v8_2014.shp,WPP_BFAR_merge.shp,KKP_IDN_merge_20161208.shp,VNF-VBD_npp_20120301-20151231_global_asia-enhanced_c201607211230.bitmask,NCEI_NGA.union.nga_lead2.add_2015ntl.mask,timezone.shp,VBD_platforms-recurring_2015_r20170330.shp,999999,VBD_bridges_c20160811.shp,22.302559;20.657581;17.812403;13.013085;8.184108;3.331987;-1.539063;0.598278;2.699680;7.587820;12.484635;17.389103,102.195274;116.899490;131.129013;129.599106;128.217987;126.965988;125.829720;112.252083;98.601341;99.606560;100.547348;101.419044,npp_d20140716_t1757431_e1803235_b14079,149.551,17.6531,68.1904,97.1876,49.2411,96.9876
105,VBD_npp_d20140716_t1801578_x1005115E_y075215N_l2297_s0130_v23,2017-05-23 13:09:55,7.521546,100.511482,21.1663,2014-07-16 18:01:57,2014-07-17 01:01:57,2297,130,0.262465,1,2529,0.543204,0.160308,0.860409,0.4,0.848758,0.75,0.0347698,0.0001,2.40186e-30,999999,2.207140e-01,3,Thailand Exclusive Economic Zone,,,SVDNB_npp_d20140716_t1757431_e1803235_b14079_c20140717000324408388_noaa_ops.h5,GDNBO_npp_d20140716_t1757431_e1803235_b14079_c20140717000324408134_noaa_ops.h5,SVI04_npp_d20140716_t1757431_e1803235_b14079_c20140717000324402868_noaa_ops.dspace_rad,VNFF_npp_d20140716_t1757431_e1803235_b14079_v21.csv,World_EEZ_v8_2014.shp,WPP_BFAR_merge.shp,KKP_IDN_merge_20161208.shp,VNF-VBD_npp_20120301-20151231_global_asia-enhanced_c201607211230.bitmask,NCEI_NGA.union.nga_lead2.add_2015ntl.mask,timezone.shp,VBD_platforms-recurring_2015_r20170330.shp,999999,VBD_bridges_c20160811.shp,22.302559;20.657581;17.812403;13.013085;8.184108;3.331987;-1.539063;0.598278;2.699680;7.587820;12.484635;17.389103,102.195274;116.899490;131.129013;129.599106;128.217987;126.965988;125.829720;112.252083;98.601341;99.606560;100.547348;101.419044,npp_d20140716_t1757431_e1803235_b14079,149.732,17.7224,68.1699,97.324,49.2342,96.8212
107,VBD_npp_d20140716_t1801561_x1005374E_y076228N_l2281_s0131_v23,2017-05-23 13:09:55,7.622829,100.537399,19.1773,2014-07-16 18:01:56,2014-07-17 01:01:56,2281,131,0.207773,8,18913,0.454034,0.191412,0.782959,0.4,0.754616,0.75,0.0347839,0.0001,2.52179e-30,999999,-2.102803e-02,3,Thailand Exclusive Economic Zone,,,SVDNB_npp_d20140716_t1757431_e1803235_b14079_c20140717000324408388_noaa_ops.h5,GDNBO_npp_d20140716_t1757431_e1803235_b14079_c20140717000324408134_noaa_ops.h5,SVI04_npp_d20140716_t1757431_e1803235_b14079_c20140717000324402868_noaa_ops.dspace_rad,VNFF_npp_d20140716_t1757431_e1803235_b14079_v21.csv,World_EEZ_v8_2014.shp,WPP_BFAR_merge.shp,KKP_IDN_merge_20161208.shp,VNF-VBD_npp_20120301-20151231_global_asia-enhanced_c201607211230.bitmask,NCEI_NGA.union.nga_lead2.add_2015ntl.mask,timezone.shp,VBD_platforms-recurring_2015_r20170330.shp,0.520086,VBD_bridges_c20160811.shp,22.302559;20.657581;17.812403;13.013085;8.184108;3.331987;-1.539063;0.598278;2.699680;7.587820;12.484635;17.389103,102.195274;116.899490;131.129013;129.599106;128.217987;126.965988;125.829720;112.252083;98.601341;99.606560;100.547348;101.419044,npp_d20140716_t1757431_e1803235_b14079,149.63,17.7021,68.1574,97.3014,49.2278,96.9148
109,VBD_npp_d20140716_t1801507_x1006073E_y079220N_l2234_s0132_v23,2017-05-23 13:09:55,7.921977,100.607285,15.3711,2014-07-16 18:01:50,2014-07-17 01:01:50,2234,132,0.156562,1,2529,0.404979,0.177862,0.866269,0.4,0.799844,0.75,0.0348094,0.0001,2.73762e-30,999999,8.427889e-02,3,Thailand Exclusive Economic Zone,,,SVDNB_npp_d20140716_t1757431_e1803235_b14079_c20140717000324408388_noaa_ops.h5,GDNBO_npp_d20140716_t1757431_e1803235_b14079_c20140717000324408134_noaa_ops.h5,SVI04_npp_d20140716_t1757431_e1803235_b14079_c20140717000324402868_noaa_ops.dspace_rad,VNFF_npp_d20140716_t1757431_e1803235_b14079_v21.csv,World_EEZ_v8_2014.shp,WPP_BFAR_merge.shp,KKP_IDN_merge_20161208.shp,VNF-VBD_npp_20120301-20151231_global_asia-enhanced_c201607211230.bitmask,NCEI_NGA.union.nga_lead2.add_2015ntl.mask,timezone.shp,VBD_platforms-recurring_2015_r20170330.shp,999999,VBD_bridges_c20160811.shp,22.302559;20.657581;17.812403;13.013085;8.184108;3.331987;-1.539063;0.598278;2.699680;7.587820;12.484635;17.389103,102.195274;116.899490;131.129013;129.599106;128.217987;126.965988;125.829720;112.252083;98.601341;99.606560;100.547348;101.419044,npp_d20140716_t1757431_e1803235_b14079,149.33,17.6308,68.1366,97.2082,49.2168,97.1899
110,VBD_npp_d20140716_t1801507_x1006025E_y078873N_l2239_s0132_v23,2017-05-23 13:09:55,7.887337,100.602501,18.4392,2014-07-16 18:01:50,2014-07-17 01:01:50,2239,132,0.146121,1,2529,0.520521,0.196438,0.840717,0.4,0.859941,0.75,0.0348073,0.0001,2.72799e-30,999999,-6.009550e-02,3,Thailand Exclusive Economic Zone,,,SVDNB_npp_d20140716_t1757431_e1803235_b14079_c20140717000324408388_noaa_ops.h5,GDNBO_npp_d20140716_t1757431_e1803235_b14079_c20140717000324408134_noaa_ops.h5,SVI04_npp_d20140716_t1757431_e1803235_b14079_c20140717000324402868_noaa_ops.dspace_rad,VNFF_npp_d20140716_t1757431_e1803235_b14079_v21.csv,World_EEZ_v8_2014.shp,WPP_BFAR_merge.shp,KKP_IDN_merge_20161208.shp,VNF-VBD_npp_20120301-20151231_global_asia-enhanced_c201607211230.bitmask,NCEI_NGA.union.nga_lead2.add_2015ntl.mask,timezone.shp,VBD_platforms-recurring_2015_r20170330.shp,999999,VBD_bridges_c20160811.shp,22.302559;20.657581;17.812403;13.013085;8.184108;3.331987;-1.539063;0.598278;2.699680;7.587820;12.484635;17.389103,102.195274;116.899490;131.129013;129.599106;128.217987;126.965988;125.829720;112.252083;98.601341;99.606560;100.547348;101.419044,npp_d20140716_t1757431_e1803235_b14079,149.365,17.6402,68.1376,97.056,49.2172,97.1582
113,VBD_npp_d20140716_t1801578_x1005367E_y075535N_l2292_s0133_v23,2017-05-23 13:09:55,7.553539,100.536682,16.3482,2014-07-16 18:01:57,2014-07-17 01:01:57,2292,133,0.238545,1,2529,0.391811,0.156921,0.892384,0.4,0.782864,0.75,0.034791,0.0001,2.88602e-30,999999,2.470409e-01,3,Thailand Exclusive Economic Zone,,,SVDNB_npp_d20140716_t1757431_e1803235_b14079_c20140717000324408388_noaa_ops.h5,GDNBO_npp_d20140716_t1757431_e1803235_b14079_c20140717000324408134_noaa_ops.h5,SVI04_npp_d20140716_t1757431_e1803235_b14079_c20140717000324402868_noaa_ops.dspace_rad,VNFF_npp_d20140716_t1757431_e1803235_b14079_v21.csv,World_EEZ_v8_2014.shp,WPP_BFAR_merge.shp,KKP_IDN_merge_20161208.shp,VNF-VBD_npp_20120301-20151231_global_asia-enhanced_c201607211230.bitmask,NCEI_NGA.union.nga_lead2.add_2015ntl.mask,timezone.shp,VBD_platforms-recurring_2015_r20170330.shp,999999,VBD_bridges_c20160811.shp,22.302559;20.657581;17.812403;13.013085;8.184108;3.331987;-1.539063;0.598278;2.699680;7.587820;12.484635;17.389103,102.195274;116.899490;131.129013;129.599106;128.217987;126.965988;125.829720;112.252083;98.601341;99.606560;100.547348;101.419044,npp_d20140716_t1757431_e1803235_b14079,149.694,17.7498,68.1209,97.4788,49.213,96.8553
114,VBD_npp_d20140716_t1801578_x1005339E_y075328N_l2295_s0133_v23,2017-05-23 13:09:55,7.532759,100.533852,15.7504,2014-07-16 18:01:57,2014-07-17 01:01:57,2295,133,0.289204,1,2529,0.409926,0.176151,0.896874,0.4,0.787301,0.75,0.0347895,0.0001,2.87993e-30,999999,9.758110e-02,3,Thailand Exclusive Economic Zone,,,SVDNB_npp_d20140716_t1757431_e1803235_b14079_c20140717000324408388_noaa_ops.h5,GDNBO_npp_d20140716_t1757431_e1803235_b14079_c20140717000324408134_noaa_ops.h5,SVI04_npp_d20140716_t1757431_e1803235_b14079_c20140717000324402868_noaa_ops.dspace_rad,VNFF_npp_d20140716_t1757431_e1803235_b14079_v21.csv,World_EEZ_v8_2014.shp,WPP_BFAR_merge.shp,KKP_IDN_merge_20161208.shp,VNF-VBD_npp_20120301-20151231_global_asia-enhanced_c201607211230.bitmask,NCEI_NGA.union.nga_lead2.add_2015ntl.mask,timezone.shp,VBD_platforms-recurring_2015_r20170330.shp,999999,VBD_bridges_c20160811.shp,22.302559;20.657581;17.812403;13.013085;8.184108;3.331987;-1.539063;0.598278;2.699680;7.587820;12.484635;17.389103,102.195274;116.899490;131.129013;129.599106;128.217987;126.965988;125.829720;112.252083;98.601341;99.606560;100.547348;101.419044,npp_d20140716_t1757431_e1803235_b14079,149.714,17.7556,68.1212,97.3875,49.2133,96.8363
115,VBD_npp_d20140716_t1801578_x1005300E_y075051N_l2299_s0133_v23,2017-05-23 13:09:55,7.505059,100.530006,32.1135,2014-07-16 18:01:57,2014-07-17 01:01:57,2299,133,0.282795,8,18913,0.713447,0.180387,0.879879,0.4,0.905944,0.75,0.0347876,0.0001,2.87026e-30,999999,6.465870e-02,3,Thailand Exclusive Economic Zone,,,SVDNB_npp_d20140716_t1757431_e1803235_b14079_c20140717000324408388_noaa_ops.h5,GDNBO_npp_d20140716_t1757431_e1803235_b14079_c20140717000324408134_noaa_ops.h5,SVI04_npp_d20140716_t1757431_e1803235_b14079_c20140717000324402868_noaa_ops.dspace_rad,VNFF_npp_d20140716_t1757431_e1803235_b14079_v21.csv,World_EEZ_v8_2014.shp,WPP_BFAR_merge.shp,KKP_IDN_merge_20161208.shp,VNF-VBD_npp_20120301-20151231_global_asia-enhanced_c201607211230.bitmask,NCEI_NGA.union.nga_lead2.add_2015ntl.mask,timezone.shp,VBD_platforms-recurring_2015_r20170330.shp,0.90504,VBD_bridges_c20160811.shp,22.302559;20.657581;17.812403;13.013085;8.184108;3.331987;-1.539063;0.598278;2.699680;7.587820;12.484635;17.389103,102.195274;116.899490;131.129013;129.599106;128.217987;126.965988;125.829720;112.252083;98.601341;99.606560;100.547348;101.419044,npp_d20140716_t1757431_e1803235_b14079,149.742,17.7634,68.1218,97.2658,49.2138,96.8111
116,VBD_npp_d20140716_t1803001_x0997773E_y039362N_l2858_s0133_v23,2017-05-23 13:09:55,3.936225,99.777313,26.9951,2014-07-16 18:03:00,2014-07-17 01:03:00,2858,133,0.32898,1,2529,0.749417,0.176421,0.836839,0.4,0.942856,0.75,0.0346102,0.0001,1.93893e-30,999999,9.548241e-02,3,Indonesian Exclusive Economic Zone,WPP571,,SVDNB_npp_d20140716_t1757431_e1803235_b14079_c20140717000324408388_noaa_ops.h5,GDNBO_npp_d20140716_t1757431_e1803235_b14079_c20140717000324408134_noaa_ops.h5,SVI04_npp_d20140716_t1757431_e1803235_b14079_c20140717000324402868_noaa_ops.dspace_rad,VNFF_npp_d20140716_t1757431_e1803235_b14079_v21.csv,World_EEZ_v8_2014.shp,WPP_BFAR_merge.shp,KKP_IDN_merge_20161208.shp,VNF-VBD_npp_20120301-20151231_global_asia-enhanced_c201607211230.bitmask,NCEI_NGA.union.nga_lead2.add_2015ntl.mask,timezone.shp,VBD_platforms-recurring_2015_r20170330.shp,999999,VBD_bridges_c20160811.shp,22.302559;20.657581;17.812403;13.013085;8.184108;3.331987;-1.539063;0.598278;2.699680;7.587820;12.484635;17.389103,102.195274;116.899490;131.129013;129.599106;128.217987;126.965988;125.829720;112.252083;98.601341;99.606560;100.547348;101.419044,npp_d20140716_t1757431_e1803235_b14079,153.284,18.9257,68.1323,98.0742,49.3904,93.5765
117,VBD_npp_d20140716_t1801561_x1005598E_y076340N_l2279_s0134_v23,2017-05-23 13:09:55,7.634046,100.559769,14.6434,2014-07-16 18:01:56,2014-07-17 01:01:56,2279,134,0.248212,1,2529,0.443515,0.206429,0.782959,0.4,0.802152,0.75,0.0348035,0.0001,3.02315e-30,999999,-1.377493e-01,3,Thailand Exclusive Economic Zone,,,SVDNB_npp_d20140716_t1757431_e1803235_b14079_c20140717000324408388_noaa_ops.h5,GDNBO_npp_d20140716_t1757431_e1803235_b14079_c20140717000324408134_noaa_ops.h5,SVI04_npp_d20140716_t1757431_e1803235_b14079_c20140717000324402868_noaa_ops.dspace_rad,VNFF_npp_d20140716_t1757431_e1803235_b14079_v21.csv,World_EEZ_v8_2014.shp,WPP_BFAR_merge.shp,KKP_IDN_merge_20161208.shp,VNF-VBD_npp_20120301-20151231_global_asia-enhanced_c201607211230.bitmask,NCEI_NGA.union.nga_lead2.add_2015ntl.mask,timezone.shp,VBD_platforms-recurring_2015_r20170330.shp,999999,VBD_bridges_c20160811.shp,22.302559;20.657581;17.812403;13.013085;8.184108;3.331987;-1.539063;0.598278;2.699680;7.587820;12.484635;17.389103,102.195274;116.899490;131.129013;129.599106;128.217987;126.965988;125.829720;112.252083;98.601341;99.606560;100.547348;101.419044,npp_d20140716_t1757431_e1803235_b14079,149.612,17.7352,68.1088,97.3649,49.2069,96.93
118,VBD_npp_d20140716_t1801561_x1005550E_y075994N_l2284_s0134_v23,2017-05-23 13:09:55,7.599432,100.554977,13.3388,2014-07-16 18:01:56,2014-07-17 01:01:56,2284,134,0.174627,7,2465,0.302896,0.173793,0.819868,0.4,0.70312,0.75,0.0348011,0.0001,3.01107e-30,999999,1.159111e-01,3,,,,SVDNB_npp_d20140716_t1757431_e1803235_b14079_c20140717000324408388_noaa_ops.h5,GDNBO_npp_d20140716_t1757431_e1803235_b14079_c20140717000324408134_noaa_ops.h5,SVI04_npp_d20140716_t1757431_e1803235_b14079_c20140717000324402868_noaa_ops.dspace_rad,VNFF_npp_d20140716_t1757431_e1803235_b14079_v21.csv,World_EEZ_v8_2014.shp,WPP_BFAR_merge.shp,KKP_IDN_merge_20161208.shp,VNF-VBD_npp_20120301-20151231_global_asia-enhanced_c201607211230.bitmask,NCEI_NGA.union.nga_lead2.add_2015ntl.mask,timezone.shp,VBD_platforms-recurring_2015_r20170330.shp,999999,VBD_bridges_c20160811.shp,22.302559;20.657581;17.812403;13.013085;8.184108;3.331987;-1.539063;0.598278;2.699680;7.587820;12.484635;17.389103,102.195274;116.899490;131.129013;129.599106;128.217987;126.965988;125.829720;112.252083;98.601341;99.606560;100.547348;101.419044,npp_d20140716_t1757431_e1803235_b14079,149.647,17.7449,68.1096,97.2128,49.2075,96.8984
119,VBD_npp_d20140716_t1801561_x1005511E_y075717N_l2288_s0134_v23,2017-05-23 13:09:55,7.571744,100.551094,10.3482,2014-07-16 18:01:56,2014-07-17 01:01:56,2288,134,0.253516,2,2209,0.215148,0.181616,0.860618,0.4,0.68041,0.75,0.0347992,0.0001,2.99941e-30,999999,5.510170e-02,3,Thailand Exclusive Economic Zone,,,SVDNB_npp_d20140716_t1757431_e1803235_b14079_c20140717000324408388_noaa_ops.h5,GDNBO_npp_d20140716_t1757431_e1803235_b14079_c20140717000324408134_noaa_ops.h5,SVI04_npp_d20140716_t1757431_e1803235_b14079_c20140717000324402868_noaa_ops.dspace_rad,VNFF_npp_d20140716_t1757431_e1803235_b14079_v21.csv,World_EEZ_v8_2014.shp,WPP_BFAR_merge.shp,KKP_IDN_merge_20161208.shp,VNF-VBD_npp_20120301-20151231_global_asia-enhanced_c201607211230.bitmask,NCEI_NGA.union.nga_lead2.add_2015ntl.mask,timezone.shp,VBD_platforms-recurring_2015_r20170330.shp,999999,VBD_bridges_c20160811.shp,22.302559;20.657581;17.812403;13.013085;8.184108;3.331987;-1.539063;0.598278;2.699680;7.587820;12.484635;17.389103,102.195274;116.899490;131.129013;129.599106;128.217987;126.965988;125.829720;112.252083;98.601341;99.606560;100.547348;101.419044,npp_d20140716_t1757431_e1803235_b14079,149.674,17.7525,68.1105,97.0911,49.208,96.8732
122,VBD_npp_d20140716_t1801507_x1006353E_y079747N_l2226_s0135_v23,2017-05-23 13:09:55,7.974750,100.635269,10.8795,2014-07-16 18:01:50,2014-07-17 01:01:50,2226,135,0.182803,1,2529,0.350036,0.219001,0.872748,0.4,0.766247,0.75,0.0348314,0.0001,3.28757e-30,999999,-2.354601e-01,3,Thailand Exclusive Economic Zone,,,SVDNB_npp_d20140716_t1757431_e1803235_b14079_c20140717000324408388_noaa_ops.h5,GDNBO_npp_d20140716_t1757431_e1803235_b14079_c20140717000324408134_noaa_ops.h5,SVI04_npp_d20140716_t1757431_e1803235_b14079_c20140717000324402868_noaa_ops.dspace_rad,VNFF_npp_d20140716_t1757431_e1803235_b14079_v21.csv,World_EEZ_v8_2014.shp,WPP_BFAR_merge.shp,KKP_IDN_merge_20161208.shp,VNF-VBD_npp_20120301-20151231_global_asia-enhanced_c201607211230.bitmask,NCEI_NGA.union.nga_lead2.add_2015ntl.mask,timezone.shp,VBD_platforms-recurring_2015_r20170330.shp,999999,VBD_bridges_c20160811.shp,22.302559;20.657581;17.812403;13.013085;8.184108;3.331987;-1.539063;0.598278;2.699680;7.587820;12.484635;17.389103,102.195274;116.899490;131.129013;129.599106;128.217987;126.965988;125.829720;112.252083;98.601341;99.606560;100.547348;101.419044,npp_d20140716_t1757431_e1803235_b14079,149.272,17.6522,68.0874,97.4544,49.1957,97.2432
123,VBD_npp_d20140716_t1801507_x1006325E_y079540N_l2229_s0135_v23,2017-05-23 13:09:55,7.953986,100.632454,30.1192,2014-07-16 18:01:50,2014-07-17 01:01:50,2229,135,0.160429,1,2529,0.68222,0.182179,0.865507,0.4,0.904632,0.75,0.0348302,0.0001,3.28392e-30,999999,5.072758e-02,3,Thailand Exclusive Economic Zone,,,SVDNB_npp_d20140716_t1757431_e1803235_b14079_c20140717000324408388_noaa_ops.h5,GDNBO_npp_d20140716_t1757431_e1803235_b14079_c20140717000324408134_noaa_ops.h5,SVI04_npp_d20140716_t1757431_e1803235_b14079_c20140717000324402868_noaa_ops.dspace_rad,VNFF_npp_d20140716_t1757431_e1803235_b14079_v21.csv,World_EEZ_v8_2014.shp,WPP_BFAR_merge.shp,KKP_IDN_merge_20161208.shp,VNF-VBD_npp_20120301-20151231_global_asia-enhanced_c201607211230.bitmask,NCEI_NGA.union.nga_lead2.add_2015ntl.mask,timezone.shp,VBD_platforms-recurring_2015_r20170330.shp,999999,VBD_bridges_c20160811.shp,22.302559;20.657581;17.812403;13.013085;8.184108;3.331987;-1.539063;0.598278;2.699680;7.587820;12.484635;17.389103,102.195274;116.899490;131.129013;129.599106;128.217987;126.965988;125.829720;112.252083;98.601341;99.606560;100.547348;101.419044,npp_d20140716_t1757431_e1803235_b14079,149.292,17.658,68.0876,97.3631,49.1959,97.2243
124,VBD_npp_d20140716_t1801578_x1005484E_y075379N_l2294_s0135_v23,2017-05-23 13:09:55,7.537913,100.548393,18.6392,2014-07-16 18:01:57,2014-07-17 01:01:57,2294,135,0.289811,1,2529,0.446982,0.173943,0.902155,0.4,0.825283,0.75,0.0348025,0.0001,3.2477e-30,999999,1.147448e-01,3,Thailand Exclusive Economic Zone,,,SVDNB_npp_d20140716_t1757431_e1803235_b14079_c20140717000324408388_noaa_ops.h5,GDNBO_npp_d20140716_t1757431_e1803235_b14079_c20140717000324408134_noaa_ops.h5,SVI04_npp_d20140716_t1757431_e1803235_b14079_c20140717000324402868_noaa_ops.dspace_rad,VNFF_npp_d20140716_t1757431_e1803235_b14079_v21.csv,World_EEZ_v8_2014.shp,WPP_BFAR_merge.shp,KKP_IDN_merge_20161208.shp,VNF-VBD_npp_20120301-20151231_global_asia-enhanced_c201607211230.bitmask,NCEI_NGA.union.nga_lead2.add_2015ntl.mask,timezone.shp,VBD_platforms-recurring_2015_r20170330.shp,999999,VBD_bridges_c20160811.shp,22.302559;20.657581;17.812403;13.013085;8.184108;3.331987;-1.539063;0.598278;2.699680;7.587820;12.484635;17.389103,102.195274;116.899490;131.129013;129.599106;128.217987;126.965988;125.829720;112.252083;98.601341;99.606560;100.547348;101.419044,npp_d20140716_t1757431_e1803235_b14079,149.705,17.7784,68.0889,97.4197,49.1994,96.8443
125,VBD_npp_d20140716_t1801578_x1005465E_y075241N_l2296_s0135_v23,2017-05-23 13:09:55,7.524074,100.546486,21.4161,2014-07-16 18:01:57,2014-07-17 01:01:57,2296,135,0.287491,1,2529,0.53697,0.162905,0.90927,0.4,0.848489,0.75,0.0348015,0.0001,3.2427e-30,999999,2.005325e-01,3,Thailand Exclusive Economic Zone,,,SVDNB_npp_d20140716_t1757431_e1803235_b14079_c20140717000324408388_noaa_ops.h5,GDNBO_npp_d20140716_t1757431_e1803235_b14079_c20140717000324408134_noaa_ops.h5,SVI04_npp_d20140716_t1757431_e1803235_b14079_c20140717000324402868_noaa_ops.dspace_rad,VNFF_npp_d20140716_t1757431_e1803235_b14079_v21.csv,World_EEZ_v8_2014.shp,WPP_BFAR_merge.shp,KKP_IDN_merge_20161208.shp,VNF-VBD_npp_20120301-20151231_global_asia-enhanced_c201607211230.bitmask,NCEI_NGA.union.nga_lead2.add_2015ntl.mask,timezone.shp,VBD_platforms-recurring_2015_r20170330.shp,999999,VBD_bridges_c20160811.shp,22.302559;20.657581;17.812403;13.013085;8.184108;3.331987;-1.539063;0.598278;2.699680;7.587820;12.484635;17.389103,102.195274;116.899490;131.129013;129.599106;128.217987;126.965988;125.829720;112.252083;98.601341;99.606560;100.547348;101.419044,npp_d20140716_t1757431_e1803235_b14079,149.719,17.7823,68.0891,97.3589,49.1997,96.8317
126,VBD_npp_d20140716_t1802459_x0999646E_y047303N_l2733_s0135_v23,2017-05-23 13:09:55,4.730259,99.964600,8.29665,2014-07-16 18:02:45,2014-07-17 01:02:45,2733,135,0.209873,8,18913,0.241899,0.213732,0.617351,0.4,0.756418,0.75,0.0347266,0.0001,2.49317e-30,999999,-1.945055e-01,3,Malaysian Exclusive Economic Zone,,,SVDNB_npp_d20140716_t1757431_e1803235_b14079_c20140717000324408388_noaa_ops.h5,GDNBO_npp_d20140716_t1757431_e1803235_b14079_c20140717000324408134_noaa_ops.h5,SVI04_npp_d20140716_t1757431_e1803235_b14079_c20140717000324402868_noaa_ops.dspace_rad,VNFF_npp_d20140716_t1757431_e1803235_b14079_v21.csv,World_EEZ_v8_2014.shp,WPP_BFAR_merge.shp,KKP_IDN_merge_20161208.shp,VNF-VBD_npp_20120301-20151231_global_asia-enhanced_c201607211230.bitmask,NCEI_NGA.union.nga_lead2.add_2015ntl.mask,timezone.shp,VBD_platforms-recurring_2015_r20170330.shp,0.259323,VBD_bridges_c20160811.shp,22.302559;20.657581;17.812403;13.013085;8.184108;3.331987;-1.539063;0.598278;2.699680;7.587820;12.484635;17.389103,102.195274;116.899490;131.129013;129.599106;128.217987;126.965988;125.829720;112.252083;98.601341;99.606560;100.547348;101.419044,npp_d20140716_t1757431_e1803235_b14079,152.491,18.6716,68.0973,97.8041,49.3147,94.2936
128,VBD_npp_d20140716_t1801507_x1006364E_y079324N_l2232_s0136_v23,2017-05-23 13:09:55,7.932354,100.636414,19.692,2014-07-16 18:01:50,2014-07-17 01:01:50,2232,136,0.16297,8,18913,0.479317,0.177617,0.876361,0.4,0.783128,0.75,0.0348352,0.0001,3.48042e-30,999999,8.618836e-02,3,Thailand Exclusive Economic Zone,,,SVDNB_npp_d20140716_t1757431_e1803235_b14079_c20140717000324408388_noaa_ops.h5,GDNBO_npp_d20140716_t1757431_e1803235_b14079_c20140717000324408134_noaa_ops.h5,SVI04_npp_d20140716_t1757431_e1803235_b14079_c20140717000324402868_noaa_ops.dspace_rad,VNFF_npp_d20140716_t1757431_e1803235_b14079_v21.csv,World_EEZ_v8_2014.shp,WPP_BFAR_merge.shp,KKP_IDN_merge_20161208.shp,VNF-VBD_npp_20120301-20151231_global_asia-enhanced_c201607211230.bitmask,NCEI_NGA.union.nga_lead2.add_2015ntl.mask,timezone.shp,VBD_platforms-recurring_2015_r20170330.shp,0.374153,VBD_bridges_c20160811.shp,22.302559;20.657581;17.812403;13.013085;8.184108;3.331987;-1.539063;0.598278;2.699680;7.587820;12.484635;17.389103,102.195274;116.899490;131.129013;129.599106;128.217987;126.965988;125.829720;112.252083;98.601341;99.606560;100.547348;101.419044,npp_d20140716_t1757431_e1803235_b14079,149.312,17.6759,68.0719,97.2727,49.1892,97.2062
129,VBD_npp_d20140716_t1801507_x1006297E_y078839N_l2239_s0136_v23,2017-05-23 13:09:55,7.883937,100.629738,12.719,2014-07-16 18:01:50,2014-07-17 01:01:50,2239,136,0.162694,1,2529,0.385415,0.194597,0.852493,0.4,0.795904,0.75,0.0348323,0.0001,3.46425e-30,999999,-4.578433e-02,3,Thailand Exclusive Economic Zone,,,SVDNB_npp_d20140716_t1757431_e1803235_b14079_c20140717000324408388_noaa_ops.h5,GDNBO_npp_d20140716_t1757431_e1803235_b14079_c20140717000324408134_noaa_ops.h5,SVI04_npp_d20140716_t1757431_e1803235_b14079_c20140717000324402868_noaa_ops.dspace_rad,VNFF_npp_d20140716_t1757431_e1803235_b14079_v21.csv,World_EEZ_v8_2014.shp,WPP_BFAR_merge.shp,KKP_IDN_merge_20161208.shp,VNF-VBD_npp_20120301-20151231_global_asia-enhanced_c201607211230.bitmask,NCEI_NGA.union.nga_lead2.add_2015ntl.mask,timezone.shp,VBD_platforms-recurring_2015_r20170330.shp,999999,VBD_bridges_c20160811.shp,22.302559;20.657581;17.812403;13.013085;8.184108;3.331987;-1.539063;0.598278;2.699680;7.587820;12.484635;17.389103,102.195274;116.899490;131.129013;129.599106;128.217987;126.965988;125.829720;112.252083;98.601341;99.606560;100.547348;101.419044,npp_d20140716_t1757431_e1803235_b14079,149.36,17.6891,68.0732,97.0597,49.1897,97.162
131,VBD_npp_d20140716_t1801489_x1006577E_y079991N_l2221_s0137_v23,2017-05-23 13:09:55,7.999092,100.657669,23.9715,2014-07-16 18:01:48,2014-07-17 01:01:48,2221,137,0.19004,1,2529,0.637126,0.18133,0.887565,0.4,0.883463,0.75,0.0348459,0.0001,3.64375e-30,999999,5.732559e-02,3,Thailand Exclusive Economic Zone,,,SVDNB_npp_d20140716_t1757431_e1803235_b14079_c20140717000324408388_noaa_ops.h5,GDNBO_npp_d20140716_t1757431_e1803235_b14079_c20140717000324408134_noaa_ops.h5,SVI04_npp_d20140716_t1757431_e1803235_b14079_c20140717000324402868_noaa_ops.dspace_rad,VNFF_npp_d20140716_t1757431_e1803235_b14079_v21.csv,World_EEZ_v8_2014.shp,WPP_BFAR_merge.shp,KKP_IDN_merge_20161208.shp,VNF-VBD_npp_20120301-20151231_global_asia-enhanced_c201607211230.bitmask,NCEI_NGA.union.nga_lead2.add_2015ntl.mask,timezone.shp,VBD_platforms-recurring_2015_r20170330.shp,999999,VBD_bridges_c20160811.shp,22.302559;20.657581;17.812403;13.013085;8.184108;3.331987;-1.539063;0.598278;2.699680;7.587820;12.484635;17.389103,102.195274;116.899490;131.129013;129.599106;128.217987;126.965988;125.829720;112.252083;98.601341;99.606560;100.547348;101.419044,npp_d20140716_t1757431_e1803235_b14079,149.244,17.6657,68.0597,97.0982,49.1837,97.2686
132,VBD_npp_d20140716_t1801507_x1006394E_y079038N_l2236_s0137_v23,2017-05-23 13:09:55,7.903830,100.639404,34.4052,2014-07-16 18:01:50,2014-07-17 01:01:50,2236,137,0.161037,1,2529,0.736423,0.188237,0.875383,0.4,0.906477,0.75,0.0348398,0.0001,3.6846e-30,999999,3.646970e-03,3,Thailand Exclusive Economic Zone,,,SVDNB_npp_d20140716_t1757431_e1803235_b14079_c20140717000324408388_noaa_ops.h5,GDNBO_npp_d20140716_t1757431_e1803235_b14079_c20140717000324408134_noaa_ops.h5,SVI04_npp_d20140716_t1757431_e1803235_b14079_c20140717000324402868_noaa_ops.dspace_rad,VNFF_npp_d20140716_t1757431_e1803235_b14079_v21.csv,World_EEZ_v8_2014.shp,WPP_BFAR_merge.shp,KKP_IDN_merge_20161208.shp,VNF-VBD_npp_20120301-20151231_global_asia-enhanced_c201607211230.bitmask,NCEI_NGA.union.nga_lead2.add_2015ntl.mask,timezone.shp,VBD_platforms-recurring_2015_r20170330.shp,999999,VBD_bridges_c20160811.shp,22.302559;20.657581;17.812403;13.013085;8.184108;3.331987;-1.539063;0.598278;2.699680;7.587820;12.484635;17.389103,102.195274;116.899490;131.129013;129.599106;128.217987;126.965988;125.829720;112.252083;98.601341;99.606560;100.547348;101.419044,npp_d20140716_t1757431_e1803235_b14079,149.338,17.6956,68.0564,97.1519,49.1826,97.1819
133,VBD_npp_d20140716_t1801561_x1005734E_y075830N_l2286_s0137_v23,2017-05-23 13:09:55,7.583008,100.573433,17.6636,2014-07-16 18:01:56,2014-07-17 01:01:56,2286,137,0.267437,1,2529,0.489029,0.220744,0.830923,0.4,0.850062,0.75,0.0348189,0.0001,3.59417e-30,999999,-2.490069e-01,3,Thailand Exclusive Economic Zone,,,SVDNB_npp_d20140716_t1757431_e1803235_b14079_c20140717000324408388_noaa_ops.h5,GDNBO_npp_d20140716_t1757431_e1803235_b14079_c20140717000324408134_noaa_ops.h5,SVI04_npp_d20140716_t1757431_e1803235_b14079_c20140717000324402868_noaa_ops.dspace_rad,VNFF_npp_d20140716_t1757431_e1803235_b14079_v21.csv,World_EEZ_v8_2014.shp,WPP_BFAR_merge.shp,KKP_IDN_merge_20161208.shp,VNF-VBD_npp_20120301-20151231_global_asia-enhanced_c201607211230.bitmask,NCEI_NGA.union.nga_lead2.add_2015ntl.mask,timezone.shp,VBD_platforms-recurring_2015_r20170330.shp,999999,VBD_bridges_c20160811.shp,22.302559;20.657581;17.812403;13.013085;8.184108;3.331987;-1.539063;0.598278;2.699680;7.587820;12.484635;17.389103,102.195274;116.899490;131.129013;129.599106;128.217987;126.965988;125.829720;112.252083;98.601341;99.606560;100.547348;101.419044,npp_d20140716_t1757431_e1803235_b14079,149.657,17.7856,68.0617,97.1546,49.1871,96.8884
134,VBD_npp_d20140716_t1801578_x1005639E_y075500N_l2292_s0137_v23,2017-05-23 13:09:55,7.549974,100.563866,46.7794,2014-07-16 18:01:57,2014-07-17 01:01:57,2292,137,0.297601,1,2529,0.824893,0.165027,0.902155,0.4,0.897673,0.75,0.034816,0.0001,3.66323e-30,999999,1.840371e-01,3,Thailand Exclusive Economic Zone,,,SVDNB_npp_d20140716_t1757431_e1803235_b14079_c20140717000324408388_noaa_ops.h5,GDNBO_npp_d20140716_t1757431_e1803235_b14079_c20140717000324408134_noaa_ops.h5,SVI04_npp_d20140716_t1757431_e1803235_b14079_c20140717000324402868_noaa_ops.dspace_rad,VNFF_npp_d20140716_t1757431_e1803235_b14079_v21.csv,World_EEZ_v8_2014.shp,WPP_BFAR_merge.shp,KKP_IDN_merge_20161208.shp,VNF-VBD_npp_20120301-20151231_global_asia-enhanced_c201607211230.bitmask,NCEI_NGA.union.nga_lead2.add_2015ntl.mask,timezone.shp,VBD_platforms-recurring_2015_r20170330.shp,999999,VBD_bridges_c20160811.shp,22.302559;20.657581;17.812403;13.013085;8.184108;3.331987;-1.539063;0.598278;2.699680;7.587820;12.484635;17.389103,102.195274;116.899490;131.129013;129.599106;128.217987;126.965988;125.829720;112.252083;98.601341;99.606560;100.547348;101.419044,npp_d20140716_t1757431_e1803235_b14079,149.689,17.7991,68.0565,97.4824,49.1855,96.8586
135,VBD_npp_d20140716_t1801578_x1005572E_y075016N_l2299_s0137_v23,2017-05-23 13:09:55,7.501576,100.557182,48.0865,2014-07-16 18:01:57,2014-07-17 01:01:57,2299,137,0.309478,1,2529,0.845745,0.178502,0.901937,0.4,0.905428,0.75,0.0348126,0.0001,3.64341e-30,999999,7.931128e-02,3,Thailand Exclusive Economic Zone,,,SVDNB_npp_d20140716_t1757431_e1803235_b14079_c20140717000324408388_noaa_ops.h5,GDNBO_npp_d20140716_t1757431_e1803235_b14079_c20140717000324408134_noaa_ops.h5,SVI04_npp_d20140716_t1757431_e1803235_b14079_c20140717000324402868_noaa_ops.dspace_rad,VNFF_npp_d20140716_t1757431_e1803235_b14079_v21.csv,World_EEZ_v8_2014.shp,WPP_BFAR_merge.shp,KKP_IDN_merge_20161208.shp,VNF-VBD_npp_20120301-20151231_global_asia-enhanced_c201607211230.bitmask,NCEI_NGA.union.nga_lead2.add_2015ntl.mask,timezone.shp,VBD_platforms-recurring_2015_r20170330.shp,999999,VBD_bridges_c20160811.shp,22.302559;20.657581;17.812403;13.013085;8.184108;3.331987;-1.539063;0.598278;2.699680;7.587820;12.484635;17.389103,102.195274;116.899490;131.129013;129.599106;128.217987;126.965988;125.829720;112.252083;98.601341;99.606560;100.547348;101.419044,npp_d20140716_t1757431_e1803235_b14079,149.737,17.8127,68.0574,97.2693,49.1863,96.8144
136,VBD_npp_d20140716_t1801507_x1006547E_y079652N_l2227_s0138_v23,2017-05-23 13:09:55,7.965184,100.654678,9.2216,2014-07-16 18:01:50,2014-07-17 01:01:50,2227,138,0.181753,7,18849,0.250813,0.191734,0.865507,0.4,0.660307,0.75,0.0348497,0.0001,3.92788e-30,999999,-2.353101e-02,3,,,,SVDNB_npp_d20140716_t1757431_e1803235_b14079_c20140717000324408388_noaa_ops.h5,GDNBO_npp_d20140716_t1757431_e1803235_b14079_c20140717000324408134_noaa_ops.h5,SVI04_npp_d20140716_t1757431_e1803235_b14079_c20140717000324402868_noaa_ops.dspace_rad,VNFF_npp_d20140716_t1757431_e1803235_b14079_v21.csv,World_EEZ_v8_2014.shp,WPP_BFAR_merge.shp,KKP_IDN_merge_20161208.shp,VNF-VBD_npp_20120301-20151231_global_asia-enhanced_c201607211230.bitmask,NCEI_NGA.union.nga_lead2.add_2015ntl.mask,timezone.shp,VBD_platforms-recurring_2015_r20170330.shp,0.746059,VBD_bridges_c20160811.shp,22.302559;20.657581;17.812403;13.013085;8.184108;3.331987;-1.539063;0.598278;2.699680;7.587820;12.484635;17.389103,102.195274;116.899490;131.129013;129.599106;128.217987;126.965988;125.829720;112.252083;98.601341;99.606560;100.547348;101.419044,npp_d20140716_t1757431_e1803235_b14079,149.275,17.6906,68.0392,97.4268,49.1752,97.2396
137,VBD_npp_d20140716_t1801578_x1005659E_y075145N_l2297_s0138_v23,2017-05-23 13:09:55,7.514529,100.565872,12.1003,2014-07-16 18:01:57,2014-07-17 01:01:57,2297,138,0.297656,7,2465,0.289915,0.177182,0.90927,0.4,0.696699,0.75,0.0348198,0.0001,3.87301e-30,999999,8.956428e-02,3,,,,SVDNB_npp_d20140716_t1757431_e1803235_b14079_c20140717000324408388_noaa_ops.h5,GDNBO_npp_d20140716_t1757431_e1803235_b14079_c20140717000324408134_noaa_ops.h5,SVI04_npp_d20140716_t1757431_e1803235_b14079_c20140717000324402868_noaa_ops.dspace_rad,VNFF_npp_d20140716_t1757431_e1803235_b14079_v21.csv,World_EEZ_v8_2014.shp,WPP_BFAR_merge.shp,KKP_IDN_merge_20161208.shp,VNF-VBD_npp_20120301-20151231_global_asia-enhanced_c201607211230.bitmask,NCEI_NGA.union.nga_lead2.add_2015ntl.mask,timezone.shp,VBD_platforms-recurring_2015_r20170330.shp,999999,VBD_bridges_c20160811.shp,22.302559;20.657581;17.812403;13.013085;8.184108;3.331987;-1.539063;0.598278;2.699680;7.587820;12.484635;17.389103,102.195274;116.899490;131.129013;129.599106;128.217987;126.965988;125.829720;112.252083;98.601341;99.606560;100.547348;101.419044,npp_d20140716_t1757431_e1803235_b14079,149.722,17.8211,68.041,97.3311,49.1792,96.8279
138,VBD_npp_d20140716_t1802459_x0999817E_y047067N_l2736_s0138_v23,2017-05-23 13:09:55,4.706746,99.981712,11.4368,2014-07-16 18:02:45,2014-07-17 01:02:45,2736,138,0.168771,8,18913,0.363575,0.182801,0.646552,0.4,0.763951,0.75,0.034743,0.0001,2.95776e-30,999999,4.589499e-02,3,Malaysian Exclusive Economic Zone,,,SVDNB_npp_d20140716_t1757431_e1803235_b14079_c20140717000324408388_noaa_ops.h5,GDNBO_npp_d20140716_t1757431_e1803235_b14079_c20140717000324408134_noaa_ops.h5,SVI04_npp_d20140716_t1757431_e1803235_b14079_c20140717000324402868_noaa_ops.dspace_rad,VNFF_npp_d20140716_t1757431_e1803235_b14079_v21.csv,World_EEZ_v8_2014.shp,WPP_BFAR_merge.shp,KKP_IDN_merge_20161208.shp,VNF-VBD_npp_20120301-20151231_global_asia-enhanced_c201607211230.bitmask,NCEI_NGA.union.nga_lead2.add_2015ntl.mask,timezone.shp,VBD_platforms-recurring_2015_r20170330.shp,0.338471,VBD_bridges_c20160811.shp,22.302559;20.657581;17.812403;13.013085;8.184108;3.331987;-1.539063;0.598278;2.699680;7.587820;12.484635;17.389103,102.195274;116.899490;131.129013;129.599106;128.217987;126.965988;125.829720;112.252083;98.601341;99.606560;100.547348;101.419044,npp_d20140716_t1757431_e1803235_b14079,152.508,18.7185,68.0496,97.7145,49.2957,94.2754
141,VBD_npp_d20140716_t1801578_x1005755E_y075344N_l2294_s0139_v23,2017-05-23 13:09:55,7.534380,100.575508,44.731,2014-07-16 18:01:57,2014-07-17 01:01:57,2294,139,0.302241,1,2529,0.816429,0.165783,0.900753,0.4,0.926921,0.75,0.0348275,0.0001,4.11913e-30,999999,1.781596e-01,3,Thailand Exclusive Economic Zone,,,SVDNB_npp_d20140716_t1757431_e1803235_b14079_c20140717000324408388_noaa_ops.h5,GDNBO_npp_d20140716_t1757431_e1803235_b14079_c20140717000324408134_noaa_ops.h5,SVI04_npp_d20140716_t1757431_e1803235_b14079_c20140717000324402868_noaa_ops.dspace_rad,VNFF_npp_d20140716_t1757431_e1803235_b14079_v21.csv,World_EEZ_v8_2014.shp,WPP_BFAR_merge.shp,KKP_IDN_merge_20161208.shp,VNF-VBD_npp_20120301-20151231_global_asia-enhanced_c201607211230.bitmask,NCEI_NGA.union.nga_lead2.add_2015ntl.mask,timezone.shp,VBD_platforms-recurring_2015_r20170330.shp,999999,VBD_bridges_c20160811.shp,22.302559;20.657581;17.812403;13.013085;8.184108;3.331987;-1.539063;0.598278;2.699680;7.587820;12.484635;17.389103,102.195274;116.899490;131.129013;129.599106;128.217987;126.965988;125.829720;112.252083;98.601341;99.606560;100.547348;101.419044,npp_d20140716_t1757431_e1803235_b14079,149.7,17.8276,68.0245,97.4233,49.172,96.8476
142,VBD_npp_d20140716_t1802477_x0999801E_y047078N_l2737_s0139_v23,2017-05-23 13:09:55,4.707772,99.980080,12.3486,2014-07-16 18:02:47,2014-07-17 01:02:47,2737,139,0.173025,8,18913,0.371153,0.183269,0.651109,0.4,0.763776,0.75,0.0347484,0.0001,3.16287e-30,999999,4.225771e-02,3,Malaysian Exclusive Economic Zone,,,SVDNB_npp_d20140716_t1757431_e1803235_b14079_c20140717000324408388_noaa_ops.h5,GDNBO_npp_d20140716_t1757431_e1803235_b14079_c20140717000324408134_noaa_ops.h5,SVI04_npp_d20140716_t1757431_e1803235_b14079_c20140717000324402868_noaa_ops.dspace_rad,VNFF_npp_d20140716_t1757431_e1803235_b14079_v21.csv,World_EEZ_v8_2014.shp,WPP_BFAR_merge.shp,KKP_IDN_merge_20161208.shp,VNF-VBD_npp_20120301-20151231_global_asia-enhanced_c201607211230.bitmask,NCEI_NGA.union.nga_lead2.add_2015ntl.mask,timezone.shp,VBD_platforms-recurring_2015_r20170330.shp,0.539212,VBD_bridges_c20160811.shp,22.302559;20.657581;17.812403;13.013085;8.184108;3.331987;-1.539063;0.598278;2.699680;7.587820;12.484635;17.389103,102.195274;116.899490;131.129013;129.599106;128.217987;126.965988;125.829720;112.252083;98.601341;99.606560;100.547348;101.419044,npp_d20140716_t1757431_e1803235_b14079,152.505,18.7289,68.0362,98.1946,49.2902,94.277
144,VBD_npp_d20140716_t1801578_x1005756E_y074852N_l2301_s0140_v23,2017-05-23 13:09:55,7.485162,100.575562,8.71488,2014-07-16 18:01:57,2014-07-17 01:01:57,2301,140,0.297214,7,2465,0.281267,0.146716,0.907322,0.4,0.730712,0.75,0.0348303,0.0001,4.34439e-30,999999,3.263528e-01,3,,,,SVDNB_npp_d20140716_t1757431_e1803235_b14079_c20140717000324408388_noaa_ops.h5,GDNBO_npp_d20140716_t1757431_e1803235_b14079_c20140717000324408134_noaa_ops.h5,SVI04_npp_d20140716_t1757431_e1803235_b14079_c20140717000324402868_noaa_ops.dspace_rad,VNFF_npp_d20140716_t1757431_e1803235_b14079_v21.csv,World_EEZ_v8_2014.shp,WPP_BFAR_merge.shp,KKP_IDN_merge_20161208.shp,VNF-VBD_npp_20120301-20151231_global_asia-enhanced_c201607211230.bitmask,NCEI_NGA.union.nga_lead2.add_2015ntl.mask,timezone.shp,VBD_platforms-recurring_2015_r20170330.shp,999999,VBD_bridges_c20160811.shp,22.302559;20.657581;17.812403;13.013085;8.184108;3.331987;-1.539063;0.598278;2.699680;7.587820;12.484635;17.389103,102.195274;116.899490;131.129013;129.599106;128.217987;126.965988;125.829720;112.252083;98.601341;99.606560;100.547348;101.419044,npp_d20140716_t1757431_e1803235_b14079,149.747,17.8535,68.0095,97.211,49.1661,96.8043
145,VBD_npp_d20140716_t1801596_x1005618E_y074590N_l2306_s0140_v23,2017-05-23 13:09:55,7.459033,100.561760,71.2137,2014-07-16 18:01:59,2014-07-17 01:01:59,2306,140,0.302131,1,2529,1.03708,0.179586,0.900789,0.4,0.941392,0.75,0.0348279,0.0001,4.2388e-30,999999,7.088117e-02,3,Thailand Exclusive Economic Zone,,,SVDNB_npp_d20140716_t1757431_e1803235_b14079_c20140717000324408388_noaa_ops.h5,GDNBO_npp_d20140716_t1757431_e1803235_b14079_c20140717000324408134_noaa_ops.h5,SVI04_npp_d20140716_t1757431_e1803235_b14079_c20140717000324402868_noaa_ops.dspace_rad,VNFF_npp_d20140716_t1757431_e1803235_b14079_v21.csv,World_EEZ_v8_2014.shp,WPP_BFAR_merge.shp,KKP_IDN_merge_20161208.shp,VNF-VBD_npp_20120301-20151231_global_asia-enhanced_c201607211230.bitmask,NCEI_NGA.union.nga_lead2.add_2015ntl.mask,timezone.shp,VBD_platforms-recurring_2015_r20170330.shp,999999,VBD_bridges_c20160811.shp,22.302559;20.657581;17.812403;13.013085;8.184108;3.331987;-1.539063;0.598278;2.699680;7.587820;12.484635;17.389103,102.195274;116.899490;131.129013;129.599106;128.217987;126.965988;125.829720;112.252083;98.601341;99.606560;100.547348;101.419044,npp_d20140716_t1757431_e1803235_b14079,149.774,17.8561,68.0165,97.5661,49.1695,96.7796
147,VBD_npp_d20140716_t1801507_x1006655E_y078935N_l2237_s0141_v23,2017-05-23 13:09:55,7.893512,100.665520,29.1355,2014-07-16 18:01:50,2014-07-17 01:01:50,2237,141,0.174295,8,18913,0.67738,0.182298,0.859241,0.4,0.875453,0.75,0.0348643,0.0001,4.665e-30,999999,4.980611e-02,3,Thailand Exclusive Economic Zone,,,SVDNB_npp_d20140716_t1757431_e1803235_b14079_c20140717000324408388_noaa_ops.h5,GDNBO_npp_d20140716_t1757431_e1803235_b14079_c20140717000324408134_noaa_ops.h5,SVI04_npp_d20140716_t1757431_e1803235_b14079_c20140717000324402868_noaa_ops.dspace_rad,VNFF_npp_d20140716_t1757431_e1803235_b14079_v21.csv,World_EEZ_v8_2014.shp,WPP_BFAR_merge.shp,KKP_IDN_merge_20161208.shp,VNF-VBD_npp_20120301-20151231_global_asia-enhanced_c201607211230.bitmask,NCEI_NGA.union.nga_lead2.add_2015ntl.mask,timezone.shp,VBD_platforms-recurring_2015_r20170330.shp,0.390825,VBD_bridges_c20160811.shp,22.302559;20.657581;17.812403;13.013085;8.184108;3.331987;-1.539063;0.598278;2.699680;7.587820;12.484635;17.389103,102.195274;116.899490;131.129013;129.599106;128.217987;126.965988;125.829720;112.252083;98.601341;99.606560;100.547348;101.419044,npp_d20140716_t1757431_e1803235_b14079,149.34,17.7461,67.9924,97.1251,49.1554,97.1792
148,VBD_npp_d20140716_t1803037_x0997870E_y037385N_l2888_s0141_v23,2017-05-23 13:09:55,3.738545,99.787003,11.8025,2014-07-16 18:03:03,2014-07-17 01:03:03,2888,141,0.354724,1,2529,0.415878,0.149023,0.730617,0.4,0.805235,0.75,0.034633,0.0001,2.98724e-30,999999,3.084227e-01,3,Indonesian Exclusive Economic Zone,WPP571,,SVDNB_npp_d20140716_t1757431_e1803235_b14079_c20140717000324408388_noaa_ops.h5,GDNBO_npp_d20140716_t1757431_e1803235_b14079_c20140717000324408134_noaa_ops.h5,SVI04_npp_d20140716_t1757431_e1803235_b14079_c20140717000324402868_noaa_ops.dspace_rad,VNFF_npp_d20140716_t1757431_e1803235_b14079_v21.csv,World_EEZ_v8_2014.shp,WPP_BFAR_merge.shp,KKP_IDN_merge_20161208.shp,VNF-VBD_npp_20120301-20151231_global_asia-enhanced_c201607211230.bitmask,NCEI_NGA.union.nga_lead2.add_2015ntl.mask,timezone.shp,VBD_platforms-recurring_2015_r20170330.shp,999999,VBD_bridges_c20160811.shp,22.302559;20.657581;17.812403;13.013085;8.184108;3.331987;-1.539063;0.598278;2.699680;7.587820;12.484635;17.389103,102.195274;116.899490;131.129013;129.599106;128.217987;126.965988;125.829720;112.252083;98.601341;99.606560;100.547348;101.419044,npp_d20140716_t1757431_e1803235_b14079,153.463,19.1019,68.008,98.1842,49.354,93.4054
152,VBD_npp_d20140716_t1801578_x1005958E_y075317N_l2294_s0142_v23,2017-05-23 13:09:55,7.531739,100.595764,31.7741,2014-07-16 18:01:57,2014-07-17 01:01:57,2294,142,0.301468,1,2529,0.687295,0.161557,0.900753,0.4,0.900574,0.75,0.0348462,0.0001,4.91772e-30,999999,2.110094e-01,3,Thailand Exclusive Economic Zone,,,SVDNB_npp_d20140716_t1757431_e1803235_b14079_c20140717000324408388_noaa_ops.h5,GDNBO_npp_d20140716_t1757431_e1803235_b14079_c20140717000324408134_noaa_ops.h5,SVI04_npp_d20140716_t1757431_e1803235_b14079_c20140717000324402868_noaa_ops.dspace_rad,VNFF_npp_d20140716_t1757431_e1803235_b14079_v21.csv,World_EEZ_v8_2014.shp,WPP_BFAR_merge.shp,KKP_IDN_merge_20161208.shp,VNF-VBD_npp_20120301-20151231_global_asia-enhanced_c201607211230.bitmask,NCEI_NGA.union.nga_lead2.add_2015ntl.mask,timezone.shp,VBD_platforms-recurring_2015_r20170330.shp,999999,VBD_bridges_c20160811.shp,22.302559;20.657581;17.812403;13.013085;8.184108;3.331987;-1.539063;0.598278;2.699680;7.587820;12.484635;17.389103,102.195274;116.899490;131.129013;129.599106;128.217987;126.965988;125.829720;112.252083;98.601341;99.606560;100.547348;101.419044,npp_d20140716_t1757431_e1803235_b14079,149.697,17.8643,67.9763,97.4259,49.1515,96.8501
153,VBD_npp_d20140716_t1801578_x1005862E_y074627N_l2304_s0142_v23,2017-05-23 13:09:55,7.462746,100.586151,59.7947,2014-07-16 18:01:57,2014-07-17 01:01:57,2304,142,0.30992,1,35297,0.981011,0.16551,0.900789,0.4,0.95212,0.75,0.0348413,0.0001,4.87363e-30,999999,1.802879e-01,3,Thailand Exclusive Economic Zone,,,SVDNB_npp_d20140716_t1757431_e1803235_b14079_c20140717000324408388_noaa_ops.h5,GDNBO_npp_d20140716_t1757431_e1803235_b14079_c20140717000324408134_noaa_ops.h5,SVI04_npp_d20140716_t1757431_e1803235_b14079_c20140717000324402868_noaa_ops.dspace_rad,VNFF_npp_d20140716_t1757431_e1803235_b14079_v21.csv,World_EEZ_v8_2014.shp,WPP_BFAR_merge.shp,KKP_IDN_merge_20161208.shp,VNF-VBD_npp_20120301-20151231_global_asia-enhanced_c201607211230.bitmask,NCEI_NGA.union.nga_lead2.add_2015ntl.mask,timezone.shp,VBD_platforms-recurring_2015_r20170330.shp,999999,VBD_bridges_c20160811.shp,22.302559;20.657581;17.812403;13.013085;8.184108;3.331987;-1.539063;0.598278;2.699680;7.587820;12.484635;17.389103,102.195274;116.899490;131.129013;129.599106;128.217987;126.965988;125.829720;112.252083;98.601341;99.606560;100.547348;101.419044,npp_d20140716_t1757431_e1803235_b14079,149.765,17.8838,67.9781,97.1213,49.1528,96.787
155,VBD_npp_d20140716_t1801578_x1005977E_y074964N_l2299_s0143_v23,2017-05-23 13:09:55,7.496375,100.597725,21.3478,2014-07-16 18:01:57,2014-07-17 01:01:57,2299,143,0.300529,1,2529,0.532489,0.199605,0.899459,0.4,0.82612,0.75,0.03485,0.0001,5.19487e-30,999999,-8.470899e-02,3,Thailand Exclusive Economic Zone,,,SVDNB_npp_d20140716_t1757431_e1803235_b14079_c20140717000324408388_noaa_ops.h5,GDNBO_npp_d20140716_t1757431_e1803235_b14079_c20140717000324408134_noaa_ops.h5,SVI04_npp_d20140716_t1757431_e1803235_b14079_c20140717000324402868_noaa_ops.dspace_rad,VNFF_npp_d20140716_t1757431_e1803235_b14079_v21.csv,World_EEZ_v8_2014.shp,WPP_BFAR_merge.shp,KKP_IDN_merge_20161208.shp,VNF-VBD_npp_20120301-20151231_global_asia-enhanced_c201607211230.bitmask,NCEI_NGA.union.nga_lead2.add_2015ntl.mask,timezone.shp,VBD_platforms-recurring_2015_r20170330.shp,999999,VBD_bridges_c20160811.shp,22.302559;20.657581;17.812403;13.013085;8.184108;3.331987;-1.539063;0.598278;2.699680;7.587820;12.484635;17.389103,102.195274;116.899490;131.129013;129.599106;128.217987;126.965988;125.829720;112.252083;98.601341;99.606560;100.547348;101.419044,npp_d20140716_t1757431_e1803235_b14079,149.73,17.8863,67.961,97.2745,49.1453,96.8194
156,VBD_npp_d20140716_t1801596_x1005792E_y074357N_l2309_s0143_v23,2017-05-23 13:09:55,7.435654,100.579155,27.9489,2014-07-16 18:01:59,2014-07-17 01:01:59,2309,143,0.254289,1,35297,0.672122,0.169329,0.878582,0.4,0.894368,0.75,0.0348451,0.0001,5.04908e-30,999999,1.505997e-01,3,Thailand Exclusive Economic Zone,,,SVDNB_npp_d20140716_t1757431_e1803235_b14079_c20140717000324408388_noaa_ops.h5,GDNBO_npp_d20140716_t1757431_e1803235_b14079_c20140717000324408134_noaa_ops.h5,SVI04_npp_d20140716_t1757431_e1803235_b14079_c20140717000324402868_noaa_ops.dspace_rad,VNFF_npp_d20140716_t1757431_e1803235_b14079_v21.csv,World_EEZ_v8_2014.shp,WPP_BFAR_merge.shp,KKP_IDN_merge_20161208.shp,VNF-VBD_npp_20120301-20151231_global_asia-enhanced_c201607211230.bitmask,NCEI_NGA.union.nga_lead2.add_2015ntl.mask,timezone.shp,VBD_platforms-recurring_2015_r20170330.shp,999999,VBD_bridges_c20160811.shp,22.302559;20.657581;17.812403;13.013085;8.184108;3.331987;-1.539063;0.598278;2.699680;7.587820;12.484635;17.389103,102.195274;116.899490;131.129013;129.599106;128.217987;126.965988;125.829720;112.252083;98.601341;99.606560;100.547348;101.419044,npp_d20140716_t1757431_e1803235_b14079,149.791,17.8988,67.9685,97.4774,49.1494,96.763
157,VBD_npp_d20140716_t1803055_x0997763E_y036140N_l2907_s0143_v23,2017-05-23 13:09:55,3.613979,99.776253,19.976,2014-07-16 18:03:05,2014-07-17 01:03:05,2907,143,0.301357,8,18913,0.547582,0.218774,0.755517,0.4,0.84208,0.75,0.0346271,0.0001,3.30458e-30,999999,-2.336932e-01,3,Indonesian Exclusive Economic Zone,WPP571,,SVDNB_npp_d20140716_t1757431_e1803235_b14079_c20140717000324408388_noaa_ops.h5,GDNBO_npp_d20140716_t1757431_e1803235_b14079_c20140717000324408134_noaa_ops.h5,SVI04_npp_d20140716_t1757431_e1803235_b14079_c20140717000324402868_noaa_ops.dspace_rad,VNFF_npp_d20140716_t1757431_e1803235_b14079_v21.csv,World_EEZ_v8_2014.shp,WPP_BFAR_merge.shp,KKP_IDN_merge_20161208.shp,VNF-VBD_npp_20120301-20151231_global_asia-enhanced_c201607211230.bitmask,NCEI_NGA.union.nga_lead2.add_2015ntl.mask,timezone.shp,VBD_platforms-recurring_2015_r20170330.shp,0.36283,VBD_bridges_c20160811.shp,22.302559;20.657581;17.812403;13.013085;8.184108;3.331987;-1.539063;0.598278;2.699680;7.587820;12.484635;17.389103,102.195274;116.899490;131.129013;129.599106;128.217987;126.965988;125.829720;112.252083;98.601341;99.606560;100.547348;101.419044,npp_d20140716_t1757431_e1803235_b14079,153.582,19.1774,67.9736,98.1178,49.3503,93.2952
158,VBD_npp_d20140716_t1803072_x0997581E_y035392N_l2919_s0143_v23,2017-05-23 13:09:55,3.539154,99.758064,31.6208,2014-07-16 18:03:07,2014-07-17 01:03:07,2919,143,0.133193,1,2529,0.690439,0.210486,0.749523,0.4,0.90154,0.75,0.0346155,0.0001,3.2829e-30,999999,-1.692775e-01,3,Indonesian Exclusive Economic Zone,WPP571,,SVDNB_npp_d20140716_t1757431_e1803235_b14079_c20140717000324408388_noaa_ops.h5,GDNBO_npp_d20140716_t1757431_e1803235_b14079_c20140717000324408134_noaa_ops.h5,SVI04_npp_d20140716_t1757431_e1803235_b14079_c20140717000324402868_noaa_ops.dspace_rad,VNFF_npp_d20140716_t1757431_e1803235_b14079_v21.csv,World_EEZ_v8_2014.shp,WPP_BFAR_merge.shp,KKP_IDN_merge_20161208.shp,VNF-VBD_npp_20120301-20151231_global_asia-enhanced_c201607211230.bitmask,NCEI_NGA.union.nga_lead2.add_2015ntl.mask,timezone.shp,VBD_platforms-recurring_2015_r20170330.shp,999999,VBD_bridges_c20160811.shp,22.302559;20.657581;17.812403;13.013085;8.184108;3.331987;-1.539063;0.598278;2.699680;7.587820;12.484635;17.389103,102.195274;116.899490;131.129013;129.599106;128.217987;126.965988;125.829720;112.252083;98.601341;99.606560;100.547348;101.419044,npp_d20140716_t1757431_e1803235_b14079,153.656,19.2058,67.9733,98.2607,49.3571,93.228
159,VBD_npp_d20140716_t1801561_x1006198E_y075701N_l2287_s0144_v23,2017-05-23 13:09:55,7.570123,100.619797,12.0941,2014-07-16 18:01:56,2014-07-17 01:01:56,2287,144,0.273017,7,18849,0.357087,0.173053,0.868709,0.4,0.573393,0.75,0.0348621,0.0001,5.43026e-30,999999,1.216596e-01,3,,,,SVDNB_npp_d20140716_t1757431_e1803235_b14079_c20140717000324408388_noaa_ops.h5,GDNBO_npp_d20140716_t1757431_e1803235_b14079_c20140717000324408134_noaa_ops.h5,SVI04_npp_d20140716_t1757431_e1803235_b14079_c20140717000324402868_noaa_ops.dspace_rad,VNFF_npp_d20140716_t1757431_e1803235_b14079_v21.csv,World_EEZ_v8_2014.shp,WPP_BFAR_merge.shp,KKP_IDN_merge_20161208.shp,VNF-VBD_npp_20120301-20151231_global_asia-enhanced_c201607211230.bitmask,NCEI_NGA.union.nga_lead2.add_2015ntl.mask,timezone.shp,VBD_platforms-recurring_2015_r20170330.shp,0.138875,VBD_bridges_c20160811.shp,22.302559;20.657581;17.812403;13.013085;8.184108;3.331987;-1.539063;0.598278;2.699680;7.587820;12.484635;17.389103,102.195274;116.899490;131.129013;129.599106;128.217987;126.965988;125.829720;112.252083;98.601341;99.606560;100.547348;101.419044,npp_d20140716_t1757431_e1803235_b14079,149.655,17.8732,67.9494,97.1302,49.1394,96.888
160,VBD_npp_d20140716_t1801578_x1006083E_y075231N_l2295_s0144_v23,2017-05-23 13:09:55,7.523088,100.608284,15.7937,2014-07-16 18:01:57,2014-07-17 01:01:57,2295,144,0.304175,7,18849,0.345508,0.195903,0.899725,0.4,0.668403,0.75,0.0348582,0.0001,5.52736e-30,999999,-5.593294e-02,3,,,,SVDNB_npp_d20140716_t1757431_e1803235_b14079_c20140717000324408388_noaa_ops.h5,GDNBO_npp_d20140716_t1757431_e1803235_b14079_c20140717000324408134_noaa_ops.h5,SVI04_npp_d20140716_t1757431_e1803235_b14079_c20140717000324402868_noaa_ops.dspace_rad,VNFF_npp_d20140716_t1757431_e1803235_b14079_v21.csv,World_EEZ_v8_2014.shp,WPP_BFAR_merge.shp,KKP_IDN_merge_20161208.shp,VNF-VBD_npp_20120301-20151231_global_asia-enhanced_c201607211230.bitmask,NCEI_NGA.union.nga_lead2.add_2015ntl.mask,timezone.shp,VBD_platforms-recurring_2015_r20170330.shp,0.250802,VBD_bridges_c20160811.shp,22.302559;20.657581;17.812403;13.013085;8.184108;3.331987;-1.539063;0.598278;2.699680;7.587820;12.484635;17.389103,102.195274;116.899490;131.129013;129.599106;128.217987;126.965988;125.829720;112.252083;98.601341;99.606560;100.547348;101.419044,npp_d20140716_t1757431_e1803235_b14079,149.701,17.8907,67.9443,97.3972,49.138,96.8454
161,VBD_npp_d20140716_t1801596_x1005897E_y074624N_l2305_s0144_v23,2017-05-23 13:09:55,7.462357,100.589668,36.0176,2014-07-16 18:01:59,2014-07-17 01:01:59,2305,144,0.310749,1,35297,0.786186,0.21117,0.893939,0.4,0.931123,0.75,0.0348533,0.0001,5.36953e-30,999999,-1.745963e-01,3,Thailand Exclusive Economic Zone,,,SVDNB_npp_d20140716_t1757431_e1803235_b14079_c20140717000324408388_noaa_ops.h5,GDNBO_npp_d20140716_t1757431_e1803235_b14079_c20140717000324408134_noaa_ops.h5,SVI04_npp_d20140716_t1757431_e1803235_b14079_c20140717000324402868_noaa_ops.dspace_rad,VNFF_npp_d20140716_t1757431_e1803235_b14079_v21.csv,World_EEZ_v8_2014.shp,WPP_BFAR_merge.shp,KKP_IDN_merge_20161208.shp,VNF-VBD_npp_20120301-20151231_global_asia-enhanced_c201607211230.bitmask,NCEI_NGA.union.nga_lead2.add_2015ntl.mask,timezone.shp,VBD_platforms-recurring_2015_r20170330.shp,999999,VBD_bridges_c20160811.shp,22.302559;20.657581;17.812403;13.013085;8.184108;3.331987;-1.539063;0.598278;2.699680;7.587820;12.484635;17.389103,102.195274;116.899490;131.129013;129.599106;128.217987;126.965988;125.829720;112.252083;98.601341;99.606560;100.547348;101.419044,npp_d20140716_t1757431_e1803235_b14079,149.762,17.9031,67.9522,97.6002,49.1421,96.789
162,VBD_npp_d20140716_t1801578_x1006083E_y074740N_l2302_s0145_v23,2017-05-23 13:09:55,7.473976,100.608292,7.2467,2014-07-16 18:01:57,2014-07-17 01:01:57,2302,145,0.315666,7,18593,0.196091,0.191781,0.899459,0.4,0.703972,0.75,0.034861,0.0001,5.8254e-30,999999,-2.389568e-02,3,,,,SVDNB_npp_d20140716_t1757431_e1803235_b14079_c20140717000324408388_noaa_ops.h5,GDNBO_npp_d20140716_t1757431_e1803235_b14079_c20140717000324408134_noaa_ops.h5,SVI04_npp_d20140716_t1757431_e1803235_b14079_c20140717000324402868_noaa_ops.dspace_rad,VNFF_npp_d20140716_t1757431_e1803235_b14079_v21.csv,World_EEZ_v8_2014.shp,WPP_BFAR_merge.shp,KKP_IDN_merge_20161208.shp,VNF-VBD_npp_20120301-20151231_global_asia-enhanced_c201607211230.bitmask,NCEI_NGA.union.nga_lead2.add_2015ntl.mask,timezone.shp,VBD_platforms-recurring_2015_r20170330.shp,0.349532,VBD_bridges_c20160811.shp,22.302559;20.657581;17.812403;13.013085;8.184108;3.331987;-1.539063;0.598278;2.699680;7.587820;12.484635;17.389103,102.195274;116.899490;131.129013;129.599106;128.217987;126.965988;125.829720;112.252083;98.601341;99.606560;100.547348;101.419044,npp_d20140716_t1757431_e1803235_b14079,149.748,17.9166,67.9295,97.1848,49.1321,96.8021
163,VBD_npp_d20140716_t1802477_x1000152E_y046675N_l2742_s0145_v23,2017-05-23 13:09:55,4.667544,100.015182,9.05843,2014-07-16 18:02:47,2014-07-17 01:02:47,2742,145,0.121813,8,18849,0.243994,0.205494,0.58904,0.4,0.683837,0.75,0.0347819,0.0001,4.45657e-30,999999,-1.304778e-01,3,Malaysian Exclusive Economic Zone,,,SVDNB_npp_d20140716_t1757431_e1803235_b14079_c20140717000324408388_noaa_ops.h5,GDNBO_npp_d20140716_t1757431_e1803235_b14079_c20140717000324408134_noaa_ops.h5,SVI04_npp_d20140716_t1757431_e1803235_b14079_c20140717000324402868_noaa_ops.dspace_rad,VNFF_npp_d20140716_t1757431_e1803235_b14079_v21.csv,World_EEZ_v8_2014.shp,WPP_BFAR_merge.shp,KKP_IDN_merge_20161208.shp,VNF-VBD_npp_20120301-20151231_global_asia-enhanced_c201607211230.bitmask,NCEI_NGA.union.nga_lead2.add_2015ntl.mask,timezone.shp,VBD_platforms-recurring_2015_r20170330.shp,0.633835,VBD_bridges_c20160811.shp,22.302559;20.657581;17.812403;13.013085;8.184108;3.331987;-1.539063;0.598278;2.699680;7.587820;12.484635;17.389103,102.195274;116.899490;131.129013;129.599106;128.217987;126.965988;125.829720;112.252083;98.601341;99.606560;100.547348;101.419044,npp_d20140716_t1757431_e1803235_b14079,152.532,18.8203,67.9402,98.0458,49.2519,94.2467
165,VBD_npp_d20140716_t1801596_x1006003E_y074399N_l2308_s0146_v23,2017-05-23 13:09:55,7.439898,100.600273,30.1743,2014-07-16 18:01:59,2014-07-17 01:01:59,2308,146,0.233959,4,51621,0.567994,0.17307,0.878582,0.4,0.703727,0.75,0.0348643,0.0001,6.02551e-30,999999,1.215268e-01,3,Thailand Exclusive Economic Zone,,,SVDNB_npp_d20140716_t1757431_e1803235_b14079_c20140717000324408388_noaa_ops.h5,GDNBO_npp_d20140716_t1757431_e1803235_b14079_c20140717000324408134_noaa_ops.h5,SVI04_npp_d20140716_t1757431_e1803235_b14079_c20140717000324402868_noaa_ops.dspace_rad,VNFF_npp_d20140716_t1757431_e1803235_b14079_v21.csv,World_EEZ_v8_2014.shp,WPP_BFAR_merge.shp,KKP_IDN_merge_20161208.shp,VNF-VBD_npp_20120301-20151231_global_asia-enhanced_c201607211230.bitmask,NCEI_NGA.union.nga_lead2.add_2015ntl.mask,timezone.shp,VBD_platforms-recurring_2015_r20170330.shp,0.846878,VBD_bridges_c20160811.shp,22.302559;20.657581;17.812403;13.013085;8.184108;3.331987;-1.539063;0.598278;2.699680;7.587820;12.484635;17.389103,102.195274;116.899490;131.129013;129.599106;128.217987;126.965988;125.829720;112.252083;98.601341;99.606560;100.547348;101.419044,npp_d20140716_t1757431_e1803235_b14079,149.78,17.9335,67.9203,97.5105,49.1289,96.7717
167,VBD_npp_d20140716_t1801507_x1007069E_y078953N_l2236_s0147_v23,2017-05-23 13:09:55,7.895315,100.706863,12.3004,2014-07-16 18:01:50,2014-07-17 01:01:50,2236,147,0.157612,2,2465,0.365532,0.222164,0.752679,0.4,0.724091,0.75,0.0349022,0.0001,6.63758e-30,999999,-2.600424e-01,3,Thailand Exclusive Economic Zone,,,SVDNB_npp_d20140716_t1757431_e1803235_b14079_c20140717000324408388_noaa_ops.h5,GDNBO_npp_d20140716_t1757431_e1803235_b14079_c20140717000324408134_noaa_ops.h5,SVI04_npp_d20140716_t1757431_e1803235_b14079_c20140717000324402868_noaa_ops.dspace_rad,VNFF_npp_d20140716_t1757431_e1803235_b14079_v21.csv,World_EEZ_v8_2014.shp,WPP_BFAR_merge.shp,KKP_IDN_merge_20161208.shp,VNF-VBD_npp_20120301-20151231_global_asia-enhanced_c201607211230.bitmask,NCEI_NGA.union.nga_lead2.add_2015ntl.mask,timezone.shp,VBD_platforms-recurring_2015_r20170330.shp,999999,VBD_bridges_c20160811.shp,22.302559;20.657581;17.812403;13.013085;8.184108;3.331987;-1.539063;0.598278;2.699680;7.587820;12.484635;17.389103,102.195274;116.899490;131.129013;129.599106;128.217987;126.965988;125.829720;112.252083;98.601341;99.606560;100.547348;101.419044,npp_d20140716_t1757431_e1803235_b14079,149.326,17.8166,67.896,97.161,49.1145,97.191
168,VBD_npp_d20140716_t1801561_x1006514E_y076502N_l2275_s0147_v23,2017-05-23 13:09:55,7.650222,100.651375,13.5449,2014-07-16 18:01:56,2014-07-17 01:01:56,2275,147,0.259151,1,2529,0.459792,0.177215,0.788457,0.4,0.855425,0.75,0.0348863,0.0001,6.53252e-30,999999,8.931007e-02,3,Thailand Exclusive Economic Zone,,,SVDNB_npp_d20140716_t1757431_e1803235_b14079_c20140717000324408388_noaa_ops.h5,GDNBO_npp_d20140716_t1757431_e1803235_b14079_c20140717000324408134_noaa_ops.h5,SVI04_npp_d20140716_t1757431_e1803235_b14079_c20140717000324402868_noaa_ops.dspace_rad,VNFF_npp_d20140716_t1757431_e1803235_b14079_v21.csv,World_EEZ_v8_2014.shp,WPP_BFAR_merge.shp,KKP_IDN_merge_20161208.shp,VNF-VBD_npp_20120301-20151231_global_asia-enhanced_c201607211230.bitmask,NCEI_NGA.union.nga_lead2.add_2015ntl.mask,timezone.shp,VBD_platforms-recurring_2015_r20170330.shp,999999,VBD_bridges_c20160811.shp,22.302559;20.657581;17.812403;13.013085;8.184108;3.331987;-1.539063;0.598278;2.699680;7.587820;12.484635;17.389103,102.195274;116.899490;131.129013;129.599106;128.217987;126.965988;125.829720;112.252083;98.601341;99.606560;100.547348;101.419044,npp_d20140716_t1757431_e1803235_b14079,149.569,17.8863,67.8995,97.4985,49.1177,96.9662
169,VBD_npp_d20140716_t1801578_x1006332E_y075549N_l2290_s0147_v23,2017-05-23 13:09:55,7.554902,100.633156,26.4248,2014-07-16 18:01:57,2014-07-17 01:01:57,2290,147,0.280862,1,2529,0.672294,0.187263,0.846141,0.4,0.903879,0.75,0.0348794,0.0001,6.61042e-30,999999,1.121734e-02,3,Thailand Exclusive Economic Zone,,,SVDNB_npp_d20140716_t1757431_e1803235_b14079_c20140717000324408388_noaa_ops.h5,GDNBO_npp_d20140716_t1757431_e1803235_b14079_c20140717000324408134_noaa_ops.h5,SVI04_npp_d20140716_t1757431_e1803235_b14079_c20140717000324402868_noaa_ops.dspace_rad,VNFF_npp_d20140716_t1757431_e1803235_b14079_v21.csv,World_EEZ_v8_2014.shp,WPP_BFAR_merge.shp,KKP_IDN_merge_20161208.shp,VNF-VBD_npp_20120301-20151231_global_asia-enhanced_c201607211230.bitmask,NCEI_NGA.union.nga_lead2.add_2015ntl.mask,timezone.shp,VBD_platforms-recurring_2015_r20170330.shp,999999,VBD_bridges_c20160811.shp,22.302559;20.657581;17.812403;13.013085;8.184108;3.331987;-1.539063;0.598278;2.699680;7.587820;12.484635;17.389103,102.195274;116.899490;131.129013;129.599106;128.217987;126.965988;125.829720;112.252083;98.601341;99.606560;100.547348;101.419044,npp_d20140716_t1757431_e1803235_b14079,149.663,17.9174,67.8958,97.5523,49.1171,96.8793
171,VBD_npp_d20140716_t1801507_x1007269E_y079418N_l2229_s0149_v23,2017-05-23 13:09:55,7.941791,100.726883,17.2214,2014-07-16 18:01:50,2014-07-17 01:01:50,2229,149,0.170097,8,18913,0.470713,0.20159,0.764081,0.4,0.780819,0.75,0.0349175,0.0001,7.48621e-30,999999,-1.001389e-01,3,Thailand Exclusive Economic Zone,,,SVDNB_npp_d20140716_t1757431_e1803235_b14079_c20140717000324408388_noaa_ops.h5,GDNBO_npp_d20140716_t1757431_e1803235_b14079_c20140717000324408134_noaa_ops.h5,SVI04_npp_d20140716_t1757431_e1803235_b14079_c20140717000324402868_noaa_ops.dspace_rad,VNFF_npp_d20140716_t1757431_e1803235_b14079_v21.csv,World_EEZ_v8_2014.shp,WPP_BFAR_merge.shp,KKP_IDN_merge_20161208.shp,VNF-VBD_npp_20120301-20151231_global_asia-enhanced_c201607211230.bitmask,NCEI_NGA.union.nga_lead2.add_2015ntl.mask,timezone.shp,VBD_platforms-recurring_2015_r20170330.shp,0.515078,VBD_bridges_c20160811.shp,22.302559;20.657581;17.812403;13.013085;8.184108;3.331987;-1.539063;0.598278;2.699680;7.587820;12.484635;17.389103,102.195274;116.899490;131.129013;129.599106;128.217987;126.965988;125.829720;112.252083;98.601341;99.606560;100.547348;101.419044,npp_d20140716_t1757431_e1803235_b14079,149.275,17.8272,67.8629,97.3762,49.1005,97.237
172,VBD_npp_d20140716_t1801543_x1006731E_y076616N_l2272_s0149_v23,2017-05-23 13:09:55,7.661585,100.673088,22.1818,2014-07-16 18:01:54,2014-07-17 01:01:54,2272,149,0.258322,1,2529,0.627924,0.171545,0.804065,0.4,0.897271,0.75,0.0349,0.0001,7.28087e-30,999999,1.333782e-01,3,Thailand Exclusive Economic Zone,,,SVDNB_npp_d20140716_t1757431_e1803235_b14079_c20140717000324408388_noaa_ops.h5,GDNBO_npp_d20140716_t1757431_e1803235_b14079_c20140717000324408134_noaa_ops.h5,SVI04_npp_d20140716_t1757431_e1803235_b14079_c20140717000324402868_noaa_ops.dspace_rad,VNFF_npp_d20140716_t1757431_e1803235_b14079_v21.csv,World_EEZ_v8_2014.shp,WPP_BFAR_merge.shp,KKP_IDN_merge_20161208.shp,VNF-VBD_npp_20120301-20151231_global_asia-enhanced_c201607211230.bitmask,NCEI_NGA.union.nga_lead2.add_2015ntl.mask,timezone.shp,VBD_platforms-recurring_2015_r20170330.shp,999999,VBD_bridges_c20160811.shp,22.302559;20.657581;17.812403;13.013085;8.184108;3.331987;-1.539063;0.598278;2.699680;7.587820;12.484635;17.389103,102.195274;116.899490;131.129013;129.599106;128.217987;126.965988;125.829720;112.252083;98.601341;99.606560;100.547348;101.419044,npp_d20140716_t1757431_e1803235_b14079,149.554,17.9052,67.8696,97.0834,49.1046,96.9799
173,VBD_npp_d20140716_t1801561_x1006733E_y076613N_l2273_s0150_v23,2017-05-23 13:09:55,7.661345,100.673317,20.2897,2014-07-16 18:01:56,2014-07-17 01:01:56,2273,150,0.258322,1,2529,0.58448,0.187792,0.804065,0.4,0.873294,0.75,0.0349058,0.0001,7.78662e-30,999999,7.106952e-03,3,Thailand Exclusive Economic Zone,,,SVDNB_npp_d20140716_t1757431_e1803235_b14079_c20140717000324408388_noaa_ops.h5,GDNBO_npp_d20140716_t1757431_e1803235_b14079_c20140717000324408134_noaa_ops.h5,SVI04_npp_d20140716_t1757431_e1803235_b14079_c20140717000324402868_noaa_ops.dspace_rad,VNFF_npp_d20140716_t1757431_e1803235_b14079_v21.csv,World_EEZ_v8_2014.shp,WPP_BFAR_merge.shp,KKP_IDN_merge_20161208.shp,VNF-VBD_npp_20120301-20151231_global_asia-enhanced_c201607211230.bitmask,NCEI_NGA.union.nga_lead2.add_2015ntl.mask,timezone.shp,VBD_platforms-recurring_2015_r20170330.shp,999999,VBD_bridges_c20160811.shp,22.302559;20.657581;17.812403;13.013085;8.184108;3.331987;-1.539063;0.598278;2.699680;7.587820;12.484635;17.389103,102.195274;116.899490;131.129013;129.599106;128.217987;126.965988;125.829720;112.252083;98.601341;99.606560;100.547348;101.419044,npp_d20140716_t1757431_e1803235_b14079,149.552,17.9186,67.8514,97.5622,49.0973,96.9813
175,VBD_npp_d20140716_t1801578_x1006533E_y075032N_l2297_s0151_v23,2017-05-23 13:09:55,7.503236,100.653290,46.1266,2014-07-16 18:01:57,2014-07-17 01:01:57,2297,151,0.310307,1,2529,0.899044,0.180586,0.872263,0.4,0.94459,0.75,0.0349009,0.0001,8.30233e-30,999999,6.311053e-02,3,Thailand Exclusive Economic Zone,,,SVDNB_npp_d20140716_t1757431_e1803235_b14079_c20140717000324408388_noaa_ops.h5,GDNBO_npp_d20140716_t1757431_e1803235_b14079_c20140717000324408134_noaa_ops.h5,SVI04_npp_d20140716_t1757431_e1803235_b14079_c20140717000324402868_noaa_ops.dspace_rad,VNFF_npp_d20140716_t1757431_e1803235_b14079_v21.csv,World_EEZ_v8_2014.shp,WPP_BFAR_merge.shp,KKP_IDN_merge_20161208.shp,VNF-VBD_npp_20120301-20151231_global_asia-enhanced_c201607211230.bitmask,NCEI_NGA.union.nga_lead2.add_2015ntl.mask,timezone.shp,VBD_platforms-recurring_2015_r20170330.shp,999999,VBD_bridges_c20160811.shp,22.302559;20.657581;17.812403;13.013085;8.184108;3.331987;-1.539063;0.598278;2.699680;7.587820;12.484635;17.389103,102.195274;116.899490;131.129013;129.599106;128.217987;126.965988;125.829720;112.252083;98.601341;99.606560;100.547348;101.419044,npp_d20140716_t1757431_e1803235_b14079,149.706,17.9797,67.8325,97.3423,49.0908,96.8385
176,VBD_npp_d20140716_t1801507_x1007451E_y079255N_l2231_s0152_v23,2017-05-23 13:09:55,7.925451,100.745056,9.63554,2014-07-16 18:01:50,2014-07-17 01:01:50,2231,152,0.16518,7,2465,0.29702,0.180817,0.7302,0.4,0.699393,0.75,0.0349354,0.0001,8.90124e-30,999999,6.131766e-02,3,,,,SVDNB_npp_d20140716_t1757431_e1803235_b14079_c20140717000324408388_noaa_ops.h5,GDNBO_npp_d20140716_t1757431_e1803235_b14079_c20140717000324408134_noaa_ops.h5,SVI04_npp_d20140716_t1757431_e1803235_b14079_c20140717000324402868_noaa_ops.dspace_rad,VNFF_npp_d20140716_t1757431_e1803235_b14079_v21.csv,World_EEZ_v8_2014.shp,WPP_BFAR_merge.shp,KKP_IDN_merge_20161208.shp,VNF-VBD_npp_20120301-20151231_global_asia-enhanced_c201607211230.bitmask,NCEI_NGA.union.nga_lead2.add_2015ntl.mask,timezone.shp,VBD_platforms-recurring_2015_r20170330.shp,999999,VBD_bridges_c20160811.shp,22.302559;20.657581;17.812403;13.013085;8.184108;3.331987;-1.539063;0.598278;2.699680;7.587820;12.484635;17.389103,102.195274;116.899490;131.129013;129.599106;128.217987;126.965988;125.829720;112.252083;98.601341;99.606560;100.547348;101.419044,npp_d20140716_t1757431_e1803235_b14079,149.285,17.867,67.8152,97.318,49.0803,97.2271
179,VBD_npp_d20140716_t1801578_x1006799E_y074998N_l2297_s0155_v23,2017-05-23 13:09:55,7.499791,100.679924,48.0292,2014-07-16 18:01:57,2014-07-17 01:01:57,2297,155,0.311191,1,2529,0.792545,0.170336,0.857041,0.4,0.83244,0.75,0.0349259,0.0001,1.04607e-29,999999,1.427770e-01,3,Thailand Exclusive Economic Zone,,,SVDNB_npp_d20140716_t1757431_e1803235_b14079_c20140717000324408388_noaa_ops.h5,GDNBO_npp_d20140716_t1757431_e1803235_b14079_c20140717000324408134_noaa_ops.h5,SVI04_npp_d20140716_t1757431_e1803235_b14079_c20140717000324402868_noaa_ops.dspace_rad,VNFF_npp_d20140716_t1757431_e1803235_b14079_v21.csv,World_EEZ_v8_2014.shp,WPP_BFAR_merge.shp,KKP_IDN_merge_20161208.shp,VNF-VBD_npp_20120301-20151231_global_asia-enhanced_c201607211230.bitmask,NCEI_NGA.union.nga_lead2.add_2015ntl.mask,timezone.shp,VBD_platforms-recurring_2015_r20170330.shp,999999,VBD_bridges_c20160811.shp,22.302559;20.657581;17.812403;13.013085;8.184108;3.331987;-1.539063;0.598278;2.699680;7.587820;12.484635;17.389103,102.195274;116.899490;131.129013;129.599106;128.217987;126.965988;125.829720;112.252083;98.601341;99.606560;100.547348;101.419044,npp_d20140716_t1757431_e1803235_b14079,149.701,18.028,67.7685,97.3458,49.0639,96.8417
180,VBD_npp_d20140716_t1801489_x1007854E_y079831N_l2221_s0156_v23,2017-05-23 13:09:55,7.983069,100.785385,11.5758,2014-07-16 18:01:48,2014-07-17 01:01:48,2221,156,0.179212,8,18913,0.365721,0.198837,0.758098,0.4,0.796089,0.75,0.0349645,0.0001,1.10627e-29,999999,-7.873944e-02,3,Thailand Exclusive Economic Zone,,,SVDNB_npp_d20140716_t1757431_e1803235_b14079_c20140717000324408388_noaa_ops.h5,GDNBO_npp_d20140716_t1757431_e1803235_b14079_c20140717000324408134_noaa_ops.h5,SVI04_npp_d20140716_t1757431_e1803235_b14079_c20140717000324402868_noaa_ops.dspace_rad,VNFF_npp_d20140716_t1757431_e1803235_b14079_v21.csv,World_EEZ_v8_2014.shp,WPP_BFAR_merge.shp,KKP_IDN_merge_20161208.shp,VNF-VBD_npp_20120301-20151231_global_asia-enhanced_c201607211230.bitmask,NCEI_NGA.union.nga_lead2.add_2015ntl.mask,timezone.shp,VBD_platforms-recurring_2015_r20170330.shp,0.23473,VBD_bridges_c20160811.shp,22.302559;20.657581;17.812403;13.013085;8.184108;3.331987;-1.539063;0.598278;2.699680;7.587820;12.484635;17.389103,102.195274;116.899490;131.129013;129.599106;128.217987;126.965988;125.829720;112.252083;98.601341;99.606560;100.547348;101.419044,npp_d20140716_t1757431_e1803235_b14079,149.221,17.8939,67.7552,97.1155,49.0548,97.2864
181,VBD_npp_d20140716_t1801578_x1007055E_y075384N_l2291_s0158_v23,2017-05-23 13:09:55,7.538354,100.705505,31.2396,2014-07-16 18:01:57,2014-07-17 01:01:57,2291,158,0.191642,4,35237,0.661082,0.228582,0.844462,0.4,0.600597,0.75,0.0349476,0.0001,1.24785e-29,999999,-3.099244e-01,3,Thailand Exclusive Economic Zone,,,SVDNB_npp_d20140716_t1757431_e1803235_b14079_c20140717000324408388_noaa_ops.h5,GDNBO_npp_d20140716_t1757431_e1803235_b14079_c20140717000324408134_noaa_ops.h5,SVI04_npp_d20140716_t1757431_e1803235_b14079_c20140717000324402868_noaa_ops.dspace_rad,VNFF_npp_d20140716_t1757431_e1803235_b14079_v21.csv,World_EEZ_v8_2014.shp,WPP_BFAR_merge.shp,KKP_IDN_merge_20161208.shp,VNF-VBD_npp_20120301-20151231_global_asia-enhanced_c201607211230.bitmask,NCEI_NGA.union.nga_lead2.add_2015ntl.mask,timezone.shp,VBD_platforms-recurring_2015_r20170330.shp,999999,VBD_bridges_c20160811.shp,22.302559;20.657581;17.812403;13.013085;8.184108;3.331987;-1.539063;0.598278;2.699680;7.587820;12.484635;17.389103,102.195274;116.899490;131.129013;129.599106;128.217987;126.965988;125.829720;112.252083;98.601341;99.606560;100.547348;101.419044,npp_d20140716_t1757431_e1803235_b14079,149.657,18.0522,67.7201,97.5315,49.0431,96.8819
183,VBD_npp_d20140716_t1801561_x1007510E_y076302N_l2276_s0162_v23,2017-05-23 13:09:55,7.630155,100.751030,13.8084,2014-07-16 18:01:56,2014-07-17 01:01:56,2276,162,0.269813,1,2529,0.441541,0.195786,0.820124,0.4,0.810392,0.75,0.0349795,0.0001,1.56057e-29,999999,-5.502645e-02,3,Thailand Exclusive Economic Zone,,,SVDNB_npp_d20140716_t1757431_e1803235_b14079_c20140717000324408388_noaa_ops.h5,GDNBO_npp_d20140716_t1757431_e1803235_b14079_c20140717000324408134_noaa_ops.h5,SVI04_npp_d20140716_t1757431_e1803235_b14079_c20140717000324402868_noaa_ops.dspace_rad,VNFF_npp_d20140716_t1757431_e1803235_b14079_v21.csv,World_EEZ_v8_2014.shp,WPP_BFAR_merge.shp,KKP_IDN_merge_20161208.shp,VNF-VBD_npp_20120301-20151231_global_asia-enhanced_c201607211230.bitmask,NCEI_NGA.union.nga_lead2.add_2015ntl.mask,timezone.shp,VBD_platforms-recurring_2015_r20170330.shp,999999,VBD_bridges_c20160811.shp,22.302559;20.657581;17.812403;13.013085;8.184108;3.331987;-1.539063;0.598278;2.699680;7.587820;12.484635;17.389103,102.195274;116.899490;131.129013;129.599106;128.217987;126.965988;125.829720;112.252083;98.601341;99.606560;100.547348;101.419044,npp_d20140716_t1757431_e1803235_b14079,149.558,18.0699,67.6581,97.4815,49.0161,96.9724
184,VBD_npp_d20140716_t1801543_x1007733E_y076908N_l2266_s0163_v23,2017-05-23 13:09:55,7.690771,100.773277,9.36395,2014-07-16 18:01:54,2014-07-17 01:01:54,2266,163,0.241196,8,18913,0.307159,0.169975,0.754345,0.4,0.758204,0.75,0.0349898,0.0001,1.65618e-29,999999,1.455848e-01,3,Thailand Exclusive Economic Zone,,,SVDNB_npp_d20140716_t1757431_e1803235_b14079_c20140717000324408388_noaa_ops.h5,GDNBO_npp_d20140716_t1757431_e1803235_b14079_c20140717000324408134_noaa_ops.h5,SVI04_npp_d20140716_t1757431_e1803235_b14079_c20140717000324402868_noaa_ops.dspace_rad,VNFF_npp_d20140716_t1757431_e1803235_b14079_v21.csv,World_EEZ_v8_2014.shp,WPP_BFAR_merge.shp,KKP_IDN_merge_20161208.shp,VNF-VBD_npp_20120301-20151231_global_asia-enhanced_c201607211230.bitmask,NCEI_NGA.union.nga_lead2.add_2015ntl.mask,timezone.shp,VBD_platforms-recurring_2015_r20170330.shp,0.214384,VBD_bridges_c20160811.shp,22.302559;20.657581;17.812403;13.013085;8.184108;3.331987;-1.539063;0.598278;2.699680;7.587820;12.484635;17.389103,102.195274;116.899490;131.129013;129.599106;128.217987;126.965988;125.829720;112.252083;98.601341;99.606560;100.547348;101.419044,npp_d20140716_t1757431_e1803235_b14079,149.496,18.0637,67.6417,97.2787,49.0086,97.0298
185,VBD_npp_d20140716_t1801543_x1007847E_y076684N_l2269_s0165_v23,2017-05-23 13:09:55,7.668433,100.784691,16.4426,2014-07-16 18:01:54,2014-07-17 01:01:54,2269,165,0.249538,2,2465,0.504794,0.201856,0.826354,0.4,0.74012,0.75,0.0350011,0.0001,1.86822e-29,999999,-1.022067e-01,3,Thailand Exclusive Economic Zone,,,SVDNB_npp_d20140716_t1757431_e1803235_b14079_c20140717000324408388_noaa_ops.h5,GDNBO_npp_d20140716_t1757431_e1803235_b14079_c20140717000324408134_noaa_ops.h5,SVI04_npp_d20140716_t1757431_e1803235_b14079_c20140717000324402868_noaa_ops.dspace_rad,VNFF_npp_d20140716_t1757431_e1803235_b14079_v21.csv,World_EEZ_v8_2014.shp,WPP_BFAR_merge.shp,KKP_IDN_merge_20161208.shp,VNF-VBD_npp_20120301-20151231_global_asia-enhanced_c201607211230.bitmask,NCEI_NGA.union.nga_lead2.add_2015ntl.mask,timezone.shp,VBD_platforms-recurring_2015_r20170330.shp,999999,VBD_bridges_c20160811.shp,22.302559;20.657581;17.812403;13.013085;8.184108;3.331987;-1.539063;0.598278;2.699680;7.587820;12.484635;17.389103,102.195274;116.899490;131.129013;129.599106;128.217987;126.965988;125.829720;112.252083;98.601341;99.606560;100.547348;101.419044,npp_d20140716_t1757431_e1803235_b14079,149.513,18.0952,67.6078,97.189,48.9945,97.0128
186,VBD_npp_d20140716_t1801561_x1007743E_y076410N_l2274_s0165_v23,2017-05-23 13:09:55,7.641024,100.774300,38.0383,2014-07-16 18:01:56,2014-07-17 01:01:56,2274,165,0.254123,8,18913,0.829271,0.181486,0.852381,0.4,0.925665,0.75,0.034999,0.0001,1.87835e-29,999999,5.611421e-02,3,Thailand Exclusive Economic Zone,,,SVDNB_npp_d20140716_t1757431_e1803235_b14079_c20140717000324408388_noaa_ops.h5,GDNBO_npp_d20140716_t1757431_e1803235_b14079_c20140717000324408134_noaa_ops.h5,SVI04_npp_d20140716_t1757431_e1803235_b14079_c20140717000324402868_noaa_ops.dspace_rad,VNFF_npp_d20140716_t1757431_e1803235_b14079_v21.csv,World_EEZ_v8_2014.shp,WPP_BFAR_merge.shp,KKP_IDN_merge_20161208.shp,VNF-VBD_npp_20120301-20151231_global_asia-enhanced_c201607211230.bitmask,NCEI_NGA.union.nga_lead2.add_2015ntl.mask,timezone.shp,VBD_platforms-recurring_2015_r20170330.shp,0.99815,VBD_bridges_c20160811.shp,22.302559;20.657581;17.812403;13.013085;8.184108;3.331987;-1.539063;0.598278;2.699680;7.587820;12.484635;17.389103,102.195274;116.899490;131.129013;129.599106;128.217987;126.965988;125.829720;112.252083;98.601341;99.606560;100.547348;101.419044,npp_d20140716_t1757431_e1803235_b14079,149.54,18.1045,67.6063,97.5455,48.9943,96.9876
187,VBD_npp_d20140716_t1801561_x1007866E_y076255N_l2276_s0167_v23,2017-05-23 13:09:55,7.625483,100.786644,15.1039,2014-07-16 18:01:56,2014-07-17 01:01:56,2276,167,0.253792,7,2465,0.463389,0.181207,0.82864,0.4,0.682399,0.75,0.0350107,0.0001,2.12033e-29,999999,5.828799e-02,3,,,,SVDNB_npp_d20140716_t1757431_e1803235_b14079_c20140717000324408388_noaa_ops.h5,GDNBO_npp_d20140716_t1757431_e1803235_b14079_c20140717000324408134_noaa_ops.h5,SVI04_npp_d20140716_t1757431_e1803235_b14079_c20140717000324402868_noaa_ops.dspace_rad,VNFF_npp_d20140716_t1757431_e1803235_b14079_v21.csv,World_EEZ_v8_2014.shp,WPP_BFAR_merge.shp,KKP_IDN_merge_20161208.shp,VNF-VBD_npp_20120301-20151231_global_asia-enhanced_c201607211230.bitmask,NCEI_NGA.union.nga_lead2.add_2015ntl.mask,timezone.shp,VBD_platforms-recurring_2015_r20170330.shp,999999,VBD_bridges_c20160811.shp,22.302559;20.657581;17.812403;13.013085;8.184108;3.331987;-1.539063;0.598278;2.699680;7.587820;12.484635;17.389103,102.195274;116.899490;131.129013;129.599106;128.217987;126.965988;125.829720;112.252083;98.601341;99.606560;100.547348;101.419044,npp_d20140716_t1757431_e1803235_b14079,149.551,18.1342,67.5721,97.4862,48.9801,96.9768
188,VBD_npp_d20140716_t1801543_x1008032E_y076452N_l2272_s0168_v23,2017-05-23 13:09:55,7.645242,100.803154,6.37695,2014-07-16 18:01:54,2014-07-17 01:01:54,2272,168,0.211806,7,2209,0.172507,0.156893,0.837816,0.4,0.574668,0.75,0.0350186,0.0001,2.23803e-29,999999,2.472560e-01,3,,,,SVDNB_npp_d20140716_t1757431_e1803235_b14079_c20140717000324408388_noaa_ops.h5,GDNBO_npp_d20140716_t1757431_e1803235_b14079_c20140717000324408134_noaa_ops.h5,SVI04_npp_d20140716_t1757431_e1803235_b14079_c20140717000324402868_noaa_ops.dspace_rad,VNFF_npp_d20140716_t1757431_e1803235_b14079_v21.csv,World_EEZ_v8_2014.shp,WPP_BFAR_merge.shp,KKP_IDN_merge_20161208.shp,VNF-VBD_npp_20120301-20151231_global_asia-enhanced_c201607211230.bitmask,NCEI_NGA.union.nga_lead2.add_2015ntl.mask,timezone.shp,VBD_platforms-recurring_2015_r20170330.shp,999999,VBD_bridges_c20160811.shp,22.302559;20.657581;17.812403;13.013085;8.184108;3.331987;-1.539063;0.598278;2.699680;7.587820;12.484635;17.389103,102.195274;116.899490;131.129013;129.599106;128.217987;126.965988;125.829720;112.252083;98.601341;99.606560;100.547348;101.419044,npp_d20140716_t1757431_e1803235_b14079,149.53,18.1395,67.5569,97.1,48.9732,96.9967
189,VBD_npp_d20140716_t1801561_x1008036E_y076441N_l2273_s0169_v23,2017-05-23 13:09:55,7.644100,100.803627,8.90777,2014-07-16 18:01:56,2014-07-17 01:01:56,2273,169,0.211806,2,2465,0.264034,0.163461,0.837816,0.4,0.69192,0.75,0.0350244,0.0001,2.39862e-29,999999,1.962135e-01,3,Thailand Exclusive Economic Zone,,,SVDNB_npp_d20140716_t1757431_e1803235_b14079_c20140717000324408388_noaa_ops.h5,GDNBO_npp_d20140716_t1757431_e1803235_b14079_c20140717000324408134_noaa_ops.h5,SVI04_npp_d20140716_t1757431_e1803235_b14079_c20140717000324402868_noaa_ops.dspace_rad,VNFF_npp_d20140716_t1757431_e1803235_b14079_v21.csv,World_EEZ_v8_2014.shp,WPP_BFAR_merge.shp,KKP_IDN_merge_20161208.shp,VNF-VBD_npp_20120301-20151231_global_asia-enhanced_c201607211230.bitmask,NCEI_NGA.union.nga_lead2.add_2015ntl.mask,timezone.shp,VBD_platforms-recurring_2015_r20170330.shp,999999,VBD_bridges_c20160811.shp,22.302559;20.657581;17.812403;13.013085;8.184108;3.331987;-1.539063;0.598278;2.699680;7.587820;12.484635;17.389103,102.195274;116.899490;131.129013;129.599106;128.217987;126.965988;125.829720;112.252083;98.601341;99.606560;100.547348;101.419044,npp_d20140716_t1757431_e1803235_b14079,149.528,18.1538,67.5375,97.5799,48.9655,96.9974
190,VBD_npp_d20140716_t1802548_x1000864E_y041665N_l2816_s0170_v23,2017-05-23 13:09:55,4.166452,100.086433,7.71301,2014-07-16 18:02:54,2014-07-17 01:02:54,2816,170,0.219817,8,18593,0.237268,0.204864,0.674526,0.4,0.677592,0.75,0.034877,0.0001,1.79438e-29,999999,-1.255806e-01,3,Malaysian Exclusive Economic Zone,,,SVDNB_npp_d20140716_t1757431_e1803235_b14079_c20140717000324408388_noaa_ops.h5,GDNBO_npp_d20140716_t1757431_e1803235_b14079_c20140717000324408134_noaa_ops.h5,SVI04_npp_d20140716_t1757431_e1803235_b14079_c20140717000324402868_noaa_ops.dspace_rad,VNFF_npp_d20140716_t1757431_e1803235_b14079_v21.csv,World_EEZ_v8_2014.shp,WPP_BFAR_merge.shp,KKP_IDN_merge_20161208.shp,VNF-VBD_npp_20120301-20151231_global_asia-enhanced_c201607211230.bitmask,NCEI_NGA.union.nga_lead2.add_2015ntl.mask,timezone.shp,VBD_platforms-recurring_2015_r20170330.shp,0.501306,VBD_bridges_c20160811.shp,22.302559;20.657581;17.812403;13.013085;8.184108;3.331987;-1.539063;0.598278;2.699680;7.587820;12.484635;17.389103,102.195274;116.899490;131.129013;129.599106;128.217987;126.965988;125.829720;112.252083;98.601341;99.606560;100.547348;101.419044,npp_d20140716_t1757431_e1803235_b14079,152.973,19.3306,67.5323,97.8423,49.1158,93.8168
191,VBD_npp_d20140716_t1802566_x1000867E_y041651N_l2817_s0171_v23,2017-05-23 13:09:55,4.165145,100.086678,8.93808,2014-07-16 18:02:56,2014-07-17 01:02:56,2817,171,0.219817,8,18913,0.310458,0.213977,0.75525,0.4,0.773013,0.75,0.0348824,0.0001,1.95724e-29,999999,-1.964096e-01,3,Malaysian Exclusive Economic Zone,,,SVDNB_npp_d20140716_t1757431_e1803235_b14079_c20140717000324408388_noaa_ops.h5,GDNBO_npp_d20140716_t1757431_e1803235_b14079_c20140717000324408134_noaa_ops.h5,SVI04_npp_d20140716_t1757431_e1803235_b14079_c20140717000324402868_noaa_ops.dspace_rad,VNFF_npp_d20140716_t1757431_e1803235_b14079_v21.csv,World_EEZ_v8_2014.shp,WPP_BFAR_merge.shp,KKP_IDN_merge_20161208.shp,VNF-VBD_npp_20120301-20151231_global_asia-enhanced_c201607211230.bitmask,NCEI_NGA.union.nga_lead2.add_2015ntl.mask,timezone.shp,VBD_platforms-recurring_2015_r20170330.shp,0.638973,VBD_bridges_c20160811.shp,22.302559;20.657581;17.812403;13.013085;8.184108;3.331987;-1.539063;0.598278;2.699680;7.587820;12.484635;17.389103,102.195274;116.899490;131.129013;129.599106;128.217987;126.965988;125.829720;112.252083;98.601341;99.606560;100.547348;101.419044,npp_d20140716_t1757431_e1803235_b14079,152.972,19.3461,67.5132,98.3215,49.1082,93.8165
192,VBD_npp_d20140716_t1802566_x1000793E_y040688N_l2831_s0172_v23,2017-05-23 13:09:55,4.068802,100.079330,11.2507,2014-07-16 18:02:56,2014-07-17 01:02:56,2831,172,0.299755,1,2529,0.394055,0.208898,0.800874,0.4,0.80687,0.75,0.0348767,0.0001,1.99895e-29,999999,-1.569365e-01,3,Malaysian Exclusive Economic Zone,,,SVDNB_npp_d20140716_t1757431_e1803235_b14079_c20140717000324408388_noaa_ops.h5,GDNBO_npp_d20140716_t1757431_e1803235_b14079_c20140717000324408134_noaa_ops.h5,SVI04_npp_d20140716_t1757431_e1803235_b14079_c20140717000324402868_noaa_ops.dspace_rad,VNFF_npp_d20140716_t1757431_e1803235_b14079_v21.csv,World_EEZ_v8_2014.shp,WPP_BFAR_merge.shp,KKP_IDN_merge_20161208.shp,VNF-VBD_npp_20120301-20151231_global_asia-enhanced_c201607211230.bitmask,NCEI_NGA.union.nga_lead2.add_2015ntl.mask,timezone.shp,VBD_platforms-recurring_2015_r20170330.shp,999999,VBD_bridges_c20160811.shp,22.302559;20.657581;17.812403;13.013085;8.184108;3.331987;-1.539063;0.598278;2.699680;7.587820;12.484635;17.389103,102.195274;116.899490;131.129013;129.599106;128.217987;126.965988;125.829720;112.252083;98.601341;99.606560;100.547348;101.419044,npp_d20140716_t1757431_e1803235_b14079,153.065,19.3948,67.498,97.8945,49.1092,93.7301
193,VBD_npp_d20140716_t1802530_x1001385E_y043128N_l2793_s0173_v23,2017-05-23 13:09:55,4.312753,100.138451,27.1687,2014-07-16 18:02:53,2014-07-17 01:02:53,2793,173,0.19457,8,18913,0.668166,0.224057,0.795317,0.4,0.902562,0.75,0.0349154,0.0001,2.26789e-29,999999,-2.747583e-01,3,Malaysian Exclusive Economic Zone,,,SVDNB_npp_d20140716_t1757431_e1803235_b14079_c20140717000324408388_noaa_ops.h5,GDNBO_npp_d20140716_t1757431_e1803235_b14079_c20140717000324408134_noaa_ops.h5,SVI04_npp_d20140716_t1757431_e1803235_b14079_c20140717000324402868_noaa_ops.dspace_rad,VNFF_npp_d20140716_t1757431_e1803235_b14079_v21.csv,World_EEZ_v8_2014.shp,WPP_BFAR_merge.shp,KKP_IDN_merge_20161208.shp,VNF-VBD_npp_20120301-20151231_global_asia-enhanced_c201607211230.bitmask,NCEI_NGA.union.nga_lead2.add_2015ntl.mask,timezone.shp,VBD_platforms-recurring_2015_r20170330.shp,0.502681,VBD_bridges_c20160811.shp,22.302559;20.657581;17.812403;13.013085;8.184108;3.331987;-1.539063;0.598278;2.699680;7.587820;12.484635;17.389103,102.195274;116.899490;131.129013;129.599106;128.217987;126.965988;125.829720;112.252083;98.601341;99.606560;100.547348;101.419044,npp_d20140716_t1757431_e1803235_b14079,152.82,19.3213,67.475,98.0341,49.0807,93.9528
194,VBD_npp_d20140716_t1801525_x1008661E_y077490N_l2255_s0174_v23,2017-05-23 13:09:55,7.749024,100.866058,25.4697,2014-07-16 18:01:52,2014-07-17 01:01:52,2255,174,0.228545,8,18913,0.678028,0.177536,0.808907,0.4,0.881397,0.75,0.035063,0.0001,3.19466e-29,999999,8.681699e-02,3,Thailand Exclusive Economic Zone,,,SVDNB_npp_d20140716_t1757431_e1803235_b14079_c20140717000324408388_noaa_ops.h5,GDNBO_npp_d20140716_t1757431_e1803235_b14079_c20140717000324408134_noaa_ops.h5,SVI04_npp_d20140716_t1757431_e1803235_b14079_c20140717000324402868_noaa_ops.dspace_rad,VNFF_npp_d20140716_t1757431_e1803235_b14079_v21.csv,World_EEZ_v8_2014.shp,WPP_BFAR_merge.shp,KKP_IDN_merge_20161208.shp,VNF-VBD_npp_20120301-20151231_global_asia-enhanced_c201607211230.bitmask,NCEI_NGA.union.nga_lead2.add_2015ntl.mask,timezone.shp,VBD_platforms-recurring_2015_r20170330.shp,0.575726,VBD_bridges_c20160811.shp,22.302559;20.657581;17.812403;13.013085;8.184108;3.331987;-1.539063;0.598278;2.699680;7.587820;12.484635;17.389103,102.195274;116.899490;131.129013;129.599106;128.217987;126.965988;125.829720;112.252083;98.601341;99.606560;100.547348;101.419044,npp_d20140716_t1757431_e1803235_b14079,149.414,18.1807,67.4566,97.1135,48.9307,97.1024
195,VBD_npp_d20140716_t1802566_x1001024E_y040794N_l2829_s0175_v23,2017-05-23 13:09:55,4.079439,100.102448,18.5752,2014-07-16 18:02:56,2014-07-17 01:02:56,2829,175,0.300915,8,18913,0.523985,0.206705,0.826893,0.4,0.858022,0.75,0.0348971,0.0001,2.41348e-29,999999,-1.398899e-01,3,Malaysian Exclusive Economic Zone,,,SVDNB_npp_d20140716_t1757431_e1803235_b14079_c20140717000324408388_noaa_ops.h5,GDNBO_npp_d20140716_t1757431_e1803235_b14079_c20140717000324408134_noaa_ops.h5,SVI04_npp_d20140716_t1757431_e1803235_b14079_c20140717000324402868_noaa_ops.dspace_rad,VNFF_npp_d20140716_t1757431_e1803235_b14079_v21.csv,World_EEZ_v8_2014.shp,WPP_BFAR_merge.shp,KKP_IDN_merge_20161208.shp,VNF-VBD_npp_20120301-20151231_global_asia-enhanced_c201607211230.bitmask,NCEI_NGA.union.nga_lead2.add_2015ntl.mask,timezone.shp,VBD_platforms-recurring_2015_r20170330.shp,0.273136,VBD_bridges_c20160811.shp,22.302559;20.657581;17.812403;13.013085;8.184108;3.331987;-1.539063;0.598278;2.699680;7.587820;12.484635;17.389103,102.195274;116.899490;131.129013;129.599106;128.217987;126.965988;125.829720;112.252083;98.601341;99.606560;100.547348;101.419044,npp_d20140716_t1757431_e1803235_b14079,153.047,19.4322,67.4461,97.957,49.0867,93.7425
196,VBD_npp_d20140716_t1802566_x1001164E_y040775N_l2829_s0177_v23,2017-05-23 13:09:55,4.077460,100.116425,36.0273,2014-07-16 18:02:56,2014-07-17 01:02:56,2829,177,0.296551,8,18913,0.769647,0.205785,0.826893,0.4,0.919188,0.75,0.0349096,0.0001,2.72384e-29,999999,-1.327402e-01,3,Malaysian Exclusive Economic Zone,,,SVDNB_npp_d20140716_t1757431_e1803235_b14079_c20140717000324408388_noaa_ops.h5,GDNBO_npp_d20140716_t1757431_e1803235_b14079_c20140717000324408134_noaa_ops.h5,SVI04_npp_d20140716_t1757431_e1803235_b14079_c20140717000324402868_noaa_ops.dspace_rad,VNFF_npp_d20140716_t1757431_e1803235_b14079_v21.csv,World_EEZ_v8_2014.shp,WPP_BFAR_merge.shp,KKP_IDN_merge_20161208.shp,VNF-VBD_npp_20120301-20151231_global_asia-enhanced_c201607211230.bitmask,NCEI_NGA.union.nga_lead2.add_2015ntl.mask,timezone.shp,VBD_platforms-recurring_2015_r20170330.shp,0.56032,VBD_bridges_c20160811.shp,22.302559;20.657581;17.812403;13.013085;8.184108;3.331987;-1.539063;0.598278;2.699680;7.587820;12.484635;17.389103,102.195274;116.899490;131.129013;129.599106;128.217987;126.965988;125.829720;112.252083;98.601341;99.606560;100.547348;101.419044,npp_d20140716_t1757431_e1803235_b14079,153.044,19.4604,67.4118,97.958,49.0725,93.7426
197,VBD_npp_d20140716_t1802566_x1001336E_y041444N_l2819_s0178_v23,2017-05-23 13:09:55,4.144381,100.133636,12.8562,2014-07-16 18:02:56,2014-07-17 01:02:56,2819,178,0.265062,8,18913,0.439216,0.222399,0.773306,0.4,0.813152,0.75,0.0349244,0.0001,2.97618e-29,999999,-2.618704e-01,3,Malaysian Exclusive Economic Zone,,,SVDNB_npp_d20140716_t1757431_e1803235_b14079_c20140717000324408388_noaa_ops.h5,GDNBO_npp_d20140716_t1757431_e1803235_b14079_c20140717000324408134_noaa_ops.h5,SVI04_npp_d20140716_t1757431_e1803235_b14079_c20140717000324402868_noaa_ops.dspace_rad,VNFF_npp_d20140716_t1757431_e1803235_b14079_v21.csv,World_EEZ_v8_2014.shp,WPP_BFAR_merge.shp,KKP_IDN_merge_20161208.shp,VNF-VBD_npp_20120301-20151231_global_asia-enhanced_c201607211230.bitmask,NCEI_NGA.union.nga_lead2.add_2015ntl.mask,timezone.shp,VBD_platforms-recurring_2015_r20170330.shp,0.164959,VBD_bridges_c20160811.shp,22.302559;20.657581;17.812403;13.013085;8.184108;3.331987;-1.539063;0.598278;2.699680;7.587820;12.484635;17.389103,102.195274;116.899490;131.129013;129.599106;128.217987;126.965988;125.829720;112.252083;98.601341;99.606560;100.547348;101.419044,npp_d20140716_t1757431_e1803235_b14079,152.976,19.4496,67.3933,98.2641,49.0596,93.8043
198,VBD_npp_d20140716_t1802566_x1001283E_y040619N_l2831_s0179_v23,2017-05-23 13:09:55,4.061912,100.128296,12.2462,2014-07-16 18:02:56,2014-07-17 01:02:56,2831,179,0.31992,7,2465,0.338199,0.190461,0.780707,0.4,0.690351,0.75,0.0349203,0.0001,3.05421e-29,999999,-1.364080e-02,3,,,,SVDNB_npp_d20140716_t1757431_e1803235_b14079_c20140717000324408388_noaa_ops.h5,GDNBO_npp_d20140716_t1757431_e1803235_b14079_c20140717000324408134_noaa_ops.h5,SVI04_npp_d20140716_t1757431_e1803235_b14079_c20140717000324402868_noaa_ops.dspace_rad,VNFF_npp_d20140716_t1757431_e1803235_b14079_v21.csv,World_EEZ_v8_2014.shp,WPP_BFAR_merge.shp,KKP_IDN_merge_20161208.shp,VNF-VBD_npp_20120301-20151231_global_asia-enhanced_c201607211230.bitmask,NCEI_NGA.union.nga_lead2.add_2015ntl.mask,timezone.shp,VBD_platforms-recurring_2015_r20170330.shp,999999,VBD_bridges_c20160811.shp,22.302559;20.657581;17.812403;13.013085;8.184108;3.331987;-1.539063;0.598278;2.699680;7.587820;12.484635;17.389103,102.195274;116.899490;131.129013;129.599106;128.217987;126.965988;125.829720;112.252083;98.601341;99.606560;100.547348;101.419044,npp_d20140716_t1757431_e1803235_b14079,153.055,19.4934,67.378,97.8978,49.0595,93.7303
199,VBD_npp_d20140716_t1802583_x1001087E_y039665N_l2846_s0179_v23,2017-05-23 13:09:55,3.966536,100.108696,9.38157,2014-07-16 18:02:58,2014-07-17 01:02:58,2846,179,0.264896,8,18849,0.265612,0.222145,0.674498,0.4,0.517036,0.75,0.0349075,0.0001,3.05145e-29,999999,-2.598943e-01,3,Malaysian Exclusive Economic Zone,,,SVDNB_npp_d20140716_t1757431_e1803235_b14079_c20140717000324408388_noaa_ops.h5,GDNBO_npp_d20140716_t1757431_e1803235_b14079_c20140717000324408134_noaa_ops.h5,SVI04_npp_d20140716_t1757431_e1803235_b14079_c20140717000324402868_noaa_ops.dspace_rad,VNFF_npp_d20140716_t1757431_e1803235_b14079_v21.csv,World_EEZ_v8_2014.shp,WPP_BFAR_merge.shp,KKP_IDN_merge_20161208.shp,VNF-VBD_npp_20120301-20151231_global_asia-enhanced_c201607211230.bitmask,NCEI_NGA.union.nga_lead2.add_2015ntl.mask,timezone.shp,VBD_platforms-recurring_2015_r20170330.shp,0.61607,VBD_bridges_c20160811.shp,22.302559;20.657581;17.812403;13.013085;8.184108;3.331987;-1.539063;0.598278;2.699680;7.587820;12.484635;17.389103,102.195274;116.899490;131.129013;129.599106;128.217987;126.965988;125.829720;112.252083;98.601341;99.606560;100.547348;101.419044,npp_d20140716_t1757431_e1803235_b14079,153.149,19.5327,67.3743,97.9516,49.0658,93.6438
200,VBD_npp_d20140716_t1802583_x1001146E_y039588N_l2847_s0180_v23,2017-05-23 13:09:55,3.958768,100.114616,13.4299,2014-07-16 18:02:58,2014-07-17 01:02:58,2847,180,0.25904,7,18849,0.249009,0.204889,0.679962,0.4,0.558217,0.75,0.0349129,0.0001,3.23047e-29,999999,-1.257799e-01,3,,,,SVDNB_npp_d20140716_t1757431_e1803235_b14079_c20140717000324408388_noaa_ops.h5,GDNBO_npp_d20140716_t1757431_e1803235_b14079_c20140717000324408134_noaa_ops.h5,SVI04_npp_d20140716_t1757431_e1803235_b14079_c20140717000324402868_noaa_ops.dspace_rad,VNFF_npp_d20140716_t1757431_e1803235_b14079_v21.csv,World_EEZ_v8_2014.shp,WPP_BFAR_merge.shp,KKP_IDN_merge_20161208.shp,VNF-VBD_npp_20120301-20151231_global_asia-enhanced_c201607211230.bitmask,NCEI_NGA.union.nga_lead2.add_2015ntl.mask,timezone.shp,VBD_platforms-recurring_2015_r20170330.shp,0.47671,VBD_bridges_c20160811.shp,22.302559;20.657581;17.812403;13.013085;8.184108;3.331987;-1.539063;0.598278;2.699680;7.587820;12.484635;17.389103,102.195274;116.899490;131.129013;129.599106;128.217987;126.965988;125.829720;112.252083;98.601341;99.606560;100.547348;101.419044,npp_d20140716_t1757431_e1803235_b14079,153.154,19.5493,67.3574,97.9215,49.0593,93.6377
201,VBD_npp_d20140716_t1803001_x1001137E_y039503N_l2849_s0181_v23,2017-05-23 13:09:55,3.950311,100.113678,20.4166,2014-07-16 18:03:00,2014-07-17 01:03:00,2849,181,0.244014,2,2465,0.405557,0.160678,0.679962,0.4,0.732476,0.75,0.0349174,0.0001,3.51179e-29,999999,2.178396e-01,3,Malaysian Exclusive Economic Zone,,,SVDNB_npp_d20140716_t1757431_e1803235_b14079_c20140717000324408388_noaa_ops.h5,GDNBO_npp_d20140716_t1757431_e1803235_b14079_c20140717000324408134_noaa_ops.h5,SVI04_npp_d20140716_t1757431_e1803235_b14079_c20140717000324402868_noaa_ops.dspace_rad,VNFF_npp_d20140716_t1757431_e1803235_b14079_v21.csv,World_EEZ_v8_2014.shp,WPP_BFAR_merge.shp,KKP_IDN_merge_20161208.shp,VNF-VBD_npp_20120301-20151231_global_asia-enhanced_c201607211230.bitmask,NCEI_NGA.union.nga_lead2.add_2015ntl.mask,timezone.shp,VBD_platforms-recurring_2015_r20170330.shp,999999,VBD_bridges_c20160811.shp,22.302559;20.657581;17.812403;13.013085;8.184108;3.331987;-1.539063;0.598278;2.699680;7.587820;12.484635;17.389103,102.195274;116.899490;131.129013;129.599106;128.217987;126.965988;125.829720;112.252083;98.601341;99.606560;100.547348;101.419044,npp_d20140716_t1757431_e1803235_b14079,153.16,19.5674,67.3386,98.371,49.0525,93.6308
203,VBD_npp_d20140716_t1802548_x1001826E_y042361N_l2804_s0182_v23,2017-05-23 13:09:55,4.236068,100.182579,9.49751,2014-07-16 18:02:54,2014-07-17 01:02:54,2804,182,0.160097,8,18849,0.255688,0.23174,0.519036,0.4,0.680461,0.75,0.0349622,0.0001,3.83458e-29,999999,-3.344721e-01,3,Malaysian Exclusive Economic Zone,,,SVDNB_npp_d20140716_t1757431_e1803235_b14079_c20140717000324408388_noaa_ops.h5,GDNBO_npp_d20140716_t1757431_e1803235_b14079_c20140717000324408134_noaa_ops.h5,SVI04_npp_d20140716_t1757431_e1803235_b14079_c20140717000324402868_noaa_ops.dspace_rad,VNFF_npp_d20140716_t1757431_e1803235_b14079_v21.csv,World_EEZ_v8_2014.shp,WPP_BFAR_merge.shp,KKP_IDN_merge_20161208.shp,VNF-VBD_npp_20120301-20151231_global_asia-enhanced_c201607211230.bitmask,NCEI_NGA.union.nga_lead2.add_2015ntl.mask,timezone.shp,VBD_platforms-recurring_2015_r20170330.shp,0.179854,VBD_bridges_c20160811.shp,22.302559;20.657581;17.812403;13.013085;8.184108;3.331987;-1.539063;0.598278;2.699680;7.587820;12.484635;17.389103,102.195274;116.899490;131.129013;129.599106;128.217987;126.965988;125.829720;112.252083;98.601341;99.606560;100.547348;101.419044,npp_d20140716_t1757431_e1803235_b14079,152.875,19.4693,67.3248,98.215,49.0238,93.8915
205,VBD_npp_d20140716_t1801489_x1009865E_y079440N_l2223_s0185_v23,2017-05-23 13:09:55,7.943962,100.986488,9.89812,2014-07-16 18:01:48,2014-07-17 01:01:48,2223,185,0.216889,8,18913,0.337116,0.193743,0.672732,0.4,0.777253,0.75,0.0351446,0.0001,6.27402e-29,999999,-3.914535e-02,3,Thailand Exclusive Economic Zone,,,SVDNB_npp_d20140716_t1757431_e1803235_b14079_c20140717000324408388_noaa_ops.h5,GDNBO_npp_d20140716_t1757431_e1803235_b14079_c20140717000324408134_noaa_ops.h5,SVI04_npp_d20140716_t1757431_e1803235_b14079_c20140717000324402868_noaa_ops.dspace_rad,VNFF_npp_d20140716_t1757431_e1803235_b14079_v21.csv,World_EEZ_v8_2014.shp,WPP_BFAR_merge.shp,KKP_IDN_merge_20161208.shp,VNF-VBD_npp_20120301-20151231_global_asia-enhanced_c201607211230.bitmask,NCEI_NGA.union.nga_lead2.add_2015ntl.mask,timezone.shp,VBD_platforms-recurring_2015_r20170330.shp,0.607064,VBD_bridges_c20160811.shp,22.302559;20.657581;17.812403;13.013085;8.184108;3.331987;-1.539063;0.598278;2.699680;7.587820;12.484635;17.389103,102.195274;116.899490;131.129013;129.599106;128.217987;126.965988;125.829720;112.252083;98.601341;99.606560;100.547348;101.419044,npp_d20140716_t1757431_e1803235_b14079,149.196,18.2598,67.2639,97.0816,48.8499,97.3022
206,VBD_npp_d20140716_t1801543_x1009237E_y076370N_l2271_s0185_v23,2017-05-23 13:09:55,7.636958,100.923676,14.4026,2014-07-16 18:01:54,2014-07-17 01:01:54,2271,185,0.238545,1,2529,0.487658,0.216948,0.843947,0.4,0.831422,0.75,0.0351251,0.0001,6.21011e-29,999999,-2.195015e-01,3,Thailand Exclusive Economic Zone,,,SVDNB_npp_d20140716_t1757431_e1803235_b14079_c20140717000324408388_noaa_ops.h5,GDNBO_npp_d20140716_t1757431_e1803235_b14079_c20140717000324408134_noaa_ops.h5,SVI04_npp_d20140716_t1757431_e1803235_b14079_c20140717000324402868_noaa_ops.dspace_rad,VNFF_npp_d20140716_t1757431_e1803235_b14079_v21.csv,World_EEZ_v8_2014.shp,WPP_BFAR_merge.shp,KKP_IDN_merge_20161208.shp,VNF-VBD_npp_20120301-20151231_global_asia-enhanced_c201607211230.bitmask,NCEI_NGA.union.nga_lead2.add_2015ntl.mask,timezone.shp,VBD_platforms-recurring_2015_r20170330.shp,999999,VBD_bridges_c20160811.shp,22.302559;20.657581;17.812403;13.013085;8.184108;3.331987;-1.539063;0.598278;2.699680;7.587820;12.484635;17.389103,102.195274;116.899490;131.129013;129.599106;128.217987;126.965988;125.829720;112.252083;98.601341;99.606560;100.547348;101.419044,npp_d20140716_t1757431_e1803235_b14079,149.5,18.3526,67.2656,97.1459,48.8523,97.0184
207,VBD_npp_d20140716_t1801561_x1009211E_y076147N_l2275_s0186_v23,2017-05-23 13:09:55,7.614715,100.921127,24.9976,2014-07-16 18:01:56,2014-07-17 01:01:56,2275,186,0.245063,8,18913,0.684556,0.169056,0.835862,0.4,0.913777,0.75,0.0351297,0.0001,6.63196e-29,999999,1.527280e-01,3,Thailand Exclusive Economic Zone,,,SVDNB_npp_d20140716_t1757431_e1803235_b14079_c20140717000324408388_noaa_ops.h5,GDNBO_npp_d20140716_t1757431_e1803235_b14079_c20140717000324408134_noaa_ops.h5,SVI04_npp_d20140716_t1757431_e1803235_b14079_c20140717000324402868_noaa_ops.dspace_rad,VNFF_npp_d20140716_t1757431_e1803235_b14079_v21.csv,World_EEZ_v8_2014.shp,WPP_BFAR_merge.shp,KKP_IDN_merge_20161208.shp,VNF-VBD_npp_20120301-20151231_global_asia-enhanced_c201607211230.bitmask,NCEI_NGA.union.nga_lead2.add_2015ntl.mask,timezone.shp,VBD_platforms-recurring_2015_r20170330.shp,0.912237,VBD_bridges_c20160811.shp,22.302559;20.657581;17.812403;13.013085;8.184108;3.331987;-1.539063;0.598278;2.699680;7.587820;12.484635;17.389103,102.195274;116.899490;131.129013;129.599106;128.217987;126.965988;125.829720;112.252083;98.601341;99.606560;100.547348;101.419044,npp_d20140716_t1757431_e1803235_b14079,149.52,18.3729,67.2467,97.5347,48.8449,96.9996
208,VBD_npp_d20140716_t1801543_x1009445E_y076343N_l2271_s0188_v23,2017-05-23 13:09:55,7.634320,100.944511,21.0113,2014-07-16 18:01:54,2014-07-17 01:01:54,2271,188,0.233794,8,18913,0.606286,0.175082,0.848942,0.4,0.88819,0.75,0.0351438,0.0001,7.4093e-29,999999,1.058862e-01,3,Thailand Exclusive Economic Zone,,,SVDNB_npp_d20140716_t1757431_e1803235_b14079_c20140717000324408388_noaa_ops.h5,GDNBO_npp_d20140716_t1757431_e1803235_b14079_c20140717000324408134_noaa_ops.h5,SVI04_npp_d20140716_t1757431_e1803235_b14079_c20140717000324402868_noaa_ops.dspace_rad,VNFF_npp_d20140716_t1757431_e1803235_b14079_v21.csv,World_EEZ_v8_2014.shp,WPP_BFAR_merge.shp,KKP_IDN_merge_20161208.shp,VNF-VBD_npp_20120301-20151231_global_asia-enhanced_c201607211230.bitmask,NCEI_NGA.union.nga_lead2.add_2015ntl.mask,timezone.shp,VBD_platforms-recurring_2015_r20170330.shp,0.700636,VBD_bridges_c20160811.shp,22.302559;20.657581;17.812403;13.013085;8.184108;3.331987;-1.539063;0.598278;2.699680;7.587820;12.484635;17.389103,102.195274;116.899490;131.129013;129.599106;128.217987;126.965988;125.829720;112.252083;98.601341;99.606560;100.547348;101.419044,npp_d20140716_t1757431_e1803235_b14079,149.496,18.3901,67.2146,97.1486,48.8312,97.0211
209,VBD_npp_d20140716_t1801561_x1009420E_y076120N_l2275_s0189_v23,2017-05-23 13:09:55,7.611966,100.941956,18.3337,2014-07-16 18:01:56,2014-07-17 01:01:56,2275,189,0.245063,1,2529,0.536129,0.146728,0.839925,0.4,0.867657,0.75,0.0351484,0.0001,7.91156e-29,999999,3.262611e-01,3,Thailand Exclusive Economic Zone,,,SVDNB_npp_d20140716_t1757431_e1803235_b14079_c20140717000324408388_noaa_ops.h5,GDNBO_npp_d20140716_t1757431_e1803235_b14079_c20140717000324408134_noaa_ops.h5,SVI04_npp_d20140716_t1757431_e1803235_b14079_c20140717000324402868_noaa_ops.dspace_rad,VNFF_npp_d20140716_t1757431_e1803235_b14079_v21.csv,World_EEZ_v8_2014.shp,WPP_BFAR_merge.shp,KKP_IDN_merge_20161208.shp,VNF-VBD_npp_20120301-20151231_global_asia-enhanced_c201607211230.bitmask,NCEI_NGA.union.nga_lead2.add_2015ntl.mask,timezone.shp,VBD_platforms-recurring_2015_r20170330.shp,999999,VBD_bridges_c20160811.shp,22.302559;20.657581;17.812403;13.013085;8.184108;3.331987;-1.539063;0.598278;2.699680;7.587820;12.484635;17.389103,102.195274;116.899490;131.129013;129.599106;128.217987;126.965988;125.829720;112.252083;98.601341;99.606560;100.547348;101.419044,npp_d20140716_t1757431_e1803235_b14079,149.516,18.4104,67.1956,97.5375,48.8239,97.0022
211,VBD_npp_d20140716_t1802530_x1002593E_y042679N_l2797_s0191_v23,2017-05-23 13:09:55,4.267943,100.259270,12.051,2014-07-16 18:02:53,2014-07-17 01:02:53,2797,191,0.209486,1,2529,0.332967,0.17946,0.616691,0.4,0.751967,0.75,0.0350243,0.0001,6.57295e-29,999999,7.186188e-02,3,Malaysian Exclusive Economic Zone,,,SVDNB_npp_d20140716_t1757431_e1803235_b14079_c20140717000324408388_noaa_ops.h5,GDNBO_npp_d20140716_t1757431_e1803235_b14079_c20140717000324408134_noaa_ops.h5,SVI04_npp_d20140716_t1757431_e1803235_b14079_c20140717000324402868_noaa_ops.dspace_rad,VNFF_npp_d20140716_t1757431_e1803235_b14079_v21.csv,World_EEZ_v8_2014.shp,WPP_BFAR_merge.shp,KKP_IDN_merge_20161208.shp,VNF-VBD_npp_20120301-20151231_global_asia-enhanced_c201607211230.bitmask,NCEI_NGA.union.nga_lead2.add_2015ntl.mask,timezone.shp,VBD_platforms-recurring_2015_r20170330.shp,999999,VBD_bridges_c20160811.shp,22.302559;20.657581;17.812403;13.013085;8.184108;3.331987;-1.539063;0.598278;2.699680;7.587820;12.484635;17.389103,102.195274;116.899490;131.129013;129.599106;128.217987;126.965988;125.829720;112.252083;98.601341;99.606560;100.547348;101.419044,npp_d20140716_t1757431_e1803235_b14079,152.822,19.5806,67.1683,97.9208,48.956,93.9294
220,VBD_npp_d20140716_t1801596_x1009595E_y073924N_l2308_s0198_v23,2017-05-23 13:09:55,7.392438,100.959488,20.5158,2014-07-16 18:01:59,2014-07-17 01:01:59,2308,198,0.226833,8,18913,0.590883,0.2014,0.775741,0.4,0.875571,0.75,0.035189,0.0001,1.30764e-28,999999,-9.865918e-02,3,Thailand Exclusive Economic Zone,,,SVDNB_npp_d20140716_t1757431_e1803235_b14079_c20140717000324408388_noaa_ops.h5,GDNBO_npp_d20140716_t1757431_e1803235_b14079_c20140717000324408134_noaa_ops.h5,SVI04_npp_d20140716_t1757431_e1803235_b14079_c20140717000324402868_noaa_ops.dspace_rad,VNFF_npp_d20140716_t1757431_e1803235_b14079_v21.csv,World_EEZ_v8_2014.shp,WPP_BFAR_merge.shp,KKP_IDN_merge_20161208.shp,VNF-VBD_npp_20120301-20151231_global_asia-enhanced_c201607211230.bitmask,NCEI_NGA.union.nga_lead2.add_2015ntl.mask,timezone.shp,VBD_platforms-recurring_2015_r20170330.shp,0.15355,VBD_bridges_c20160811.shp,22.302559;20.657581;17.812403;13.013085;8.184108;3.331987;-1.539063;0.598278;2.699680;7.587820;12.484635;17.389103,102.195274;116.899490;131.129013;129.599106;128.217987;126.965988;125.829720;112.252083;98.601341;99.606560;100.547348;101.419044,npp_d20140716_t1757431_e1803235_b14079,149.714,18.5853,67.0475,97.5573,48.7655,96.8136
222,VBD_npp_d20140716_t1801561_x1010093E_y075413N_l2284_s0200_v23,2017-05-23 13:09:55,7.541338,101.009262,22.0178,2014-07-16 18:01:56,2014-07-17 01:01:56,2284,200,0.186283,8,18913,0.597833,0.188798,0.749804,0.4,0.867225,0.75,0.0352131,0.0001,1.4889e-28,999999,-7.167758e-04,3,Thailand Exclusive Economic Zone,,,SVDNB_npp_d20140716_t1757431_e1803235_b14079_c20140717000324408388_noaa_ops.h5,GDNBO_npp_d20140716_t1757431_e1803235_b14079_c20140717000324408134_noaa_ops.h5,SVI04_npp_d20140716_t1757431_e1803235_b14079_c20140717000324402868_noaa_ops.dspace_rad,VNFF_npp_d20140716_t1757431_e1803235_b14079_v21.csv,World_EEZ_v8_2014.shp,WPP_BFAR_merge.shp,KKP_IDN_merge_20161208.shp,VNF-VBD_npp_20120301-20151231_global_asia-enhanced_c201607211230.bitmask,NCEI_NGA.union.nga_lead2.add_2015ntl.mask,timezone.shp,VBD_platforms-recurring_2015_r20170330.shp,0.562856,VBD_bridges_c20160811.shp,22.302559;20.657581;17.812403;13.013085;8.184108;3.331987;-1.539063;0.598278;2.699680;7.587820;12.484635;17.389103,102.195274;116.899490;131.129013;129.599106;128.217987;126.965988;125.829720;112.252083;98.601341;99.606560;100.547348;101.419044,npp_d20140716_t1757431_e1803235_b14079,149.562,18.565,67.0101,97.2712,48.7482,96.9553
223,VBD_npp_d20140716_t1801578_x1009871E_y074188N_l2303_s0200_v23,2017-05-23 13:09:55,7.418798,100.987099,22.6658,2014-07-16 18:01:57,2014-07-17 01:01:57,2303,200,0.233352,8,18913,0.608187,0.189026,0.808149,0.4,0.863396,0.75,0.0352039,0.0001,1.49982e-28,999999,-2.487501e-03,3,Thailand Exclusive Economic Zone,,,SVDNB_npp_d20140716_t1757431_e1803235_b14079_c20140717000324408388_noaa_ops.h5,GDNBO_npp_d20140716_t1757431_e1803235_b14079_c20140717000324408134_noaa_ops.h5,SVI04_npp_d20140716_t1757431_e1803235_b14079_c20140717000324402868_noaa_ops.dspace_rad,VNFF_npp_d20140716_t1757431_e1803235_b14079_v21.csv,World_EEZ_v8_2014.shp,WPP_BFAR_merge.shp,KKP_IDN_merge_20161208.shp,VNF-VBD_npp_20120301-20151231_global_asia-enhanced_c201607211230.bitmask,NCEI_NGA.union.nga_lead2.add_2015ntl.mask,timezone.shp,VBD_platforms-recurring_2015_r20170330.shp,0.241177,VBD_bridges_c20160811.shp,22.302559;20.657581;17.812403;13.013085;8.184108;3.331987;-1.539063;0.598278;2.699680;7.587820;12.484635;17.389103,102.195274;116.899490;131.129013;129.599106;128.217987;126.965988;125.829720;112.252083;98.601341;99.606560;100.547348;101.419044,npp_d20140716_t1757431_e1803235_b14079,149.682,18.606,67.007,97.2017,48.7483,96.8421
226,VBD_npp_d20140716_t1802032_x1009755E_y071456N_l2345_s0207_v23,2017-05-23 13:09:55,7.145624,100.975525,11.9687,2014-07-16 18:02:03,2014-07-17 01:02:03,2345,207,0.109217,2,2465,0.279827,0.155664,0.559589,0.4,0.692156,0.75,0.0352268,0.0001,2.18867e-28,999999,2.568080e-01,3,Thailand Exclusive Economic Zone,,,SVDNB_npp_d20140716_t1757431_e1803235_b14079_c20140717000324408388_noaa_ops.h5,GDNBO_npp_d20140716_t1757431_e1803235_b14079_c20140717000324408134_noaa_ops.h5,SVI04_npp_d20140716_t1757431_e1803235_b14079_c20140717000324402868_noaa_ops.dspace_rad,VNFF_npp_d20140716_t1757431_e1803235_b14079_v21.csv,World_EEZ_v8_2014.shp,WPP_BFAR_merge.shp,KKP_IDN_merge_20161208.shp,VNF-VBD_npp_20120301-20151231_global_asia-enhanced_c201607211230.bitmask,NCEI_NGA.union.nga_lead2.add_2015ntl.mask,timezone.shp,VBD_platforms-recurring_2015_r20170330.shp,999999,VBD_bridges_c20160811.shp,22.302559;20.657581;17.812403;13.013085;8.184108;3.331987;-1.539063;0.598278;2.699680;7.587820;12.484635;17.389103,102.195274;116.899490;131.129013;129.599106;128.217987;126.965988;125.829720;112.252083;98.601341;99.606560;100.547348;101.419044,npp_d20140716_t1757431_e1803235_b14079,149.938,18.775,66.8929,97.4536,48.706,96.5996
228,VBD_npp_d20140716_t1802583_x1003275E_y039355N_l2846_s0211_v23,2017-05-23 13:09:55,3.935520,100.327484,19.2843,2014-07-16 18:02:58,2014-07-17 01:02:58,2846,211,0.27705,8,18913,0.572911,0.187712,0.786842,0.4,0.874081,0.75,0.0351065,0.0001,1.97926e-28,999999,7.729228e-03,3,Malaysian Exclusive Economic Zone,,,SVDNB_npp_d20140716_t1757431_e1803235_b14079_c20140717000324408388_noaa_ops.h5,GDNBO_npp_d20140716_t1757431_e1803235_b14079_c20140717000324408134_noaa_ops.h5,SVI04_npp_d20140716_t1757431_e1803235_b14079_c20140717000324402868_noaa_ops.dspace_rad,VNFF_npp_d20140716_t1757431_e1803235_b14079_v21.csv,World_EEZ_v8_2014.shp,WPP_BFAR_merge.shp,KKP_IDN_merge_20161208.shp,VNF-VBD_npp_20120301-20151231_global_asia-enhanced_c201607211230.bitmask,NCEI_NGA.union.nga_lead2.add_2015ntl.mask,timezone.shp,VBD_platforms-recurring_2015_r20170330.shp,0.6852,VBD_bridges_c20160811.shp,22.302559;20.657581;17.812403;13.013085;8.184108;3.331987;-1.539063;0.598278;2.699680;7.587820;12.484635;17.389103,102.195274;116.899490;131.129013;129.599106;128.217987;126.965988;125.829720;112.252083;98.601341;99.606560;100.547348;101.419044,npp_d20140716_t1757431_e1803235_b14079,153.104,19.9738,66.8309,97.9657,48.8435,93.6436
229,VBD_npp_d20140716_t1803001_x1003123E_y038799N_l2855_s0211_v23,2017-05-23 13:09:55,3.879903,100.312332,45.4827,2014-07-16 18:03:00,2014-07-17 01:03:00,2855,211,0.294507,8,18913,0.892075,0.192888,0.842606,0.4,0.933724,0.75,0.0350988,0.0001,1.98634e-28,999999,-3.250435e-02,3,Malaysian Exclusive Economic Zone,,,SVDNB_npp_d20140716_t1757431_e1803235_b14079_c20140717000324408388_noaa_ops.h5,GDNBO_npp_d20140716_t1757431_e1803235_b14079_c20140717000324408134_noaa_ops.h5,SVI04_npp_d20140716_t1757431_e1803235_b14079_c20140717000324402868_noaa_ops.dspace_rad,VNFF_npp_d20140716_t1757431_e1803235_b14079_v21.csv,World_EEZ_v8_2014.shp,WPP_BFAR_merge.shp,KKP_IDN_merge_20161208.shp,VNF-VBD_npp_20120301-20151231_global_asia-enhanced_c201607211230.bitmask,NCEI_NGA.union.nga_lead2.add_2015ntl.mask,timezone.shp,VBD_platforms-recurring_2015_r20170330.shp,0.48781,VBD_bridges_c20160811.shp,22.302559;20.657581;17.812403;13.013085;8.184108;3.331987;-1.539063;0.598278;2.699680;7.587820;12.484635;17.389103,102.195274;116.899490;131.129013;129.599106;128.217987;126.965988;125.829720;112.252083;98.601341;99.606560;100.547348;101.419044,npp_d20140716_t1757431_e1803235_b14079,153.159,19.9965,66.8299,98.2014,48.848,93.5927
233,VBD_npp_d20140716_t1801507_x1011784E_y078082N_l2240_s0216_v23,2017-05-23 13:09:55,7.808228,101.178421,9.74056,2014-07-16 18:01:50,2014-07-17 01:01:50,2240,216,0.170925,8,18913,0.323628,0.193155,0.590685,0.4,0.781102,0.75,0.0353303,0.0001,3.75173e-28,999999,-3.457767e-02,3,Thailand Exclusive Economic Zone,,,SVDNB_npp_d20140716_t1757431_e1803235_b14079_c20140717000324408388_noaa_ops.h5,GDNBO_npp_d20140716_t1757431_e1803235_b14079_c20140717000324408134_noaa_ops.h5,SVI04_npp_d20140716_t1757431_e1803235_b14079_c20140717000324402868_noaa_ops.dspace_rad,VNFF_npp_d20140716_t1757431_e1803235_b14079_v21.csv,World_EEZ_v8_2014.shp,WPP_BFAR_merge.shp,KKP_IDN_merge_20161208.shp,VNF-VBD_npp_20120301-20151231_global_asia-enhanced_c201607211230.bitmask,NCEI_NGA.union.nga_lead2.add_2015ntl.mask,timezone.shp,VBD_platforms-recurring_2015_r20170330.shp,0.0829713,VBD_bridges_c20160811.shp,22.302559;20.657581;17.812403;13.013085;8.184108;3.331987;-1.539063;0.598278;2.699680;7.587820;12.484635;17.389103,102.195274;116.899490;131.129013;129.599106;128.217987;126.965988;125.829720;112.252083;98.601341;99.606560;100.547348;101.419044,npp_d20140716_t1757431_e1803235_b14079,149.262,18.6739,66.7363,97.1013,48.6347,97.2306
235,VBD_npp_d20140716_t1801525_x1011752E_y078053N_l2241_s0217_v23,2017-05-23 13:09:55,7.805276,101.175186,6.45772,2014-07-16 18:01:52,2014-07-17 01:01:52,2241,217,0.163467,8,18593,0.21331,0.204221,0.590685,0.4,0.579188,0.75,0.0353361,0.0001,3.89531e-28,999999,-1.205863e-01,3,Thailand Exclusive Economic Zone,,,SVDNB_npp_d20140716_t1757431_e1803235_b14079_c20140717000324408388_noaa_ops.h5,GDNBO_npp_d20140716_t1757431_e1803235_b14079_c20140717000324408134_noaa_ops.h5,SVI04_npp_d20140716_t1757431_e1803235_b14079_c20140717000324402868_noaa_ops.dspace_rad,VNFF_npp_d20140716_t1757431_e1803235_b14079_v21.csv,World_EEZ_v8_2014.shp,WPP_BFAR_merge.shp,KKP_IDN_merge_20161208.shp,VNF-VBD_npp_20120301-20151231_global_asia-enhanced_c201607211230.bitmask,NCEI_NGA.union.nga_lead2.add_2015ntl.mask,timezone.shp,VBD_platforms-recurring_2015_r20170330.shp,0.554813,VBD_bridges_c20160811.shp,22.302559;20.657581;17.812403;13.013085;8.184108;3.331987;-1.539063;0.598278;2.699680;7.587820;12.484635;17.389103,102.195274;116.899490;131.129013;129.599106;128.217987;126.965988;125.829720;112.252083;98.601341;99.606560;100.547348;101.419044,npp_d20140716_t1757431_e1803235_b14079,149.264,18.6826,66.7249,97.583,48.6304,97.2288
236,VBD_npp_d20140716_t1801489_x1012179E_y079557N_l2217_s0218_v23,2017-05-23 13:09:55,7.955708,101.217911,18.6553,2014-07-16 18:01:48,2014-07-17 01:01:48,2217,218,0.130542,8,18913,0.495026,0.182908,0.708472,0.4,0.773411,0.75,0.0353521,0.0001,4.17456e-28,999999,4.506697e-02,3,Thailand Exclusive Economic Zone,,,SVDNB_npp_d20140716_t1757431_e1803235_b14079_c20140717000324408388_noaa_ops.h5,GDNBO_npp_d20140716_t1757431_e1803235_b14079_c20140717000324408134_noaa_ops.h5,SVI04_npp_d20140716_t1757431_e1803235_b14079_c20140717000324402868_noaa_ops.dspace_rad,VNFF_npp_d20140716_t1757431_e1803235_b14079_v21.csv,World_EEZ_v8_2014.shp,WPP_BFAR_merge.shp,KKP_IDN_merge_20161208.shp,VNF-VBD_npp_20120301-20151231_global_asia-enhanced_c201607211230.bitmask,NCEI_NGA.union.nga_lead2.add_2015ntl.mask,timezone.shp,VBD_platforms-recurring_2015_r20170330.shp,0.649357,VBD_bridges_c20160811.shp,22.302559;20.657581;17.812403;13.013085;8.184108;3.331987;-1.539063;0.598278;2.699680;7.587820;12.484635;17.389103,102.195274;116.899490;131.129013;129.599106;128.217987;126.965988;125.829720;112.252083;98.601341;99.606560;100.547348;101.419044,npp_d20140716_t1757431_e1803235_b14079,149.112,18.6496,66.7043,97.2964,48.6215,97.3711
241,VBD_npp_d20140716_t1803037_x1003547E_y036764N_l2885_s0224_v23,2017-05-23 13:09:55,3.676427,100.354691,22.2276,2014-07-16 18:03:03,2014-07-17 01:03:03,2885,224,0.333123,8,18913,0.649539,0.181877,0.803875,0.4,0.899529,0.75,0.0351524,0.0001,3.94984e-28,999999,5.307600e-02,3,Malaysian Exclusive Economic Zone,,,SVDNB_npp_d20140716_t1757431_e1803235_b14079_c20140717000324408388_noaa_ops.h5,GDNBO_npp_d20140716_t1757431_e1803235_b14079_c20140717000324408134_noaa_ops.h5,SVI04_npp_d20140716_t1757431_e1803235_b14079_c20140717000324402868_noaa_ops.dspace_rad,VNFF_npp_d20140716_t1757431_e1803235_b14079_v21.csv,World_EEZ_v8_2014.shp,WPP_BFAR_merge.shp,KKP_IDN_merge_20161208.shp,VNF-VBD_npp_20120301-20151231_global_asia-enhanced_c201607211230.bitmask,NCEI_NGA.union.nga_lead2.add_2015ntl.mask,timezone.shp,VBD_platforms-recurring_2015_r20170330.shp,0.31013,VBD_bridges_c20160811.shp,22.302559;20.657581;17.812403;13.013085;8.184108;3.331987;-1.539063;0.598278;2.699680;7.587820;12.484635;17.389103,102.195274;116.899490;131.129013;129.599106;128.217987;126.965988;125.829720;112.252083;98.601341;99.606560;100.547348;101.419044,npp_d20140716_t1757431_e1803235_b14079,153.331,20.2453,66.6159,98.3123,48.7783,93.4169
242,VBD_npp_d20140716_t1802530_x1004977E_y042471N_l2795_s0226_v23,2017-05-23 13:09:55,4.247096,100.497704,10.3334,2014-07-16 18:02:53,2014-07-17 01:02:53,2795,226,0.163854,8,18593,0.20398,0.166266,0.428121,0.4,0.56842,0.75,0.0352429,0.0001,4.88216e-28,999999,1.744101e-01,3,Malaysian Exclusive Economic Zone,,,SVDNB_npp_d20140716_t1757431_e1803235_b14079_c20140717000324408388_noaa_ops.h5,GDNBO_npp_d20140716_t1757431_e1803235_b14079_c20140717000324408134_noaa_ops.h5,SVI04_npp_d20140716_t1757431_e1803235_b14079_c20140717000324402868_noaa_ops.dspace_rad,VNFF_npp_d20140716_t1757431_e1803235_b14079_v21.csv,World_EEZ_v8_2014.shp,WPP_BFAR_merge.shp,KKP_IDN_merge_20161208.shp,VNF-VBD_npp_20120301-20151231_global_asia-enhanced_c201607211230.bitmask,NCEI_NGA.union.nga_lead2.add_2015ntl.mask,timezone.shp,VBD_platforms-recurring_2015_r20170330.shp,0.290825,VBD_bridges_c20160811.shp,22.302559;20.657581;17.812403;13.013085;8.184108;3.331987;-1.539063;0.598278;2.699680;7.587820;12.484635;17.389103,102.195274;116.899490;131.129013;129.599106;128.217987;126.965988;125.829720;112.252083;98.601341;99.606560;100.547348;101.419044,npp_d20140716_t1757431_e1803235_b14079,152.761,20.0471,66.5754,97.9953,48.7146,93.943
248,VBD_npp_d20140716_t1801507_x1012841E_y078634N_l2230_s0230_v23,2017-05-23 13:09:55,7.863400,101.284065,14.8765,2014-07-16 18:01:50,2014-07-17 01:01:50,2230,230,0.206613,8,18913,0.458276,0.178956,0.741671,0.4,0.788084,0.75,0.035421,0.0001,8.35692e-28,999999,7.577673e-02,3,Thailand Exclusive Economic Zone,,,SVDNB_npp_d20140716_t1757431_e1803235_b14079_c20140717000324408388_noaa_ops.h5,GDNBO_npp_d20140716_t1757431_e1803235_b14079_c20140717000324408134_noaa_ops.h5,SVI04_npp_d20140716_t1757431_e1803235_b14079_c20140717000324402868_noaa_ops.dspace_rad,VNFF_npp_d20140716_t1757431_e1803235_b14079_v21.csv,World_EEZ_v8_2014.shp,WPP_BFAR_merge.shp,KKP_IDN_merge_20161208.shp,VNF-VBD_npp_20120301-20151231_global_asia-enhanced_c201607211230.bitmask,NCEI_NGA.union.nga_lead2.add_2015ntl.mask,timezone.shp,VBD_platforms-recurring_2015_r20170330.shp,0.569213,VBD_bridges_c20160811.shp,22.302559;20.657581;17.812403;13.013085;8.184108;3.331987;-1.539063;0.598278;2.699680;7.587820;12.484635;17.389103,102.195274;116.899490;131.129013;129.599106;128.217987;126.965988;125.829720;112.252083;98.601341;99.606560;100.547348;101.419044,npp_d20140716_t1757431_e1803235_b14079,149.176,18.8248,66.4929,97.4261,48.5367,97.3065
253,VBD_npp_d20140716_t1801525_x1012972E_y077136N_l2252_s0236_v23,2017-05-23 13:09:55,7.713644,101.297165,13.5903,2014-07-16 18:01:52,2014-07-17 01:01:52,2252,236,0.268321,1,2529,0.474061,0.168172,0.832406,0.4,0.834402,0.75,0.0354492,0.0001,1.15281e-27,999999,1.595945e-01,3,Thailand Exclusive Economic Zone,,,SVDNB_npp_d20140716_t1757431_e1803235_b14079_c20140717000324408388_noaa_ops.h5,GDNBO_npp_d20140716_t1757431_e1803235_b14079_c20140717000324408134_noaa_ops.h5,SVI04_npp_d20140716_t1757431_e1803235_b14079_c20140717000324402868_noaa_ops.dspace_rad,VNFF_npp_d20140716_t1757431_e1803235_b14079_v21.csv,World_EEZ_v8_2014.shp,WPP_BFAR_merge.shp,KKP_IDN_merge_20161208.shp,VNF-VBD_npp_20120301-20151231_global_asia-enhanced_c201607211230.bitmask,NCEI_NGA.union.nga_lead2.add_2015ntl.mask,timezone.shp,VBD_platforms-recurring_2015_r20170330.shp,999999,VBD_bridges_c20160811.shp,22.302559;20.657581;17.812403;13.013085;8.184108;3.331987;-1.539063;0.598278;2.699680;7.587820;12.484635;17.389103,102.195274;116.899490;131.129013;129.599106;128.217987;126.965988;125.829720;112.252083;98.601341;99.606560;100.547348;101.419044,npp_d20140716_t1757431_e1803235_b14079,149.311,18.9414,66.3934,97.2565,48.4974,97.1766
254,VBD_npp_d20140716_t1801525_x1013013E_y076919N_l2255_s0237_v23,2017-05-23 13:09:55,7.691899,101.301331,16.8502,2014-07-16 18:01:52,2014-07-17 01:01:52,2255,237,0.267106,8,18913,0.552616,0.176968,0.830218,0.4,0.858751,0.75,0.0354542,0.0001,1.21898e-27,999999,9.123349e-02,3,Thailand Exclusive Economic Zone,,,SVDNB_npp_d20140716_t1757431_e1803235_b14079_c20140717000324408388_noaa_ops.h5,GDNBO_npp_d20140716_t1757431_e1803235_b14079_c20140717000324408134_noaa_ops.h5,SVI04_npp_d20140716_t1757431_e1803235_b14079_c20140717000324402868_noaa_ops.dspace_rad,VNFF_npp_d20140716_t1757431_e1803235_b14079_v21.csv,World_EEZ_v8_2014.shp,WPP_BFAR_merge.shp,KKP_IDN_merge_20161208.shp,VNF-VBD_npp_20120301-20151231_global_asia-enhanced_c201607211230.bitmask,NCEI_NGA.union.nga_lead2.add_2015ntl.mask,timezone.shp,VBD_platforms-recurring_2015_r20170330.shp,0.148882,VBD_bridges_c20160811.shp,22.302559;20.657581;17.812403;13.013085;8.184108;3.331987;-1.539063;0.598278;2.699680;7.587820;12.484635;17.389103,102.195274;116.899490;131.129013;129.599106;128.217987;126.965988;125.829720;112.252083;98.601341;99.606560;100.547348;101.419044,npp_d20140716_t1757431_e1803235_b14079,149.331,18.9604,66.3761,97.1603,48.4906,97.1581
255,VBD_npp_d20140716_t1801543_x1013022E_y076857N_l2257_s0238_v23,2017-05-23 13:09:55,7.685725,101.302193,14.4509,2014-07-16 18:01:54,2014-07-17 01:01:54,2257,238,0.254234,8,18913,0.489439,0.157341,0.830218,0.4,0.860412,0.75,0.0354596,0.0001,1.31211e-27,999999,2.437757e-01,3,Thailand Exclusive Economic Zone,,,SVDNB_npp_d20140716_t1757431_e1803235_b14079_c20140717000324408388_noaa_ops.h5,GDNBO_npp_d20140716_t1757431_e1803235_b14079_c20140717000324408134_noaa_ops.h5,SVI04_npp_d20140716_t1757431_e1803235_b14079_c20140717000324402868_noaa_ops.dspace_rad,VNFF_npp_d20140716_t1757431_e1803235_b14079_v21.csv,World_EEZ_v8_2014.shp,WPP_BFAR_merge.shp,KKP_IDN_merge_20161208.shp,VNF-VBD_npp_20120301-20151231_global_asia-enhanced_c201607211230.bitmask,NCEI_NGA.union.nga_lead2.add_2015ntl.mask,timezone.shp,VBD_platforms-recurring_2015_r20170330.shp,0.703419,VBD_bridges_c20160811.shp,22.302559;20.657581;17.812403;13.013085;8.184108;3.331987;-1.539063;0.598278;2.699680;7.587820;12.484635;17.389103,102.195274;116.899490;131.129013;129.599106;128.217987;126.965988;125.829720;112.252083;98.601341;99.606560;100.547348;101.419044,npp_d20140716_t1757431_e1803235_b14079,149.334,18.978,66.3534,97.636,48.4818,97.1543
256,VBD_npp_d20140716_t1801489_x1013589E_y078950N_l2223_s0239_v23,2017-05-23 13:09:55,7.895041,101.358894,10.4365,2014-07-16 18:01:48,2014-07-17 01:01:48,2223,239,0.143635,2,2465,0.314671,0.200786,0.683291,0.4,0.735381,0.75,0.0354796,0.0001,1.39205e-27,999999,-9.389143e-02,3,Thailand Exclusive Economic Zone,,,SVDNB_npp_d20140716_t1757431_e1803235_b14079_c20140717000324408388_noaa_ops.h5,GDNBO_npp_d20140716_t1757431_e1803235_b14079_c20140717000324408134_noaa_ops.h5,SVI04_npp_d20140716_t1757431_e1803235_b14079_c20140717000324402868_noaa_ops.dspace_rad,VNFF_npp_d20140716_t1757431_e1803235_b14079_v21.csv,World_EEZ_v8_2014.shp,WPP_BFAR_merge.shp,KKP_IDN_merge_20161208.shp,VNF-VBD_npp_20120301-20151231_global_asia-enhanced_c201607211230.bitmask,NCEI_NGA.union.nga_lead2.add_2015ntl.mask,timezone.shp,VBD_platforms-recurring_2015_r20170330.shp,999999,VBD_bridges_c20160811.shp,22.302559;20.657581;17.812403;13.013085;8.184108;3.331987;-1.539063;0.598278;2.699680;7.587820;12.484635;17.389103,102.195274;116.899490;131.129013;129.599106;128.217987;126.965988;125.829720;112.252083;98.601341;99.606560;100.547348;101.419044,npp_d20140716_t1757431_e1803235_b14079,149.125,18.9227,66.3357,97.1215,48.4735,97.3522
259,VBD_npp_d20140716_t1801507_x1013512E_y078264N_l2234_s0240_v23,2017-05-23 13:09:55,7.826406,101.351158,12.5203,2014-07-16 18:01:50,2014-07-17 01:01:50,2234,240,0.197443,1,2529,0.441335,0.155669,0.752647,0.4,0.849099,0.75,0.0354813,0.0001,1.49149e-27,999999,2.567726e-01,3,Thailand Exclusive Economic Zone,,,SVDNB_npp_d20140716_t1757431_e1803235_b14079_c20140717000324408388_noaa_ops.h5,GDNBO_npp_d20140716_t1757431_e1803235_b14079_c20140717000324408134_noaa_ops.h5,SVI04_npp_d20140716_t1757431_e1803235_b14079_c20140717000324402868_noaa_ops.dspace_rad,VNFF_npp_d20140716_t1757431_e1803235_b14079_v21.csv,World_EEZ_v8_2014.shp,WPP_BFAR_merge.shp,KKP_IDN_merge_20161208.shp,VNF-VBD_npp_20120301-20151231_global_asia-enhanced_c201607211230.bitmask,NCEI_NGA.union.nga_lead2.add_2015ntl.mask,timezone.shp,VBD_platforms-recurring_2015_r20170330.shp,999999,VBD_bridges_c20160811.shp,22.302559;20.657581;17.812403;13.013085;8.184108;3.331987;-1.539063;0.598278;2.699680;7.587820;12.484635;17.389103,102.195274;116.899490;131.129013;129.599106;128.217987;126.965988;125.829720;112.252083;98.601341;99.606560;100.547348;101.419044,npp_d20140716_t1757431_e1803235_b14079,149.19,18.9595,66.3139,97.3063,48.4653,97.29
260,VBD_npp_d20140716_t1801507_x1013473E_y077987N_l2238_s0240_v23,2017-05-23 13:09:55,7.798663,101.347305,8.87377,2014-07-16 18:01:50,2014-07-17 01:01:50,2238,240,0.201862,8,18913,0.31764,0.200287,0.76849,0.4,0.795622,0.75,0.0354797,0.0001,1.48789e-27,999999,-9.001362e-02,3,Thailand Exclusive Economic Zone,,,SVDNB_npp_d20140716_t1757431_e1803235_b14079_c20140717000324408388_noaa_ops.h5,GDNBO_npp_d20140716_t1757431_e1803235_b14079_c20140717000324408134_noaa_ops.h5,SVI04_npp_d20140716_t1757431_e1803235_b14079_c20140717000324402868_noaa_ops.dspace_rad,VNFF_npp_d20140716_t1757431_e1803235_b14079_v21.csv,World_EEZ_v8_2014.shp,WPP_BFAR_merge.shp,KKP_IDN_merge_20161208.shp,VNF-VBD_npp_20120301-20151231_global_asia-enhanced_c201607211230.bitmask,NCEI_NGA.union.nga_lead2.add_2015ntl.mask,timezone.shp,VBD_platforms-recurring_2015_r20170330.shp,0.696347,VBD_bridges_c20160811.shp,22.302559;20.657581;17.812403;13.013085;8.184108;3.331987;-1.539063;0.598278;2.699680;7.587820;12.484635;17.389103,102.195274;116.899490;131.129013;129.599106;128.217987;126.965988;125.829720;112.252083;98.601341;99.606560;100.547348;101.419044,npp_d20140716_t1757431_e1803235_b14079,149.217,18.968,66.3146,97.1768,48.4655,97.2641
263,VBD_npp_d20140716_t1801543_x1013189E_y075988N_l2269_s0242_v23,2017-05-23 13:09:55,7.598792,101.318863,11.0248,2014-07-16 18:01:54,2014-07-17 01:01:54,2269,242,0.249096,1,2529,0.424552,0.17873,0.766108,0.4,0.836624,0.75,0.0354795,0.0001,1.64106e-27,999999,7.753466e-02,3,Thailand Exclusive Economic Zone,,,SVDNB_npp_d20140716_t1757431_e1803235_b14079_c20140717000324408388_noaa_ops.h5,GDNBO_npp_d20140716_t1757431_e1803235_b14079_c20140717000324408134_noaa_ops.h5,SVI04_npp_d20140716_t1757431_e1803235_b14079_c20140717000324402868_noaa_ops.dspace_rad,VNFF_npp_d20140716_t1757431_e1803235_b14079_v21.csv,World_EEZ_v8_2014.shp,WPP_BFAR_merge.shp,KKP_IDN_merge_20161208.shp,VNF-VBD_npp_20120301-20151231_global_asia-enhanced_c201607211230.bitmask,NCEI_NGA.union.nga_lead2.add_2015ntl.mask,timezone.shp,VBD_platforms-recurring_2015_r20170330.shp,999999,VBD_bridges_c20160811.shp,22.302559;20.657581;17.812403;13.013085;8.184108;3.331987;-1.539063;0.598278;2.699680;7.587820;12.484635;17.389103,102.195274;116.899490;131.129013;129.599106;128.217987;126.965988;125.829720;112.252083;98.601341;99.606560;100.547348;101.419044,npp_d20140716_t1757431_e1803235_b14079,149.411,19.0544,66.2832,97.2513,48.4543,97.08
266,VBD_npp_d20140716_t1801489_x1013941E_y078906N_l2223_s0244_v23,2017-05-23 13:09:55,7.890596,101.394104,7.6763,2014-07-16 18:01:48,2014-07-17 01:01:48,2223,244,0.133746,8,18593,0.214187,0.197477,0.645198,0.4,0.670461,0.75,0.0355105,0.0001,1.85494e-27,999999,-6.817093e-02,3,Thailand Exclusive Economic Zone,,,SVDNB_npp_d20140716_t1757431_e1803235_b14079_c20140717000324408388_noaa_ops.h5,GDNBO_npp_d20140716_t1757431_e1803235_b14079_c20140717000324408134_noaa_ops.h5,SVI04_npp_d20140716_t1757431_e1803235_b14079_c20140717000324402868_noaa_ops.dspace_rad,VNFF_npp_d20140716_t1757431_e1803235_b14079_v21.csv,World_EEZ_v8_2014.shp,WPP_BFAR_merge.shp,KKP_IDN_merge_20161208.shp,VNF-VBD_npp_20120301-20151231_global_asia-enhanced_c201607211230.bitmask,NCEI_NGA.union.nga_lead2.add_2015ntl.mask,timezone.shp,VBD_platforms-recurring_2015_r20170330.shp,0.293647,VBD_bridges_c20160811.shp,22.302559;20.657581;17.812403;13.013085;8.184108;3.331987;-1.539063;0.598278;2.699680;7.587820;12.484635;17.389103,102.195274;116.899490;131.129013;129.599106;128.217987;126.965988;125.829720;112.252083;98.601341;99.606560;100.547348;101.419044,npp_d20140716_t1757431_e1803235_b14079,149.118,18.9852,66.2462,97.1262,48.438,97.3571
269,VBD_npp_d20140716_t1801525_x1013664E_y077470N_l2246_s0245_v23,2017-05-23 13:09:55,7.747040,101.366364,16.5653,2014-07-16 18:01:52,2014-07-17 01:01:52,2246,245,0.24882,8,18913,0.55774,0.15996,0.799478,0.4,0.887826,0.75,0.0355074,0.0001,1.94192e-27,999999,2.234193e-01,3,Thailand Exclusive Economic Zone,,,SVDNB_npp_d20140716_t1757431_e1803235_b14079_c20140717000324408388_noaa_ops.h5,GDNBO_npp_d20140716_t1757431_e1803235_b14079_c20140717000324408134_noaa_ops.h5,SVI04_npp_d20140716_t1757431_e1803235_b14079_c20140717000324402868_noaa_ops.dspace_rad,VNFF_npp_d20140716_t1757431_e1803235_b14079_v21.csv,World_EEZ_v8_2014.shp,WPP_BFAR_merge.shp,KKP_IDN_merge_20161208.shp,VNF-VBD_npp_20120301-20151231_global_asia-enhanced_c201607211230.bitmask,NCEI_NGA.union.nga_lead2.add_2015ntl.mask,timezone.shp,VBD_platforms-recurring_2015_r20170330.shp,0.446324,VBD_bridges_c20160811.shp,22.302559;20.657581;17.812403;13.013085;8.184108;3.331987;-1.539063;0.598278;2.699680;7.587820;12.484635;17.389103,102.195274;116.899490;131.129013;129.599106;128.217987;126.965988;125.829720;112.252083;98.601341;99.606560;100.547348;101.419044,npp_d20140716_t1757431_e1803235_b14079,149.258,19.0415,66.2313,97.4591,48.4329,97.2239
275,VBD_npp_d20140716_t1801543_x1013727E_y076270N_l2264_s0249_v23,2017-05-23 13:09:55,7.627048,101.372696,7.45041,2014-07-16 18:01:54,2014-07-17 01:01:54,2264,249,0.268598,1,2529,0.293847,0.168342,0.713239,0.4,0.76746,0.75,0.0355248,0.0001,2.45393e-27,999999,1.582704e-01,3,Thailand Exclusive Economic Zone,,,SVDNB_npp_d20140716_t1757431_e1803235_b14079_c20140717000324408388_noaa_ops.h5,GDNBO_npp_d20140716_t1757431_e1803235_b14079_c20140717000324408134_noaa_ops.h5,SVI04_npp_d20140716_t1757431_e1803235_b14079_c20140717000324402868_noaa_ops.dspace_rad,VNFF_npp_d20140716_t1757431_e1803235_b14079_v21.csv,World_EEZ_v8_2014.shp,WPP_BFAR_merge.shp,KKP_IDN_merge_20161208.shp,VNF-VBD_npp_20120301-20151231_global_asia-enhanced_c201607211230.bitmask,NCEI_NGA.union.nga_lead2.add_2015ntl.mask,timezone.shp,VBD_platforms-recurring_2015_r20170330.shp,999999,VBD_bridges_c20160811.shp,22.302559;20.657581;17.812403;13.013085;8.184108;3.331987;-1.539063;0.598278;2.699680;7.587820;12.484635;17.389103,102.195274;116.899490;131.129013;129.599106;128.217987;126.965988;125.829720;112.252083;98.601341;99.606560;100.547348;101.419044,npp_d20140716_t1757431_e1803235_b14079,149.366,19.1311,66.1573,97.4197,48.4043,97.1187
288,VBD_npp_d20140716_t1801507_x1015074E_y077783N_l2238_s0263_v23,2017-05-23 13:09:55,7.778288,101.507431,19.3189,2014-07-16 18:01:50,2014-07-17 01:01:50,2238,263,0.20142,8,18913,0.567333,0.162323,0.823842,0.4,0.849885,0.75,0.035622,0.0001,5.44302e-27,999999,2.050531e-01,3,Thailand Exclusive Economic Zone,,,SVDNB_npp_d20140716_t1757431_e1803235_b14079_c20140717000324408388_noaa_ops.h5,GDNBO_npp_d20140716_t1757431_e1803235_b14079_c20140717000324408134_noaa_ops.h5,SVI04_npp_d20140716_t1757431_e1803235_b14079_c20140717000324402868_noaa_ops.dspace_rad,VNFF_npp_d20140716_t1757431_e1803235_b14079_v21.csv,World_EEZ_v8_2014.shp,WPP_BFAR_merge.shp,KKP_IDN_merge_20161208.shp,VNF-VBD_npp_20120301-20151231_global_asia-enhanced_c201607211230.bitmask,NCEI_NGA.union.nga_lead2.add_2015ntl.mask,timezone.shp,VBD_platforms-recurring_2015_r20170330.shp,0.569679,VBD_bridges_c20160811.shp,22.302559;20.657581;17.812403;13.013085;8.184108;3.331987;-1.539063;0.598278;2.699680;7.587820;12.484635;17.389103,102.195274;116.899490;131.129013;129.599106;128.217987;126.965988;125.829720;112.252083;98.601341;99.606560;100.547348;101.419044,npp_d20140716_t1757431_e1803235_b14079,149.185,19.2524,65.9047,97.1977,48.3037,97.2857
289,VBD_npp_d20140716_t1801507_x1015055E_y077646N_l2240_s0263_v23,2017-05-23 13:09:55,7.764555,101.505501,26.5112,2014-07-16 18:01:50,2014-07-17 01:01:50,2240,263,0.222689,8,18913,0.704965,0.200219,0.82999,0.4,0.914067,0.75,0.0356212,0.0001,5.4356e-27,999999,-8.948385e-02,3,Thailand Exclusive Economic Zone,,,SVDNB_npp_d20140716_t1757431_e1803235_b14079_c20140717000324408388_noaa_ops.h5,GDNBO_npp_d20140716_t1757431_e1803235_b14079_c20140717000324408134_noaa_ops.h5,SVI04_npp_d20140716_t1757431_e1803235_b14079_c20140717000324402868_noaa_ops.dspace_rad,VNFF_npp_d20140716_t1757431_e1803235_b14079_v21.csv,World_EEZ_v8_2014.shp,WPP_BFAR_merge.shp,KKP_IDN_merge_20161208.shp,VNF-VBD_npp_20120301-20151231_global_asia-enhanced_c201607211230.bitmask,NCEI_NGA.union.nga_lead2.add_2015ntl.mask,timezone.shp,VBD_platforms-recurring_2015_r20170330.shp,0.386851,VBD_bridges_c20160811.shp,22.302559;20.657581;17.812403;13.013085;8.184108;3.331987;-1.539063;0.598278;2.699680;7.587820;12.484635;17.389103,102.195274;116.899490;131.129013;129.599106;128.217987;126.965988;125.829720;112.252083;98.601341;99.606560;100.547348;101.419044,npp_d20140716_t1757431_e1803235_b14079,149.198,19.2567,65.9052,97.1328,48.3039,97.2727
290,VBD_npp_d20140716_t1801525_x1015097E_y077632N_l2241_s0265_v23,2017-05-23 13:09:55,7.763179,101.509735,23.7324,2014-07-16 18:01:52,2014-07-17 01:01:52,2241,265,0.228822,8,18849,0.477656,0.21485,0.82999,0.4,0.706823,0.75,0.0356332,0.0001,5.97035e-27,999999,-2.031978e-01,3,Thailand Exclusive Economic Zone,,,SVDNB_npp_d20140716_t1757431_e1803235_b14079_c20140717000324408388_noaa_ops.h5,GDNBO_npp_d20140716_t1757431_e1803235_b14079_c20140717000324408134_noaa_ops.h5,SVI04_npp_d20140716_t1757431_e1803235_b14079_c20140717000324402868_noaa_ops.dspace_rad,VNFF_npp_d20140716_t1757431_e1803235_b14079_v21.csv,World_EEZ_v8_2014.shp,WPP_BFAR_merge.shp,KKP_IDN_merge_20161208.shp,VNF-VBD_npp_20120301-20151231_global_asia-enhanced_c201607211230.bitmask,NCEI_NGA.union.nga_lead2.add_2015ntl.mask,timezone.shp,VBD_platforms-recurring_2015_r20170330.shp,0.171931,VBD_bridges_c20160811.shp,22.302559;20.657581;17.812403;13.013085;8.184108;3.331987;-1.539063;0.598278;2.699680;7.587820;12.484635;17.389103,102.195274;116.899490;131.129013;129.599106;128.217987;126.965988;125.829720;112.252083;98.601341;99.606560;100.547348;101.419044,npp_d20140716_t1757431_e1803235_b14079,149.196,19.2773,65.875,97.6403,48.2924,97.2742
293,VBD_npp_d20140716_t1801507_x1015290E_y077825N_l2237_s0266_v23,2017-05-23 13:09:55,7.782525,101.528969,16.9267,2014-07-16 18:01:50,2014-07-17 01:01:50,2237,266,0.202304,8,18913,0.533911,0.177111,0.823842,0.4,0.828572,0.75,0.035641,0.0001,6.42486e-27,999999,9.012045e-02,3,Thailand Exclusive Economic Zone,,,SVDNB_npp_d20140716_t1757431_e1803235_b14079_c20140717000324408388_noaa_ops.h5,GDNBO_npp_d20140716_t1757431_e1803235_b14079_c20140717000324408134_noaa_ops.h5,SVI04_npp_d20140716_t1757431_e1803235_b14079_c20140717000324402868_noaa_ops.dspace_rad,VNFF_npp_d20140716_t1757431_e1803235_b14079_v21.csv,World_EEZ_v8_2014.shp,WPP_BFAR_merge.shp,KKP_IDN_merge_20161208.shp,VNF-VBD_npp_20120301-20151231_global_asia-enhanced_c201607211230.bitmask,NCEI_NGA.union.nga_lead2.add_2015ntl.mask,timezone.shp,VBD_platforms-recurring_2015_r20170330.shp,0.944181,VBD_bridges_c20160811.shp,22.302559;20.657581;17.812403;13.013085;8.184108;3.331987;-1.539063;0.598278;2.699680;7.587820;12.484635;17.389103,102.195274;116.899490;131.129013;129.599106;128.217987;126.965988;125.829720;112.252083;98.601341;99.606560;100.547348;101.419044,npp_d20140716_t1757431_e1803235_b14079,149.174,19.2867,65.8514,97.2329,48.2829,97.2949
300,VBD_npp_d20140716_t1801472_x1016405E_y079997N_l2202_s0276_v23,2017-05-23 13:09:55,7.999720,101.640488,7.40679,2014-07-16 18:01:47,2014-07-17 01:01:47,2202,276,0.158661,8,18849,0.247126,0.183513,0.584194,0.4,0.715594,0.75,0.035717,0.0001,1.10067e-26,999999,4.036274e-02,3,Thailand Exclusive Economic Zone,,,SVDNB_npp_d20140716_t1757431_e1803235_b14079_c20140717000324408388_noaa_ops.h5,GDNBO_npp_d20140716_t1757431_e1803235_b14079_c20140717000324408134_noaa_ops.h5,SVI04_npp_d20140716_t1757431_e1803235_b14079_c20140717000324402868_noaa_ops.dspace_rad,VNFF_npp_d20140716_t1757431_e1803235_b14079_v21.csv,World_EEZ_v8_2014.shp,WPP_BFAR_merge.shp,KKP_IDN_merge_20161208.shp,VNF-VBD_npp_20120301-20151231_global_asia-enhanced_c201607211230.bitmask,NCEI_NGA.union.nga_lead2.add_2015ntl.mask,timezone.shp,VBD_platforms-recurring_2015_r20170330.shp,0.589457,VBD_bridges_c20160811.shp,22.302559;20.657581;17.812403;13.013085;8.184108;3.331987;-1.539063;0.598278;2.699680;7.587820;12.484635;17.389103,102.195274;116.899490;131.129013;129.599106;128.217987;126.965988;125.829720;112.252083;98.601341;99.606560;100.547348;101.419044,npp_d20140716_t1757431_e1803235_b14079,148.937,19.331,65.677,97.2992,48.2146,97.5171
301,VBD_npp_d20140716_t1801489_x1016650E_y078771N_l2220_s0283_v23,2017-05-23 13:09:55,7.877096,101.664963,11.8395,2014-07-16 18:01:48,2014-07-17 01:01:48,2220,283,0.0945224,1,2529,0.347765,0.232094,0.657944,0.4,0.760251,0.75,0.0357531,0.0001,1.6001e-26,999999,-3.372182e-01,3,Thailand Exclusive Economic Zone,,,SVDNB_npp_d20140716_t1757431_e1803235_b14079_c20140717000324408388_noaa_ops.h5,GDNBO_npp_d20140716_t1757431_e1803235_b14079_c20140717000324408134_noaa_ops.h5,SVI04_npp_d20140716_t1757431_e1803235_b14079_c20140717000324402868_noaa_ops.dspace_rad,VNFF_npp_d20140716_t1757431_e1803235_b14079_v21.csv,World_EEZ_v8_2014.shp,WPP_BFAR_merge.shp,KKP_IDN_merge_20161208.shp,VNF-VBD_npp_20120301-20151231_global_asia-enhanced_c201607211230.bitmask,NCEI_NGA.union.nga_lead2.add_2015ntl.mask,timezone.shp,VBD_platforms-recurring_2015_r20170330.shp,999999,VBD_bridges_c20160811.shp,22.302559;20.657581;17.812403;13.013085;8.184108;3.331987;-1.539063;0.598278;2.699680;7.587820;12.484635;17.389103,102.195274;116.899490;131.129013;129.599106;128.217987;126.965988;125.829720;112.252083;98.601341;99.606560;100.547348;101.419044,npp_d20140716_t1757431_e1803235_b14079,149.042,19.4526,65.5541,97.2592,48.1671,97.4135
302,VBD_npp_d20140716_t1801507_x1016500E_y078086N_l2231_s0283_v23,2017-05-23 13:09:55,7.808615,101.649986,18.1678,2014-07-16 18:01:50,2014-07-17 01:01:50,2231,283,0.1696,8,18913,0.520326,0.197083,0.765525,0.4,0.771715,0.75,0.0357486,0.0001,1.6172e-26,999999,-6.510518e-02,3,Thailand Exclusive Economic Zone,,,SVDNB_npp_d20140716_t1757431_e1803235_b14079_c20140717000324408388_noaa_ops.h5,GDNBO_npp_d20140716_t1757431_e1803235_b14079_c20140717000324408134_noaa_ops.h5,SVI04_npp_d20140716_t1757431_e1803235_b14079_c20140717000324402868_noaa_ops.dspace_rad,VNFF_npp_d20140716_t1757431_e1803235_b14079_v21.csv,World_EEZ_v8_2014.shp,WPP_BFAR_merge.shp,KKP_IDN_merge_20161208.shp,VNF-VBD_npp_20120301-20151231_global_asia-enhanced_c201607211230.bitmask,NCEI_NGA.union.nga_lead2.add_2015ntl.mask,timezone.shp,VBD_platforms-recurring_2015_r20170330.shp,0.0313649,VBD_bridges_c20160811.shp,22.302559;20.657581;17.812403;13.013085;8.184108;3.331987;-1.539063;0.598278;2.699680;7.587820;12.484635;17.389103,102.195274;116.899490;131.129013;129.599106;128.217987;126.965988;125.829720;112.252083;98.601341;99.606560;100.547348;101.419044,npp_d20140716_t1757431_e1803235_b14079,149.109,19.4779,65.5504,97.4436,48.1659,97.349
303,VBD_npp_d20140716_t1801472_x1017099E_y079562N_l2207_s0287_v23,2017-05-23 13:09:55,7.956184,101.709885,11.539,2014-07-16 18:01:47,2014-07-17 01:01:47,2207,287,0.159877,2,2465,0.393743,0.174613,0.689301,0.4,0.717393,0.75,0.0357831,0.0001,1.97775e-26,999999,1.095315e-01,3,Thailand Exclusive Economic Zone,,,SVDNB_npp_d20140716_t1757431_e1803235_b14079_c20140717000324408388_noaa_ops.h5,GDNBO_npp_d20140716_t1757431_e1803235_b14079_c20140717000324408134_noaa_ops.h5,SVI04_npp_d20140716_t1757431_e1803235_b14079_c20140717000324402868_noaa_ops.dspace_rad,VNFF_npp_d20140716_t1757431_e1803235_b14079_v21.csv,World_EEZ_v8_2014.shp,WPP_BFAR_merge.shp,KKP_IDN_merge_20161208.shp,VNF-VBD_npp_20120301-20151231_global_asia-enhanced_c201607211230.bitmask,NCEI_NGA.union.nga_lead2.add_2015ntl.mask,timezone.shp,VBD_platforms-recurring_2015_r20170330.shp,999999,VBD_bridges_c20160811.shp,22.302559;20.657581;17.812403;13.013085;8.184108;3.331987;-1.539063;0.598278;2.699680;7.587820;12.484635;17.389103,102.195274;116.899490;131.129013;129.599106;128.217987;126.965988;125.829720;112.252083;98.601341;99.606560;100.547348;101.419044,npp_d20140716_t1757431_e1803235_b14079,148.955,19.4722,65.4844,97.1462,48.1399,97.4954
306,VBD_npp_d20140716_t1803090_x1007343E_y032908N_l2935_s0289_v23,2017-05-23 13:09:55,3.290758,100.734299,12.2877,2014-07-16 18:03:09,2014-07-17 01:03:09,2935,289,0.376214,1,2529,0.447516,0.188892,0.681131,0.4,0.828005,0.75,0.0355065,0.0001,1.49212e-26,999999,-1.441684e-03,3,Malaysian Exclusive Economic Zone,,,SVDNB_npp_d20140716_t1757431_e1803235_b14079_c20140717000324408388_noaa_ops.h5,GDNBO_npp_d20140716_t1757431_e1803235_b14079_c20140717000324408134_noaa_ops.h5,SVI04_npp_d20140716_t1757431_e1803235_b14079_c20140717000324402868_noaa_ops.dspace_rad,VNFF_npp_d20140716_t1757431_e1803235_b14079_v21.csv,World_EEZ_v8_2014.shp,WPP_BFAR_merge.shp,KKP_IDN_merge_20161208.shp,VNF-VBD_npp_20120301-20151231_global_asia-enhanced_c201607211230.bitmask,NCEI_NGA.union.nga_lead2.add_2015ntl.mask,timezone.shp,VBD_platforms-recurring_2015_r20170330.shp,999999,VBD_bridges_c20160811.shp,22.302559;20.657581;17.812403;13.013085;8.184108;3.331987;-1.539063;0.598278;2.699680;7.587820;12.484635;17.389103,102.195274;116.899490;131.129013;129.599106;128.217987;126.965988;125.829720;112.252083;98.601341;99.606560;100.547348;101.419044,npp_d20140716_t1757431_e1803235_b14079,153.549,21.2935,65.4533,98.345,48.3518,93.1127
313,VBD_npp_d20140716_t1801489_x1017935E_y078812N_l2217_s0301_v23,2017-05-23 13:09:55,7.881222,101.793510,9.38639,2014-07-16 18:01:48,2014-07-17 01:01:48,2217,301,0.166727,8,18913,0.330662,0.199183,0.694147,0.4,0.769068,0.75,0.0358656,0.0001,4.31795e-26,999999,-8.143046e-02,3,Thailand Exclusive Economic Zone,,,SVDNB_npp_d20140716_t1757431_e1803235_b14079_c20140717000324408388_noaa_ops.h5,GDNBO_npp_d20140716_t1757431_e1803235_b14079_c20140717000324408134_noaa_ops.h5,SVI04_npp_d20140716_t1757431_e1803235_b14079_c20140717000324402868_noaa_ops.dspace_rad,VNFF_npp_d20140716_t1757431_e1803235_b14079_v21.csv,World_EEZ_v8_2014.shp,WPP_BFAR_merge.shp,KKP_IDN_merge_20161208.shp,VNF-VBD_npp_20120301-20151231_global_asia-enhanced_c201607211230.bitmask,NCEI_NGA.union.nga_lead2.add_2015ntl.mask,timezone.shp,VBD_platforms-recurring_2015_r20170330.shp,0.31036,VBD_bridges_c20160811.shp,22.302559;20.657581;17.812403;13.013085;8.184108;3.331987;-1.539063;0.598278;2.699680;7.587820;12.484635;17.389103,102.195274;116.899490;131.129013;129.599106;128.217987;126.965988;125.829720;112.252083;98.601341;99.606560;100.547348;101.419044,npp_d20140716_t1757431_e1803235_b14079,148.996,19.6678,65.2226,97.374,48.0399,97.4501
317,VBD_npp_d20140716_t1802067_x1017250E_y068567N_l2374_s0321_v23,2017-05-23 13:09:55,6.856654,101.725037,16.802,2014-07-16 18:02:06,2014-07-17 01:02:06,2374,321,0.220977,8,18913,0.515305,0.230138,0.735706,0.4,0.81444,0.75,0.035918,0.0001,1.25536e-25,999999,-3.220154e-01,3,Thailand Exclusive Economic Zone,,,SVDNB_npp_d20140716_t1757431_e1803235_b14079_c20140717000324408388_noaa_ops.h5,GDNBO_npp_d20140716_t1757431_e1803235_b14079_c20140717000324408134_noaa_ops.h5,SVI04_npp_d20140716_t1757431_e1803235_b14079_c20140717000324402868_noaa_ops.dspace_rad,VNFF_npp_d20140716_t1757431_e1803235_b14079_v21.csv,World_EEZ_v8_2014.shp,WPP_BFAR_merge.shp,KKP_IDN_merge_20161208.shp,VNF-VBD_npp_20120301-20151231_global_asia-enhanced_c201607211230.bitmask,NCEI_NGA.union.nga_lead2.add_2015ntl.mask,timezone.shp,VBD_platforms-recurring_2015_r20170330.shp,0.739959,VBD_bridges_c20160811.shp,22.302559;20.657581;17.812403;13.013085;8.184108;3.331987;-1.539063;0.598278;2.699680;7.587820;12.484635;17.389103,102.195274;116.899490;131.129013;129.599106;128.217987;126.965988;125.829720;112.252083;98.601341;99.606560;100.547348;101.419044,npp_d20140716_t1757431_e1803235_b14079,149.957,20.2708,64.8502,97.6912,47.9107,96.5091
319,VBD_npp_d20140716_t1802067_x1019054E_y068534N_l2371_s0347_v23,2017-05-23 13:09:55,6.853411,101.905357,22.0771,2014-07-16 18:02:06,2014-07-17 01:02:06,2371,347,0.271636,8,18913,0.665677,0.200434,0.802938,0.4,0.902641,0.75,0.0360797,0.0001,4.92581e-25,999999,-9.114911e-02,3,Thailand Exclusive Economic Zone,,,SVDNB_npp_d20140716_t1757431_e1803235_b14079_c20140717000324408388_noaa_ops.h5,GDNBO_npp_d20140716_t1757431_e1803235_b14079_c20140717000324408134_noaa_ops.h5,SVI04_npp_d20140716_t1757431_e1803235_b14079_c20140717000324402868_noaa_ops.dspace_rad,VNFF_npp_d20140716_t1757431_e1803235_b14079_v21.csv,World_EEZ_v8_2014.shp,WPP_BFAR_merge.shp,KKP_IDN_merge_20161208.shp,VNF-VBD_npp_20120301-20151231_global_asia-enhanced_c201607211230.bitmask,NCEI_NGA.union.nga_lead2.add_2015ntl.mask,timezone.shp,VBD_platforms-recurring_2015_r20170330.shp,0.155972,VBD_bridges_c20160811.shp,22.302559;20.657581;17.812403;13.013085;8.184108;3.331987;-1.539063;0.598278;2.699680;7.587820;12.484635;17.389103,102.195274;116.899490;131.129013;129.599106;128.217987;126.965988;125.829720;112.252083;98.601341;99.606560;100.547348;101.419044,npp_d20140716_t1757431_e1803235_b14079,149.897,20.584,64.3675,97.8159,47.7304,96.5466
321,VBD_npp_d20140716_t1802085_x1018875E_y067363N_l2389_s0348_v23,2017-05-23 13:09:55,6.736322,101.887466,7.30551,2014-07-16 18:02:08,2014-07-17 01:02:08,2389,348,0.164572,8,18849,0.243234,0.220033,0.685915,0.4,0.567795,0.75,0.0360762,0.0001,5.10378e-25,999999,-2.434787e-01,3,Thailand Exclusive Economic Zone,,,SVDNB_npp_d20140716_t1757431_e1803235_b14079_c20140717000324408388_noaa_ops.h5,GDNBO_npp_d20140716_t1757431_e1803235_b14079_c20140717000324408134_noaa_ops.h5,SVI04_npp_d20140716_t1757431_e1803235_b14079_c20140717000324402868_noaa_ops.dspace_rad,VNFF_npp_d20140716_t1757431_e1803235_b14079_v21.csv,World_EEZ_v8_2014.shp,WPP_BFAR_merge.shp,KKP_IDN_merge_20161208.shp,VNF-VBD_npp_20120301-20151231_global_asia-enhanced_c201607211230.bitmask,NCEI_NGA.union.nga_lead2.add_2015ntl.mask,timezone.shp,VBD_platforms-recurring_2015_r20170330.shp,0.332376,VBD_bridges_c20160811.shp,22.302559;20.657581;17.812403;13.013085;8.184108;3.331987;-1.539063;0.598278;2.699680;7.587820;12.484635;17.389103,102.195274;116.899490;131.129013;129.599106;128.217987;126.965988;125.829720;112.252083;98.601341;99.606560;100.547348;101.419044,npp_d20140716_t1757431_e1803235_b14079,150.01,20.6372,64.353,97.7683,47.7277,96.4356
324,VBD_npp_d20140716_t1802085_x1019046E_y067552N_l2386_s0350_v23,2017-05-23 13:09:55,6.755155,101.904617,10.3192,2014-07-16 18:02:08,2014-07-17 01:02:08,2386,350,0.314616,8,18913,0.461595,0.241097,0.709409,0.4,0.875816,0.75,0.0360903,0.0001,5.70218e-25,999999,-4.071974e-01,3,Thailand Exclusive Economic Zone,,,SVDNB_npp_d20140716_t1757431_e1803235_b14079_c20140717000324408388_noaa_ops.h5,GDNBO_npp_d20140716_t1757431_e1803235_b14079_c20140717000324408134_noaa_ops.h5,SVI04_npp_d20140716_t1757431_e1803235_b14079_c20140717000324402868_noaa_ops.dspace_rad,VNFF_npp_d20140716_t1757431_e1803235_b14079_v21.csv,World_EEZ_v8_2014.shp,WPP_BFAR_merge.shp,KKP_IDN_merge_20161208.shp,VNF-VBD_npp_20120301-20151231_global_asia-enhanced_c201607211230.bitmask,NCEI_NGA.union.nga_lead2.add_2015ntl.mask,timezone.shp,VBD_platforms-recurring_2015_r20170330.shp,0.54156,VBD_bridges_c20160811.shp,22.302559;20.657581;17.812403;13.013085;8.184108;3.331987;-1.539063;0.598278;2.699680;7.587820;12.484635;17.389103,102.195274;116.899490;131.129013;129.599106;128.217987;126.965988;125.829720;112.252083;98.601341;99.606560;100.547348;101.419044,npp_d20140716_t1757431_e1803235_b14079,149.987,20.6553,64.3137,97.8735,47.7127,96.4568
329,VBD_npp_d20140716_t1803161_x1011608E_y027970N_l3000_s0364_v23,2017-05-23 13:09:55,2.797049,101.160774,8.7879,2014-07-16 18:03:16,2014-07-17 01:03:16,3000,364,0.307379,2,2465,0.245234,0.226824,0.653634,0.4,0.672008,0.75,0.0359315,0.0001,8.11833e-25,999999,-2.962614e-01,3,Malaysian Exclusive Economic Zone,,,SVDNB_npp_d20140716_t1757431_e1803235_b14079_c20140717000324408388_noaa_ops.h5,GDNBO_npp_d20140716_t1757431_e1803235_b14079_c20140717000324408134_noaa_ops.h5,SVI04_npp_d20140716_t1757431_e1803235_b14079_c20140717000324402868_noaa_ops.dspace_rad,VNFF_npp_d20140716_t1757431_e1803235_b14079_v21.csv,World_EEZ_v8_2014.shp,WPP_BFAR_merge.shp,KKP_IDN_merge_20161208.shp,VNF-VBD_npp_20120301-20151231_global_asia-enhanced_c201607211230.bitmask,NCEI_NGA.union.nga_lead2.add_2015ntl.mask,timezone.shp,VBD_platforms-recurring_2015_r20170330.shp,999999,VBD_bridges_c20160811.shp,22.302559;20.657581;17.812403;13.013085;8.184108;3.331987;-1.539063;0.598278;2.699680;7.587820;12.484635;17.389103,102.195274;116.899490;131.129013;129.599106;128.217987;126.965988;125.829720;112.252083;98.601341;99.606560;100.547348;101.419044,npp_d20140716_t1757431_e1803235_b14079,153.837,22.5452,64.0429,98.4216,47.8672,92.7037
330,VBD_npp_d20140716_t1802085_x1020243E_y066896N_l2393_s0368_v23,2017-05-23 13:09:55,6.689608,102.024261,11.5275,2014-07-16 18:02:08,2014-07-17 01:02:08,2393,368,0.191587,8,18913,0.36556,0.212327,0.558758,0.4,0.795654,0.75,0.0361972,0.0001,1.47667e-24,999999,-1.835908e-01,3,Thailand Exclusive Economic Zone,,,SVDNB_npp_d20140716_t1757431_e1803235_b14079_c20140717000324408388_noaa_ops.h5,GDNBO_npp_d20140716_t1757431_e1803235_b14079_c20140717000324408134_noaa_ops.h5,SVI04_npp_d20140716_t1757431_e1803235_b14079_c20140717000324402868_noaa_ops.dspace_rad,VNFF_npp_d20140716_t1757431_e1803235_b14079_v21.csv,World_EEZ_v8_2014.shp,WPP_BFAR_merge.shp,KKP_IDN_merge_20161208.shp,VNF-VBD_npp_20120301-20151231_global_asia-enhanced_c201607211230.bitmask,NCEI_NGA.union.nga_lead2.add_2015ntl.mask,timezone.shp,VBD_platforms-recurring_2015_r20170330.shp,0.243016,VBD_bridges_c20160811.shp,22.302559;20.657581;17.812403;13.013085;8.184108;3.331987;-1.539063;0.598278;2.699680;7.587820;12.484635;17.389103,102.195274;116.899490;131.129013;129.599106;128.217987;126.965988;125.829720;112.252083;98.601341;99.606560;100.547348;101.419044,npp_d20140716_t1757431_e1803235_b14079,150.006,20.902,63.9641,97.6464,47.5858,96.4224
332,VBD_npp_d20140716_t1803161_x1012023E_y027908N_l3000_s0370_v23,2017-05-23 13:09:55,2.790842,101.202263,15.4194,2014-07-16 18:03:16,2014-07-17 01:03:16,3000,370,0.351575,1,2529,0.429645,0.192368,0.741445,0.4,0.784112,0.75,0.0359685,0.0001,1.11506e-24,999999,-2.846398e-02,3,Malaysian Exclusive Economic Zone,,,SVDNB_npp_d20140716_t1757431_e1803235_b14079_c20140717000324408388_noaa_ops.h5,GDNBO_npp_d20140716_t1757431_e1803235_b14079_c20140717000324408134_noaa_ops.h5,SVI04_npp_d20140716_t1757431_e1803235_b14079_c20140717000324402868_noaa_ops.dspace_rad,VNFF_npp_d20140716_t1757431_e1803235_b14079_v21.csv,World_EEZ_v8_2014.shp,WPP_BFAR_merge.shp,KKP_IDN_merge_20161208.shp,VNF-VBD_npp_20120301-20151231_global_asia-enhanced_c201607211230.bitmask,NCEI_NGA.union.nga_lead2.add_2015ntl.mask,timezone.shp,VBD_platforms-recurring_2015_r20170330.shp,999999,VBD_bridges_c20160811.shp,22.302559;20.657581;17.812403;13.013085;8.184108;3.331987;-1.539063;0.598278;2.699680;7.587820;12.484635;17.389103,102.195274;116.899490;131.129013;129.599106;128.217987;126.965988;125.829720;112.252083;98.601341;99.606560;100.547348;101.419044,npp_d20140716_t1757431_e1803235_b14079,153.827,22.6299,63.9265,98.4236,47.8251,92.7018
333,VBD_npp_d20140716_t1803161_x1012113E_y028035N_l2998_s0371_v23,2017-05-23 13:09:55,2.803511,101.211273,12.1352,2014-07-16 18:03:16,2014-07-17 01:03:16,2998,371,0.343509,2,2465,0.311165,0.179403,0.76409,0.4,0.68179,0.75,0.0359747,0.0001,1.18243e-24,999999,7.230570e-02,3,Malaysian Exclusive Economic Zone,,,SVDNB_npp_d20140716_t1757431_e1803235_b14079_c20140717000324408388_noaa_ops.h5,GDNBO_npp_d20140716_t1757431_e1803235_b14079_c20140717000324408134_noaa_ops.h5,SVI04_npp_d20140716_t1757431_e1803235_b14079_c20140717000324402868_noaa_ops.dspace_rad,VNFF_npp_d20140716_t1757431_e1803235_b14079_v21.csv,World_EEZ_v8_2014.shp,WPP_BFAR_merge.shp,KKP_IDN_merge_20161208.shp,VNF-VBD_npp_20120301-20151231_global_asia-enhanced_c201607211230.bitmask,NCEI_NGA.union.nga_lead2.add_2015ntl.mask,timezone.shp,VBD_platforms-recurring_2015_r20170330.shp,999999,VBD_bridges_c20160811.shp,22.302559;20.657581;17.812403;13.013085;8.184108;3.331987;-1.539063;0.598278;2.699680;7.587820;12.484635;17.389103,102.195274;116.899490;131.129013;129.599106;128.217987;126.965988;125.829720;112.252083;98.601341;99.606560;100.547348;101.419044,npp_d20140716_t1757431_e1803235_b14079,153.812,22.6373,63.9069,98.4931,47.8166,92.7144
335,VBD_npp_d20140716_t1803161_x1012139E_y027751N_l3002_s0372_v23,2017-05-23 13:09:55,2.775087,101.213913,7.58175,2014-07-16 18:03:16,2014-07-17 01:03:16,3002,372,0.360248,2,2209,0.225219,0.154859,0.781169,0.4,0.648056,0.75,0.0359808,0.0001,1.23096e-24,999999,2.630691e-01,3,Malaysian Exclusive Economic Zone,,,SVDNB_npp_d20140716_t1757431_e1803235_b14079_c20140717000324408388_noaa_ops.h5,GDNBO_npp_d20140716_t1757431_e1803235_b14079_c20140717000324408134_noaa_ops.h5,SVI04_npp_d20140716_t1757431_e1803235_b14079_c20140717000324402868_noaa_ops.dspace_rad,VNFF_npp_d20140716_t1757431_e1803235_b14079_v21.csv,World_EEZ_v8_2014.shp,WPP_BFAR_merge.shp,KKP_IDN_merge_20161208.shp,VNF-VBD_npp_20120301-20151231_global_asia-enhanced_c201607211230.bitmask,NCEI_NGA.union.nga_lead2.add_2015ntl.mask,timezone.shp,VBD_platforms-recurring_2015_r20170330.shp,999999,VBD_bridges_c20160811.shp,22.302559;20.657581;17.812403;13.013085;8.184108;3.331987;-1.539063;0.598278;2.699680;7.587820;12.484635;17.389103,102.195274;116.899490;131.129013;129.599106;128.217987;126.965988;125.829720;112.252083;98.601341;99.606560;100.547348;101.419044,npp_d20140716_t1757431_e1803235_b14079,153.837,22.6647,63.8881,98.355,47.8126,92.6883
338,VBD_npp_d20140716_t1803161_x1012493E_y027768N_l3001_s0377_v23,2017-05-23 13:09:55,2.776816,101.249275,32.1734,2014-07-16 18:03:16,2014-07-17 01:03:16,3001,377,0.366159,1,2529,0.71557,0.16621,0.800062,0.4,0.900275,0.75,0.0360116,0.0001,1.60317e-24,999999,1.748447e-01,3,Malaysian Exclusive Economic Zone,,,SVDNB_npp_d20140716_t1757431_e1803235_b14079_c20140717000324408388_noaa_ops.h5,GDNBO_npp_d20140716_t1757431_e1803235_b14079_c20140717000324408134_noaa_ops.h5,SVI04_npp_d20140716_t1757431_e1803235_b14079_c20140717000324402868_noaa_ops.dspace_rad,VNFF_npp_d20140716_t1757431_e1803235_b14079_v21.csv,World_EEZ_v8_2014.shp,WPP_BFAR_merge.shp,KKP_IDN_merge_20161208.shp,VNF-VBD_npp_20120301-20151231_global_asia-enhanced_c201607211230.bitmask,NCEI_NGA.union.nga_lead2.add_2015ntl.mask,timezone.shp,VBD_platforms-recurring_2015_r20170330.shp,999999,VBD_bridges_c20160811.shp,22.302559;20.657581;17.812403;13.013085;8.184108;3.331987;-1.539063;0.598278;2.699680;7.587820;12.484635;17.389103,102.195274;116.899490;131.129013;129.599106;128.217987;126.965988;125.829720;112.252083;98.601341;99.606560;100.547348;101.419044,npp_d20140716_t1757431_e1803235_b14079,153.822,22.7314,63.7912,98.3912,47.7769,92.6931
339,VBD_npp_d20140716_t1802032_x1021523E_y069472N_l2351_s0378_v23,2017-05-23 13:09:55,6.947247,102.152283,20.192,2014-07-16 18:02:03,2014-07-17 01:02:03,2351,378,0.312351,8,18913,0.668976,0.202963,0.826459,0.4,0.874086,0.75,0.0362805,0.0001,2.50652e-24,999999,-1.108065e-01,3,Thailand Exclusive Economic Zone,,,SVDNB_npp_d20140716_t1757431_e1803235_b14079_c20140717000324408388_noaa_ops.h5,GDNBO_npp_d20140716_t1757431_e1803235_b14079_c20140717000324408134_noaa_ops.h5,SVI04_npp_d20140716_t1757431_e1803235_b14079_c20140717000324402868_noaa_ops.dspace_rad,VNFF_npp_d20140716_t1757431_e1803235_b14079_v21.csv,World_EEZ_v8_2014.shp,WPP_BFAR_merge.shp,KKP_IDN_merge_20161208.shp,VNF-VBD_npp_20120301-20151231_global_asia-enhanced_c201607211230.bitmask,NCEI_NGA.union.nga_lead2.add_2015ntl.mask,timezone.shp,VBD_platforms-recurring_2015_r20170330.shp,0.370041,VBD_bridges_c20160811.shp,22.302559;20.657581;17.812403;13.013085;8.184108;3.331987;-1.539063;0.598278;2.699680;7.587820;12.484635;17.389103,102.195274;116.899490;131.129013;129.599106;128.217987;126.965988;125.829720;112.252083;98.601341;99.606560;100.547348;101.419044,npp_d20140716_t1757431_e1803235_b14079,149.728,20.9251,63.7697,97.3871,47.5093,96.687
340,VBD_npp_d20140716_t1803161_x1012603E_y028031N_l2997_s0378_v23,2017-05-23 13:09:55,2.803113,101.260330,8.69448,2014-07-16 18:03:16,2014-07-17 01:03:16,2997,378,0.373507,2,2209,0.207831,0.134396,0.784893,0.4,0.581873,0.75,0.0360178,0.0001,1.70907e-24,999999,4.221101e-01,3,Malaysian Exclusive Economic Zone,,,SVDNB_npp_d20140716_t1757431_e1803235_b14079_c20140717000324408388_noaa_ops.h5,GDNBO_npp_d20140716_t1757431_e1803235_b14079_c20140717000324408134_noaa_ops.h5,SVI04_npp_d20140716_t1757431_e1803235_b14079_c20140717000324402868_noaa_ops.dspace_rad,VNFF_npp_d20140716_t1757431_e1803235_b14079_v21.csv,World_EEZ_v8_2014.shp,WPP_BFAR_merge.shp,KKP_IDN_merge_20161208.shp,VNF-VBD_npp_20120301-20151231_global_asia-enhanced_c201607211230.bitmask,NCEI_NGA.union.nga_lead2.add_2015ntl.mask,timezone.shp,VBD_platforms-recurring_2015_r20170330.shp,999999,VBD_bridges_c20160811.shp,22.302559;20.657581;17.812403;13.013085;8.184108;3.331987;-1.539063;0.598278;2.699680;7.587820;12.484635;17.389103,102.195274;116.899490;131.129013;129.599106;128.217987;126.965988;125.829720;112.252083;98.601341;99.606560;100.547348;101.419044,npp_d20140716_t1757431_e1803235_b14079,153.793,22.7319,63.7714,98.5301,47.767,92.7186
341,VBD_npp_d20140716_t1803161_x1012629E_y027748N_l3001_s0379_v23,2017-05-23 13:09:55,2.774779,101.262932,13.3476,2014-07-16 18:03:16,2014-07-17 01:03:16,3001,379,0.364447,1,2529,0.376502,0.17719,0.797905,0.4,0.781531,0.75,0.036024,0.0001,1.77834e-24,999999,8.950881e-02,3,Malaysian Exclusive Economic Zone,,,SVDNB_npp_d20140716_t1757431_e1803235_b14079_c20140717000324408388_noaa_ops.h5,GDNBO_npp_d20140716_t1757431_e1803235_b14079_c20140717000324408134_noaa_ops.h5,SVI04_npp_d20140716_t1757431_e1803235_b14079_c20140717000324402868_noaa_ops.dspace_rad,VNFF_npp_d20140716_t1757431_e1803235_b14079_v21.csv,World_EEZ_v8_2014.shp,WPP_BFAR_merge.shp,KKP_IDN_merge_20161208.shp,VNF-VBD_npp_20120301-20151231_global_asia-enhanced_c201607211230.bitmask,NCEI_NGA.union.nga_lead2.add_2015ntl.mask,timezone.shp,VBD_platforms-recurring_2015_r20170330.shp,999999,VBD_bridges_c20160811.shp,22.302559;20.657581;17.812403;13.013085;8.184108;3.331987;-1.539063;0.598278;2.699680;7.587820;12.484635;17.389103,102.195274;116.899490;131.129013;129.599106;128.217987;126.965988;125.829720;112.252083;98.601341;99.606560;100.547348;101.419044,npp_d20140716_t1757431_e1803235_b14079,153.818,22.7592,63.7525,98.3919,47.7631,92.6925
343,VBD_npp_d20140716_t1802032_x1021680E_y069591N_l2349_s0380_v23,2017-05-23 13:09:55,6.959100,102.168007,12.3554,2014-07-16 18:02:03,2014-07-17 01:02:03,2349,380,0.309976,8,18913,0.436764,0.190252,0.811797,0.4,0.81417,0.75,0.0362938,0.0001,2.78295e-24,999999,-1.201276e-02,3,Thailand Exclusive Economic Zone,,,SVDNB_npp_d20140716_t1757431_e1803235_b14079_c20140717000324408388_noaa_ops.h5,GDNBO_npp_d20140716_t1757431_e1803235_b14079_c20140717000324408134_noaa_ops.h5,SVI04_npp_d20140716_t1757431_e1803235_b14079_c20140717000324402868_noaa_ops.dspace_rad,VNFF_npp_d20140716_t1757431_e1803235_b14079_v21.csv,World_EEZ_v8_2014.shp,WPP_BFAR_merge.shp,KKP_IDN_merge_20161208.shp,VNF-VBD_npp_20120301-20151231_global_asia-enhanced_c201607211230.bitmask,NCEI_NGA.union.nga_lead2.add_2015ntl.mask,timezone.shp,VBD_platforms-recurring_2015_r20170330.shp,0.490115,VBD_bridges_c20160811.shp,22.302559;20.657581;17.812403;13.013085;8.184108;3.331987;-1.539063;0.598278;2.699680;7.587820;12.484635;17.389103,102.195274;116.899490;131.129013;129.599106;128.217987;126.965988;125.829720;112.252083;98.601341;99.606560;100.547348;101.419044,npp_d20140716_t1757431_e1803235_b14079,149.711,20.9447,63.7306,97.4581,47.495,96.7016
344,VBD_npp_d20140716_t1803161_x1012808E_y028000N_l2997_s0381_v23,2017-05-23 13:09:55,2.800026,101.280769,15.0718,2014-07-16 18:03:16,2014-07-17 01:03:16,2997,381,0.376158,7,2465,0.379522,0.149164,0.788058,0.4,0.725631,0.75,0.0360363,0.0001,1.99578e-24,999999,3.073276e-01,3,,,,SVDNB_npp_d20140716_t1757431_e1803235_b14079_c20140717000324408388_noaa_ops.h5,GDNBO_npp_d20140716_t1757431_e1803235_b14079_c20140717000324408134_noaa_ops.h5,SVI04_npp_d20140716_t1757431_e1803235_b14079_c20140717000324402868_noaa_ops.dspace_rad,VNFF_npp_d20140716_t1757431_e1803235_b14079_v21.csv,World_EEZ_v8_2014.shp,WPP_BFAR_merge.shp,KKP_IDN_merge_20161208.shp,VNF-VBD_npp_20120301-20151231_global_asia-enhanced_c201607211230.bitmask,NCEI_NGA.union.nga_lead2.add_2015ntl.mask,timezone.shp,VBD_platforms-recurring_2015_r20170330.shp,999999,VBD_bridges_c20160811.shp,22.302559;20.657581;17.812403;13.013085;8.184108;3.331987;-1.539063;0.598278;2.699680;7.587820;12.484635;17.389103,102.195274;116.899490;131.129013;129.599106;128.217987;126.965988;125.829720;112.252083;98.601341;99.606560;100.547348;101.419044,npp_d20140716_t1757431_e1803235_b14079,153.788,22.7736,63.7135,98.5311,47.7463,92.7176
345,VBD_npp_d20140716_t1803161_x1012944E_y027980N_l2997_s0383_v23,2017-05-23 13:09:55,2.797973,101.294365,40.1834,2014-07-16 18:03:16,2014-07-17 01:03:16,2997,383,0.380136,1,2529,0.725936,0.156575,0.764491,0.4,0.871427,0.75,0.0360486,0.0001,2.21219e-24,999999,2.497331e-01,3,Malaysian Exclusive Economic Zone,,,SVDNB_npp_d20140716_t1757431_e1803235_b14079_c20140717000324408388_noaa_ops.h5,GDNBO_npp_d20140716_t1757431_e1803235_b14079_c20140717000324408134_noaa_ops.h5,SVI04_npp_d20140716_t1757431_e1803235_b14079_c20140717000324402868_noaa_ops.dspace_rad,VNFF_npp_d20140716_t1757431_e1803235_b14079_v21.csv,World_EEZ_v8_2014.shp,WPP_BFAR_merge.shp,KKP_IDN_merge_20161208.shp,VNF-VBD_npp_20120301-20151231_global_asia-enhanced_c201607211230.bitmask,NCEI_NGA.union.nga_lead2.add_2015ntl.mask,timezone.shp,VBD_platforms-recurring_2015_r20170330.shp,999999,VBD_bridges_c20160811.shp,22.302559;20.657581;17.812403;13.013085;8.184108;3.331987;-1.539063;0.598278;2.699680;7.587820;12.484635;17.389103,102.195274;116.899490;131.129013;129.599106;128.217987;126.965988;125.829720;112.252083;98.601341;99.606560;100.547348;101.419044,npp_d20140716_t1757431_e1803235_b14079,153.785,22.8013,63.6749,98.5318,47.7324,92.717
347,VBD_npp_d20140716_t1802050_x1021880E_y068928N_l2359_s0385_v23,2017-05-23 13:09:55,6.892806,102.187973,38.1119,2014-07-16 18:02:05,2014-07-17 01:02:05,2359,385,0.267161,8,18913,0.87065,0.205131,0.858981,0.4,0.934314,0.75,0.0363198,0.0001,3.63023e-24,999999,-1.276581e-01,3,Thailand Exclusive Economic Zone,,,SVDNB_npp_d20140716_t1757431_e1803235_b14079_c20140717000324408388_noaa_ops.h5,GDNBO_npp_d20140716_t1757431_e1803235_b14079_c20140717000324408134_noaa_ops.h5,SVI04_npp_d20140716_t1757431_e1803235_b14079_c20140717000324402868_noaa_ops.dspace_rad,VNFF_npp_d20140716_t1757431_e1803235_b14079_v21.csv,World_EEZ_v8_2014.shp,WPP_BFAR_merge.shp,KKP_IDN_merge_20161208.shp,VNF-VBD_npp_20120301-20151231_global_asia-enhanced_c201607211230.bitmask,NCEI_NGA.union.nga_lead2.add_2015ntl.mask,timezone.shp,VBD_platforms-recurring_2015_r20170330.shp,0.612893,VBD_bridges_c20160811.shp,22.302559;20.657581;17.812403;13.013085;8.184108;3.331987;-1.539063;0.598278;2.699680;7.587820;12.484635;17.389103,102.195274;116.899490;131.129013;129.599106;128.217987;126.965988;125.829720;112.252083;98.601341;99.606560;100.547348;101.419044,npp_d20140716_t1757431_e1803235_b14079,149.763,21.0322,63.6298,97.6914,47.4601,96.6458
350,VBD_npp_d20140716_t1802050_x1022181E_y069095N_l2356_s0389_v23,2017-05-23 13:09:55,6.909530,102.218094,28.4305,2014-07-16 18:02:05,2014-07-17 01:02:05,2356,389,0.173688,8,18913,0.695304,0.241499,0.858235,0.4,0.87733,0.75,0.0363459,0.0001,4.45376e-24,999999,-4.103220e-01,3,Thailand Exclusive Economic Zone,,,SVDNB_npp_d20140716_t1757431_e1803235_b14079_c20140717000324408388_noaa_ops.h5,GDNBO_npp_d20140716_t1757431_e1803235_b14079_c20140717000324408134_noaa_ops.h5,SVI04_npp_d20140716_t1757431_e1803235_b14079_c20140717000324402868_noaa_ops.dspace_rad,VNFF_npp_d20140716_t1757431_e1803235_b14079_v21.csv,World_EEZ_v8_2014.shp,WPP_BFAR_merge.shp,KKP_IDN_merge_20161208.shp,VNF-VBD_npp_20120301-20151231_global_asia-enhanced_c201607211230.bitmask,NCEI_NGA.union.nga_lead2.add_2015ntl.mask,timezone.shp,VBD_platforms-recurring_2015_r20170330.shp,0.808991,VBD_bridges_c20160811.shp,22.302559;20.657581;17.812403;13.013085;8.184108;3.331987;-1.539063;0.598278;2.699680;7.587820;12.484635;17.389103,102.195274;116.899490;131.129013;129.599106;128.217987;126.965988;125.829720;112.252083;98.601341;99.606560;100.547348;101.419044,npp_d20140716_t1757431_e1803235_b14079,149.737,21.0734,63.5526,97.799,47.432,96.6683
351,VBD_npp_d20140716_t1802067_x1021927E_y067792N_l2376_s0389_v23,2017-05-23 13:09:55,6.779244,102.192673,20.0268,2014-07-16 18:02:06,2014-07-17 01:02:06,2376,389,0.380744,8,18913,0.69796,0.183049,0.87266,0.4,0.93188,0.75,0.0363362,0.0001,4.41915e-24,999999,4.396989e-02,3,Thailand Exclusive Economic Zone,,,SVDNB_npp_d20140716_t1757431_e1803235_b14079_c20140717000324408388_noaa_ops.h5,GDNBO_npp_d20140716_t1757431_e1803235_b14079_c20140717000324408134_noaa_ops.h5,SVI04_npp_d20140716_t1757431_e1803235_b14079_c20140717000324402868_noaa_ops.dspace_rad,VNFF_npp_d20140716_t1757431_e1803235_b14079_v21.csv,World_EEZ_v8_2014.shp,WPP_BFAR_merge.shp,KKP_IDN_merge_20161208.shp,VNF-VBD_npp_20120301-20151231_global_asia-enhanced_c201607211230.bitmask,NCEI_NGA.union.nga_lead2.add_2015ntl.mask,timezone.shp,VBD_platforms-recurring_2015_r20170330.shp,0.111415,VBD_bridges_c20160811.shp,22.302559;20.657581;17.812403;13.013085;8.184108;3.331987;-1.539063;0.598278;2.699680;7.587820;12.484635;17.389103,102.195274;116.899490;131.129013;129.599106;128.217987;126.965988;125.829720;112.252083;98.601341;99.606560;100.547348;101.419044,npp_d20140716_t1757431_e1803235_b14079,149.865,21.1231,63.5536,97.6776,47.4351,96.5421
353,VBD_npp_d20140716_t1802067_x1022140E_y067833N_l2375_s0392_v23,2017-05-23 13:09:55,6.783283,102.213989,38.439,2014-07-16 18:02:06,2014-07-17 01:02:06,2375,392,0.374943,8,18913,0.908089,0.181537,0.900318,0.4,0.94984,0.75,0.0363552,0.0001,5.1428e-24,999999,5.571712e-02,3,Thailand Exclusive Economic Zone,,,SVDNB_npp_d20140716_t1757431_e1803235_b14079_c20140717000324408388_noaa_ops.h5,GDNBO_npp_d20140716_t1757431_e1803235_b14079_c20140717000324408134_noaa_ops.h5,SVI04_npp_d20140716_t1757431_e1803235_b14079_c20140717000324402868_noaa_ops.dspace_rad,VNFF_npp_d20140716_t1757431_e1803235_b14079_v21.csv,World_EEZ_v8_2014.shp,WPP_BFAR_merge.shp,KKP_IDN_merge_20161208.shp,VNF-VBD_npp_20120301-20151231_global_asia-enhanced_c201607211230.bitmask,NCEI_NGA.union.nga_lead2.add_2015ntl.mask,timezone.shp,VBD_platforms-recurring_2015_r20170330.shp,0.496891,VBD_bridges_c20160811.shp,22.302559;20.657581;17.812403;13.013085;8.184108;3.331987;-1.539063;0.598278;2.699680;7.587820;12.484635;17.389103,102.195274;116.899490;131.129013;129.599106;128.217987;126.965988;125.829720;112.252083;98.601341;99.606560;100.547348;101.419044,npp_d20140716_t1757431_e1803235_b14079,149.854,21.1571,63.4958,97.7148,47.4143,96.5507
355,VBD_npp_d20140716_t1803161_x1013588E_y027674N_l3000_s0393_v23,2017-05-23 13:09:55,2.767408,101.358795,7.23056,2014-07-16 18:03:16,2014-07-17 01:03:16,3000,393,0.374888,2,2465,0.256171,0.215173,0.618302,0.4,0.710482,0.75,0.0361102,0.0001,3.65049e-24,999999,-2.057045e-01,3,Malaysian Exclusive Economic Zone,,,SVDNB_npp_d20140716_t1757431_e1803235_b14079_c20140717000324408388_noaa_ops.h5,GDNBO_npp_d20140716_t1757431_e1803235_b14079_c20140717000324408134_noaa_ops.h5,SVI04_npp_d20140716_t1757431_e1803235_b14079_c20140717000324402868_noaa_ops.dspace_rad,VNFF_npp_d20140716_t1757431_e1803235_b14079_v21.csv,World_EEZ_v8_2014.shp,WPP_BFAR_merge.shp,KKP_IDN_merge_20161208.shp,VNF-VBD_npp_20120301-20151231_global_asia-enhanced_c201607211230.bitmask,NCEI_NGA.union.nga_lead2.add_2015ntl.mask,timezone.shp,VBD_platforms-recurring_2015_r20170330.shp,999999,VBD_bridges_c20160811.shp,22.302559;20.657581;17.812403;13.013085;8.184108;3.331987;-1.539063;0.598278;2.699680;7.587820;12.484635;17.389103,102.195274;116.899490;131.129013;129.599106;128.217987;126.965988;125.829720;112.252083;98.601341;99.606560;100.547348;101.419044,npp_d20140716_t1757431_e1803235_b14079,153.788,22.949,63.4827,98.4309,47.6659,92.6945
356,VBD_npp_d20140716_t1802067_x1022352E_y067873N_l2374_s0395_v23,2017-05-23 13:09:55,6.787311,102.235237,54.3792,2014-07-16 18:02:06,2014-07-17 01:02:06,2374,395,0.379031,8,18913,1.05681,0.178377,0.894672,0.4,0.967213,0.75,0.0363742,0.0001,5.98065e-24,999999,8.027664e-02,3,Thailand Exclusive Economic Zone,,,SVDNB_npp_d20140716_t1757431_e1803235_b14079_c20140717000324408388_noaa_ops.h5,GDNBO_npp_d20140716_t1757431_e1803235_b14079_c20140717000324408134_noaa_ops.h5,SVI04_npp_d20140716_t1757431_e1803235_b14079_c20140717000324402868_noaa_ops.dspace_rad,VNFF_npp_d20140716_t1757431_e1803235_b14079_v21.csv,World_EEZ_v8_2014.shp,WPP_BFAR_merge.shp,KKP_IDN_merge_20161208.shp,VNF-VBD_npp_20120301-20151231_global_asia-enhanced_c201607211230.bitmask,NCEI_NGA.union.nga_lead2.add_2015ntl.mask,timezone.shp,VBD_platforms-recurring_2015_r20170330.shp,0.826938,VBD_bridges_c20160811.shp,22.302559;20.657581;17.812403;13.013085;8.184108;3.331987;-1.539063;0.598278;2.699680;7.587820;12.484635;17.389103,102.195274;116.899490;131.129013;129.599106;128.217987;126.965988;125.829720;112.252083;98.601341;99.606560;100.547348;101.419044,npp_d20140716_t1757431_e1803235_b14079,149.842,21.191,63.4381,97.752,47.3935,96.5592
357,VBD_npp_d20140716_t1802067_x1022400E_y067244N_l2383_s0397_v23,2017-05-23 13:09:55,6.724445,102.239990,17.5717,2014-07-16 18:02:06,2014-07-17 01:02:06,2383,397,0.374391,1,2529,0.66276,0.170645,0.865784,0.4,0.939665,0.75,0.0363818,0.0001,6.55135e-24,999999,1.403723e-01,3,Thailand Exclusive Economic Zone,,,SVDNB_npp_d20140716_t1757431_e1803235_b14079_c20140717000324408388_noaa_ops.h5,GDNBO_npp_d20140716_t1757431_e1803235_b14079_c20140717000324408134_noaa_ops.h5,SVI04_npp_d20140716_t1757431_e1803235_b14079_c20140717000324402868_noaa_ops.dspace_rad,VNFF_npp_d20140716_t1757431_e1803235_b14079_v21.csv,World_EEZ_v8_2014.shp,WPP_BFAR_merge.shp,KKP_IDN_merge_20161208.shp,VNF-VBD_npp_20120301-20151231_global_asia-enhanced_c201607211230.bitmask,NCEI_NGA.union.nga_lead2.add_2015ntl.mask,timezone.shp,VBD_platforms-recurring_2015_r20170330.shp,999999,VBD_bridges_c20160811.shp,22.302559;20.657581;17.812403;13.013085;8.184108;3.331987;-1.539063;0.598278;2.699680;7.587820;12.484635;17.389103,102.195274;116.899490;131.129013;129.599106;128.217987;126.965988;125.829720;112.252083;98.601341;99.606560;100.547348;101.419044,npp_d20140716_t1757431_e1803235_b14079,149.899,21.2383,63.4013,97.4402,47.3815,96.5014
360,VBD_npp_d20140716_t1802067_x1022621E_y067353N_l2381_s0400_v23,2017-05-23 13:09:55,6.735313,102.262115,16.6956,2014-07-16 18:02:06,2014-07-17 01:02:06,2381,400,0.373617,1,2529,0.630875,0.185696,0.900038,0.4,0.919258,0.75,0.0364012,0.0001,7.61849e-24,999999,2.339605e-02,3,Thailand Exclusive Economic Zone,,,SVDNB_npp_d20140716_t1757431_e1803235_b14079_c20140717000324408388_noaa_ops.h5,GDNBO_npp_d20140716_t1757431_e1803235_b14079_c20140717000324408134_noaa_ops.h5,SVI04_npp_d20140716_t1757431_e1803235_b14079_c20140717000324402868_noaa_ops.dspace_rad,VNFF_npp_d20140716_t1757431_e1803235_b14079_v21.csv,World_EEZ_v8_2014.shp,WPP_BFAR_merge.shp,KKP_IDN_merge_20161208.shp,VNF-VBD_npp_20120301-20151231_global_asia-enhanced_c201607211230.bitmask,NCEI_NGA.union.nga_lead2.add_2015ntl.mask,timezone.shp,VBD_platforms-recurring_2015_r20170330.shp,999999,VBD_bridges_c20160811.shp,22.302559;20.657581;17.812403;13.013085;8.184108;3.331987;-1.539063;0.598278;2.699680;7.587820;12.484635;17.389103,102.195274;116.899490;131.129013;129.599106;128.217987;126.965988;125.829720;112.252083;98.601341;99.606560;100.547348;101.419044,npp_d20140716_t1757431_e1803235_b14079,149.881,21.2694,63.3433,97.5121,47.3607,96.5165
362,VBD_npp_d20140716_t1801454_x1025366E_y079746N_l2188_s0403_v23,2017-05-23 13:09:55,7.974621,102.536591,12.2341,2014-07-16 18:01:45,2014-07-17 01:01:45,2188,403,0.109659,2,2465,0.370211,0.22262,0.607723,0.4,0.720127,0.75,0.036505,0.0001,8.95316e-24,999999,-2.635857e-01,3,Thailand Exclusive Economic Zone,,,SVDNB_npp_d20140716_t1757431_e1803235_b14079_c20140717000324408388_noaa_ops.h5,GDNBO_npp_d20140716_t1757431_e1803235_b14079_c20140717000324408134_noaa_ops.h5,SVI04_npp_d20140716_t1757431_e1803235_b14079_c20140717000324402868_noaa_ops.dspace_rad,VNFF_npp_d20140716_t1757431_e1803235_b14079_v21.csv,World_EEZ_v8_2014.shp,WPP_BFAR_merge.shp,KKP_IDN_merge_20161208.shp,VNF-VBD_npp_20120301-20151231_global_asia-enhanced_c201607211230.bitmask,NCEI_NGA.union.nga_lead2.add_2015ntl.mask,timezone.shp,VBD_platforms-recurring_2015_r20170330.shp,999999,VBD_bridges_c20160811.shp,22.302559;20.657581;17.812403;13.013085;8.184108;3.331987;-1.539063;0.598278;2.699680;7.587820;12.484635;17.389103,102.195274;116.899490;131.129013;129.599106;128.217987;126.965988;125.829720;112.252083;98.601341;99.606560;100.547348;101.419044,npp_d20140716_t1757431_e1803235_b14079,148.658,20.8332,63.2891,97.3261,47.3285,97.7264
363,VBD_npp_d20140716_t1802067_x1022832E_y067394N_l2380_s0403_v23,2017-05-23 13:09:55,6.739391,102.283211,38.9926,2014-07-16 18:02:06,2014-07-17 01:02:06,2380,403,0.37428,1,2529,0.929465,0.185398,0.887492,0.4,0.955633,0.75,0.03642,0.0001,8.84272e-24,999999,2.571369e-02,3,Thailand Exclusive Economic Zone,,,SVDNB_npp_d20140716_t1757431_e1803235_b14079_c20140717000324408388_noaa_ops.h5,GDNBO_npp_d20140716_t1757431_e1803235_b14079_c20140717000324408134_noaa_ops.h5,SVI04_npp_d20140716_t1757431_e1803235_b14079_c20140717000324402868_noaa_ops.dspace_rad,VNFF_npp_d20140716_t1757431_e1803235_b14079_v21.csv,World_EEZ_v8_2014.shp,WPP_BFAR_merge.shp,KKP_IDN_merge_20161208.shp,VNF-VBD_npp_20120301-20151231_global_asia-enhanced_c201607211230.bitmask,NCEI_NGA.union.nga_lead2.add_2015ntl.mask,timezone.shp,VBD_platforms-recurring_2015_r20170330.shp,999999,VBD_bridges_c20160811.shp,22.302559;20.657581;17.812403;13.013085;8.184108;3.331987;-1.539063;0.598278;2.699680;7.587820;12.484635;17.389103,102.195274;116.899490;131.129013;129.599106;128.217987;126.965988;125.829720;112.252083;98.601341;99.606560;100.547348;101.419044,npp_d20140716_t1757431_e1803235_b14079,149.87,21.303,63.2857,97.5492,47.3401,96.525
364,VBD_npp_d20140716_t1801489_x1025025E_y077677N_l2220_s0404_v23,2017-05-23 13:09:55,7.767694,102.502464,11.2047,2014-07-16 18:01:48,2014-07-17 01:01:48,2220,404,0.226336,1,2529,0.407898,0.196854,0.716421,0.4,0.791616,0.75,0.0364982,0.0001,9.48963e-24,999999,-6.332667e-02,3,Thailand Exclusive Economic Zone,,,SVDNB_npp_d20140716_t1757431_e1803235_b14079_c20140717000324408388_noaa_ops.h5,GDNBO_npp_d20140716_t1757431_e1803235_b14079_c20140717000324408134_noaa_ops.h5,SVI04_npp_d20140716_t1757431_e1803235_b14079_c20140717000324402868_noaa_ops.dspace_rad,VNFF_npp_d20140716_t1757431_e1803235_b14079_v21.csv,World_EEZ_v8_2014.shp,WPP_BFAR_merge.shp,KKP_IDN_merge_20161208.shp,VNF-VBD_npp_20120301-20151231_global_asia-enhanced_c201607211230.bitmask,NCEI_NGA.union.nga_lead2.add_2015ntl.mask,timezone.shp,VBD_platforms-recurring_2015_r20170330.shp,999999,VBD_bridges_c20160811.shp,22.302559;20.657581;17.812403;13.013085;8.184108;3.331987;-1.539063;0.598278;2.699680;7.587820;12.484635;17.389103,102.195274;116.899490;131.129013;129.599106;128.217987;126.965988;125.829720;112.252083;98.601341;99.606560;100.547348;101.419044,npp_d20140716_t1757431_e1803235_b14079,148.858,20.9227,63.2663,97.3641,47.3203,97.527
366,VBD_npp_d20140716_t1802050_x1023152E_y068204N_l2367_s0405_v23,2017-05-23 13:09:55,6.820431,102.315247,53.8055,2014-07-16 18:02:05,2014-07-17 01:02:05,2367,405,0.372126,8,18913,1.03878,0.188763,0.898015,0.4,0.936457,0.75,0.0364384,0.0001,9.77268e-24,999999,-4.465942e-04,3,Thailand Exclusive Economic Zone,,,SVDNB_npp_d20140716_t1757431_e1803235_b14079_c20140717000324408388_noaa_ops.h5,GDNBO_npp_d20140716_t1757431_e1803235_b14079_c20140717000324408134_noaa_ops.h5,SVI04_npp_d20140716_t1757431_e1803235_b14079_c20140717000324402868_noaa_ops.dspace_rad,VNFF_npp_d20140716_t1757431_e1803235_b14079_v21.csv,World_EEZ_v8_2014.shp,WPP_BFAR_merge.shp,KKP_IDN_merge_20161208.shp,VNF-VBD_npp_20120301-20151231_global_asia-enhanced_c201607211230.bitmask,NCEI_NGA.union.nga_lead2.add_2015ntl.mask,timezone.shp,VBD_platforms-recurring_2015_r20170330.shp,0.531634,VBD_bridges_c20160811.shp,22.302559;20.657581;17.812403;13.013085;8.184108;3.331987;-1.539063;0.598278;2.699680;7.587820;12.484635;17.389103,102.195274;116.899490;131.129013;129.599106;128.217987;126.965988;125.829720;112.252083;98.601341;99.606560;100.547348;101.419044,npp_d20140716_t1757431_e1803235_b14079,149.785,21.2945,63.2477,97.4285,47.3247,96.6069
368,VBD_npp_d20140716_t1802067_x1023309E_y067880N_l2372_s0409_v23,2017-05-23 13:09:55,6.787997,102.330902,38.5909,2014-07-16 18:02:06,2014-07-17 01:02:06,2372,409,0.382346,8,18913,0.912088,0.168963,0.895332,0.4,0.940059,0.75,0.0364602,0.0001,1.19411e-23,999999,1.534448e-01,3,Malaysian Exclusive Economic Zone,,,SVDNB_npp_d20140716_t1757431_e1803235_b14079_c20140717000324408388_noaa_ops.h5,GDNBO_npp_d20140716_t1757431_e1803235_b14079_c20140717000324408134_noaa_ops.h5,SVI04_npp_d20140716_t1757431_e1803235_b14079_c20140717000324402868_noaa_ops.dspace_rad,VNFF_npp_d20140716_t1757431_e1803235_b14079_v21.csv,World_EEZ_v8_2014.shp,WPP_BFAR_merge.shp,KKP_IDN_merge_20161208.shp,VNF-VBD_npp_20120301-20151231_global_asia-enhanced_c201607211230.bitmask,NCEI_NGA.union.nga_lead2.add_2015ntl.mask,timezone.shp,VBD_platforms-recurring_2015_r20170330.shp,0.892114,VBD_bridges_c20160811.shp,22.302559;20.657581;17.812403;13.013085;8.184108;3.331987;-1.539063;0.598278;2.699680;7.587820;12.484635;17.389103,102.195274;116.899490;131.129013;129.599106;128.217987;126.965988;125.829720;112.252083;98.601341;99.606560;100.547348;101.419044,npp_d20140716_t1757431_e1803235_b14079,149.807,21.3541,63.17,97.8329,47.2981,96.5815
372,VBD_npp_d20140716_t1803179_x1014713E_y026168N_l3020_s0414_v23,2017-05-23 13:09:55,2.616751,101.471306,8.93649,2014-07-16 18:03:17,2014-07-17 01:03:17,3020,414,0.381517,1,2529,0.367789,0.185123,0.587963,0.4,0.806148,0.75,0.0362379,0.0001,1.00616e-23,999999,2.784539e-02,3,Malaysian Exclusive Economic Zone,,,SVDNB_npp_d20140716_t1757431_e1803235_b14079_c20140717000324408388_noaa_ops.h5,GDNBO_npp_d20140716_t1757431_e1803235_b14079_c20140717000324408134_noaa_ops.h5,SVI04_npp_d20140716_t1757431_e1803235_b14079_c20140717000324402868_noaa_ops.dspace_rad,VNFF_npp_d20140716_t1757431_e1803235_b14079_v21.csv,World_EEZ_v8_2014.shp,WPP_BFAR_merge.shp,KKP_IDN_merge_20161208.shp,VNF-VBD_npp_20120301-20151231_global_asia-enhanced_c201607211230.bitmask,NCEI_NGA.union.nga_lead2.add_2015ntl.mask,timezone.shp,VBD_platforms-recurring_2015_r20170330.shp,999999,VBD_bridges_c20160811.shp,22.302559;20.657581;17.812403;13.013085;8.184108;3.331987;-1.539063;0.598278;2.699680;7.587820;12.484635;17.389103,102.195274;116.899490;131.129013;129.599106;128.217987;126.965988;125.829720;112.252083;98.601341;99.606560;100.547348;101.419044,npp_d20140716_t1757431_e1803235_b14079,153.88,23.2992,63.0817,98.3167,47.5381,92.5641
382,VBD_npp_d20140716_t1802067_x1024081E_y067002N_l2383_s0422_v23,2017-05-23 13:09:55,6.700221,102.408112,20.353,2014-07-16 18:02:06,2014-07-17 01:02:06,2383,422,0.258488,1,2529,0.629444,0.204429,0.779912,0.4,0.903676,0.75,0.0365333,0.0001,2.24712e-23,999999,-1.222007e-01,3,Malaysian Exclusive Economic Zone,,,SVDNB_npp_d20140716_t1757431_e1803235_b14079_c20140717000324408388_noaa_ops.h5,GDNBO_npp_d20140716_t1757431_e1803235_b14079_c20140717000324408134_noaa_ops.h5,SVI04_npp_d20140716_t1757431_e1803235_b14079_c20140717000324402868_noaa_ops.dspace_rad,VNFF_npp_d20140716_t1757431_e1803235_b14079_v21.csv,World_EEZ_v8_2014.shp,WPP_BFAR_merge.shp,KKP_IDN_merge_20161208.shp,VNF-VBD_npp_20120301-20151231_global_asia-enhanced_c201607211230.bitmask,NCEI_NGA.union.nga_lead2.add_2015ntl.mask,timezone.shp,VBD_platforms-recurring_2015_r20170330.shp,999999,VBD_bridges_c20160811.shp,22.302559;20.657581;17.812403;13.013085;8.184108;3.331987;-1.539063;0.598278;2.699680;7.587820;12.484635;17.389103,102.195274;116.899490;131.129013;129.599106;128.217987;126.965988;125.829720;112.252083;98.601341;99.606560;100.547348;101.419044,npp_d20140716_t1757431_e1803235_b14079,149.861,21.5412,62.9179,97.4488,47.2109,96.5161
394,VBD_npp_d20140716_t1802067_x1024607E_y067714N_l2372_s0428_v23,2017-05-23 13:09:55,6.771442,102.460716,10.4521,2014-07-16 18:02:06,2014-07-17 01:02:06,2372,428,0.201034,1,2529,0.384377,0.225878,0.66149,0.4,0.77923,0.75,0.0365753,0.0001,3.06921e-23,999999,-2.889129e-01,3,Malaysian Exclusive Economic Zone,,,SVDNB_npp_d20140716_t1757431_e1803235_b14079_c20140717000324408388_noaa_ops.h5,GDNBO_npp_d20140716_t1757431_e1803235_b14079_c20140717000324408134_noaa_ops.h5,SVI04_npp_d20140716_t1757431_e1803235_b14079_c20140717000324402868_noaa_ops.dspace_rad,VNFF_npp_d20140716_t1757431_e1803235_b14079_v21.csv,World_EEZ_v8_2014.shp,WPP_BFAR_merge.shp,KKP_IDN_merge_20161208.shp,VNF-VBD_npp_20120301-20151231_global_asia-enhanced_c201607211230.bitmask,NCEI_NGA.union.nga_lead2.add_2015ntl.mask,timezone.shp,VBD_platforms-recurring_2015_r20170330.shp,999999,VBD_bridges_c20160811.shp,22.302559;20.657581;17.812403;13.013085;8.184108;3.331987;-1.539063;0.598278;2.699680;7.587820;12.484635;17.389103,102.195274;116.899490;131.129013;129.599106;128.217987;126.965988;125.829720;112.252083;98.601341;99.606560;100.547348;101.419044,npp_d20140716_t1757431_e1803235_b14079,149.775,21.5859,62.7951,97.8553,47.1666,96.5952
397,VBD_npp_d20140716_t1802156_x1023878E_y062662N_l2450_s0433_v23,2017-05-23 13:09:55,6.266215,102.387817,7.94816,2014-07-16 18:02:15,2014-07-17 01:02:15,2450,433,0.370579,1,2529,0.34128,0.204099,0.550463,0.4,0.783282,0.75,0.0365612,0.0001,3.82016e-23,999999,-1.196393e-01,3,Malaysian Exclusive Economic Zone,,,SVDNB_npp_d20140716_t1757431_e1803235_b14079_c20140717000324408388_noaa_ops.h5,GDNBO_npp_d20140716_t1757431_e1803235_b14079_c20140717000324408134_noaa_ops.h5,SVI04_npp_d20140716_t1757431_e1803235_b14079_c20140717000324402868_noaa_ops.dspace_rad,VNFF_npp_d20140716_t1757431_e1803235_b14079_v21.csv,World_EEZ_v8_2014.shp,WPP_BFAR_merge.shp,KKP_IDN_merge_20161208.shp,VNF-VBD_npp_20120301-20151231_global_asia-enhanced_c201607211230.bitmask,NCEI_NGA.union.nga_lead2.add_2015ntl.mask,timezone.shp,VBD_platforms-recurring_2015_r20170330.shp,999999,VBD_bridges_c20160811.shp,22.302559;20.657581;17.812403;13.013085;8.184108;3.331987;-1.539063;0.598278;2.699680;7.587820;12.484635;17.389103,102.195274;116.899490;131.129013;129.599106;128.217987;126.965988;125.829720;112.252083;98.601341;99.606560;100.547348;101.419044,npp_d20140716_t1757431_e1803235_b14079,150.258,21.8485,62.6997,98.0248,47.1471,96.1088
403,VBD_npp_d20140716_t1802014_x1025712E_y070670N_l2325_s0435_v23,2017-05-23 13:09:55,7.067013,102.571182,15.8798,2014-07-16 18:02:01,2014-07-17 01:02:01,2325,435,0.337708,8,18913,0.537451,0.162593,0.783007,0.4,0.823781,0.75,0.0366403,0.0001,4.34881e-23,999999,2.029556e-01,3,Thailand Exclusive Economic Zone,,,SVDNB_npp_d20140716_t1757431_e1803235_b14079_c20140717000324408388_noaa_ops.h5,GDNBO_npp_d20140716_t1757431_e1803235_b14079_c20140717000324408134_noaa_ops.h5,SVI04_npp_d20140716_t1757431_e1803235_b14079_c20140717000324402868_noaa_ops.dspace_rad,VNFF_npp_d20140716_t1757431_e1803235_b14079_v21.csv,World_EEZ_v8_2014.shp,WPP_BFAR_merge.shp,KKP_IDN_merge_20161208.shp,VNF-VBD_npp_20120301-20151231_global_asia-enhanced_c201607211230.bitmask,NCEI_NGA.union.nga_lead2.add_2015ntl.mask,timezone.shp,VBD_platforms-recurring_2015_r20170330.shp,0.59824,VBD_bridges_c20160811.shp,22.302559;20.657581;17.812403;13.013085;8.184108;3.331987;-1.539063;0.598278;2.699680;7.587820;12.484635;17.389103,102.195274;116.899490;131.129013;129.599106;128.217987;126.965988;125.829720;112.252083;98.601341;99.606560;100.547348;101.419044,npp_d20140716_t1757431_e1803235_b14079,149.468,21.5501,62.6573,97.7702,47.113,96.8956
407,VBD_npp_d20140716_t1802014_x1025780E_y070165N_l2332_s0437_v23,2017-05-23 13:09:55,7.016488,102.577980,17.9912,2014-07-16 18:02:01,2014-07-17 01:02:01,2332,437,0.357541,1,2529,0.643587,0.194849,0.816537,0.4,0.889707,0.75,0.036649,0.0001,4.7759e-23,999999,-4.774802e-02,3,Thailand Exclusive Economic Zone,,,SVDNB_npp_d20140716_t1757431_e1803235_b14079_c20140717000324408388_noaa_ops.h5,GDNBO_npp_d20140716_t1757431_e1803235_b14079_c20140717000324408134_noaa_ops.h5,SVI04_npp_d20140716_t1757431_e1803235_b14079_c20140717000324402868_noaa_ops.dspace_rad,VNFF_npp_d20140716_t1757431_e1803235_b14079_v21.csv,World_EEZ_v8_2014.shp,WPP_BFAR_merge.shp,KKP_IDN_merge_20161208.shp,VNF-VBD_npp_20120301-20151231_global_asia-enhanced_c201607211230.bitmask,NCEI_NGA.union.nga_lead2.add_2015ntl.mask,timezone.shp,VBD_platforms-recurring_2015_r20170330.shp,999999,VBD_bridges_c20160811.shp,22.302559;20.657581;17.812403;13.013085;8.184108;3.331987;-1.539063;0.598278;2.699680;7.587820;12.484635;17.389103,102.195274;116.899490;131.129013;129.599106;128.217987;126.965988;125.829720;112.252083;98.601341;99.606560;100.547348;101.419044,npp_d20140716_t1757431_e1803235_b14079,149.513,21.5931,62.6182,97.5156,47.1001,96.8494
408,VBD_npp_d20140716_t1802032_x1025606E_y069410N_l2344_s0437_v23,2017-05-23 13:09:55,6.941041,102.560577,12.9505,2014-07-16 18:02:03,2014-07-17 01:02:03,2344,437,0.375551,1,2529,0.530143,0.191012,0.739637,0.4,0.876898,0.75,0.0366432,0.0001,4.77976e-23,999999,-1.792435e-02,3,Thailand Exclusive Economic Zone,,,SVDNB_npp_d20140716_t1757431_e1803235_b14079_c20140717000324408388_noaa_ops.h5,GDNBO_npp_d20140716_t1757431_e1803235_b14079_c20140717000324408134_noaa_ops.h5,SVI04_npp_d20140716_t1757431_e1803235_b14079_c20140717000324402868_noaa_ops.dspace_rad,VNFF_npp_d20140716_t1757431_e1803235_b14079_v21.csv,World_EEZ_v8_2014.shp,WPP_BFAR_merge.shp,KKP_IDN_merge_20161208.shp,VNF-VBD_npp_20120301-20151231_global_asia-enhanced_c201607211230.bitmask,NCEI_NGA.union.nga_lead2.add_2015ntl.mask,timezone.shp,VBD_platforms-recurring_2015_r20170330.shp,999999,VBD_bridges_c20160811.shp,22.302559;20.657581;17.812403;13.013085;8.184108;3.331987;-1.539063;0.598278;2.699680;7.587820;12.484635;17.389103,102.195274;116.899490;131.129013;129.599106;128.217987;126.965988;125.829720;112.252083;98.601341;99.606560;100.547348;101.419044,npp_d20140716_t1757431_e1803235_b14079,149.587,21.6235,62.6174,97.6789,47.1012,96.7754
421,VBD_npp_d20140716_t1802032_x1026200E_y069683N_l2339_s0445_v23,2017-05-23 13:09:55,6.968279,102.620003,27.0347,2014-07-16 18:02:03,2014-07-17 01:02:03,2339,445,0.380357,8,18913,0.809462,0.173955,0.82088,0.4,0.903394,0.75,0.0366941,0.0001,7.09041e-23,999999,1.146469e-01,3,Thailand Exclusive Economic Zone,,,SVDNB_npp_d20140716_t1757431_e1803235_b14079_c20140717000324408388_noaa_ops.h5,GDNBO_npp_d20140716_t1757431_e1803235_b14079_c20140717000324408134_noaa_ops.h5,SVI04_npp_d20140716_t1757431_e1803235_b14079_c20140717000324402868_noaa_ops.dspace_rad,VNFF_npp_d20140716_t1757431_e1803235_b14079_v21.csv,World_EEZ_v8_2014.shp,WPP_BFAR_merge.shp,KKP_IDN_merge_20161208.shp,VNF-VBD_npp_20120301-20151231_global_asia-enhanced_c201607211230.bitmask,NCEI_NGA.union.nga_lead2.add_2015ntl.mask,timezone.shp,VBD_platforms-recurring_2015_r20170330.shp,0.298386,VBD_bridges_c20160811.shp,22.302559;20.657581;17.812403;13.013085;8.184108;3.331987;-1.539063;0.598278;2.699680;7.587820;12.484635;17.389103,102.195274;116.899490;131.129013;129.599106;128.217987;126.965988;125.829720;112.252083;98.601341;99.606560;100.547348;101.419044,npp_d20140716_t1757431_e1803235_b14079,149.539,21.7068,62.4567,97.8688,47.0452,96.8151
422,VBD_npp_d20140716_t1802085_x1025521E_y066390N_l2390_s0445_v23,2017-05-23 13:09:55,6.639023,102.552071,19.116,2014-07-16 18:02:08,2014-07-17 01:02:08,2390,445,0.272299,1,2529,0.606004,0.200645,0.794745,0.4,0.860134,0.75,0.0366686,0.0001,6.97863e-23,999999,-9.279003e-02,3,Malaysian Exclusive Economic Zone,,,SVDNB_npp_d20140716_t1757431_e1803235_b14079_c20140717000324408388_noaa_ops.h5,GDNBO_npp_d20140716_t1757431_e1803235_b14079_c20140717000324408134_noaa_ops.h5,SVI04_npp_d20140716_t1757431_e1803235_b14079_c20140717000324402868_noaa_ops.dspace_rad,VNFF_npp_d20140716_t1757431_e1803235_b14079_v21.csv,World_EEZ_v8_2014.shp,WPP_BFAR_merge.shp,KKP_IDN_merge_20161208.shp,VNF-VBD_npp_20120301-20151231_global_asia-enhanced_c201607211230.bitmask,NCEI_NGA.union.nga_lead2.add_2015ntl.mask,timezone.shp,VBD_platforms-recurring_2015_r20170330.shp,999999,VBD_bridges_c20160811.shp,22.302559;20.657581;17.812403;13.013085;8.184108;3.331987;-1.539063;0.598278;2.699680;7.587820;12.484635;17.389103,102.195274;116.899490;131.129013;129.599106;128.217987;126.965988;125.829720;112.252083;98.601341;99.606560;100.547348;101.419044,npp_d20140716_t1757431_e1803235_b14079,149.862,21.8383,62.459,97.8153,47.053,96.4919
423,VBD_npp_d20140716_t1802085_x1025869E_y066413N_l2389_s0450_v23,2017-05-23 13:09:55,6.641278,102.586884,15.4129,2014-07-16 18:02:08,2014-07-17 01:02:08,2389,450,0.196504,1,2529,0.519036,0.236467,0.797497,0.4,0.85472,0.75,0.0366994,0.0001,8.89522e-23,999999,-3.712087e-01,3,Malaysian Exclusive Economic Zone,,,SVDNB_npp_d20140716_t1757431_e1803235_b14079_c20140717000324408388_noaa_ops.h5,GDNBO_npp_d20140716_t1757431_e1803235_b14079_c20140717000324408134_noaa_ops.h5,SVI04_npp_d20140716_t1757431_e1803235_b14079_c20140717000324402868_noaa_ops.dspace_rad,VNFF_npp_d20140716_t1757431_e1803235_b14079_v21.csv,World_EEZ_v8_2014.shp,WPP_BFAR_merge.shp,KKP_IDN_merge_20161208.shp,VNF-VBD_npp_20120301-20151231_global_asia-enhanced_c201607211230.bitmask,NCEI_NGA.union.nga_lead2.add_2015ntl.mask,timezone.shp,VBD_platforms-recurring_2015_r20170330.shp,999999,VBD_bridges_c20160811.shp,22.302559;20.657581;17.812403;13.013085;8.184108;3.331987;-1.539063;0.598278;2.699680;7.587820;12.484635;17.389103,102.195274;116.899490;131.129013;129.599106;128.217987;126.965988;125.829720;112.252083;98.601341;99.606560;100.547348;101.419044,npp_d20140716_t1757431_e1803235_b14079,149.847,21.8961,62.359,97.8559,47.0185,96.5018
442,VBD_npp_d20140716_t1801472_x1029483E_y078634N_l2197_s0465_v23,2017-05-23 13:09:55,7.863366,102.948326,17.6153,2014-07-16 18:01:47,2014-07-17 01:01:47,2197,465,0.265393,1,2529,0.616206,0.197949,0.817796,0.4,0.889059,0.75,0.0368766,0.0001,1.91533e-22,999999,-7.184038e-02,3,Thailand Exclusive Economic Zone,,,SVDNB_npp_d20140716_t1757431_e1803235_b14079_c20140717000324408388_noaa_ops.h5,GDNBO_npp_d20140716_t1757431_e1803235_b14079_c20140717000324408134_noaa_ops.h5,SVI04_npp_d20140716_t1757431_e1803235_b14079_c20140717000324402868_noaa_ops.dspace_rad,VNFF_npp_d20140716_t1757431_e1803235_b14079_v21.csv,World_EEZ_v8_2014.shp,WPP_BFAR_merge.shp,KKP_IDN_merge_20161208.shp,VNF-VBD_npp_20120301-20151231_global_asia-enhanced_c201607211230.bitmask,NCEI_NGA.union.nga_lead2.add_2015ntl.mask,timezone.shp,VBD_platforms-recurring_2015_r20170330.shp,999999,VBD_bridges_c20160811.shp,22.302559;20.657581;17.812403;13.013085;8.184108;3.331987;-1.539063;0.598278;2.699680;7.587820;12.484635;17.389103,102.195274;116.899490;131.129013;129.599106;128.217987;126.965988;125.829720;112.252083;98.601341;99.606560;100.547348;101.419044,npp_d20140716_t1757431_e1803235_b14079,148.612,21.5919,62.0455,97.6544,46.8973,97.7321
444,VBD_npp_d20140716_t1801454_x1029787E_y078881N_l2192_s0468_v23,2017-05-23 13:09:55,7.888121,102.978729,13.1295,2014-07-16 18:01:45,2014-07-17 01:01:45,2192,468,0.232965,1,2529,0.44617,0.180341,0.799979,0.4,0.775873,0.75,0.0368968,0.0001,2.19548e-22,999999,6.501532e-02,3,Vietnamese Exclusive Economic Zone,,,SVDNB_npp_d20140716_t1757431_e1803235_b14079_c20140717000324408388_noaa_ops.h5,GDNBO_npp_d20140716_t1757431_e1803235_b14079_c20140717000324408134_noaa_ops.h5,SVI04_npp_d20140716_t1757431_e1803235_b14079_c20140717000324402868_noaa_ops.dspace_rad,VNFF_npp_d20140716_t1757431_e1803235_b14079_v21.csv,World_EEZ_v8_2014.shp,WPP_BFAR_merge.shp,KKP_IDN_merge_20161208.shp,VNF-VBD_npp_20120301-20151231_global_asia-enhanced_c201607211230.bitmask,NCEI_NGA.union.nga_lead2.add_2015ntl.mask,timezone.shp,VBD_platforms-recurring_2015_r20170330.shp,999999,VBD_bridges_c20160811.shp,22.302559;20.657581;17.812403;13.013085;8.184108;3.331987;-1.539063;0.598278;2.699680;7.587820;12.484635;17.389103,102.195274;116.899490;131.129013;129.599106;128.217987;126.965988;125.829720;112.252083;98.601341;99.606560;100.547348;101.419044,npp_d20140716_t1757431_e1803235_b14079,148.58,21.6148,61.9882,97.2327,46.8776,97.7619
446,VBD_npp_d20140716_t1801472_x1029802E_y078870N_l2193_s0469_v23,2017-05-23 13:09:55,7.887005,102.980240,9.54004,2014-07-16 18:01:47,2014-07-17 01:01:47,2193,469,0.232965,1,2529,0.382534,0.185403,0.799979,0.4,0.76021,0.75,0.0369024,0.0001,2.33491e-22,999999,2.566848e-02,3,Vietnamese Exclusive Economic Zone,,,SVDNB_npp_d20140716_t1757431_e1803235_b14079_c20140717000324408388_noaa_ops.h5,GDNBO_npp_d20140716_t1757431_e1803235_b14079_c20140717000324408134_noaa_ops.h5,SVI04_npp_d20140716_t1757431_e1803235_b14079_c20140717000324402868_noaa_ops.dspace_rad,VNFF_npp_d20140716_t1757431_e1803235_b14079_v21.csv,World_EEZ_v8_2014.shp,WPP_BFAR_merge.shp,KKP_IDN_merge_20161208.shp,VNF-VBD_npp_20120301-20151231_global_asia-enhanced_c201607211230.bitmask,NCEI_NGA.union.nga_lead2.add_2015ntl.mask,timezone.shp,VBD_platforms-recurring_2015_r20170330.shp,999999,VBD_bridges_c20160811.shp,22.302559;20.657581;17.812403;13.013085;8.184108;3.331987;-1.539063;0.598278;2.699680;7.587820;12.484635;17.389103,102.195274;116.899490;131.129013;129.599106;128.217987;126.965988;125.829720;112.252083;98.601341;99.606560;100.547348;101.419044,npp_d20140716_t1757431_e1803235_b14079,148.578,21.6301,61.9613,97.8057,46.8688,97.7631
450,VBD_npp_d20140716_t1802085_x1027217E_y065458N_l2400_s0471_v23,2017-05-23 13:09:55,6.545847,102.721687,7.39484,2014-07-16 18:02:08,2014-07-17 01:02:08,2400,471,0.328372,2,2465,0.266532,0.223712,0.532694,0.4,0.646526,0.75,0.0368203,0.0001,2.47261e-22,999999,-2.720748e-01,3,Malaysian Exclusive Economic Zone,,,SVDNB_npp_d20140716_t1757431_e1803235_b14079_c20140717000324408388_noaa_ops.h5,GDNBO_npp_d20140716_t1757431_e1803235_b14079_c20140717000324408134_noaa_ops.h5,SVI04_npp_d20140716_t1757431_e1803235_b14079_c20140717000324402868_noaa_ops.dspace_rad,VNFF_npp_d20140716_t1757431_e1803235_b14079_v21.csv,World_EEZ_v8_2014.shp,WPP_BFAR_merge.shp,KKP_IDN_merge_20161208.shp,VNF-VBD_npp_20120301-20151231_global_asia-enhanced_c201607211230.bitmask,NCEI_NGA.union.nga_lead2.add_2015ntl.mask,timezone.shp,VBD_platforms-recurring_2015_r20170330.shp,999999,VBD_bridges_c20160811.shp,22.302559;20.657581;17.812403;13.013085;8.184108;3.331987;-1.539063;0.598278;2.699680;7.587820;12.484635;17.389103,102.195274;116.899490;131.129013;129.599106;128.217987;126.965988;125.829720;112.252083;98.601341;99.606560;100.547348;101.419044,npp_d20140716_t1757431_e1803235_b14079,149.885,22.1871,61.9264,97.4675,46.8729,96.4408
451,VBD_npp_d20140716_t1802014_x1028270E_y070390N_l2324_s0472_v23,2017-05-23 13:09:55,7.038994,102.826958,8.53698,2014-07-16 18:02:01,2014-07-17 01:02:01,2324,472,0.316605,8,18913,0.381525,0.252125,0.521803,0.4,0.825781,0.75,0.0368648,0.0001,2.66531e-22,999999,-4.929103e-01,3,Thailand Exclusive Economic Zone,,,SVDNB_npp_d20140716_t1757431_e1803235_b14079_c20140717000324408388_noaa_ops.h5,GDNBO_npp_d20140716_t1757431_e1803235_b14079_c20140717000324408134_noaa_ops.h5,SVI04_npp_d20140716_t1757431_e1803235_b14079_c20140717000324402868_noaa_ops.dspace_rad,VNFF_npp_d20140716_t1757431_e1803235_b14079_v21.csv,World_EEZ_v8_2014.shp,WPP_BFAR_merge.shp,KKP_IDN_merge_20161208.shp,VNF-VBD_npp_20120301-20151231_global_asia-enhanced_c201607211230.bitmask,NCEI_NGA.union.nga_lead2.add_2015ntl.mask,timezone.shp,VBD_platforms-recurring_2015_r20170330.shp,0.384369,VBD_bridges_c20160811.shp,22.302559;20.657581;17.812403;13.013085;8.184108;3.331987;-1.539063;0.598278;2.699680;7.587820;12.484635;17.389103,102.195274;116.899490;131.129013;129.599106;128.217987;126.965988;125.829720;112.252083;98.601341;99.606560;100.547348;101.419044,npp_d20140716_t1757431_e1803235_b14079,149.4,21.9982,61.9016,97.8387,46.8546,96.9296
452,VBD_npp_d20140716_t1801472_x1030126E_y078130N_l2203_s0475_v23,2017-05-23 13:09:55,7.812959,103.012596,11.0486,2014-07-16 18:01:47,2014-07-17 01:01:47,2203,475,0.262079,1,2529,0.424681,0.187189,0.709276,0.4,0.820685,0.75,0.0369347,0.0001,3.12649e-22,999999,1.178725e-02,3,Thailand Exclusive Economic Zone,,,SVDNB_npp_d20140716_t1757431_e1803235_b14079_c20140717000324408388_noaa_ops.h5,GDNBO_npp_d20140716_t1757431_e1803235_b14079_c20140717000324408134_noaa_ops.h5,SVI04_npp_d20140716_t1757431_e1803235_b14079_c20140717000324402868_noaa_ops.dspace_rad,VNFF_npp_d20140716_t1757431_e1803235_b14079_v21.csv,World_EEZ_v8_2014.shp,WPP_BFAR_merge.shp,KKP_IDN_merge_20161208.shp,VNF-VBD_npp_20120301-20151231_global_asia-enhanced_c201607211230.bitmask,NCEI_NGA.union.nga_lead2.add_2015ntl.mask,timezone.shp,VBD_platforms-recurring_2015_r20170330.shp,999999,VBD_bridges_c20160811.shp,22.302559;20.657581;17.812403;13.013085;8.184108;3.331987;-1.539063;0.598278;2.699680;7.587820;12.484635;17.389103,102.195274;116.899490;131.129013;129.599106;128.217987;126.965988;125.829720;112.252083;98.601341;99.606560;100.547348;101.419044,npp_d20140716_t1757431_e1803235_b14079,148.635,21.7282,61.8366,97.4426,46.8266,97.7011
460,VBD_npp_d20140716_t1802139_x1027400E_y063155N_l2435_s0481_v23,2017-05-23 13:09:55,6.315519,102.739960,8.78861,2014-07-16 18:02:13,2014-07-17 01:02:13,2435,481,0.255394,8,18849,0.282754,0.216878,0.44367,0.4,0.668967,0.75,0.0368607,0.0001,4.0549e-22,999999,-2.189602e-01,3,Malaysian Exclusive Economic Zone,,,SVDNB_npp_d20140716_t1757431_e1803235_b14079_c20140717000324408388_noaa_ops.h5,GDNBO_npp_d20140716_t1757431_e1803235_b14079_c20140717000324408134_noaa_ops.h5,SVI04_npp_d20140716_t1757431_e1803235_b14079_c20140717000324402868_noaa_ops.dspace_rad,VNFF_npp_d20140716_t1757431_e1803235_b14079_v21.csv,World_EEZ_v8_2014.shp,WPP_BFAR_merge.shp,KKP_IDN_merge_20161208.shp,VNF-VBD_npp_20120301-20151231_global_asia-enhanced_c201607211230.bitmask,NCEI_NGA.union.nga_lead2.add_2015ntl.mask,timezone.shp,VBD_platforms-recurring_2015_r20170330.shp,0.385101,VBD_bridges_c20160811.shp,22.302559;20.657581;17.812403;13.013085;8.184108;3.331987;-1.539063;0.598278;2.699680;7.587820;12.484635;17.389103,102.195274;116.899490;131.129013;129.599106;128.217987;126.965988;125.829720;112.252083;98.601341;99.606560;100.547348;101.419044,npp_d20140716_t1757431_e1803235_b14079,150.083,22.4074,61.712,98.0067,46.8075,96.229
464,VBD_npp_d20140716_t1802067_x1028259E_y066723N_l2379_s0482_v23,2017-05-23 13:09:55,6.672311,102.825890,6.20312,2014-07-16 18:02:06,2014-07-17 01:02:06,2379,482,0.369861,1,2529,0.280718,0.229374,0.532147,0.4,0.804809,0.75,0.036899,0.0001,4.30223e-22,999999,-3.160823e-01,3,Malaysian Exclusive Economic Zone,,,SVDNB_npp_d20140716_t1757431_e1803235_b14079_c20140717000324408388_noaa_ops.h5,GDNBO_npp_d20140716_t1757431_e1803235_b14079_c20140717000324408134_noaa_ops.h5,SVI04_npp_d20140716_t1757431_e1803235_b14079_c20140717000324402868_noaa_ops.dspace_rad,VNFF_npp_d20140716_t1757431_e1803235_b14079_v21.csv,World_EEZ_v8_2014.shp,WPP_BFAR_merge.shp,KKP_IDN_merge_20161208.shp,VNF-VBD_npp_20120301-20151231_global_asia-enhanced_c201607211230.bitmask,NCEI_NGA.union.nga_lead2.add_2015ntl.mask,timezone.shp,VBD_platforms-recurring_2015_r20170330.shp,999999,VBD_bridges_c20160811.shp,22.302559;20.657581;17.812403;13.013085;8.184108;3.331987;-1.539063;0.598278;2.699680;7.587820;12.484635;17.389103,102.195274;116.899490;131.129013;129.599106;128.217987;126.965988;125.829720;112.252083;98.601341;99.606560;100.547348;101.419044,npp_d20140716_t1757431_e1803235_b14079,149.732,22.269,61.6905,97.6412,46.7905,96.5835
484,VBD_npp_d20140716_t1801436_x1032412E_y079603N_l2176_s0503_v23,2017-05-23 13:09:55,7.960305,103.241173,15.8876,2014-07-16 18:01:43,2014-07-17 01:01:43,2176,503,0.199376,1,2529,0.485353,0.179078,0.694394,0.4,0.80431,0.75,0.0371144,0.0001,1.17278e-21,999999,7.483220e-02,3,Vietnamese Exclusive Economic Zone,,,SVDNB_npp_d20140716_t1757431_e1803235_b14079_c20140717000324408388_noaa_ops.h5,GDNBO_npp_d20140716_t1757431_e1803235_b14079_c20140717000324408134_noaa_ops.h5,SVI04_npp_d20140716_t1757431_e1803235_b14079_c20140717000324402868_noaa_ops.dspace_rad,VNFF_npp_d20140716_t1757431_e1803235_b14079_v21.csv,World_EEZ_v8_2014.shp,WPP_BFAR_merge.shp,KKP_IDN_merge_20161208.shp,VNF-VBD_npp_20120301-20151231_global_asia-enhanced_c201607211230.bitmask,NCEI_NGA.union.nga_lead2.add_2015ntl.mask,timezone.shp,VBD_platforms-recurring_2015_r20170330.shp,999999,VBD_bridges_c20160811.shp,22.302559;20.657581;17.812403;13.013085;8.184108;3.331987;-1.539063;0.598278;2.699680;7.587820;12.484635;17.389103,102.195274;116.899490;131.129013;129.599106;128.217987;126.965988;125.829720;112.252083;98.601341;99.606560;100.547348;101.419044,npp_d20140716_t1757431_e1803235_b14079,148.42,21.9889,61.2576,97.2471,46.6341,97.8995
509,VBD_npp_d20140716_t1803232_x1020778E_y022199N_l3066_s0513_v23,2017-05-23 13:09:55,2.219948,102.077835,10.6688,2014-07-16 18:03:23,2014-07-17 01:03:23,3066,513,0.380799,2,2465,0.266457,0.25175,0.5159,0.4,0.66503,0.75,0.0368365,0.0001,1.22547e-21,999999,-4.899955e-01,3,Malaysian Exclusive Economic Zone,,,SVDNB_npp_d20140716_t1757431_e1803235_b14079_c20140717000324408388_noaa_ops.h5,GDNBO_npp_d20140716_t1757431_e1803235_b14079_c20140717000324408134_noaa_ops.h5,SVI04_npp_d20140716_t1757431_e1803235_b14079_c20140717000324402868_noaa_ops.dspace_rad,VNFF_npp_d20140716_t1757431_e1803235_b14079_v21.csv,World_EEZ_v8_2014.shp,WPP_BFAR_merge.shp,KKP_IDN_merge_20161208.shp,VNF-VBD_npp_20120301-20151231_global_asia-enhanced_c201607211230.bitmask,NCEI_NGA.union.nga_lead2.add_2015ntl.mask,timezone.shp,VBD_platforms-recurring_2015_r20170330.shp,999999,VBD_bridges_c20160811.shp,22.302559;20.657581;17.812403;13.013085;8.184108;3.331987;-1.539063;0.598278;2.699680;7.587820;12.484635;17.389103,102.195274;116.899490;131.129013;129.599106;128.217987;126.965988;125.829720;112.252083;98.601341;99.606560;100.547348;101.419044,npp_d20140716_t1757431_e1803235_b14079,153.986,24.829,61.0542,98.4656,46.8869,92.2388
511,VBD_npp_d20140716_t1801454_x1033036E_y079152N_l2182_s0514_v23,2017-05-23 13:09:55,7.915182,103.303642,10.4351,2014-07-16 18:01:45,2014-07-17 01:01:45,2182,514,0.216613,2,2465,0.341197,0.233354,0.609163,0.4,0.690355,0.75,0.0371783,0.0001,1.95333e-21,999999,-3.470166e-01,3,Vietnamese Exclusive Economic Zone,,,SVDNB_npp_d20140716_t1757431_e1803235_b14079_c20140717000324408388_noaa_ops.h5,GDNBO_npp_d20140716_t1757431_e1803235_b14079_c20140717000324408134_noaa_ops.h5,SVI04_npp_d20140716_t1757431_e1803235_b14079_c20140717000324402868_noaa_ops.dspace_rad,VNFF_npp_d20140716_t1757431_e1803235_b14079_v21.csv,World_EEZ_v8_2014.shp,WPP_BFAR_merge.shp,KKP_IDN_merge_20161208.shp,VNF-VBD_npp_20120301-20151231_global_asia-enhanced_c201607211230.bitmask,NCEI_NGA.union.nga_lead2.add_2015ntl.mask,timezone.shp,VBD_platforms-recurring_2015_r20170330.shp,999999,VBD_bridges_c20160811.shp,22.302559;20.657581;17.812403;13.013085;8.184108;3.331987;-1.539063;0.598278;2.699680;7.587820;12.484635;17.389103,102.195274;116.899490;131.129013;129.599106;128.217987;126.965988;125.829720;112.252083;98.601341;99.606560;100.547348;101.419044,npp_d20140716_t1757431_e1803235_b14079,148.435,22.1305,61.0272,97.6488,46.5587,97.8748
512,VBD_npp_d20140716_t1801489_x1032613E_y077017N_l2215_s0514_v23,2017-05-23 13:09:55,7.701673,103.261269,15.6385,2014-07-16 18:01:48,2014-07-17 01:01:48,2215,514,0.281469,1,2529,0.496675,0.22958,0.620534,0.4,0.809028,0.75,0.0371652,0.0001,1.96873e-21,999999,-3.176788e-01,3,Vietnamese Exclusive Economic Zone,,,SVDNB_npp_d20140716_t1757431_e1803235_b14079_c20140717000324408388_noaa_ops.h5,GDNBO_npp_d20140716_t1757431_e1803235_b14079_c20140717000324408134_noaa_ops.h5,SVI04_npp_d20140716_t1757431_e1803235_b14079_c20140717000324402868_noaa_ops.dspace_rad,VNFF_npp_d20140716_t1757431_e1803235_b14079_v21.csv,World_EEZ_v8_2014.shp,WPP_BFAR_merge.shp,KKP_IDN_merge_20161208.shp,VNF-VBD_npp_20120301-20151231_global_asia-enhanced_c201607211230.bitmask,NCEI_NGA.union.nga_lead2.add_2015ntl.mask,timezone.shp,VBD_platforms-recurring_2015_r20170330.shp,999999,VBD_bridges_c20160811.shp,22.302559;20.657581;17.812403;13.013085;8.184108;3.331987;-1.539063;0.598278;2.699680;7.587820;12.484635;17.389103,102.195274;116.899490;131.129013;129.599106;128.217987;126.965988;125.829720;112.252083;98.601341;99.606560;100.547348;101.419044,npp_d20140716_t1757431_e1803235_b14079,148.643,22.2171,61.0238,97.6444,46.5573,97.6616
691,VBD_npp_d20140716_t1801436_x1038466E_y079690N_l2163_s0589_v23,2017-05-23 13:09:55,7.968955,103.846565,11.4265,2014-07-16 18:01:43,2014-07-17 01:01:43,2163,589,0.18319,1,2529,0.402684,0.189519,0.759991,0.4,0.785735,0.75,0.0376354,0.0001,6.19168e-20,999999,-6.315111e-03,3,Vietnamese Exclusive Economic Zone,,,SVDNB_npp_d20140716_t1757431_e1803235_b14079_c20140717000324408388_noaa_ops.h5,GDNBO_npp_d20140716_t1757431_e1803235_b14079_c20140717000324408134_noaa_ops.h5,SVI04_npp_d20140716_t1757431_e1803235_b14079_c20140717000324402868_noaa_ops.dspace_rad,VNFF_npp_d20140716_t1757431_e1803235_b14079_v21.csv,World_EEZ_v8_2014.shp,WPP_BFAR_merge.shp,KKP_IDN_merge_20161208.shp,VNF-VBD_npp_20120301-20151231_global_asia-enhanced_c201607211230.bitmask,NCEI_NGA.union.nga_lead2.add_2015ntl.mask,timezone.shp,VBD_platforms-recurring_2015_r20170330.shp,999999,VBD_bridges_c20160811.shp,22.302559;20.657581;17.812403;13.013085;8.184108;3.331987;-1.539063;0.598278;2.699680;7.587820;12.484635;17.389103,102.195274;116.899490;131.129013;129.599106;128.217987;126.965988;125.829720;112.252083;98.601341;99.606560;100.547348;101.419044,npp_d20140716_t1757431_e1803235_b14079,148.182,22.9644,59.3731,97.8237,46.0344,98.0733
702,VBD_npp_d20140716_t1801436_x1038574E_y078987N_l2173_s0592_v23,2017-05-23 13:09:55,7.898719,103.857445,10.3591,2014-07-16 18:01:43,2014-07-17 01:01:43,2173,592,0.209265,1,2529,0.35345,0.198432,0.789768,0.4,0.769413,0.75,0.0376501,0.0001,7.06093e-20,999999,-7.559393e-02,3,Vietnamese Exclusive Economic Zone,,,SVDNB_npp_d20140716_t1757431_e1803235_b14079_c20140717000324408388_noaa_ops.h5,GDNBO_npp_d20140716_t1757431_e1803235_b14079_c20140717000324408134_noaa_ops.h5,SVI04_npp_d20140716_t1757431_e1803235_b14079_c20140717000324402868_noaa_ops.dspace_rad,VNFF_npp_d20140716_t1757431_e1803235_b14079_v21.csv,World_EEZ_v8_2014.shp,WPP_BFAR_merge.shp,KKP_IDN_merge_20161208.shp,VNF-VBD_npp_20120301-20151231_global_asia-enhanced_c201607211230.bitmask,NCEI_NGA.union.nga_lead2.add_2015ntl.mask,timezone.shp,VBD_platforms-recurring_2015_r20170330.shp,999999,VBD_bridges_c20160811.shp,22.302559;20.657581;17.812403;13.013085;8.184108;3.331987;-1.539063;0.598278;2.699680;7.587820;12.484635;17.389103,102.195274;116.899490;131.129013;129.599106;128.217987;126.965988;125.829720;112.252083;98.601341;99.606560;100.547348;101.419044,npp_d20140716_t1757431_e1803235_b14079,148.243,23.0262,59.3075,97.4316,46.0136,98.0075
718,VBD_npp_d20140716_t1801436_x1038864E_y079086N_l2171_s0596_v23,2017-05-23 13:09:55,7.908607,103.886414,15.2147,2014-07-16 18:01:43,2014-07-17 01:01:43,2171,596,0.236666,1,2529,0.499432,0.168523,0.797825,0.4,0.802727,0.75,0.0376748,0.0001,8.4178e-20,999999,1.568710e-01,3,Vietnamese Exclusive Economic Zone,,,SVDNB_npp_d20140716_t1757431_e1803235_b14079_c20140717000324408388_noaa_ops.h5,GDNBO_npp_d20140716_t1757431_e1803235_b14079_c20140717000324408134_noaa_ops.h5,SVI04_npp_d20140716_t1757431_e1803235_b14079_c20140717000324402868_noaa_ops.dspace_rad,VNFF_npp_d20140716_t1757431_e1803235_b14079_v21.csv,World_EEZ_v8_2014.shp,WPP_BFAR_merge.shp,KKP_IDN_merge_20161208.shp,VNF-VBD_npp_20120301-20151231_global_asia-enhanced_c201607211230.bitmask,NCEI_NGA.union.nga_lead2.add_2015ntl.mask,timezone.shp,VBD_platforms-recurring_2015_r20170330.shp,999999,VBD_bridges_c20160811.shp,22.302559;20.657581;17.812403;13.013085;8.184108;3.331987;-1.539063;0.598278;2.699680;7.587820;12.484635;17.389103,102.195274;116.899490;131.129013;129.599106;128.217987;126.965988;125.829720;112.252083;98.601341;99.606560;100.547348;101.419044,npp_d20140716_t1757431_e1803235_b14079,148.222,23.0665,59.218,97.5142,45.9863,98.0251
741,VBD_npp_d20140716_t1801454_x1038974E_y078418N_l2181_s0600_v23,2017-05-23 13:09:55,7.841835,103.897369,13.238,2014-07-16 18:01:45,2014-07-17 01:01:45,2181,600,0.289093,1,2529,0.47554,0.258688,0.768338,0.4,0.84281,0.75,0.0376954,0.0001,1.00143e-19,999999,-7.109092e-02,3,Vietnamese Exclusive Economic Zone,,,SVDNB_npp_d20140716_t1757431_e1803235_b14079_c20140717000324408388_noaa_ops.h5,GDNBO_npp_d20140716_t1757431_e1803235_b14079_c20140717000324408134_noaa_ops.h5,SVI04_npp_d20140716_t1757431_e1803235_b14079_c20140717000324402868_noaa_ops.dspace_rad,VNFF_npp_d20140716_t1757431_e1803235_b14079_v21.csv,World_EEZ_v8_2014.shp,WPP_BFAR_merge.shp,KKP_IDN_merge_20161208.shp,VNF-VBD_npp_20120301-20151231_global_asia-enhanced_c201607211230.bitmask,NCEI_NGA.union.nga_lead2.add_2015ntl.mask,timezone.shp,VBD_platforms-recurring_2015_r20170330.shp,999999,VBD_bridges_c20160811.shp,22.302559;20.657581;17.812403;13.013085;8.184108;3.331987;-1.539063;0.598278;2.699680;7.587820;12.484635;17.389103,102.195274;116.899490;131.129013;129.599106;128.217987;126.965988;125.829720;112.252083;98.601341;99.606560;100.547348;101.419044,npp_d20140716_t1757431_e1803235_b14079,148.277,23.1384,59.129,97.7701,45.9589,97.9644
768,VBD_npp_d20140716_t1801454_x1039415E_y078510N_l2179_s0606_v23,2017-05-23 13:09:55,7.850973,103.941460,15.3581,2014-07-16 18:01:45,2014-07-17 01:01:45,2179,606,0.288817,1,2529,0.558812,0.262197,0.779519,0.4,0.881962,0.75,0.037732,0.0001,1.31314e-19,999999,-9.194970e-02,3,Vietnamese Exclusive Economic Zone,,,SVDNB_npp_d20140716_t1757431_e1803235_b14079_c20140717000324408388_noaa_ops.h5,GDNBO_npp_d20140716_t1757431_e1803235_b14079_c20140717000324408134_noaa_ops.h5,SVI04_npp_d20140716_t1757431_e1803235_b14079_c20140717000324402868_noaa_ops.dspace_rad,VNFF_npp_d20140716_t1757431_e1803235_b14079_v21.csv,World_EEZ_v8_2014.shp,WPP_BFAR_merge.shp,KKP_IDN_merge_20161208.shp,VNF-VBD_npp_20120301-20151231_global_asia-enhanced_c201607211230.bitmask,NCEI_NGA.union.nga_lead2.add_2015ntl.mask,timezone.shp,VBD_platforms-recurring_2015_r20170330.shp,999999,VBD_bridges_c20160811.shp,22.302559;20.657581;17.812403;13.013085;8.184108;3.331987;-1.539063;0.598278;2.699680;7.587820;12.484635;17.389103,102.195274;116.899490;131.129013;129.599106;128.217987;126.965988;125.829720;112.252083;98.601341;99.606560;100.547348;101.419044,npp_d20140716_t1757431_e1803235_b14079,148.251,23.2036,58.9894,97.8638,45.9164,97.9854
773,VBD_npp_d20140716_t1801561_x1038133E_y071809N_l2282_s0607_v23,2017-05-23 13:09:55,7.180914,103.813255,8.45156,2014-07-16 18:01:56,2014-07-17 01:01:56,2282,607,0.33594,9,117217,0.348304,0.295914,0.67686,0.4,0.783715,0.75,0.0376974,0.0001,1.37401e-19,999999,-2.923800e-01,3,,,,SVDNB_npp_d20140716_t1757431_e1803235_b14079_c20140717000324408388_noaa_ops.h5,GDNBO_npp_d20140716_t1757431_e1803235_b14079_c20140717000324408134_noaa_ops.h5,SVI04_npp_d20140716_t1757431_e1803235_b14079_c20140717000324402868_noaa_ops.dspace_rad,VNFF_npp_d20140716_t1757431_e1803235_b14079_v21.csv,World_EEZ_v8_2014.shp,WPP_BFAR_merge.shp,KKP_IDN_merge_20161208.shp,VNF-VBD_npp_20120301-20151231_global_asia-enhanced_c201607211230.bitmask,NCEI_NGA.union.nga_lead2.add_2015ntl.mask,timezone.shp,VBD_platforms-recurring_2015_r20170330.shp,0.605719,VBD_bridges_c20160811.shp,22.302559;20.657581;17.812403;13.013085;8.184108;3.331987;-1.539063;0.598278;2.699680;7.587820;12.484635;17.389103,102.195274;116.899490;131.129013;129.599106;128.217987;126.965988;125.829720;112.252083;98.601341;99.606560;100.547348;101.419044,npp_d20140716_t1757431_e1803235_b14079,148.899,23.5026,58.9645,97.6715,45.9109,97.3029
778,VBD_npp_d20140716_t1801472_x1039273E_y076901N_l2203_s0608_v23,2017-05-23 13:09:55,7.690087,103.927292,12.8545,2014-07-16 18:01:47,2014-07-17 01:01:47,2203,608,0.345001,1,2529,0.519797,0.2636,0.724703,0.4,0.859322,0.75,0.0377347,0.0001,1.44565e-19,999999,-1.002935e-01,3,Vietnamese Exclusive Economic Zone,,,SVDNB_npp_d20140716_t1757431_e1803235_b14079_c20140717000324408388_noaa_ops.h5,GDNBO_npp_d20140716_t1757431_e1803235_b14079_c20140717000324408134_noaa_ops.h5,SVI04_npp_d20140716_t1757431_e1803235_b14079_c20140717000324402868_noaa_ops.dspace_rad,VNFF_npp_d20140716_t1757431_e1803235_b14079_v21.csv,World_EEZ_v8_2014.shp,WPP_BFAR_merge.shp,KKP_IDN_merge_20161208.shp,VNF-VBD_npp_20120301-20151231_global_asia-enhanced_c201607211230.bitmask,NCEI_NGA.union.nga_lead2.add_2015ntl.mask,timezone.shp,VBD_platforms-recurring_2015_r20170330.shp,999999,VBD_bridges_c20160811.shp,22.302559;20.657581;17.812403;13.013085;8.184108;3.331987;-1.539063;0.598278;2.699680;7.587820;12.484635;17.389103,102.195274;116.899490;131.129013;129.599106;128.217987;126.965988;125.829720;112.252083;98.601341;99.606560;100.547348;101.419044,npp_d20140716_t1757431_e1803235_b14079,148.402,23.2956,58.94,97.5534,45.9009,97.8251
784,VBD_npp_d20140716_t1802174_x1035609E_y059114N_l2478_s0609_v23,2017-05-23 13:09:55,5.911406,103.560921,30.7028,2014-07-16 18:02:17,2014-07-17 02:02:17,2478,609,0.196559,7,116897,0.222385,0.151278,0.43661,0.4,0.554466,0.75,0.0376069,0.0001,1.43577e-19,999999,2.909014e-01,3,,,,SVDNB_npp_d20140716_t1757431_e1803235_b14079_c20140717000324408388_noaa_ops.h5,GDNBO_npp_d20140716_t1757431_e1803235_b14079_c20140717000324408134_noaa_ops.h5,SVI04_npp_d20140716_t1757431_e1803235_b14079_c20140717000324402868_noaa_ops.dspace_rad,VNFF_npp_d20140716_t1757431_e1803235_b14079_v21.csv,World_EEZ_v8_2014.shp,WPP_BFAR_merge.shp,KKP_IDN_merge_20161208.shp,VNF-VBD_npp_20120301-20151231_global_asia-enhanced_c201607211230.bitmask,NCEI_NGA.union.nga_lead2.add_2015ntl.mask,timezone.shp,VBD_platforms-recurring_2015_r20170330.shp,0.821457,VBD_bridges_c20160811.shp,22.302559;20.657581;17.812403;13.013085;8.184108;3.331987;-1.539063;0.598278;2.699680;7.587820;12.484635;17.389103,102.195274;116.899490;131.129013;129.599106;128.217987;126.965988;125.829720;112.252083;98.601341;99.606560;100.547348;101.419044,npp_d20140716_t1757431_e1803235_b14079,150.126,24.1019,58.923,97.7016,45.9281,96.0115
798,VBD_npp_d20140716_t1802174_x1035828E_y059155N_l2477_s0612_v23,2017-05-23 13:09:55,5.915477,103.582779,22.2722,2014-07-16 18:02:17,2014-07-17 02:02:17,2477,612,0.192747,4,100517,0.226789,0.139387,0.400248,0.4,0.326479,0.75,0.0376255,0.0001,1.64428e-19,999999,3.833212e-01,3,Malaysian Exclusive Economic Zone,,,SVDNB_npp_d20140716_t1757431_e1803235_b14079_c20140717000324408388_noaa_ops.h5,GDNBO_npp_d20140716_t1757431_e1803235_b14079_c20140717000324408134_noaa_ops.h5,SVI04_npp_d20140716_t1757431_e1803235_b14079_c20140717000324402868_noaa_ops.dspace_rad,VNFF_npp_d20140716_t1757431_e1803235_b14079_v21.csv,World_EEZ_v8_2014.shp,WPP_BFAR_merge.shp,KKP_IDN_merge_20161208.shp,VNF-VBD_npp_20120301-20151231_global_asia-enhanced_c201607211230.bitmask,NCEI_NGA.union.nga_lead2.add_2015ntl.mask,timezone.shp,VBD_platforms-recurring_2015_r20170330.shp,999999,VBD_bridges_c20160811.shp,22.302559;20.657581;17.812403;13.013085;8.184108;3.331987;-1.539063;0.598278;2.699680;7.587820;12.484635;17.389103,102.195274;116.899490;131.129013;129.599106;128.217987;126.965988;125.829720;112.252083;98.601341;99.606560;100.547348;101.419044,npp_d20140716_t1757431_e1803235_b14079,150.114,24.1358,58.8529,97.7447,45.9066,96.02
808,VBD_npp_d20140716_t1801489_x1039426E_y075462N_l2224_s0614_v23,2017-05-23 13:09:55,7.546181,103.942551,11.6724,2014-07-16 18:01:48,2014-07-17 01:01:48,2224,614,0.345553,1,2529,0.460499,0.266983,0.686975,0.4,0.840399,0.75,0.0377624,0.0001,1.88525e-19,999999,-1.204007e-01,3,Vietnamese Exclusive Economic Zone,,,SVDNB_npp_d20140716_t1757431_e1803235_b14079_c20140717000324408388_noaa_ops.h5,GDNBO_npp_d20140716_t1757431_e1803235_b14079_c20140717000324408134_noaa_ops.h5,SVI04_npp_d20140716_t1757431_e1803235_b14079_c20140717000324402868_noaa_ops.dspace_rad,VNFF_npp_d20140716_t1757431_e1803235_b14079_v21.csv,World_EEZ_v8_2014.shp,WPP_BFAR_merge.shp,KKP_IDN_merge_20161208.shp,VNF-VBD_npp_20120301-20151231_global_asia-enhanced_c201607211230.bitmask,NCEI_NGA.union.nga_lead2.add_2015ntl.mask,timezone.shp,VBD_platforms-recurring_2015_r20170330.shp,999999,VBD_bridges_c20160811.shp,22.302559;20.657581;17.812403;13.013085;8.184108;3.331987;-1.539063;0.598278;2.699680;7.587820;12.484635;17.389103,102.195274;116.899490;131.129013;129.599106;128.217987;126.965988;125.829720;112.252083;98.601341;99.606560;100.547348;101.419044,npp_d20140716_t1757431_e1803235_b14079,148.525,23.4252,58.8019,97.3666,45.859,97.6892
812,VBD_npp_d20140716_t1801507_x1039436E_y075461N_l2225_s0615_v23,2017-05-23 13:09:55,7.546075,103.943604,11.8483,2014-07-16 18:01:50,2014-07-17 01:01:50,2225,615,0.345553,1,2529,0.458124,0.266257,0.697251,0.4,0.826088,0.75,0.037768,0.0001,1.98851e-19,999999,-1.160832e-01,3,Vietnamese Exclusive Economic Zone,,,SVDNB_npp_d20140716_t1757431_e1803235_b14079_c20140717000324408388_noaa_ops.h5,GDNBO_npp_d20140716_t1757431_e1803235_b14079_c20140717000324408134_noaa_ops.h5,SVI04_npp_d20140716_t1757431_e1803235_b14079_c20140717000324402868_noaa_ops.dspace_rad,VNFF_npp_d20140716_t1757431_e1803235_b14079_v21.csv,World_EEZ_v8_2014.shp,WPP_BFAR_merge.shp,KKP_IDN_merge_20161208.shp,VNF-VBD_npp_20120301-20151231_global_asia-enhanced_c201607211230.bitmask,NCEI_NGA.union.nga_lead2.add_2015ntl.mask,timezone.shp,VBD_platforms-recurring_2015_r20170330.shp,999999,VBD_bridges_c20160811.shp,22.302559;20.657581;17.812403;13.013085;8.184108;3.331987;-1.539063;0.598278;2.699680;7.587820;12.484635;17.389103,102.195274;116.899490;131.129013;129.599106;128.217987;126.965988;125.829720;112.252083;98.601341;99.606560;100.547348;101.419044,npp_d20140716_t1757431_e1803235_b14079,148.522,23.439,58.7737,98.0045,45.8508,97.6911
828,VBD_npp_d20140716_t1801436_x1040615E_y078494N_l2176_s0622_v23,2017-05-23 13:09:55,7.849356,104.061501,10.3462,2014-07-16 18:01:43,2014-07-17 01:01:43,2176,622,0.337322,2,2465,0.44781,0.241029,0.756253,0.4,0.550033,0.75,0.0378289,0.0001,2.67243e-19,999999,3.388092e-02,3,Vietnamese Exclusive Economic Zone,,,SVDNB_npp_d20140716_t1757431_e1803235_b14079_c20140717000324408388_noaa_ops.h5,GDNBO_npp_d20140716_t1757431_e1803235_b14079_c20140717000324408134_noaa_ops.h5,SVI04_npp_d20140716_t1757431_e1803235_b14079_c20140717000324402868_noaa_ops.dspace_rad,VNFF_npp_d20140716_t1757431_e1803235_b14079_v21.csv,World_EEZ_v8_2014.shp,WPP_BFAR_merge.shp,KKP_IDN_merge_20161208.shp,VNF-VBD_npp_20120301-20151231_global_asia-enhanced_c201607211230.bitmask,NCEI_NGA.union.nga_lead2.add_2015ntl.mask,timezone.shp,VBD_platforms-recurring_2015_r20170330.shp,999999,VBD_bridges_c20160811.shp,22.302559;20.657581;17.812403;13.013085;8.184108;3.331987;-1.539063;0.598278;2.699680;7.587820;12.484635;17.389103,102.195274;116.899490;131.129013;129.599106;128.217987;126.965988;125.829720;112.252083;98.601341;99.606560;100.547348;101.419044,npp_d20140716_t1757431_e1803235_b14079,148.209,23.3855,58.6187,97.3269,45.8041,98.0149
831,VBD_npp_d20140716_t1801454_x1040613E_y078486N_l2177_s0623_v23,2017-05-23 13:09:55,7.848576,104.061317,10.153,2014-07-16 18:01:45,2014-07-17 01:01:45,2177,623,0.337322,1,2529,0.455773,0.272468,0.769505,0.4,0.866795,0.75,0.0378346,0.0001,2.79386e-19,999999,-1.530045e-01,3,Vietnamese Exclusive Economic Zone,,,SVDNB_npp_d20140716_t1757431_e1803235_b14079_c20140717000324408388_noaa_ops.h5,GDNBO_npp_d20140716_t1757431_e1803235_b14079_c20140717000324408134_noaa_ops.h5,SVI04_npp_d20140716_t1757431_e1803235_b14079_c20140717000324402868_noaa_ops.dspace_rad,VNFF_npp_d20140716_t1757431_e1803235_b14079_v21.csv,World_EEZ_v8_2014.shp,WPP_BFAR_merge.shp,KKP_IDN_merge_20161208.shp,VNF-VBD_npp_20120301-20151231_global_asia-enhanced_c201607211230.bitmask,NCEI_NGA.union.nga_lead2.add_2015ntl.mask,timezone.shp,VBD_platforms-recurring_2015_r20170330.shp,999999,VBD_bridges_c20160811.shp,22.302559;20.657581;17.812403;13.013085;8.184108;3.331987;-1.539063;0.598278;2.699680;7.587820;12.484635;17.389103,102.195274;116.899490;131.129013;129.599106;128.217987;126.965988;125.829720;112.252083;98.601341;99.606560;100.547348;101.419044,npp_d20140716_t1757431_e1803235_b14079,148.206,23.3975,58.5942,97.9634,45.797,98.0159
833,VBD_npp_d20140716_t1802103_x1037601E_y063658N_l2406_s0624_v23,2017-05-23 13:09:55,6.365777,103.760139,32.9236,2014-07-16 18:02:10,2014-07-17 01:02:10,2406,624,0.386268,1,2529,0.863161,0.243593,0.843954,0.4,0.938428,0.75,0.037738,0.0001,2.85859e-19,999999,1.863794e-02,3,Malaysian Exclusive Economic Zone,,,SVDNB_npp_d20140716_t1757431_e1803235_b14079_c20140717000324408388_noaa_ops.h5,GDNBO_npp_d20140716_t1757431_e1803235_b14079_c20140717000324408134_noaa_ops.h5,SVI04_npp_d20140716_t1757431_e1803235_b14079_c20140717000324402868_noaa_ops.dspace_rad,VNFF_npp_d20140716_t1757431_e1803235_b14079_v21.csv,World_EEZ_v8_2014.shp,WPP_BFAR_merge.shp,KKP_IDN_merge_20161208.shp,VNF-VBD_npp_20120301-20151231_global_asia-enhanced_c201607211230.bitmask,NCEI_NGA.union.nga_lead2.add_2015ntl.mask,timezone.shp,VBD_platforms-recurring_2015_r20170330.shp,999999,VBD_bridges_c20160811.shp,22.302559;20.657581;17.812403;13.013085;8.184108;3.331987;-1.539063;0.598278;2.699680;7.587820;12.484635;17.389103,102.195274;116.899490;131.129013;129.599106;128.217987;126.965988;125.829720;112.252083;98.601341;99.606560;100.547348;101.419044,npp_d20140716_t1757431_e1803235_b14079,149.643,24.0658,58.5723,97.9785,45.8075,96.4978
835,VBD_npp_d20140716_t1801472_x1040606E_y077355N_l2194_s0626_v23,2017-05-23 13:09:55,7.735503,104.060562,32.3242,2014-07-16 18:01:47,2014-07-17 01:01:47,2194,626,0.361242,1,2529,0.882317,0.251701,0.874265,0.4,0.948249,0.75,0.0378461,0.0001,3.2074e-19,999999,-2.955974e-02,3,Vietnamese Exclusive Economic Zone,,,SVDNB_npp_d20140716_t1757431_e1803235_b14079_c20140717000324408388_noaa_ops.h5,GDNBO_npp_d20140716_t1757431_e1803235_b14079_c20140717000324408134_noaa_ops.h5,SVI04_npp_d20140716_t1757431_e1803235_b14079_c20140717000324402868_noaa_ops.dspace_rad,VNFF_npp_d20140716_t1757431_e1803235_b14079_v21.csv,World_EEZ_v8_2014.shp,WPP_BFAR_merge.shp,KKP_IDN_merge_20161208.shp,VNF-VBD_npp_20120301-20151231_global_asia-enhanced_c201607211230.bitmask,NCEI_NGA.union.nga_lead2.add_2015ntl.mask,timezone.shp,VBD_platforms-recurring_2015_r20170330.shp,999999,VBD_bridges_c20160811.shp,22.302559;20.657581;17.812403;13.013085;8.184108;3.331987;-1.539063;0.598278;2.699680;7.587820;12.484635;17.389103,102.195274;116.899490;131.129013;129.599106;128.217987;126.965988;125.829720;112.252083;98.601341;99.606560;100.547348;101.419044,npp_d20140716_t1757431_e1803235_b14079,148.308,23.4809,58.5211,97.9421,45.7748,97.9058
837,VBD_npp_d20140716_t1801543_x1039808E_y073209N_l2258_s0627_v23,2017-05-23 13:09:55,7.320916,103.980827,28.5543,2014-07-16 18:01:54,2014-07-17 01:01:54,2258,627,0.366601,1,2529,0.823103,0.243279,0.898619,0.4,0.938204,0.75,0.0378269,0.0001,3.33794e-19,999999,2.050784e-02,3,Vietnamese Exclusive Economic Zone,,,SVDNB_npp_d20140716_t1757431_e1803235_b14079_c20140717000324408388_noaa_ops.h5,GDNBO_npp_d20140716_t1757431_e1803235_b14079_c20140717000324408134_noaa_ops.h5,SVI04_npp_d20140716_t1757431_e1803235_b14079_c20140717000324402868_noaa_ops.dspace_rad,VNFF_npp_d20140716_t1757431_e1803235_b14079_v21.csv,World_EEZ_v8_2014.shp,WPP_BFAR_merge.shp,KKP_IDN_merge_20161208.shp,VNF-VBD_npp_20120301-20151231_global_asia-enhanced_c201607211230.bitmask,NCEI_NGA.union.nga_lead2.add_2015ntl.mask,timezone.shp,VBD_platforms-recurring_2015_r20170330.shp,999999,VBD_bridges_c20160811.shp,22.302559;20.657581;17.812403;13.013085;8.184108;3.331987;-1.539063;0.598278;2.699680;7.587820;12.484635;17.389103,102.195274;116.899490;131.129013;129.599106;128.217987;126.965988;125.829720;112.252083;98.601341;99.606560;100.547348;101.419044,npp_d20140716_t1757431_e1803235_b14079,148.707,23.6707,58.4995,98.0052,45.7694,97.4819
840,VBD_npp_d20140716_t1801525_x1040054E_y073534N_l2252_s0629_v23,2017-05-23 13:09:55,7.353412,104.005447,22.603,2014-07-16 18:01:52,2014-07-17 01:01:52,2252,629,0.367761,1,2529,0.738979,0.237758,0.889141,0.4,0.926537,0.75,0.0378413,0.0001,3.61382e-19,999999,5.332414e-02,3,Vietnamese Exclusive Economic Zone,,,SVDNB_npp_d20140716_t1757431_e1803235_b14079_c20140717000324408388_noaa_ops.h5,GDNBO_npp_d20140716_t1757431_e1803235_b14079_c20140717000324408134_noaa_ops.h5,SVI04_npp_d20140716_t1757431_e1803235_b14079_c20140717000324402868_noaa_ops.dspace_rad,VNFF_npp_d20140716_t1757431_e1803235_b14079_v21.csv,World_EEZ_v8_2014.shp,WPP_BFAR_merge.shp,KKP_IDN_merge_20161208.shp,VNF-VBD_npp_20120301-20151231_global_asia-enhanced_c201607211230.bitmask,NCEI_NGA.union.nga_lead2.add_2015ntl.mask,timezone.shp,VBD_platforms-recurring_2015_r20170330.shp,999999,VBD_bridges_c20160811.shp,22.302559;20.657581;17.812403;13.013085;8.184108;3.331987;-1.539063;0.598278;2.699680;7.587820;12.484635;17.389103,102.195274;116.899490;131.129013;129.599106;128.217987;126.965988;125.829720;112.252083;98.601341;99.606560;100.547348;101.419044,npp_d20140716_t1757431_e1803235_b14079,148.671,23.6772,58.4569,97.5755,45.7563,97.5186
843,VBD_npp_d20140716_t1801578_x1039571E_y070974N_l2292_s0630_v23,2017-05-23 13:09:55,7.097378,103.957069,7.34617,2014-07-16 18:01:57,2014-07-17 01:01:57,2292,630,0.337432,1,2529,0.351616,0.258417,0.631871,0.4,0.79618,0.75,0.0378306,0.0001,3.81572e-19,999999,-6.947971e-02,3,Vietnamese Exclusive Economic Zone,,,SVDNB_npp_d20140716_t1757431_e1803235_b14079_c20140717000324408388_noaa_ops.h5,GDNBO_npp_d20140716_t1757431_e1803235_b14079_c20140717000324408134_noaa_ops.h5,SVI04_npp_d20140716_t1757431_e1803235_b14079_c20140717000324402868_noaa_ops.dspace_rad,VNFF_npp_d20140716_t1757431_e1803235_b14079_v21.csv,World_EEZ_v8_2014.shp,WPP_BFAR_merge.shp,KKP_IDN_merge_20161208.shp,VNF-VBD_npp_20120301-20151231_global_asia-enhanced_c201607211230.bitmask,NCEI_NGA.union.nga_lead2.add_2015ntl.mask,timezone.shp,VBD_platforms-recurring_2015_r20170330.shp,999999,VBD_bridges_c20160811.shp,22.302559;20.657581;17.812403;13.013085;8.184108;3.331987;-1.539063;0.598278;2.699680;7.587820;12.484635;17.389103,102.195274;116.899490;131.129013;129.599106;128.217987;126.965988;125.829720;112.252083;98.601341;99.606560;100.547348;101.419044,npp_d20140716_t1757431_e1803235_b14079,148.916,23.8049,58.4268,97.9567,45.7497,97.2579
849,VBD_npp_d20140716_t1802103_x1038156E_y063650N_l2405_s0632_v23,2017-05-23 13:09:55,6.364991,103.815613,10.3536,2014-07-16 18:02:10,2014-07-17 01:02:10,2405,632,0.398035,4,51685,0.470212,0.148534,0.831932,0.4,0.855896,0.75,0.0377866,0.0001,4.04812e-19,999999,5.837140e-01,3,Malaysian Exclusive Economic Zone,,,SVDNB_npp_d20140716_t1757431_e1803235_b14079_c20140717000324408388_noaa_ops.h5,GDNBO_npp_d20140716_t1757431_e1803235_b14079_c20140717000324408134_noaa_ops.h5,SVI04_npp_d20140716_t1757431_e1803235_b14079_c20140717000324402868_noaa_ops.dspace_rad,VNFF_npp_d20140716_t1757431_e1803235_b14079_v21.csv,World_EEZ_v8_2014.shp,WPP_BFAR_merge.shp,KKP_IDN_merge_20161208.shp,VNF-VBD_npp_20120301-20151231_global_asia-enhanced_c201607211230.bitmask,NCEI_NGA.union.nga_lead2.add_2015ntl.mask,timezone.shp,VBD_platforms-recurring_2015_r20170330.shp,0.219685,VBD_bridges_c20160811.shp,22.302559;20.657581;17.812403;13.013085;8.184108;3.331987;-1.539063;0.598278;2.699680;7.587820;12.484635;17.389103,102.195274;116.899490;131.129013;129.599106;128.217987;126.965988;125.829720;112.252083;98.601341;99.606560;100.547348;101.419044,npp_d20140716_t1757431_e1803235_b14079,149.621,24.1584,58.387,98.026,45.752,96.5094
853,VBD_npp_d20140716_t1801525_x1040289E_y073222N_l2256_s0633_v23,2017-05-23 13:09:55,7.322209,104.028870,18.3085,2014-07-16 18:01:52,2014-07-17 01:01:52,2256,633,0.369529,1,2529,0.648387,0.243795,0.887366,0.4,0.90324,0.75,0.0378637,0.0001,4.29048e-19,999999,1.744017e-02,3,Vietnamese Exclusive Economic Zone,,,SVDNB_npp_d20140716_t1757431_e1803235_b14079_c20140717000324408388_noaa_ops.h5,GDNBO_npp_d20140716_t1757431_e1803235_b14079_c20140717000324408134_noaa_ops.h5,SVI04_npp_d20140716_t1757431_e1803235_b14079_c20140717000324402868_noaa_ops.dspace_rad,VNFF_npp_d20140716_t1757431_e1803235_b14079_v21.csv,World_EEZ_v8_2014.shp,WPP_BFAR_merge.shp,KKP_IDN_merge_20161208.shp,VNF-VBD_npp_20120301-20151231_global_asia-enhanced_c201607211230.bitmask,NCEI_NGA.union.nga_lead2.add_2015ntl.mask,timezone.shp,VBD_platforms-recurring_2015_r20170330.shp,999999,VBD_bridges_c20160811.shp,22.302559;20.657581;17.812403;13.013085;8.184108;3.331987;-1.539063;0.598278;2.699680;7.587820;12.484635;17.389103,102.195274;116.899490;131.129013;129.599106;128.217987;126.965988;125.829720;112.252083;98.601341;99.606560;100.547348;101.419044,npp_d20140716_t1757431_e1803235_b14079,148.69,23.7357,58.365,97.4128,45.7289,97.4938
855,VBD_npp_d20140716_t1801543_x1040299E_y073211N_l2257_s0634_v23,2017-05-23 13:09:55,7.321062,104.029900,17.8358,2014-07-16 18:01:54,2014-07-17 01:01:54,2257,634,0.369529,1,2529,0.638765,0.222468,0.887366,0.4,0.891736,0.75,0.0378693,0.0001,4.53053e-19,999999,1.442193e-01,3,Vietnamese Exclusive Economic Zone,,,SVDNB_npp_d20140716_t1757431_e1803235_b14079_c20140717000324408388_noaa_ops.h5,GDNBO_npp_d20140716_t1757431_e1803235_b14079_c20140717000324408134_noaa_ops.h5,SVI04_npp_d20140716_t1757431_e1803235_b14079_c20140717000324402868_noaa_ops.dspace_rad,VNFF_npp_d20140716_t1757431_e1803235_b14079_v21.csv,World_EEZ_v8_2014.shp,WPP_BFAR_merge.shp,KKP_IDN_merge_20161208.shp,VNF-VBD_npp_20120301-20151231_global_asia-enhanced_c201607211230.bitmask,NCEI_NGA.union.nga_lead2.add_2015ntl.mask,timezone.shp,VBD_platforms-recurring_2015_r20170330.shp,999999,VBD_bridges_c20160811.shp,22.302559;20.657581;17.812403;13.013085;8.184108;3.331987;-1.539063;0.598278;2.699680;7.587820;12.484635;17.389103,102.195274;116.899490;131.129013;129.599106;128.217987;126.965988;125.829720;112.252083;98.601341;99.606560;100.547348;101.419044,npp_d20140716_t1757431_e1803235_b14079,148.688,23.7502,58.336,98.0532,45.7205,97.4946
856,VBD_npp_d20140716_t1801436_x1041531E_y078513N_l2174_s0635_v23,2017-05-23 13:09:55,7.851328,104.153114,28.764,2014-07-16 18:01:43,2014-07-17 01:01:43,2174,635,0.359254,1,2529,0.851845,0.238917,0.88509,0.4,0.95533,0.75,0.0379075,0.0001,4.72025e-19,999999,4.643563e-02,3,Vietnamese Exclusive Economic Zone,,,SVDNB_npp_d20140716_t1757431_e1803235_b14079_c20140717000324408388_noaa_ops.h5,GDNBO_npp_d20140716_t1757431_e1803235_b14079_c20140717000324408134_noaa_ops.h5,SVI04_npp_d20140716_t1757431_e1803235_b14079_c20140717000324402868_noaa_ops.dspace_rad,VNFF_npp_d20140716_t1757431_e1803235_b14079_v21.csv,World_EEZ_v8_2014.shp,WPP_BFAR_merge.shp,KKP_IDN_merge_20161208.shp,VNF-VBD_npp_20120301-20151231_global_asia-enhanced_c201607211230.bitmask,NCEI_NGA.union.nga_lead2.add_2015ntl.mask,timezone.shp,VBD_platforms-recurring_2015_r20170330.shp,999999,VBD_bridges_c20160811.shp,22.302559;20.657581;17.812403;13.013085;8.184108;3.331987;-1.539063;0.598278;2.699680;7.587820;12.484635;17.389103,102.195274;116.899490;131.129013;129.599106;128.217987;126.965988;125.829720;112.252083;98.601341;99.606560;100.547348;101.419044,npp_d20140716_t1757431_e1803235_b14079,148.171,23.5309,58.3146,97.421,45.7134,98.042
858,VBD_npp_d20140716_t1801454_x1041394E_y077537N_l2189_s0636_v23,2017-05-23 13:09:55,7.753685,104.139420,27.0581,2014-07-16 18:01:45,2014-07-17 01:01:45,2189,636,0.366546,1,2529,0.817746,0.243163,0.87371,0.4,0.947117,0.75,0.0379081,0.0001,4.93001e-19,999999,2.119545e-02,3,Vietnamese Exclusive Economic Zone,,,SVDNB_npp_d20140716_t1757431_e1803235_b14079_c20140717000324408388_noaa_ops.h5,GDNBO_npp_d20140716_t1757431_e1803235_b14079_c20140717000324408134_noaa_ops.h5,SVI04_npp_d20140716_t1757431_e1803235_b14079_c20140717000324402868_noaa_ops.dspace_rad,VNFF_npp_d20140716_t1757431_e1803235_b14079_v21.csv,World_EEZ_v8_2014.shp,WPP_BFAR_merge.shp,KKP_IDN_merge_20161208.shp,VNF-VBD_npp_20120301-20151231_global_asia-enhanced_c201607211230.bitmask,NCEI_NGA.union.nga_lead2.add_2015ntl.mask,timezone.shp,VBD_platforms-recurring_2015_r20170330.shp,999999,VBD_bridges_c20160811.shp,22.302559;20.657581;17.812403;13.013085;8.184108;3.331987;-1.539063;0.598278;2.699680;7.587820;12.484635;17.389103,102.195274;116.899490;131.129013;129.599106;128.217987;126.965988;125.829720;112.252083;98.601341;99.606560;100.547348;101.419044,npp_d20140716_t1757431_e1803235_b14079,148.263,23.5838,58.2911,97.4778,45.7061,97.9434
861,VBD_npp_d20140716_t1801436_x1041793E_y078828N_l2169_s0638_v23,2017-05-23 13:09:55,7.882822,104.179260,12.1979,2014-07-16 18:01:43,2014-07-17 01:01:43,2169,638,0.335885,1,2529,0.484778,0.263654,0.852611,0.4,0.872596,0.75,0.0379272,0.0001,5.40318e-19,999999,-1.006144e-01,3,Vietnamese Exclusive Economic Zone,,,SVDNB_npp_d20140716_t1757431_e1803235_b14079_c20140717000324408388_noaa_ops.h5,GDNBO_npp_d20140716_t1757431_e1803235_b14079_c20140717000324408134_noaa_ops.h5,SVI04_npp_d20140716_t1757431_e1803235_b14079_c20140717000324402868_noaa_ops.dspace_rad,VNFF_npp_d20140716_t1757431_e1803235_b14079_v21.csv,World_EEZ_v8_2014.shp,WPP_BFAR_merge.shp,KKP_IDN_merge_20161208.shp,VNF-VBD_npp_20120301-20151231_global_asia-enhanced_c201607211230.bitmask,NCEI_NGA.union.nga_lead2.add_2015ntl.mask,timezone.shp,VBD_platforms-recurring_2015_r20170330.shp,999999,VBD_bridges_c20160811.shp,22.302559;20.657581;17.812403;13.013085;8.184108;3.331987;-1.539063;0.598278;2.699680;7.587820;12.484635;17.389103,102.195274;116.899490;131.129013;129.599106;128.217987;126.965988;125.829720;112.252083;98.601341;99.606560;100.547348;101.419044,npp_d20140716_t1757431_e1803235_b14079,148.131,23.5525,58.241,97.6315,45.6919,98.0804
869,VBD_npp_d20140716_t1801436_x1041866E_y078329N_l2176_s0640_v23,2017-05-23 13:09:55,7.832929,104.186562,6.46562,2014-07-16 18:01:43,2014-07-17 01:01:43,2176,640,0.36754,1,2529,0.321254,0.216531,0.878237,0.4,0.815891,0.75,0.0379368,0.0001,5.89757e-19,999999,1.795069e-01,3,Vietnamese Exclusive Economic Zone,,,SVDNB_npp_d20140716_t1757431_e1803235_b14079_c20140717000324408388_noaa_ops.h5,GDNBO_npp_d20140716_t1757431_e1803235_b14079_c20140717000324408134_noaa_ops.h5,SVI04_npp_d20140716_t1757431_e1803235_b14079_c20140717000324402868_noaa_ops.dspace_rad,VNFF_npp_d20140716_t1757431_e1803235_b14079_v21.csv,World_EEZ_v8_2014.shp,WPP_BFAR_merge.shp,KKP_IDN_merge_20161208.shp,VNF-VBD_npp_20120301-20151231_global_asia-enhanced_c201607211230.bitmask,NCEI_NGA.union.nga_lead2.add_2015ntl.mask,timezone.shp,VBD_platforms-recurring_2015_r20170330.shp,999999,VBD_bridges_c20160811.shp,22.302559;20.657581;17.812403;13.013085;8.184108;3.331987;-1.539063;0.598278;2.699680;7.587820;12.484635;17.389103,102.195274;116.899490;131.129013;129.599106;128.217987;126.965988;125.829720;112.252083;98.601341;99.606560;100.547348;101.419044,npp_d20140716_t1757431_e1803235_b14079,148.174,23.5962,58.1944,97.3423,45.6776,98.033
870,VBD_npp_d20140716_t1801472_x1041532E_y076877N_l2199_s0640_v23,2017-05-23 13:09:55,7.687710,104.153168,33.8351,2014-07-16 18:01:47,2014-07-17 01:01:47,2199,640,0.361463,1,2529,0.900022,0.265033,0.887255,0.4,0.950534,0.75,0.0379281,0.0001,5.94018e-19,999999,-1.088107e-01,3,Vietnamese Exclusive Economic Zone,,,SVDNB_npp_d20140716_t1757431_e1803235_b14079_c20140717000324408388_noaa_ops.h5,GDNBO_npp_d20140716_t1757431_e1803235_b14079_c20140717000324408134_noaa_ops.h5,SVI04_npp_d20140716_t1757431_e1803235_b14079_c20140717000324402868_noaa_ops.dspace_rad,VNFF_npp_d20140716_t1757431_e1803235_b14079_v21.csv,World_EEZ_v8_2014.shp,WPP_BFAR_merge.shp,KKP_IDN_merge_20161208.shp,VNF-VBD_npp_20120301-20151231_global_asia-enhanced_c201607211230.bitmask,NCEI_NGA.union.nga_lead2.add_2015ntl.mask,timezone.shp,VBD_platforms-recurring_2015_r20170330.shp,999999,VBD_bridges_c20160811.shp,22.302559;20.657581;17.812403;13.013085;8.184108;3.331987;-1.539063;0.598278;2.699680;7.587820;12.484635;17.389103,102.195274;116.899490;131.129013;129.599106;128.217987;126.965988;125.829720;112.252083;98.601341;99.606560;100.547348;101.419044,npp_d20140716_t1757431_e1803235_b14079,148.315,23.6605,58.1898,97.748,45.6761,97.8835
873,VBD_npp_d20140716_t1801454_x1041864E_y078312N_l2177_s0641_v23,2017-05-23 13:09:55,7.831204,104.186447,10.3681,2014-07-16 18:01:45,2014-07-17 01:01:45,2177,641,0.372788,1,2529,0.467757,0.227772,0.878237,0.4,0.850186,0.75,0.0379425,0.0001,6.16986e-19,999999,1.126892e-01,3,Vietnamese Exclusive Economic Zone,,,SVDNB_npp_d20140716_t1757431_e1803235_b14079_c20140717000324408388_noaa_ops.h5,GDNBO_npp_d20140716_t1757431_e1803235_b14079_c20140717000324408134_noaa_ops.h5,SVI04_npp_d20140716_t1757431_e1803235_b14079_c20140717000324402868_noaa_ops.dspace_rad,VNFF_npp_d20140716_t1757431_e1803235_b14079_v21.csv,World_EEZ_v8_2014.shp,WPP_BFAR_merge.shp,KKP_IDN_merge_20161208.shp,VNF-VBD_npp_20120301-20151231_global_asia-enhanced_c201607211230.bitmask,NCEI_NGA.union.nga_lead2.add_2015ntl.mask,timezone.shp,VBD_platforms-recurring_2015_r20170330.shp,999999,VBD_bridges_c20160811.shp,22.302559;20.657581;17.812403;13.013085;8.184108;3.331987;-1.539063;0.598278;2.699680;7.587820;12.484635;17.389103,102.195274;116.899490;131.129013;129.599106;128.217987;126.965988;125.829720;112.252083;98.601341;99.606560;100.547348;101.419044,npp_d20140716_t1757431_e1803235_b14079,148.173,23.609,58.1689,97.9815,45.6703,98.0331
877,VBD_npp_d20140716_t1801561_x1040580E_y071615N_l2280_s0642_v23,2017-05-23 13:09:55,7.161531,104.057968,1071.96,2014-07-16 18:01:56,2014-07-17 01:01:56,2280,642,0.38218,4,100845,1.39091,0.160407,0.755449,0.4,0.967495,0.75,0.0379082,0.0001,6.45557e-19,999999,5.131325e-01,3,Vietnamese Exclusive Economic Zone,,,SVDNB_npp_d20140716_t1757431_e1803235_b14079_c20140717000324408388_noaa_ops.h5,GDNBO_npp_d20140716_t1757431_e1803235_b14079_c20140717000324408134_noaa_ops.h5,SVI04_npp_d20140716_t1757431_e1803235_b14079_c20140717000324402868_noaa_ops.dspace_rad,VNFF_npp_d20140716_t1757431_e1803235_b14079_v21.csv,World_EEZ_v8_2014.shp,WPP_BFAR_merge.shp,KKP_IDN_merge_20161208.shp,VNF-VBD_npp_20120301-20151231_global_asia-enhanced_c201607211230.bitmask,NCEI_NGA.union.nga_lead2.add_2015ntl.mask,timezone.shp,VBD_platforms-recurring_2015_r20170330.shp,999999,VBD_bridges_c20160811.shp,22.302559;20.657581;17.812403;13.013085;8.184108;3.331987;-1.539063;0.598278;2.699680;7.587820;12.484635;17.389103,102.195274;116.899490;131.129013;129.599106;128.217987;126.965988;125.829720;112.252083;98.601341;99.606560;100.547348;101.419044,npp_d20140716_t1757431_e1803235_b14079,148.819,23.9139,58.143,97.7838,45.6646,97.3451
882,VBD_npp_d20140716_t1801418_x1042302E_y079331N_l2160_s0643_v23,2017-05-23 13:09:55,7.933139,104.230156,9.35358,2014-07-16 18:01:41,2014-07-17 01:01:41,2160,643,0.294397,1,2529,0.374849,0.249721,0.775911,0.4,0.800029,0.75,0.0379602,0.0001,6.77831e-19,999999,-1.778886e-02,3,Vietnamese Exclusive Economic Zone,,,SVDNB_npp_d20140716_t1757431_e1803235_b14079_c20140717000324408388_noaa_ops.h5,GDNBO_npp_d20140716_t1757431_e1803235_b14079_c20140717000324408134_noaa_ops.h5,SVI04_npp_d20140716_t1757431_e1803235_b14079_c20140717000324402868_noaa_ops.dspace_rad,VNFF_npp_d20140716_t1757431_e1803235_b14079_v21.csv,World_EEZ_v8_2014.shp,WPP_BFAR_merge.shp,KKP_IDN_merge_20161208.shp,VNF-VBD_npp_20120301-20151231_global_asia-enhanced_c201607211230.bitmask,NCEI_NGA.union.nga_lead2.add_2015ntl.mask,timezone.shp,VBD_platforms-recurring_2015_r20170330.shp,999999,VBD_bridges_c20160811.shp,22.302559;20.657581;17.812403;13.013085;8.184108;3.331987;-1.539063;0.598278;2.699680;7.587820;12.484635;17.389103,102.195274;116.899490;131.129013;129.599106;128.217987;126.965988;125.829720;112.252083;98.601341;99.606560;100.547348;101.419044,npp_d20140716_t1757431_e1803235_b14079,148.068,23.5895,58.1185,97.3276,45.6557,98.1425
884,VBD_npp_d20140716_t1801436_x1042293E_y079319N_l2161_s0644_v23,2017-05-23 13:09:55,7.931859,104.229309,11.3069,2014-07-16 18:01:43,2014-07-17 01:01:43,2161,644,0.294397,1,2529,0.437552,0.264699,0.775911,0.4,0.840479,0.75,0.0379658,0.0001,7.05236e-19,999999,-1.068211e-01,3,Vietnamese Exclusive Economic Zone,,,SVDNB_npp_d20140716_t1757431_e1803235_b14079_c20140717000324408388_noaa_ops.h5,GDNBO_npp_d20140716_t1757431_e1803235_b14079_c20140717000324408134_noaa_ops.h5,SVI04_npp_d20140716_t1757431_e1803235_b14079_c20140717000324402868_noaa_ops.dspace_rad,VNFF_npp_d20140716_t1757431_e1803235_b14079_v21.csv,World_EEZ_v8_2014.shp,WPP_BFAR_merge.shp,KKP_IDN_merge_20161208.shp,VNF-VBD_npp_20120301-20151231_global_asia-enhanced_c201607211230.bitmask,NCEI_NGA.union.nga_lead2.add_2015ntl.mask,timezone.shp,VBD_platforms-recurring_2015_r20170330.shp,999999,VBD_bridges_c20160811.shp,22.302559;20.657581;17.812403;13.013085;8.184108;3.331987;-1.539063;0.598278;2.699680;7.587820;12.484635;17.389103,102.195274;116.899490;131.129013;129.599106;128.217987;126.965988;125.829720;112.252083;98.601341;99.606560;100.547348;101.419044,npp_d20140716_t1757431_e1803235_b14079,148.067,23.6008,58.0956,97.9703,45.6492,98.1429
888,VBD_npp_d20140716_t1801454_x1042267E_y078117N_l2179_s0647_v23,2017-05-23 13:09:55,7.811679,104.226662,17.7577,2014-07-16 18:01:45,2014-07-17 01:01:45,2179,647,0.365883,1,2529,0.659317,0.265251,0.851767,0.4,0.922323,0.75,0.0379778,0.0001,8.04025e-19,999999,-1.101075e-01,3,Vietnamese Exclusive Economic Zone,,,SVDNB_npp_d20140716_t1757431_e1803235_b14079_c20140717000324408388_noaa_ops.h5,GDNBO_npp_d20140716_t1757431_e1803235_b14079_c20140717000324408134_noaa_ops.h5,SVI04_npp_d20140716_t1757431_e1803235_b14079_c20140717000324402868_noaa_ops.dspace_rad,VNFF_npp_d20140716_t1757431_e1803235_b14079_v21.csv,World_EEZ_v8_2014.shp,WPP_BFAR_merge.shp,KKP_IDN_merge_20161208.shp,VNF-VBD_npp_20120301-20151231_global_asia-enhanced_c201607211230.bitmask,NCEI_NGA.union.nga_lead2.add_2015ntl.mask,timezone.shp,VBD_platforms-recurring_2015_r20170330.shp,999999,VBD_bridges_c20160811.shp,22.302559;20.657581;17.812403;13.013085;8.184108;3.331987;-1.539063;0.598278;2.699680;7.587820;12.484635;17.389103,102.195274;116.899490;131.129013;129.599106;128.217987;126.965988;125.829720;112.252083;98.601341;99.606560;100.547348;101.419044,npp_d20140716_t1757431_e1803235_b14079,148.175,23.6859,58.0243,97.9043,45.6276,98.0247
889,VBD_npp_d20140716_t1801472_x1042043E_y076947N_l2197_s0647_v23,2017-05-23 13:09:55,7.694661,104.204292,17.4504,2014-07-16 18:01:47,2014-07-17 01:01:47,2197,647,0.372678,1,2529,0.625202,0.239893,0.912039,0.4,0.899306,0.75,0.0379709,0.0001,8.09422e-19,999999,4.063664e-02,3,Vietnamese Exclusive Economic Zone,,,SVDNB_npp_d20140716_t1757431_e1803235_b14079_c20140717000324408388_noaa_ops.h5,GDNBO_npp_d20140716_t1757431_e1803235_b14079_c20140717000324408134_noaa_ops.h5,SVI04_npp_d20140716_t1757431_e1803235_b14079_c20140717000324402868_noaa_ops.dspace_rad,VNFF_npp_d20140716_t1757431_e1803235_b14079_v21.csv,World_EEZ_v8_2014.shp,WPP_BFAR_merge.shp,KKP_IDN_merge_20161208.shp,VNF-VBD_npp_20120301-20151231_global_asia-enhanced_c201607211230.bitmask,NCEI_NGA.union.nga_lead2.add_2015ntl.mask,timezone.shp,VBD_platforms-recurring_2015_r20170330.shp,999999,VBD_bridges_c20160811.shp,22.302559;20.657581;17.812403;13.013085;8.184108;3.331987;-1.539063;0.598278;2.699680;7.587820;12.484635;17.389103,102.195274;116.899490;131.129013;129.599106;128.217987;126.965988;125.829720;112.252083;98.601341;99.606560;100.547348;101.419044,npp_d20140716_t1757431_e1803235_b14079,148.288,23.738,58.0208,97.8379,45.6263,97.9042
894,VBD_npp_d20140716_t1801436_x1042467E_y078528N_l2172_s0648_v23,2017-05-23 13:09:55,7.852839,104.246735,7.07574,2014-07-16 18:01:43,2014-07-17 01:01:43,2172,648,0.375053,1,2529,0.347442,0.221528,0.814338,0.4,0.770247,0.75,0.0379861,0.0001,8.40424e-19,999999,1.498027e-01,3,Vietnamese Exclusive Economic Zone,,,SVDNB_npp_d20140716_t1757431_e1803235_b14079_c20140717000324408388_noaa_ops.h5,GDNBO_npp_d20140716_t1757431_e1803235_b14079_c20140717000324408134_noaa_ops.h5,SVI04_npp_d20140716_t1757431_e1803235_b14079_c20140717000324402868_noaa_ops.dspace_rad,VNFF_npp_d20140716_t1757431_e1803235_b14079_v21.csv,World_EEZ_v8_2014.shp,WPP_BFAR_merge.shp,KKP_IDN_merge_20161208.shp,VNF-VBD_npp_20120301-20151231_global_asia-enhanced_c201607211230.bitmask,NCEI_NGA.union.nga_lead2.add_2015ntl.mask,timezone.shp,VBD_platforms-recurring_2015_r20170330.shp,999999,VBD_bridges_c20160811.shp,22.302559;20.657581;17.812403;13.013085;8.184108;3.331987;-1.539063;0.598278;2.699680;7.587820;12.484635;17.389103,102.195274;116.899490;131.129013;129.599106;128.217987;126.965988;125.829720;112.252083;98.601341;99.606560;100.547348;101.419044,npp_d20140716_t1757431_e1803235_b14079,148.132,23.6795,58.0004,97.5159,45.6206,98.0693
895,VBD_npp_d20140716_t1801472_x1042074E_y076664N_l2201_s0648_v23,2017-05-23 13:09:55,7.666383,104.207405,37.1123,2014-07-16 18:01:47,2014-07-17 01:01:47,2201,648,0.371463,1,2529,0.916187,0.236525,0.907114,0.4,0.943751,0.75,0.0379753,0.0001,8.45151e-19,999999,6.065529e-02,3,Vietnamese Exclusive Economic Zone,,,SVDNB_npp_d20140716_t1757431_e1803235_b14079_c20140717000324408388_noaa_ops.h5,GDNBO_npp_d20140716_t1757431_e1803235_b14079_c20140717000324408134_noaa_ops.h5,SVI04_npp_d20140716_t1757431_e1803235_b14079_c20140717000324402868_noaa_ops.dspace_rad,VNFF_npp_d20140716_t1757431_e1803235_b14079_v21.csv,World_EEZ_v8_2014.shp,WPP_BFAR_merge.shp,KKP_IDN_merge_20161208.shp,VNF-VBD_npp_20120301-20151231_global_asia-enhanced_c201607211230.bitmask,NCEI_NGA.union.nga_lead2.add_2015ntl.mask,timezone.shp,VBD_platforms-recurring_2015_r20170330.shp,999999,VBD_bridges_c20160811.shp,22.302559;20.657581;17.812403;13.013085;8.184108;3.331987;-1.539063;0.598278;2.699680;7.587820;12.484635;17.389103,102.195274;116.899490;131.129013;129.599106;128.217987;126.965988;125.829720;112.252083;98.601341;99.606560;100.547348;101.419044,npp_d20140716_t1757431_e1803235_b14079,148.313,23.7614,57.9972,97.6721,45.6193,97.877
900,VBD_npp_d20140716_t1801418_x1042881E_y079394N_l2158_s0651_v23,2017-05-23 13:09:55,7.939415,104.288147,5.83786,2014-07-16 18:01:41,2014-07-17 01:01:41,2158,651,0.314837,2,2209,0.267677,0.262048,0.681763,0.4,0.697449,0.75,0.0380088,0.0001,9.63323e-19,999999,-9.106320e-02,3,Vietnamese Exclusive Economic Zone,,,SVDNB_npp_d20140716_t1757431_e1803235_b14079_c20140717000324408388_noaa_ops.h5,GDNBO_npp_d20140716_t1757431_e1803235_b14079_c20140717000324408134_noaa_ops.h5,SVI04_npp_d20140716_t1757431_e1803235_b14079_c20140717000324402868_noaa_ops.dspace_rad,VNFF_npp_d20140716_t1757431_e1803235_b14079_v21.csv,World_EEZ_v8_2014.shp,WPP_BFAR_merge.shp,KKP_IDN_merge_20161208.shp,VNF-VBD_npp_20120301-20151231_global_asia-enhanced_c201607211230.bitmask,NCEI_NGA.union.nga_lead2.add_2015ntl.mask,timezone.shp,VBD_platforms-recurring_2015_r20170330.shp,999999,VBD_bridges_c20160811.shp,22.302559;20.657581;17.812403;13.013085;8.184108;3.331987;-1.539063;0.598278;2.699680;7.587820;12.484635;17.389103,102.195274;116.899490;131.129013;129.599106;128.217987;126.965988;125.829720;112.252083;98.601341;99.606560;100.547348;101.419044,npp_d20140716_t1757431_e1803235_b14079,148.039,23.6779,57.9253,97.418,45.599,98.1649
903,VBD_npp_d20140716_t1801472_x1042421E_y077103N_l2194_s0652_v23,2017-05-23 13:09:55,7.710311,104.242058,33.0566,2014-07-16 18:01:47,2014-07-17 01:01:47,2194,652,0.373065,1,2529,0.885965,0.250301,0.916178,0.4,0.957382,0.75,0.038002,0.0001,1.00719e-18,999999,-2.123741e-02,3,Vietnamese Exclusive Economic Zone,,,SVDNB_npp_d20140716_t1757431_e1803235_b14079_c20140717000324408388_noaa_ops.h5,GDNBO_npp_d20140716_t1757431_e1803235_b14079_c20140717000324408134_noaa_ops.h5,SVI04_npp_d20140716_t1757431_e1803235_b14079_c20140717000324402868_noaa_ops.dspace_rad,VNFF_npp_d20140716_t1757431_e1803235_b14079_v21.csv,World_EEZ_v8_2014.shp,WPP_BFAR_merge.shp,KKP_IDN_merge_20161208.shp,VNF-VBD_npp_20120301-20151231_global_asia-enhanced_c201607211230.bitmask,NCEI_NGA.union.nga_lead2.add_2015ntl.mask,timezone.shp,VBD_platforms-recurring_2015_r20170330.shp,999999,VBD_bridges_c20160811.shp,22.302559;20.657581;17.812403;13.013085;8.184108;3.331987;-1.539063;0.598278;2.699680;7.587820;12.484635;17.389103,102.195274;116.899490;131.129013;129.599106;128.217987;126.965988;125.829720;112.252083;98.601341;99.606560;100.547348;101.419044,npp_d20140716_t1757431_e1803235_b14079,148.258,23.7882,57.9004,97.9679,45.591,97.93
906,VBD_npp_d20140716_t1801454_x1042579E_y077309N_l2190_s0653_v23,2017-05-23 13:09:55,7.730949,104.257874,19.5603,2014-07-16 18:01:45,2014-07-17 01:01:45,2190,653,0.376877,1,2529,0.672675,0.231519,0.892747,0.4,0.900337,0.75,0.0380096,0.0001,1.04311e-18,999999,9.041064e-02,3,Vietnamese Exclusive Economic Zone,,,SVDNB_npp_d20140716_t1757431_e1803235_b14079_c20140717000324408388_noaa_ops.h5,GDNBO_npp_d20140716_t1757431_e1803235_b14079_c20140717000324408134_noaa_ops.h5,SVI04_npp_d20140716_t1757431_e1803235_b14079_c20140717000324402868_noaa_ops.dspace_rad,VNFF_npp_d20140716_t1757431_e1803235_b14079_v21.csv,World_EEZ_v8_2014.shp,WPP_BFAR_merge.shp,KKP_IDN_merge_20161208.shp,VNF-VBD_npp_20120301-20151231_global_asia-enhanced_c201607211230.bitmask,NCEI_NGA.union.nga_lead2.add_2015ntl.mask,timezone.shp,VBD_platforms-recurring_2015_r20170330.shp,999999,VBD_bridges_c20160811.shp,22.302559;20.657581;17.812403;13.013085;8.184108;3.331987;-1.539063;0.598278;2.699680;7.587820;12.484635;17.389103,102.195274;116.899490;131.129013;129.599106;128.217987;126.965988;125.829720;112.252083;98.601341;99.606560;100.547348;101.419044,npp_d20140716_t1757431_e1803235_b14079,148.236,23.7882,57.8815,97.451,45.5853,97.953
912,VBD_npp_d20140716_t1801436_x1043032E_y079008N_l2164_s0655_v23,2017-05-23 13:09:55,7.900775,104.303223,7.67435,2014-07-16 18:01:43,2014-07-17 01:01:43,2164,655,0.306495,1,2529,0.361833,0.283412,0.754986,0.4,0.808007,0.75,0.0380308,0.0001,1.14067e-18,999999,-2.180646e-01,3,Vietnamese Exclusive Economic Zone,,,SVDNB_npp_d20140716_t1757431_e1803235_b14079_c20140717000324408388_noaa_ops.h5,GDNBO_npp_d20140716_t1757431_e1803235_b14079_c20140717000324408134_noaa_ops.h5,SVI04_npp_d20140716_t1757431_e1803235_b14079_c20140717000324402868_noaa_ops.dspace_rad,VNFF_npp_d20140716_t1757431_e1803235_b14079_v21.csv,World_EEZ_v8_2014.shp,WPP_BFAR_merge.shp,KKP_IDN_merge_20161208.shp,VNF-VBD_npp_20120301-20151231_global_asia-enhanced_c201607211230.bitmask,NCEI_NGA.union.nga_lead2.add_2015ntl.mask,timezone.shp,VBD_platforms-recurring_2015_r20170330.shp,999999,VBD_bridges_c20160811.shp,22.302559;20.657581;17.812403;13.013085;8.184108;3.331987;-1.539063;0.598278;2.699680;7.587820;12.484635;17.389103,102.195274;116.899490;131.129013;129.599106;128.217987;126.965988;125.829720;112.252083;98.601341;99.606560;100.547348;101.419044,npp_d20140716_t1757431_e1803235_b14079,148.066,23.7386,57.8309,97.8563,45.5714,98.1326
913,VBD_npp_d20140716_t1801472_x1042533E_y076394N_l2204_s0655_v23,2017-05-23 13:09:55,7.639350,104.253258,12.6061,2014-07-16 18:01:47,2014-07-17 01:01:47,2204,655,0.371131,1,2529,0.523897,0.215294,0.842628,0.4,0.869583,0.75,0.0380161,0.0001,1.1454e-18,999999,1.868620e-01,3,Vietnamese Exclusive Economic Zone,,,SVDNB_npp_d20140716_t1757431_e1803235_b14079_c20140717000324408388_noaa_ops.h5,GDNBO_npp_d20140716_t1757431_e1803235_b14079_c20140717000324408134_noaa_ops.h5,SVI04_npp_d20140716_t1757431_e1803235_b14079_c20140717000324402868_noaa_ops.dspace_rad,VNFF_npp_d20140716_t1757431_e1803235_b14079_v21.csv,World_EEZ_v8_2014.shp,WPP_BFAR_merge.shp,KKP_IDN_merge_20161208.shp,VNF-VBD_npp_20120301-20151231_global_asia-enhanced_c201607211230.bitmask,NCEI_NGA.union.nga_lead2.add_2015ntl.mask,timezone.shp,VBD_platforms-recurring_2015_r20170330.shp,999999,VBD_bridges_c20160811.shp,22.302559;20.657581;17.812403;13.013085;8.184108;3.331987;-1.539063;0.598278;2.699680;7.587820;12.484635;17.389103,102.195274;116.899490;131.129013;129.599106;128.217987;126.965988;125.829720;112.252083;98.601341;99.606560;100.547348;101.419044,npp_d20140716_t1757431_e1803235_b14079,148.319,23.8525,57.8294,97.5531,45.57,97.8624
918,VBD_npp_d20140716_t1801472_x1042798E_y076773N_l2198_s0658_v23,2017-05-23 13:09:55,7.677336,104.279846,13.7623,2014-07-16 18:01:47,2014-07-17 01:01:47,2198,658,0.369695,1,2529,0.540236,0.249553,0.919686,0.4,0.844819,0.75,0.0380364,0.0001,1.30535e-18,999999,-1.678705e-02,3,Vietnamese Exclusive Economic Zone,,,SVDNB_npp_d20140716_t1757431_e1803235_b14079_c20140717000324408388_noaa_ops.h5,GDNBO_npp_d20140716_t1757431_e1803235_b14079_c20140717000324408134_noaa_ops.h5,SVI04_npp_d20140716_t1757431_e1803235_b14079_c20140717000324402868_noaa_ops.dspace_rad,VNFF_npp_d20140716_t1757431_e1803235_b14079_v21.csv,World_EEZ_v8_2014.shp,WPP_BFAR_merge.shp,KKP_IDN_merge_20161208.shp,VNF-VBD_npp_20120301-20151231_global_asia-enhanced_c201607211230.bitmask,NCEI_NGA.union.nga_lead2.add_2015ntl.mask,timezone.shp,VBD_platforms-recurring_2015_r20170330.shp,999999,VBD_bridges_c20160811.shp,22.302559;20.657581;17.812403;13.013085;8.184108;3.331987;-1.539063;0.598278;2.699680;7.587820;12.484635;17.389103,102.195274;116.899490;131.129013;129.599106;128.217987;126.965988;125.829720;112.252083;98.601341;99.606560;100.547348;101.419044,npp_d20140716_t1757431_e1803235_b14079,148.274,23.8702,57.7564,97.8065,45.5488,97.9074
921,VBD_npp_d20140716_t1801472_x1042906E_y077036N_l2194_s0659_v23,2017-05-23 13:09:55,7.703563,104.290596,24.5307,2014-07-16 18:01:47,2014-07-17 01:01:47,2194,659,0.371628,1,2529,0.78577,0.246627,0.90482,0.4,0.92849,0.75,0.038044,0.0001,1.36312e-18,999999,6.043429e-04,3,Vietnamese Exclusive Economic Zone,,,SVDNB_npp_d20140716_t1757431_e1803235_b14079_c20140717000324408388_noaa_ops.h5,GDNBO_npp_d20140716_t1757431_e1803235_b14079_c20140717000324408134_noaa_ops.h5,SVI04_npp_d20140716_t1757431_e1803235_b14079_c20140717000324402868_noaa_ops.dspace_rad,VNFF_npp_d20140716_t1757431_e1803235_b14079_v21.csv,World_EEZ_v8_2014.shp,WPP_BFAR_merge.shp,KKP_IDN_merge_20161208.shp,VNF-VBD_npp_20120301-20151231_global_asia-enhanced_c201607211230.bitmask,NCEI_NGA.union.nga_lead2.add_2015ntl.mask,timezone.shp,VBD_platforms-recurring_2015_r20170330.shp,999999,VBD_bridges_c20160811.shp,22.302559;20.657581;17.812403;13.013085;8.184108;3.331987;-1.539063;0.598278;2.699680;7.587820;12.484635;17.389103,102.195274;116.899490;131.129013;129.599106;128.217987;126.965988;125.829720;112.252083;98.601341;99.606560;100.547348;101.419044,npp_d20140716_t1757431_e1803235_b14079,148.245,23.8702,57.7322,97.9747,45.5418,97.9365
922,VBD_npp_d20140716_t1801454_x1043083E_y077381N_l2188_s0660_v23,2017-05-23 13:09:55,7.738075,104.308327,8.92716,2014-07-16 18:01:45,2014-07-17 01:01:45,2188,660,0.37776,1,2529,0.436215,0.209785,0.89371,0.4,0.877152,0.75,0.0380523,0.0001,1.41172e-18,999999,2.196125e-01,3,Vietnamese Exclusive Economic Zone,,,SVDNB_npp_d20140716_t1757431_e1803235_b14079_c20140717000324408388_noaa_ops.h5,GDNBO_npp_d20140716_t1757431_e1803235_b14079_c20140717000324408134_noaa_ops.h5,SVI04_npp_d20140716_t1757431_e1803235_b14079_c20140717000324402868_noaa_ops.dspace_rad,VNFF_npp_d20140716_t1757431_e1803235_b14079_v21.csv,World_EEZ_v8_2014.shp,WPP_BFAR_merge.shp,KKP_IDN_merge_20161208.shp,VNF-VBD_npp_20120301-20151231_global_asia-enhanced_c201607211230.bitmask,NCEI_NGA.union.nga_lead2.add_2015ntl.mask,timezone.shp,VBD_platforms-recurring_2015_r20170330.shp,999999,VBD_bridges_c20160811.shp,22.302559;20.657581;17.812403;13.013085;8.184108;3.331987;-1.539063;0.598278;2.699680;7.587820;12.484635;17.389103,102.195274;116.899490;131.129013;129.599106;128.217987;126.965988;125.829720;112.252083;98.601341;99.606560;100.547348;101.419044,npp_d20140716_t1757431_e1803235_b14079,148.21,23.8642,57.713,97.5406,45.5362,97.9739
924,VBD_npp_d20140716_t1801454_x1043269E_y077701N_l2183_s0662_v23,2017-05-23 13:09:55,7.770145,104.326942,11.3569,2014-07-16 18:01:45,2014-07-17 01:01:45,2183,662,0.358922,1,2529,0.514958,0.271005,0.867473,0.4,0.86999,0.75,0.0380663,0.0001,1.5393e-18,999999,-1.443087e-01,3,Vietnamese Exclusive Economic Zone,,,SVDNB_npp_d20140716_t1757431_e1803235_b14079_c20140717000324408388_noaa_ops.h5,GDNBO_npp_d20140716_t1757431_e1803235_b14079_c20140717000324408134_noaa_ops.h5,SVI04_npp_d20140716_t1757431_e1803235_b14079_c20140717000324402868_noaa_ops.dspace_rad,VNFF_npp_d20140716_t1757431_e1803235_b14079_v21.csv,World_EEZ_v8_2014.shp,WPP_BFAR_merge.shp,KKP_IDN_merge_20161208.shp,VNF-VBD_npp_20120301-20151231_global_asia-enhanced_c201607211230.bitmask,NCEI_NGA.union.nga_lead2.add_2015ntl.mask,timezone.shp,VBD_platforms-recurring_2015_r20170330.shp,999999,VBD_bridges_c20160811.shp,22.302559;20.657581;17.812403;13.013085;8.184108;3.331987;-1.539063;0.598278;2.699680;7.587820;12.484635;17.389103,102.195274;116.899490;131.129013;129.599106;128.217987;126.965988;125.829720;112.252083;98.601341;99.606560;100.547348;101.419044,npp_d20140716_t1757431_e1803235_b14079,148.173,23.8729,57.6642,97.7516,45.5222,98.0109
925,VBD_npp_d20140716_t1801596_x1041573E_y069696N_l2307_s0662_v23,2017-05-23 13:09:55,6.969589,104.157349,23.6156,2014-07-16 18:01:59,2014-07-17 01:01:59,2307,662,0.389417,4,51685,0.777711,0.268228,0.87103,0.4,0.951291,0.75,0.0380154,0.0001,1.52981e-18,999999,-1.278024e-01,3,Vietnamese Exclusive Economic Zone,,,SVDNB_npp_d20140716_t1757431_e1803235_b14079_c20140717000324408388_noaa_ops.h5,GDNBO_npp_d20140716_t1757431_e1803235_b14079_c20140717000324408134_noaa_ops.h5,SVI04_npp_d20140716_t1757431_e1803235_b14079_c20140717000324402868_noaa_ops.dspace_rad,VNFF_npp_d20140716_t1757431_e1803235_b14079_v21.csv,World_EEZ_v8_2014.shp,WPP_BFAR_merge.shp,KKP_IDN_merge_20161208.shp,VNF-VBD_npp_20120301-20151231_global_asia-enhanced_c201607211230.bitmask,NCEI_NGA.union.nga_lead2.add_2015ntl.mask,timezone.shp,VBD_platforms-recurring_2015_r20170330.shp,0.478348,VBD_bridges_c20160811.shp,22.302559;20.657581;17.812403;13.013085;8.184108;3.331987;-1.539063;0.598278;2.699680;7.587820;12.484635;17.389103,102.195274;116.899490;131.129013;129.599106;128.217987;126.965988;125.829720;112.252083;98.601341;99.606560;100.547348;101.419044,npp_d20140716_t1757431_e1803235_b14079,148.948,24.2291,57.6655,98.0407,45.5267,97.1821
926,VBD_npp_d20140716_t1801436_x1043585E_y078932N_l2164_s0663_v23,2017-05-23 13:09:55,7.893173,104.358498,6.16175,2014-07-16 18:01:43,2014-07-17 01:01:43,2164,663,0.377539,1,2529,0.32786,0.261623,0.84208,0.4,0.775308,0.75,0.0380787,0.0001,1.60862e-18,999999,-8.853674e-02,3,Vietnamese Exclusive Economic Zone,,,SVDNB_npp_d20140716_t1757431_e1803235_b14079_c20140717000324408388_noaa_ops.h5,GDNBO_npp_d20140716_t1757431_e1803235_b14079_c20140717000324408134_noaa_ops.h5,SVI04_npp_d20140716_t1757431_e1803235_b14079_c20140717000324402868_noaa_ops.dspace_rad,VNFF_npp_d20140716_t1757431_e1803235_b14079_v21.csv,World_EEZ_v8_2014.shp,WPP_BFAR_merge.shp,KKP_IDN_merge_20161208.shp,VNF-VBD_npp_20120301-20151231_global_asia-enhanced_c201607211230.bitmask,NCEI_NGA.union.nga_lead2.add_2015ntl.mask,timezone.shp,VBD_platforms-recurring_2015_r20170330.shp,999999,VBD_bridges_c20160811.shp,22.302559;20.657581;17.812403;13.013085;8.184108;3.331987;-1.539063;0.598278;2.699680;7.587820;12.484635;17.389103,102.195274;116.899490;131.129013;129.599106;128.217987;126.965988;125.829720;112.252083;98.601341;99.606560;100.547348;101.419044,npp_d20140716_t1757431_e1803235_b14079,148.051,23.8315,57.639,97.8641,45.5154,98.1404
927,VBD_npp_d20140716_t1801454_x1043330E_y077140N_l2191_s0664_v23,2017-05-23 13:09:55,7.714050,104.332954,7.00864,2014-07-16 18:01:45,2014-07-17 01:01:45,2191,664,0.372678,1,2529,0.354884,0.246058,0.871351,0.4,0.80131,0.75,0.0380751,0.0001,1.67355e-18,999999,3.986286e-03,3,Vietnamese Exclusive Economic Zone,,,SVDNB_npp_d20140716_t1757431_e1803235_b14079_c20140717000324408388_noaa_ops.h5,GDNBO_npp_d20140716_t1757431_e1803235_b14079_c20140717000324408134_noaa_ops.h5,SVI04_npp_d20140716_t1757431_e1803235_b14079_c20140717000324402868_noaa_ops.dspace_rad,VNFF_npp_d20140716_t1757431_e1803235_b14079_v21.csv,World_EEZ_v8_2014.shp,WPP_BFAR_merge.shp,KKP_IDN_merge_20161208.shp,VNF-VBD_npp_20120301-20151231_global_asia-enhanced_c201607211230.bitmask,NCEI_NGA.union.nga_lead2.add_2015ntl.mask,timezone.shp,VBD_platforms-recurring_2015_r20170330.shp,999999,VBD_bridges_c20160811.shp,22.302559;20.657581;17.812403;13.013085;8.184108;3.331987;-1.539063;0.598278;2.699680;7.587820;12.484635;17.389103,102.195274;116.899490;131.129013;129.599106;128.217987;126.965988;125.829720;112.252083;98.601341;99.606560;100.547348;101.419044,npp_d20140716_t1757431_e1803235_b14079,148.222,23.9192,57.6179,97.4185,45.5083,97.9566
929,VBD_npp_d20140716_t1801596_x1041789E_y069735N_l2306_s0665_v23,2017-05-23 13:09:55,6.973465,104.178886,18.0324,2014-07-16 18:01:59,2014-07-17 01:01:59,2306,665,0.385274,4,100837,0.6609,0.271884,0.870908,0.4,0.914344,0.75,0.0380339,0.0001,1.73923e-18,999999,-1.495330e-01,3,Vietnamese Exclusive Economic Zone,,,SVDNB_npp_d20140716_t1757431_e1803235_b14079_c20140717000324408388_noaa_ops.h5,GDNBO_npp_d20140716_t1757431_e1803235_b14079_c20140717000324408134_noaa_ops.h5,SVI04_npp_d20140716_t1757431_e1803235_b14079_c20140717000324402868_noaa_ops.dspace_rad,VNFF_npp_d20140716_t1757431_e1803235_b14079_v21.csv,World_EEZ_v8_2014.shp,WPP_BFAR_merge.shp,KKP_IDN_merge_20161208.shp,VNF-VBD_npp_20120301-20151231_global_asia-enhanced_c201607211230.bitmask,NCEI_NGA.union.nga_lead2.add_2015ntl.mask,timezone.shp,VBD_platforms-recurring_2015_r20170330.shp,999999,VBD_bridges_c20160811.shp,22.302559;20.657581;17.812403;13.013085;8.184108;3.331987;-1.539063;0.598278;2.699680;7.587820;12.484635;17.389103,102.195274;116.899490;131.129013;129.599106;128.217987;126.965988;125.829720;112.252083;98.601341;99.606560;100.547348;101.419044,npp_d20140716_t1757431_e1803235_b14079,148.936,24.2615,57.5935,98.0852,45.5057,97.1912
930,VBD_npp_d20140716_t1801436_x1043802E_y078488N_l2170_s0667_v23,2017-05-23 13:09:55,7.848784,104.380196,15.681,2014-07-16 18:01:43,2014-07-17 01:01:43,2170,667,0.378865,1,2529,0.602231,0.224676,0.887067,0.4,0.914274,0.75,0.0381007,0.0001,1.90604e-18,999999,1.310903e-01,3,Vietnamese Exclusive Economic Zone,,,SVDNB_npp_d20140716_t1757431_e1803235_b14079_c20140717000324408388_noaa_ops.h5,GDNBO_npp_d20140716_t1757431_e1803235_b14079_c20140717000324408134_noaa_ops.h5,SVI04_npp_d20140716_t1757431_e1803235_b14079_c20140717000324402868_noaa_ops.dspace_rad,VNFF_npp_d20140716_t1757431_e1803235_b14079_v21.csv,World_EEZ_v8_2014.shp,WPP_BFAR_merge.shp,KKP_IDN_merge_20161208.shp,VNF-VBD_npp_20120301-20151231_global_asia-enhanced_c201607211230.bitmask,NCEI_NGA.union.nga_lead2.add_2015ntl.mask,timezone.shp,VBD_platforms-recurring_2015_r20170330.shp,999999,VBD_bridges_c20160811.shp,22.302559;20.657581;17.812403;13.013085;8.184108;3.331987;-1.539063;0.598278;2.699680;7.587820;12.484635;17.389103,102.195274;116.899490;131.129013;129.599106;128.217987;126.965988;125.829720;112.252083;98.601341;99.606560;100.547348;101.419044,npp_d20140716_t1757431_e1803235_b14079,148.082,23.8947,57.5439,97.6165,45.4876,98.1022
931,VBD_npp_d20140716_t1802228_x1039067E_y056066N_l2517_s0667_v23,2017-05-23 13:09:55,5.606555,103.906700,85.6569,2014-07-16 18:02:22,2014-07-17 02:02:22,2517,667,0.383948,4,35301,1.15193,0.238188,0.875135,0.4,0.964712,0.75,0.0380065,0.0001,1.83988e-18,999999,5.076709e-02,3,Malaysian Exclusive Economic Zone,,,SVDNB_npp_d20140716_t1757431_e1803235_b14079_c20140717000324408388_noaa_ops.h5,GDNBO_npp_d20140716_t1757431_e1803235_b14079_c20140717000324408134_noaa_ops.h5,SVI04_npp_d20140716_t1757431_e1803235_b14079_c20140717000324402868_noaa_ops.dspace_rad,VNFF_npp_d20140716_t1757431_e1803235_b14079_v21.csv,World_EEZ_v8_2014.shp,WPP_BFAR_merge.shp,KKP_IDN_merge_20161208.shp,VNF-VBD_npp_20120301-20151231_global_asia-enhanced_c201607211230.bitmask,NCEI_NGA.union.nga_lead2.add_2015ntl.mask,timezone.shp,VBD_platforms-recurring_2015_r20170330.shp,999999,VBD_bridges_c20160811.shp,22.302559;20.657581;17.812403;13.013085;8.184108;3.331987;-1.539063;0.598278;2.699680;7.587820;12.484635;17.389103,102.195274;116.899490;131.129013;129.599106;128.217987;126.965988;125.829720;112.252083;98.601341;99.606560;100.547348;101.419044,npp_d20140716_t1757431_e1803235_b14079,150.252,24.9411,57.5398,98.1633,45.5284,95.7824
932,VBD_npp_d20140716_t1801418_x1044212E_y079356N_l2156_s0670_v23,2017-05-23 13:09:55,7.935550,104.421211,9.15807,2014-07-16 18:01:41,2014-07-17 01:01:41,2156,670,0.351906,1,2529,0.423752,0.232721,0.777289,0.4,0.854261,0.75,0.0381233,0.0001,2.17511e-18,999999,8.327082e-02,3,Vietnamese Exclusive Economic Zone,,,SVDNB_npp_d20140716_t1757431_e1803235_b14079_c20140717000324408388_noaa_ops.h5,GDNBO_npp_d20140716_t1757431_e1803235_b14079_c20140717000324408134_noaa_ops.h5,SVI04_npp_d20140716_t1757431_e1803235_b14079_c20140717000324402868_noaa_ops.dspace_rad,VNFF_npp_d20140716_t1757431_e1803235_b14079_v21.csv,World_EEZ_v8_2014.shp,WPP_BFAR_merge.shp,KKP_IDN_merge_20161208.shp,VNF-VBD_npp_20120301-20151231_global_asia-enhanced_c201607211230.bitmask,NCEI_NGA.union.nga_lead2.add_2015ntl.mask,timezone.shp,VBD_platforms-recurring_2015_r20170330.shp,999999,VBD_bridges_c20160811.shp,22.302559;20.657581;17.812403;13.013085;8.184108;3.331987;-1.539063;0.598278;2.699680;7.587820;12.484635;17.389103,102.195274;116.899490;131.129013;129.599106;128.217987;126.965988;125.829720;112.252083;98.601341;99.606560;100.547348;101.419044,npp_d20140716_t1757431_e1803235_b14079,147.99,23.8918,57.4692,97.5185,45.4664,98.1983
933,VBD_npp_d20140716_t1801472_x1043642E_y076313N_l2203_s0671_v23,2017-05-23 13:09:55,7.631316,104.364212,10.0625,2014-07-16 18:01:47,2014-07-17 01:01:47,2203,671,0.360358,1,2529,0.471699,0.254799,0.749059,0.4,0.854088,0.75,0.0381124,0.0001,2.26717e-18,999999,-4.797541e-02,3,Vietnamese Exclusive Economic Zone,,,SVDNB_npp_d20140716_t1757431_e1803235_b14079_c20140717000324408388_noaa_ops.h5,GDNBO_npp_d20140716_t1757431_e1803235_b14079_c20140717000324408134_noaa_ops.h5,SVI04_npp_d20140716_t1757431_e1803235_b14079_c20140717000324402868_noaa_ops.dspace_rad,VNFF_npp_d20140716_t1757431_e1803235_b14079_v21.csv,World_EEZ_v8_2014.shp,WPP_BFAR_merge.shp,KKP_IDN_merge_20161208.shp,VNF-VBD_npp_20120301-20151231_global_asia-enhanced_c201607211230.bitmask,NCEI_NGA.union.nga_lead2.add_2015ntl.mask,timezone.shp,VBD_platforms-recurring_2015_r20170330.shp,999999,VBD_bridges_c20160811.shp,22.302559;20.657581;17.812403;13.013085;8.184108;3.331987;-1.539063;0.598278;2.699680;7.587820;12.484635;17.389103,102.195274;116.899490;131.129013;129.599106;128.217987;126.965988;125.829720;112.252083;98.601341;99.606560;100.547348;101.419044,npp_d20140716_t1757431_e1803235_b14079,148.282,24.0353,57.4458,97.6088,45.4586,97.8843
935,VBD_npp_d20140716_t1801436_x1044162E_y078577N_l2168_s0672_v23,2017-05-23 13:09:55,7.857684,104.416245,12.9375,2014-07-16 18:01:43,2014-07-17 01:01:43,2168,672,0.378092,1,2529,0.558732,0.250067,0.882528,0.4,0.901271,0.75,0.0381313,0.0001,2.35395e-18,999999,-1.984400e-02,3,Vietnamese Exclusive Economic Zone,,,SVDNB_npp_d20140716_t1757431_e1803235_b14079_c20140717000324408388_noaa_ops.h5,GDNBO_npp_d20140716_t1757431_e1803235_b14079_c20140717000324408134_noaa_ops.h5,SVI04_npp_d20140716_t1757431_e1803235_b14079_c20140717000324402868_noaa_ops.dspace_rad,VNFF_npp_d20140716_t1757431_e1803235_b14079_v21.csv,World_EEZ_v8_2014.shp,WPP_BFAR_merge.shp,KKP_IDN_merge_20161208.shp,VNF-VBD_npp_20120301-20151231_global_asia-enhanced_c201607211230.bitmask,NCEI_NGA.union.nga_lead2.add_2015ntl.mask,timezone.shp,VBD_platforms-recurring_2015_r20170330.shp,999999,VBD_bridges_c20160811.shp,22.302559;20.657581;17.812403;13.013085;8.184108;3.331987;-1.539063;0.598278;2.699680;7.587820;12.484635;17.389103,102.195274;116.899490;131.129013;129.599106;128.217987;126.965988;125.829720;112.252083;98.601341;99.606560;100.547348;101.419044,npp_d20140716_t1757431_e1803235_b14079,148.06,23.9463,57.4241,97.705,45.4531,98.1211
938,VBD_npp_d20140716_t1801436_x1044473E_y078329N_l2171_s0677_v23,2017-05-23 13:09:55,7.832859,104.447311,18.0041,2014-07-16 18:01:43,2014-07-17 01:01:43,2171,677,0.380191,1,2529,0.656199,0.233376,0.863291,0.4,0.901826,0.75,0.0381603,0.0001,2.90024e-18,999999,7.937174e-02,3,Vietnamese Exclusive Economic Zone,,,SVDNB_npp_d20140716_t1757431_e1803235_b14079_c20140717000324408388_noaa_ops.h5,GDNBO_npp_d20140716_t1757431_e1803235_b14079_c20140717000324408134_noaa_ops.h5,SVI04_npp_d20140716_t1757431_e1803235_b14079_c20140717000324402868_noaa_ops.dspace_rad,VNFF_npp_d20140716_t1757431_e1803235_b14079_v21.csv,World_EEZ_v8_2014.shp,WPP_BFAR_merge.shp,KKP_IDN_merge_20161208.shp,VNF-VBD_npp_20120301-20151231_global_asia-enhanced_c201607211230.bitmask,NCEI_NGA.union.nga_lead2.add_2015ntl.mask,timezone.shp,VBD_platforms-recurring_2015_r20170330.shp,999999,VBD_bridges_c20160811.shp,22.302559;20.657581;17.812403;13.013085;8.184108;3.331987;-1.539063;0.598278;2.699680;7.587820;12.484635;17.389103,102.195274;116.899490;131.129013;129.599106;128.217987;126.965988;125.829720;112.252083;98.601341;99.606560;100.547348;101.419044,npp_d20140716_t1757431_e1803235_b14079,148.07,24.0118,57.3052,97.5835,45.4187,98.1049
940,VBD_npp_d20140716_t1801489_x1044036E_y075193N_l2219_s0680_v23,2017-05-23 13:09:55,7.519336,104.403564,13.9629,2014-07-16 18:01:48,2014-07-17 01:01:48,2219,680,0.347045,1,2529,0.501012,0.248141,0.736442,0.4,0.851859,0.75,0.0381601,0.0001,3.29975e-18,999999,-8.393767e-03,3,Vietnamese Exclusive Economic Zone,,,SVDNB_npp_d20140716_t1757431_e1803235_b14079_c20140717000324408388_noaa_ops.h5,GDNBO_npp_d20140716_t1757431_e1803235_b14079_c20140717000324408134_noaa_ops.h5,SVI04_npp_d20140716_t1757431_e1803235_b14079_c20140717000324402868_noaa_ops.dspace_rad,VNFF_npp_d20140716_t1757431_e1803235_b14079_v21.csv,World_EEZ_v8_2014.shp,WPP_BFAR_merge.shp,KKP_IDN_merge_20161208.shp,VNF-VBD_npp_20120301-20151231_global_asia-enhanced_c201607211230.bitmask,NCEI_NGA.union.nga_lead2.add_2015ntl.mask,timezone.shp,VBD_platforms-recurring_2015_r20170330.shp,999999,VBD_bridges_c20160811.shp,22.302559;20.657581;17.812403;13.013085;8.184108;3.331987;-1.539063;0.598278;2.699680;7.587820;12.484635;17.389103,102.195274;116.899490;131.129013;129.599106;128.217987;126.965988;125.829720;112.252083;98.601341;99.606560;100.547348;101.419044,npp_d20140716_t1757431_e1803235_b14079,148.365,24.1841,57.2311,97.63,45.3969,97.7847
941,VBD_npp_d20140716_t1801454_x1044717E_y077081N_l2189_s0684_v23,2017-05-23 13:09:55,7.708117,104.471687,14.9213,2014-07-16 18:01:45,2014-07-17 01:01:45,2189,684,0.374446,1,2529,0.603735,0.245598,0.864477,0.4,0.9221,0.75,0.0381958,0.0001,3.89326e-18,999999,6.722489e-03,3,Vietnamese Exclusive Economic Zone,,,SVDNB_npp_d20140716_t1757431_e1803235_b14079_c20140717000324408388_noaa_ops.h5,GDNBO_npp_d20140716_t1757431_e1803235_b14079_c20140717000324408134_noaa_ops.h5,SVI04_npp_d20140716_t1757431_e1803235_b14079_c20140717000324402868_noaa_ops.dspace_rad,VNFF_npp_d20140716_t1757431_e1803235_b14079_v21.csv,World_EEZ_v8_2014.shp,WPP_BFAR_merge.shp,KKP_IDN_merge_20161208.shp,VNF-VBD_npp_20120301-20151231_global_asia-enhanced_c201607211230.bitmask,NCEI_NGA.union.nga_lead2.add_2015ntl.mask,timezone.shp,VBD_platforms-recurring_2015_r20170330.shp,999999,VBD_bridges_c20160811.shp,22.302559;20.657581;17.812403;13.013085;8.184108;3.331987;-1.539063;0.598278;2.699680;7.587820;12.484635;17.389103,102.195274;116.899490;131.129013;129.599106;128.217987;126.965988;125.829720;112.252083;98.601341;99.606560;100.547348;101.419044,npp_d20140716_t1757431_e1803235_b14079,148.171,24.1442,57.1359,97.512,45.3696,97.9886
942,VBD_npp_d20140716_t1801454_x1044876E_y077699N_l2180_s0685_v23,2017-05-23 13:09:55,7.769877,104.487640,18.4447,2014-07-16 18:01:45,2014-07-17 01:01:45,2180,685,0.38207,1,2529,0.686029,0.244801,0.866374,0.4,0.904769,0.75,0.0382053,0.0001,4.06961e-18,999999,1.145676e-02,3,Vietnamese Exclusive Economic Zone,,,SVDNB_npp_d20140716_t1757431_e1803235_b14079_c20140717000324408388_noaa_ops.h5,GDNBO_npp_d20140716_t1757431_e1803235_b14079_c20140717000324408134_noaa_ops.h5,SVI04_npp_d20140716_t1757431_e1803235_b14079_c20140717000324402868_noaa_ops.dspace_rad,VNFF_npp_d20140716_t1757431_e1803235_b14079_v21.csv,World_EEZ_v8_2014.shp,WPP_BFAR_merge.shp,KKP_IDN_merge_20161208.shp,VNF-VBD_npp_20120301-20151231_global_asia-enhanced_c201607211230.bitmask,NCEI_NGA.union.nga_lead2.add_2015ntl.mask,timezone.shp,VBD_platforms-recurring_2015_r20170330.shp,999999,VBD_bridges_c20160811.shp,22.302559;20.657581;17.812403;13.013085;8.184108;3.331987;-1.539063;0.598278;2.699680;7.587820;12.484635;17.389103,102.195274;116.899490;131.129013;129.599106;128.217987;126.965988;125.829720;112.252083;98.601341;99.606560;100.547348;101.419044,npp_d20140716_t1757431_e1803235_b14079,148.108,24.1289,57.1096,97.9065,45.3625,98.0548
944,VBD_npp_d20140716_t1801472_x1044811E_y076645N_l2196_s0687_v23,2017-05-23 13:09:55,7.664519,104.481056,12.7242,2014-07-16 18:01:47,2014-07-17 01:01:47,2196,687,0.361961,1,2529,0.550183,0.253708,0.843432,0.4,0.883228,0.75,0.0382111,0.0001,4.46101e-18,999999,-4.148642e-02,3,Vietnamese Exclusive Economic Zone,,,SVDNB_npp_d20140716_t1757431_e1803235_b14079_c20140717000324408388_noaa_ops.h5,GDNBO_npp_d20140716_t1757431_e1803235_b14079_c20140717000324408134_noaa_ops.h5,SVI04_npp_d20140716_t1757431_e1803235_b14079_c20140717000324402868_noaa_ops.dspace_rad,VNFF_npp_d20140716_t1757431_e1803235_b14079_v21.csv,World_EEZ_v8_2014.shp,WPP_BFAR_merge.shp,KKP_IDN_merge_20161208.shp,VNF-VBD_npp_20120301-20151231_global_asia-enhanced_c201607211230.bitmask,NCEI_NGA.union.nga_lead2.add_2015ntl.mask,timezone.shp,VBD_platforms-recurring_2015_r20170330.shp,999999,VBD_bridges_c20160811.shp,22.302559;20.657581;17.812403;13.013085;8.184108;3.331987;-1.539063;0.598278;2.699680;7.587820;12.484635;17.389103,102.195274;116.899490;131.129013;129.599106;128.217987;126.965988;125.829720;112.252083;98.601341;99.606560;100.547348;101.419044,npp_d20140716_t1757431_e1803235_b14079,148.204,24.1997,57.0565,97.9249,45.3471,97.9493
945,VBD_npp_d20140716_t1801472_x1044811E_y076149N_l2203_s0688_v23,2017-05-23 13:09:55,7.614854,104.481117,27.785,2014-07-16 18:01:47,2014-07-17 01:01:47,2203,688,0.349475,1,2529,0.796411,0.253956,0.83883,0.4,0.909717,0.75,0.0382143,0.0001,4.65031e-18,999999,-4.296009e-02,3,Vietnamese Exclusive Economic Zone,,,SVDNB_npp_d20140716_t1757431_e1803235_b14079_c20140717000324408388_noaa_ops.h5,GDNBO_npp_d20140716_t1757431_e1803235_b14079_c20140717000324408134_noaa_ops.h5,SVI04_npp_d20140716_t1757431_e1803235_b14079_c20140717000324402868_noaa_ops.dspace_rad,VNFF_npp_d20140716_t1757431_e1803235_b14079_v21.csv,World_EEZ_v8_2014.shp,WPP_BFAR_merge.shp,KKP_IDN_merge_20161208.shp,VNF-VBD_npp_20120301-20151231_global_asia-enhanced_c201607211230.bitmask,NCEI_NGA.union.nga_lead2.add_2015ntl.mask,timezone.shp,VBD_platforms-recurring_2015_r20170330.shp,999999,VBD_bridges_c20160811.shp,22.302559;20.657581;17.812403;13.013085;8.184108;3.331987;-1.539063;0.598278;2.699680;7.587820;12.484635;17.389103,102.195274;116.899490;131.129013;129.599106;128.217987;126.965988;125.829720;112.252083;98.601341;99.606560;100.547348;101.419044,npp_d20140716_t1757431_e1803235_b14079,148.249,24.2326,57.0326,97.6195,45.3401,97.8995
946,VBD_npp_d20140716_t1802548_x1036422E_y036552N_l2815_s0689_v23,2017-05-23 13:09:55,3.655211,103.642159,25.7383,2014-07-16 18:02:54,2014-07-17 02:02:54,2815,689,0.367264,8,18913,0.708884,0.267981,0.787699,0.4,0.898744,0.75,0.0380379,0.0001,4.02266e-18,999999,-1.263346e-01,3,Malaysian Exclusive Economic Zone,,,SVDNB_npp_d20140716_t1757431_e1803235_b14079_c20140717000324408388_noaa_ops.h5,GDNBO_npp_d20140716_t1757431_e1803235_b14079_c20140717000324408134_noaa_ops.h5,SVI04_npp_d20140716_t1757431_e1803235_b14079_c20140717000324402868_noaa_ops.dspace_rad,VNFF_npp_d20140716_t1757431_e1803235_b14079_v21.csv,World_EEZ_v8_2014.shp,WPP_BFAR_merge.shp,KKP_IDN_merge_20161208.shp,VNF-VBD_npp_20120301-20151231_global_asia-enhanced_c201607211230.bitmask,NCEI_NGA.union.nga_lead2.add_2015ntl.mask,timezone.shp,VBD_platforms-recurring_2015_r20170330.shp,0.128365,VBD_bridges_c20160811.shp,22.302559;20.657581;17.812403;13.013085;8.184108;3.331987;-1.539063;0.598278;2.699680;7.587820;12.484635;17.389103,102.195274;116.899490;131.129013;129.599106;128.217987;126.965988;125.829720;112.252083;98.601341;99.606560;100.547348;101.419044,npp_d20140716_t1757431_e1803235_b14079,152.068,26.2473,57.0168,98.0256,45.4998,93.7998
949,VBD_npp_d20140716_t1802174_x1041542E_y058278N_l2478_s0695_v23,2017-05-23 13:09:55,5.827826,104.154160,87.5129,2014-07-16 18:02:17,2014-07-17 02:02:17,2478,695,0.387097,4,35301,1.22623,0.238764,0.891358,0.4,0.974775,0.75,0.0381234,0.0001,5.97514e-18,999999,4.734654e-02,3,Malaysian Exclusive Economic Zone,,,SVDNB_npp_d20140716_t1757431_e1803235_b14079_c20140717000324408388_noaa_ops.h5,GDNBO_npp_d20140716_t1757431_e1803235_b14079_c20140717000324408134_noaa_ops.h5,SVI04_npp_d20140716_t1757431_e1803235_b14079_c20140717000324402868_noaa_ops.dspace_rad,VNFF_npp_d20140716_t1757431_e1803235_b14079_v21.csv,World_EEZ_v8_2014.shp,WPP_BFAR_merge.shp,KKP_IDN_merge_20161208.shp,VNF-VBD_npp_20120301-20151231_global_asia-enhanced_c201607211230.bitmask,NCEI_NGA.union.nga_lead2.add_2015ntl.mask,timezone.shp,VBD_platforms-recurring_2015_r20170330.shp,999999,VBD_bridges_c20160811.shp,22.302559;20.657581;17.812403;13.013085;8.184108;3.331987;-1.539063;0.598278;2.699680;7.587820;12.484635;17.389103,102.195274;116.899490;131.129013;129.599106;128.217987;126.965988;125.829720;112.252083;98.601341;99.606560;100.547348;101.419044,npp_d20140716_t1757431_e1803235_b14079,149.956,25.1537,56.8648,97.7466,45.3251,96.051
952,VBD_npp_d20140716_t1802156_x1041873E_y059583N_l2458_s0696_v23,2017-05-23 13:09:55,5.958278,104.187347,140.093,2014-07-16 18:02:15,2014-07-17 02:02:15,2458,696,0.374612,4,35301,1.28017,0.251621,0.876265,0.4,0.96062,0.75,0.0381406,0.0001,6.2884e-18,999999,-2.908097e-02,3,Malaysian Exclusive Economic Zone,,,SVDNB_npp_d20140716_t1757431_e1803235_b14079_c20140717000324408388_noaa_ops.h5,GDNBO_npp_d20140716_t1757431_e1803235_b14079_c20140717000324408134_noaa_ops.h5,SVI04_npp_d20140716_t1757431_e1803235_b14079_c20140717000324402868_noaa_ops.dspace_rad,VNFF_npp_d20140716_t1757431_e1803235_b14079_v21.csv,World_EEZ_v8_2014.shp,WPP_BFAR_merge.shp,KKP_IDN_merge_20161208.shp,VNF-VBD_npp_20120301-20151231_global_asia-enhanced_c201607211230.bitmask,NCEI_NGA.union.nga_lead2.add_2015ntl.mask,timezone.shp,VBD_platforms-recurring_2015_r20170330.shp,999999,VBD_bridges_c20160811.shp,22.302559;20.657581;17.812403;13.013085;8.184108;3.331987;-1.539063;0.598278;2.699680;7.587820;12.484635;17.389103,102.195274;116.899490;131.129013;129.599106;128.217987;126.965988;125.829720;112.252083;98.601341;99.606560;100.547348;101.419044,npp_d20140716_t1757431_e1803235_b14079,149.827,25.1009,56.8385,97.909,45.3131,96.188
953,VBD_npp_d20140716_t1802583_x1036449E_y034344N_l2848_s0696_v23,2017-05-23 13:09:55,3.434367,103.644890,9.33052,2014-07-16 18:02:58,2014-07-17 02:02:58,2848,696,0.384942,2,2209,0.272627,0.204598,0.637112,0.4,0.659977,0.75,0.0380516,0.0001,5.33631e-18,999999,2.504416e-01,3,Malaysian Exclusive Economic Zone,,,SVDNB_npp_d20140716_t1757431_e1803235_b14079_c20140717000324408388_noaa_ops.h5,GDNBO_npp_d20140716_t1757431_e1803235_b14079_c20140717000324408134_noaa_ops.h5,SVI04_npp_d20140716_t1757431_e1803235_b14079_c20140717000324402868_noaa_ops.dspace_rad,VNFF_npp_d20140716_t1757431_e1803235_b14079_v21.csv,World_EEZ_v8_2014.shp,WPP_BFAR_merge.shp,KKP_IDN_merge_20161208.shp,VNF-VBD_npp_20120301-20151231_global_asia-enhanced_c201607211230.bitmask,NCEI_NGA.union.nga_lead2.add_2015ntl.mask,timezone.shp,VBD_platforms-recurring_2015_r20170330.shp,999999,VBD_bridges_c20160811.shp,22.302559;20.657581;17.812403;13.013085;8.184108;3.331987;-1.539063;0.598278;2.699680;7.587820;12.484635;17.389103,102.195274;116.899490;131.129013;129.599106;128.217987;126.965988;125.829720;112.252083;98.601341;99.606560;100.547348;101.419044,npp_d20140716_t1757431_e1803235_b14079,152.258,26.4638,56.8406,98.0152,45.4682,93.5796
956,VBD_npp_d20140716_t1802174_x1041659E_y058121N_l2480_s0697_v23,2017-05-23 13:09:55,5.812062,104.165909,15.1234,2014-07-16 18:02:17,2014-07-17 02:02:17,2480,697,0.395328,8,51681,0.559243,0.244345,0.893686,0.4,0.883418,0.75,0.038137,0.0001,6.48572e-18,999999,1.416946e-02,3,Malaysian Exclusive Economic Zone,,,SVDNB_npp_d20140716_t1757431_e1803235_b14079_c20140717000324408388_noaa_ops.h5,GDNBO_npp_d20140716_t1757431_e1803235_b14079_c20140717000324408134_noaa_ops.h5,SVI04_npp_d20140716_t1757431_e1803235_b14079_c20140717000324402868_noaa_ops.dspace_rad,VNFF_npp_d20140716_t1757431_e1803235_b14079_v21.csv,World_EEZ_v8_2014.shp,WPP_BFAR_merge.shp,KKP_IDN_merge_20161208.shp,VNF-VBD_npp_20120301-20151231_global_asia-enhanced_c201607211230.bitmask,NCEI_NGA.union.nga_lead2.add_2015ntl.mask,timezone.shp,VBD_platforms-recurring_2015_r20170330.shp,0.423018,VBD_bridges_c20160811.shp,22.302559;20.657581;17.812403;13.013085;8.184108;3.331987;-1.539063;0.598278;2.699680;7.587820;12.484635;17.389103,102.195274;116.899490;131.129013;129.599106;128.217987;126.965988;125.829720;112.252083;98.601341;99.606560;100.547348;101.419044,npp_d20140716_t1757431_e1803235_b14079,149.966,25.1848,56.8158,97.6601,45.3116,96.0375
957,VBD_npp_d20140716_t1803001_x1036449E_y034336N_l2849_s0697_v23,2017-05-23 13:09:55,3.433598,103.644897,15.2576,2014-07-16 18:03:00,2014-07-17 02:03:00,2849,697,0.384942,2,2465,0.419806,0.214866,0.637112,0.4,0.673031,0.75,0.0380567,0.0001,5.68927e-18,999999,1.894056e-01,3,Malaysian Exclusive Economic Zone,,,SVDNB_npp_d20140716_t1757431_e1803235_b14079_c20140717000324408388_noaa_ops.h5,GDNBO_npp_d20140716_t1757431_e1803235_b14079_c20140717000324408134_noaa_ops.h5,SVI04_npp_d20140716_t1757431_e1803235_b14079_c20140717000324402868_noaa_ops.dspace_rad,VNFF_npp_d20140716_t1757431_e1803235_b14079_v21.csv,World_EEZ_v8_2014.shp,WPP_BFAR_merge.shp,KKP_IDN_merge_20161208.shp,VNF-VBD_npp_20120301-20151231_global_asia-enhanced_c201607211230.bitmask,NCEI_NGA.union.nga_lead2.add_2015ntl.mask,timezone.shp,VBD_platforms-recurring_2015_r20170330.shp,999999,VBD_bridges_c20160811.shp,22.302559;20.657581;17.812403;13.013085;8.184108;3.331987;-1.539063;0.598278;2.699680;7.587820;12.484635;17.389103,102.195274;116.899490;131.129013;129.599106;128.217987;126.965988;125.829720;112.252083;98.601341;99.606560;100.547348;101.419044,npp_d20140716_t1757431_e1803235_b14079,152.256,26.4775,56.8135,98.6873,45.4609,93.5796
958,VBD_npp_d20140716_t1803001_x1036417E_y034128N_l2852_s0697_v23,2017-05-23 13:09:55,3.412836,103.641739,7.84644,2014-07-16 18:03:00,2014-07-17 02:03:00,2852,697,0.306164,8,18593,0.234737,0.202793,0.685922,0.4,0.534723,0.75,0.0380541,0.0001,5.6565e-18,999999,2.611760e-01,3,Malaysian Exclusive Economic Zone,,,SVDNB_npp_d20140716_t1757431_e1803235_b14079_c20140717000324408388_noaa_ops.h5,GDNBO_npp_d20140716_t1757431_e1803235_b14079_c20140717000324408134_noaa_ops.h5,SVI04_npp_d20140716_t1757431_e1803235_b14079_c20140717000324402868_noaa_ops.dspace_rad,VNFF_npp_d20140716_t1757431_e1803235_b14079_v21.csv,World_EEZ_v8_2014.shp,WPP_BFAR_merge.shp,KKP_IDN_merge_20161208.shp,VNF-VBD_npp_20120301-20151231_global_asia-enhanced_c201607211230.bitmask,NCEI_NGA.union.nga_lead2.add_2015ntl.mask,timezone.shp,VBD_platforms-recurring_2015_r20170330.shp,0.998603,VBD_bridges_c20160811.shp,22.302559;20.657581;17.812403;13.013085;8.184108;3.331987;-1.539063;0.598278;2.699680;7.587820;12.484635;17.389103,102.195274;116.899490;131.129013;129.599106;128.217987;126.965988;125.829720;112.252083;98.601341;99.606560;100.547348;101.419044,npp_d20140716_t1757431_e1803235_b14079,152.276,26.4896,56.8136,98.5559,45.4628,93.5583
960,VBD_npp_d20140716_t1802192_x1041669E_y058115N_l2481_s0698_v23,2017-05-23 13:09:55,5.811535,104.166946,14.985,2014-07-16 18:02:19,2014-07-17 02:02:19,2481,698,0.395328,8,51681,0.556598,0.248494,0.893686,0.4,0.883659,0.75,0.0381442,0.0001,6.87799e-18,999999,-1.049110e-02,3,Malaysian Exclusive Economic Zone,,,SVDNB_npp_d20140716_t1757431_e1803235_b14079_c20140717000324408388_noaa_ops.h5,GDNBO_npp_d20140716_t1757431_e1803235_b14079_c20140717000324408134_noaa_ops.h5,SVI04_npp_d20140716_t1757431_e1803235_b14079_c20140717000324402868_noaa_ops.dspace_rad,VNFF_npp_d20140716_t1757431_e1803235_b14079_v21.csv,World_EEZ_v8_2014.shp,WPP_BFAR_merge.shp,KKP_IDN_merge_20161208.shp,VNF-VBD_npp_20120301-20151231_global_asia-enhanced_c201607211230.bitmask,NCEI_NGA.union.nga_lead2.add_2015ntl.mask,timezone.shp,VBD_platforms-recurring_2015_r20170330.shp,0.35743,VBD_bridges_c20160811.shp,22.302559;20.657581;17.812403;13.013085;8.184108;3.331987;-1.539063;0.598278;2.699680;7.587820;12.484635;17.389103,102.195274;116.899490;131.129013;129.599106;128.217987;126.965988;125.829720;112.252083;98.601341;99.606560;100.547348;101.419044,npp_d20140716_t1757431_e1803235_b14079,149.963,25.1992,56.7853,98.3354,45.3034,96.0385
966,VBD_npp_d20140716_t1803001_x1036570E_y033752N_l2857_s0700_v23,2017-05-23 13:09:55,3.375184,103.657005,13.6864,2014-07-16 18:03:00,2014-07-17 02:03:00,2857,700,0.360469,8,18913,0.490456,0.293298,0.707564,0.4,0.813416,0.75,0.0380674,0.0001,6.35385e-18,999999,-2.768276e-01,3,Malaysian Exclusive Economic Zone,,,SVDNB_npp_d20140716_t1757431_e1803235_b14079_c20140717000324408388_noaa_ops.h5,GDNBO_npp_d20140716_t1757431_e1803235_b14079_c20140717000324408134_noaa_ops.h5,SVI04_npp_d20140716_t1757431_e1803235_b14079_c20140717000324402868_noaa_ops.dspace_rad,VNFF_npp_d20140716_t1757431_e1803235_b14079_v21.csv,World_EEZ_v8_2014.shp,WPP_BFAR_merge.shp,KKP_IDN_merge_20161208.shp,VNF-VBD_npp_20120301-20151231_global_asia-enhanced_c201607211230.bitmask,NCEI_NGA.union.nga_lead2.add_2015ntl.mask,timezone.shp,VBD_platforms-recurring_2015_r20170330.shp,0.778494,VBD_bridges_c20160811.shp,22.302559;20.657581;17.812403;13.013085;8.184108;3.331987;-1.539063;0.598278;2.699680;7.587820;12.484635;17.389103,102.195274;116.899490;131.129013;129.599106;128.217987;126.965988;125.829720;112.252083;98.601341;99.606560;100.547348;101.419044,npp_d20140716_t1757431_e1803235_b14079,152.303,26.5484,56.7398,98.3379,45.445,93.5223
970,VBD_npp_d20140716_t1801436_x1046196E_y078019N_l2172_s0702_v23,2017-05-23 13:09:55,7.801942,104.619598,12.3419,2014-07-16 18:01:43,2014-07-17 01:01:43,2172,702,0.388644,1,2529,0.555744,0.21041,0.875897,0.4,0.907476,0.75,0.0383089,0.0001,8.34724e-18,999999,2.158976e-01,3,Vietnamese Exclusive Economic Zone,,,SVDNB_npp_d20140716_t1757431_e1803235_b14079_c20140717000324408388_noaa_ops.h5,GDNBO_npp_d20140716_t1757431_e1803235_b14079_c20140717000324408134_noaa_ops.h5,SVI04_npp_d20140716_t1757431_e1803235_b14079_c20140717000324402868_noaa_ops.dspace_rad,VNFF_npp_d20140716_t1757431_e1803235_b14079_v21.csv,World_EEZ_v8_2014.shp,WPP_BFAR_merge.shp,KKP_IDN_merge_20161208.shp,VNF-VBD_npp_20120301-20151231_global_asia-enhanced_c201607211230.bitmask,NCEI_NGA.union.nga_lead2.add_2015ntl.mask,timezone.shp,VBD_platforms-recurring_2015_r20170330.shp,999999,VBD_bridges_c20160811.shp,22.302559;20.657581;17.812403;13.013085;8.184108;3.331987;-1.539063;0.598278;2.699680;7.587820;12.484635;17.389103,102.195274;116.899490;131.129013;129.599106;128.217987;126.965988;125.829720;112.252083;98.601341;99.606560;100.547348;101.419044,npp_d20140716_t1757431_e1803235_b14079,148.028,24.3052,56.6883,97.5578,45.2432,98.1217
973,VBD_npp_d20140716_t1802156_x1042293E_y059101N_l2464_s0703_v23,2017-05-23 13:09:55,5.910089,104.229317,7.39814,2014-07-16 18:02:15,2014-07-17 02:02:15,2464,703,0.390522,1,2529,0.358979,0.247827,0.845449,0.4,0.825168,0.75,0.0381784,0.0001,8.37572e-18,999999,-6.526087e-03,3,Malaysian Exclusive Economic Zone,,,SVDNB_npp_d20140716_t1757431_e1803235_b14079_c20140717000324408388_noaa_ops.h5,GDNBO_npp_d20140716_t1757431_e1803235_b14079_c20140717000324408134_noaa_ops.h5,SVI04_npp_d20140716_t1757431_e1803235_b14079_c20140717000324402868_noaa_ops.dspace_rad,VNFF_npp_d20140716_t1757431_e1803235_b14079_v21.csv,World_EEZ_v8_2014.shp,WPP_BFAR_merge.shp,KKP_IDN_merge_20161208.shp,VNF-VBD_npp_20120301-20151231_global_asia-enhanced_c201607211230.bitmask,NCEI_NGA.union.nga_lead2.add_2015ntl.mask,timezone.shp,VBD_platforms-recurring_2015_r20170330.shp,999999,VBD_bridges_c20160811.shp,22.302559;20.657581;17.812403;13.013085;8.184108;3.331987;-1.539063;0.598278;2.699680;7.587820;12.484635;17.389103,102.195274;116.899490;131.129013;129.599106;128.217987;126.965988;125.829720;112.252083;98.601341;99.606560;100.547348;101.419044,npp_d20140716_t1757431_e1803235_b14079,149.853,25.2055,56.6668,97.6501,45.2659,96.1483
978,VBD_npp_d20140716_t1801454_x1046204E_y077585N_l2179_s0704_v23,2017-05-23 13:09:55,7.758530,104.620354,25.0305,2014-07-16 18:01:45,2014-07-17 01:01:45,2179,704,0.381959,1,2529,0.791412,0.253303,0.882951,0.4,0.949727,0.75,0.0383184,0.0001,9.06906e-18,999999,-3.907816e-02,3,Vietnamese Exclusive Economic Zone,,,SVDNB_npp_d20140716_t1757431_e1803235_b14079_c20140717000324408388_noaa_ops.h5,GDNBO_npp_d20140716_t1757431_e1803235_b14079_c20140717000324408134_noaa_ops.h5,SVI04_npp_d20140716_t1757431_e1803235_b14079_c20140717000324402868_noaa_ops.dspace_rad,VNFF_npp_d20140716_t1757431_e1803235_b14079_v21.csv,World_EEZ_v8_2014.shp,WPP_BFAR_merge.shp,KKP_IDN_merge_20161208.shp,VNF-VBD_npp_20120301-20151231_global_asia-enhanced_c201607211230.bitmask,NCEI_NGA.union.nga_lead2.add_2015ntl.mask,timezone.shp,VBD_platforms-recurring_2015_r20170330.shp,999999,VBD_bridges_c20160811.shp,22.302559;20.657581;17.812403;13.013085;8.184108;3.331987;-1.539063;0.598278;2.699680;7.587820;12.484635;17.389103,102.195274;116.899490;131.129013;129.599106;128.217987;126.965988;125.829720;112.252083;98.601341;99.606560;100.547348;101.419044,npp_d20140716_t1757431_e1803235_b14079,148.065,24.3468,56.6385,97.9689,45.2291,98.0801
979,VBD_npp_d20140716_t1802174_x1042291E_y059089N_l2465_s0704_v23,2017-05-23 13:09:55,5.908942,104.229141,7.70644,2014-07-16 18:02:17,2014-07-17 02:02:17,2465,704,0.390522,1,2529,0.388261,0.247904,0.845449,0.4,0.836084,0.75,0.0381837,0.0001,8.81585e-18,999999,-6.987343e-03,3,Malaysian Exclusive Economic Zone,,,SVDNB_npp_d20140716_t1757431_e1803235_b14079_c20140717000324408388_noaa_ops.h5,GDNBO_npp_d20140716_t1757431_e1803235_b14079_c20140717000324408134_noaa_ops.h5,SVI04_npp_d20140716_t1757431_e1803235_b14079_c20140717000324402868_noaa_ops.dspace_rad,VNFF_npp_d20140716_t1757431_e1803235_b14079_v21.csv,World_EEZ_v8_2014.shp,WPP_BFAR_merge.shp,KKP_IDN_merge_20161208.shp,VNF-VBD_npp_20120301-20151231_global_asia-enhanced_c201607211230.bitmask,NCEI_NGA.union.nga_lead2.add_2015ntl.mask,timezone.shp,VBD_platforms-recurring_2015_r20170330.shp,999999,VBD_bridges_c20160811.shp,22.302559;20.657581;17.812403;13.013085;8.184108;3.331987;-1.539063;0.598278;2.699680;7.587820;12.484635;17.389103,102.195274;116.899490;131.129013;129.599106;128.217987;126.965988;125.829720;112.252083;98.601341;99.606560;100.547348;101.419044,npp_d20140716_t1757431_e1803235_b14079,149.851,25.2183,56.6402,98.3234,45.2587,96.1485
982,VBD_npp_d20140716_t1802156_x1042440E_y059151N_l2463_s0705_v23,2017-05-23 13:09:55,5.915101,104.244011,14.0447,2014-07-16 18:02:15,2014-07-17 02:02:15,2463,705,0.388036,8,18913,0.558705,0.250429,0.845449,0.4,0.813387,0.75,0.0381907,0.0001,9.1112e-18,999999,-2.199359e-02,3,Malaysian Exclusive Economic Zone,,,SVDNB_npp_d20140716_t1757431_e1803235_b14079_c20140717000324408388_noaa_ops.h5,GDNBO_npp_d20140716_t1757431_e1803235_b14079_c20140717000324408134_noaa_ops.h5,SVI04_npp_d20140716_t1757431_e1803235_b14079_c20140717000324402868_noaa_ops.dspace_rad,VNFF_npp_d20140716_t1757431_e1803235_b14079_v21.csv,World_EEZ_v8_2014.shp,WPP_BFAR_merge.shp,KKP_IDN_merge_20161208.shp,VNF-VBD_npp_20120301-20151231_global_asia-enhanced_c201607211230.bitmask,NCEI_NGA.union.nga_lead2.add_2015ntl.mask,timezone.shp,VBD_platforms-recurring_2015_r20170330.shp,0.266354,VBD_bridges_c20160811.shp,22.302559;20.657581;17.812403;13.013085;8.184108;3.331987;-1.539063;0.598278;2.699680;7.587820;12.484635;17.389103,102.195274;116.899490;131.129013;129.599106;128.217987;126.965988;125.829720;112.252083;98.601341;99.606560;100.547348;101.419044,npp_d20140716_t1757431_e1803235_b14079,149.842,25.2261,56.617,97.6952,45.2517,96.1565
993,VBD_npp_d20140716_t1802156_x1042713E_y059113N_l2463_s0709_v23,2017-05-23 13:09:55,5.911328,104.271263,12.7112,2014-07-16 18:02:15,2014-07-17 02:02:15,2463,709,0.364833,8,18913,0.513413,0.266768,0.832744,0.4,0.874424,0.75,0.0382142,0.0001,1.07482e-17,999999,-1.191236e-01,3,Malaysian Exclusive Economic Zone,,,SVDNB_npp_d20140716_t1757431_e1803235_b14079_c20140717000324408388_noaa_ops.h5,GDNBO_npp_d20140716_t1757431_e1803235_b14079_c20140717000324408134_noaa_ops.h5,SVI04_npp_d20140716_t1757431_e1803235_b14079_c20140717000324402868_noaa_ops.dspace_rad,VNFF_npp_d20140716_t1757431_e1803235_b14079_v21.csv,World_EEZ_v8_2014.shp,WPP_BFAR_merge.shp,KKP_IDN_merge_20161208.shp,VNF-VBD_npp_20120301-20151231_global_asia-enhanced_c201607211230.bitmask,NCEI_NGA.union.nga_lead2.add_2015ntl.mask,timezone.shp,VBD_platforms-recurring_2015_r20170330.shp,0.138645,VBD_bridges_c20160811.shp,22.302559;20.657581;17.812403;13.013085;8.184108;3.331987;-1.539063;0.598278;2.699680;7.587820;12.484635;17.389103,102.195274;116.899490;131.129013;129.599106;128.217987;126.965988;125.829720;112.252083;98.601341;99.606560;100.547348;101.419044,npp_d20140716_t1757431_e1803235_b14079,149.834,25.2738,56.5182,97.6976,45.224,96.1584
997,VBD_npp_d20140716_t1803072_x1036455E_y029850N_l2916_s0711_v23,2017-05-23 13:09:55,2.985026,103.645508,8.44707,2014-07-16 18:03:07,2014-07-17 02:03:07,2916,711,0.37776,1,2529,0.419135,0.241397,0.784374,0.4,0.867337,0.75,0.0380778,0.0001,9.74729e-18,999999,3.169683e-02,3,Malaysian Exclusive Economic Zone,,,SVDNB_npp_d20140716_t1757431_e1803235_b14079_c20140717000324408388_noaa_ops.h5,GDNBO_npp_d20140716_t1757431_e1803235_b14079_c20140717000324408134_noaa_ops.h5,SVI04_npp_d20140716_t1757431_e1803235_b14079_c20140717000324402868_noaa_ops.dspace_rad,VNFF_npp_d20140716_t1757431_e1803235_b14079_v21.csv,World_EEZ_v8_2014.shp,WPP_BFAR_merge.shp,KKP_IDN_merge_20161208.shp,VNF-VBD_npp_20120301-20151231_global_asia-enhanced_c201607211230.bitmask,NCEI_NGA.union.nga_lead2.add_2015ntl.mask,timezone.shp,VBD_platforms-recurring_2015_r20170330.shp,999999,VBD_bridges_c20160811.shp,22.302559;20.657581;17.812403;13.013085;8.184108;3.331987;-1.539063;0.598278;2.699680;7.587820;12.484635;17.389103,102.195274;116.899490;131.129013;129.599106;128.217987;126.965988;125.829720;112.252083;98.601341;99.606560;100.547348;101.419044,npp_d20140716_t1757431_e1803235_b14079,152.643,26.9172,56.4692,98.6248,45.4048,93.1304
1004,VBD_npp_d20140716_t1802192_x1042643E_y057623N_l2486_s0713_v23,2017-05-23 13:09:55,5.762253,104.264282,6.01464,2014-07-16 18:02:19,2014-07-17 02:02:19,2486,713,0.39124,4,100837,0.325628,0.242624,0.714689,0.4,0.798552,0.75,0.038239,0.0001,1.27536e-17,999999,2.440303e-02,3,Malaysian Exclusive Economic Zone,,,SVDNB_npp_d20140716_t1757431_e1803235_b14079_c20140717000324408388_noaa_ops.h5,GDNBO_npp_d20140716_t1757431_e1803235_b14079_c20140717000324408134_noaa_ops.h5,SVI04_npp_d20140716_t1757431_e1803235_b14079_c20140717000324402868_noaa_ops.dspace_rad,VNFF_npp_d20140716_t1757431_e1803235_b14079_v21.csv,World_EEZ_v8_2014.shp,WPP_BFAR_merge.shp,KKP_IDN_merge_20161208.shp,VNF-VBD_npp_20120301-20151231_global_asia-enhanced_c201607211230.bitmask,NCEI_NGA.union.nga_lead2.add_2015ntl.mask,timezone.shp,VBD_platforms-recurring_2015_r20170330.shp,999999,VBD_bridges_c20160811.shp,22.302559;20.657581;17.812403;13.013085;8.184108;3.331987;-1.539063;0.598278;2.699680;7.587820;12.484635;17.389103,102.195274;116.899490;131.129013;129.599106;128.217987;126.965988;125.829720;112.252083;98.601341;99.606560;100.547348;101.419044,npp_d20140716_t1757431_e1803235_b14079,149.966,25.3968,56.4143,98.1265,45.2006,96.0089
1013,VBD_npp_d20140716_t1803037_x1037150E_y031671N_l2887_s0715_v23,2017-05-23 13:09:55,3.167130,103.715042,17.7396,2014-07-16 18:03:03,2014-07-17 02:03:03,2887,715,0.382346,8,18913,0.653129,0.241315,0.832341,0.4,0.911852,0.75,0.0381287,0.0001,1.16484e-17,999999,3.218395e-02,3,Malaysian Exclusive Economic Zone,,,SVDNB_npp_d20140716_t1757431_e1803235_b14079_c20140717000324408388_noaa_ops.h5,GDNBO_npp_d20140716_t1757431_e1803235_b14079_c20140717000324408134_noaa_ops.h5,SVI04_npp_d20140716_t1757431_e1803235_b14079_c20140717000324402868_noaa_ops.dspace_rad,VNFF_npp_d20140716_t1757431_e1803235_b14079_v21.csv,World_EEZ_v8_2014.shp,WPP_BFAR_merge.shp,KKP_IDN_merge_20161208.shp,VNF-VBD_npp_20120301-20151231_global_asia-enhanced_c201607211230.bitmask,NCEI_NGA.union.nga_lead2.add_2015ntl.mask,timezone.shp,VBD_platforms-recurring_2015_r20170330.shp,0.645043,VBD_bridges_c20160811.shp,22.302559;20.657581;17.812403;13.013085;8.184108;3.331987;-1.539063;0.598278;2.699680;7.587820;12.484635;17.389103,102.195274;116.899490;131.129013;129.599106;128.217987;126.965988;125.829720;112.252083;98.601341;99.606560;100.547348;101.419044,npp_d20140716_t1757431_e1803235_b14079,152.456,26.8554,56.37,98.4632,45.3595,93.3206
1014,VBD_npp_d20140716_t1803055_x1036908E_y030502N_l2905_s0715_v23,2017-05-23 13:09:55,3.050164,103.690796,8.11101,2014-07-16 18:03:05,2014-07-17 02:03:05,2905,715,0.381296,8,18913,0.393782,0.227851,0.779286,0.4,0.833547,0.75,0.0381117,0.0001,1.15319e-17,999999,1.122159e-01,3,Malaysian Exclusive Economic Zone,,,SVDNB_npp_d20140716_t1757431_e1803235_b14079_c20140717000324408388_noaa_ops.h5,GDNBO_npp_d20140716_t1757431_e1803235_b14079_c20140717000324408134_noaa_ops.h5,SVI04_npp_d20140716_t1757431_e1803235_b14079_c20140717000324402868_noaa_ops.dspace_rad,VNFF_npp_d20140716_t1757431_e1803235_b14079_v21.csv,World_EEZ_v8_2014.shp,WPP_BFAR_merge.shp,KKP_IDN_merge_20161208.shp,VNF-VBD_npp_20120301-20151231_global_asia-enhanced_c201607211230.bitmask,NCEI_NGA.union.nga_lead2.add_2015ntl.mask,timezone.shp,VBD_platforms-recurring_2015_r20170330.shp,0.0984073,VBD_bridges_c20160811.shp,22.302559;20.657581;17.812403;13.013085;8.184108;3.331987;-1.539063;0.598278;2.699680;7.587820;12.484635;17.389103,102.195274;116.899490;131.129013;129.599106;128.217987;126.965988;125.829720;112.252083;98.601341;99.606560;100.547348;101.419044,npp_d20140716_t1757431_e1803235_b14079,152.568,26.9274,56.3682,98.3923,45.37,93.2004
1017,VBD_npp_d20140716_t1801472_x1046796E_y076229N_l2198_s0716_v23,2017-05-23 13:09:55,7.622932,104.679558,14.4677,2014-07-16 18:01:47,2014-07-17 01:01:47,2198,716,0.39113,1,2529,0.61566,0.213773,0.855923,0.4,0.922625,0.75,0.0383814,0.0001,1.502e-17,999999,1.959055e-01,3,Vietnamese Exclusive Economic Zone,,,SVDNB_npp_d20140716_t1757431_e1803235_b14079_c20140717000324408388_noaa_ops.h5,GDNBO_npp_d20140716_t1757431_e1803235_b14079_c20140717000324408134_noaa_ops.h5,SVI04_npp_d20140716_t1757431_e1803235_b14079_c20140717000324402868_noaa_ops.dspace_rad,VNFF_npp_d20140716_t1757431_e1803235_b14079_v21.csv,World_EEZ_v8_2014.shp,WPP_BFAR_merge.shp,KKP_IDN_merge_20161208.shp,VNF-VBD_npp_20120301-20151231_global_asia-enhanced_c201607211230.bitmask,NCEI_NGA.union.nga_lead2.add_2015ntl.mask,timezone.shp,VBD_platforms-recurring_2015_r20170330.shp,999999,VBD_bridges_c20160811.shp,22.302559;20.657581;17.812403;13.013085;8.184108;3.331987;-1.539063;0.598278;2.699680;7.587820;12.484635;17.389103,102.195274;116.899490;131.129013;129.599106;128.217987;126.965988;125.829720;112.252083;98.601341;99.606560;100.547348;101.419044,npp_d20140716_t1757431_e1803235_b14079,148.161,24.5425,56.3353,97.8643,45.144,97.9615
1018,VBD_npp_d20140716_t1802512_x1038767E_y038556N_l2780_s0716_v23,2017-05-23 13:09:55,3.855603,103.876740,5.96048,2014-07-16 18:02:51,2014-07-17 02:02:51,2780,716,0.381517,1,2273,0.297544,0.262334,0.657278,0.4,0.78807,0.75,0.0382268,0.0001,1.2882e-17,999999,-9.276699e-02,3,Malaysian Exclusive Economic Zone,,,SVDNB_npp_d20140716_t1757431_e1803235_b14079_c20140717000324408388_noaa_ops.h5,GDNBO_npp_d20140716_t1757431_e1803235_b14079_c20140717000324408134_noaa_ops.h5,SVI04_npp_d20140716_t1757431_e1803235_b14079_c20140717000324402868_noaa_ops.dspace_rad,VNFF_npp_d20140716_t1757431_e1803235_b14079_v21.csv,World_EEZ_v8_2014.shp,WPP_BFAR_merge.shp,KKP_IDN_merge_20161208.shp,VNF-VBD_npp_20120301-20151231_global_asia-enhanced_c201607211230.bitmask,NCEI_NGA.union.nga_lead2.add_2015ntl.mask,timezone.shp,VBD_platforms-recurring_2015_r20170330.shp,999999,VBD_bridges_c20160811.shp,22.302559;20.657581;17.812403;13.013085;8.184108;3.331987;-1.539063;0.598278;2.699680;7.587820;12.484635;17.389103,102.195274;116.899490;131.129013;129.599106;128.217987;126.965988;125.829720;112.252083;98.601341;99.606560;100.547348;101.419044,npp_d20140716_t1757431_e1803235_b14079,151.791,26.4633,56.3405,98.1358,45.2917,94.0318
1024,VBD_npp_d20140716_t1803055_x1037170E_y030813N_l2900_s0718_v23,2017-05-23 13:09:55,3.081276,103.717033,8.31565,2014-07-16 18:03:05,2014-07-17 02:03:05,2900,718,0.379086,8,18913,0.396602,0.243834,0.788456,0.4,0.833635,0.75,0.038134,0.0001,1.3243e-17,999999,1.720910e-02,3,Malaysian Exclusive Economic Zone,,,SVDNB_npp_d20140716_t1757431_e1803235_b14079_c20140717000324408388_noaa_ops.h5,GDNBO_npp_d20140716_t1757431_e1803235_b14079_c20140717000324408134_noaa_ops.h5,SVI04_npp_d20140716_t1757431_e1803235_b14079_c20140717000324402868_noaa_ops.dspace_rad,VNFF_npp_d20140716_t1757431_e1803235_b14079_v21.csv,World_EEZ_v8_2014.shp,WPP_BFAR_merge.shp,KKP_IDN_merge_20161208.shp,VNF-VBD_npp_20120301-20151231_global_asia-enhanced_c201607211230.bitmask,NCEI_NGA.union.nga_lead2.add_2015ntl.mask,timezone.shp,VBD_platforms-recurring_2015_r20170330.shp,0.555317,VBD_bridges_c20160811.shp,22.302559;20.657581;17.812403;13.013085;8.184108;3.331987;-1.539063;0.598278;2.699680;7.587820;12.484635;17.389103,102.195274;116.899490;131.129013;129.599106;128.217987;126.965988;125.829720;112.252083;98.601341;99.606560;100.547348;101.419044,npp_d20140716_t1757431_e1803235_b14079,152.528,26.9466,56.2905,98.6138,45.3453,93.2347
1034,VBD_npp_d20140716_t1802156_x1043728E_y059741N_l2452_s0722_v23,2017-05-23 13:09:55,5.974051,104.372787,43.6635,2014-07-16 18:02:15,2014-07-17 02:02:15,2452,722,0.392069,1,2529,1.01749,0.250005,0.888048,0.4,0.968822,0.75,0.0382968,0.0001,1.87342e-17,999999,-1.947595e-02,3,Malaysian Exclusive Economic Zone,,,SVDNB_npp_d20140716_t1757431_e1803235_b14079_c20140717000324408388_noaa_ops.h5,GDNBO_npp_d20140716_t1757431_e1803235_b14079_c20140717000324408134_noaa_ops.h5,SVI04_npp_d20140716_t1757431_e1803235_b14079_c20140717000324402868_noaa_ops.dspace_rad,VNFF_npp_d20140716_t1757431_e1803235_b14079_v21.csv,World_EEZ_v8_2014.shp,WPP_BFAR_merge.shp,KKP_IDN_merge_20161208.shp,VNF-VBD_npp_20120301-20151231_global_asia-enhanced_c201607211230.bitmask,NCEI_NGA.union.nga_lead2.add_2015ntl.mask,timezone.shp,VBD_platforms-recurring_2015_r20170330.shp,999999,VBD_bridges_c20160811.shp,22.302559;20.657581;17.812403;13.013085;8.184108;3.331987;-1.539063;0.598278;2.699680;7.587820;12.484635;17.389103,102.195274;116.899490;131.129013;129.599106;128.217987;126.965988;125.829720;112.252083;98.601341;99.606560;100.547348;101.419044,npp_d20140716_t1757431_e1803235_b14079,149.734,25.395,56.1858,98.1918,45.1292,96.2436
1036,VBD_npp_d20140716_t1802583_x1038338E_y034279N_l2845_s0723_v23,2017-05-23 13:09:55,3.427937,103.833771,25.12,2014-07-16 18:02:58,2014-07-17 02:02:58,2845,723,0.386268,8,18913,0.717597,0.239143,0.81726,0.4,0.915954,0.75,0.0382126,0.0001,1.66927e-17,999999,4.509058e-02,3,Malaysian Exclusive Economic Zone,,,SVDNB_npp_d20140716_t1757431_e1803235_b14079_c20140717000324408388_noaa_ops.h5,GDNBO_npp_d20140716_t1757431_e1803235_b14079_c20140717000324408134_noaa_ops.h5,SVI04_npp_d20140716_t1757431_e1803235_b14079_c20140717000324402868_noaa_ops.dspace_rad,VNFF_npp_d20140716_t1757431_e1803235_b14079_v21.csv,World_EEZ_v8_2014.shp,WPP_BFAR_merge.shp,KKP_IDN_merge_20161208.shp,VNF-VBD_npp_20120301-20151231_global_asia-enhanced_c201607211230.bitmask,NCEI_NGA.union.nga_lead2.add_2015ntl.mask,timezone.shp,VBD_platforms-recurring_2015_r20170330.shp,0.72898,VBD_bridges_c20160811.shp,22.302559;20.657581;17.812403;13.013085;8.184108;3.331987;-1.539063;0.598278;2.699680;7.587820;12.484635;17.389103,102.195274;116.899490;131.129013;129.599106;128.217987;126.965988;125.829720;112.252083;98.601341;99.606560;100.547348;101.419044,npp_d20140716_t1757431_e1803235_b14079,152.18,26.8005,56.1619,98.1557,45.2773,93.5964
1044,VBD_npp_d20140716_t1803037_x1037858E_y031635N_l2886_s0725_v23,2017-05-23 13:09:55,3.163480,103.785767,7.49243,2014-07-16 18:03:03,2014-07-17 02:03:03,2886,725,0.3787,1,2529,0.366053,0.237408,0.741869,0.4,0.848456,0.75,0.0381884,0.0001,1.78217e-17,999999,5.540592e-02,3,Malaysian Exclusive Economic Zone,,,SVDNB_npp_d20140716_t1757431_e1803235_b14079_c20140717000324408388_noaa_ops.h5,GDNBO_npp_d20140716_t1757431_e1803235_b14079_c20140717000324408134_noaa_ops.h5,SVI04_npp_d20140716_t1757431_e1803235_b14079_c20140717000324402868_noaa_ops.dspace_rad,VNFF_npp_d20140716_t1757431_e1803235_b14079_v21.csv,World_EEZ_v8_2014.shp,WPP_BFAR_merge.shp,KKP_IDN_merge_20161208.shp,VNF-VBD_npp_20120301-20151231_global_asia-enhanced_c201607211230.bitmask,NCEI_NGA.union.nga_lead2.add_2015ntl.mask,timezone.shp,VBD_platforms-recurring_2015_r20170330.shp,999999,VBD_bridges_c20160811.shp,22.302559;20.657581;17.812403;13.013085;8.184108;3.331987;-1.539063;0.598278;2.699680;7.587820;12.484635;17.389103,102.195274;116.899490;131.129013;129.599106;128.217987;126.965988;125.829720;112.252083;98.601341;99.606560;100.547348;101.419044,npp_d20140716_t1757431_e1803235_b14079,152.427,26.9832,56.1132,98.5112,45.2879,93.325
1051,VBD_npp_d20140716_t1802156_x1044016E_y059769N_l2451_s0726_v23,2017-05-23 13:09:55,5.976868,104.401642,8.79855,2014-07-16 18:02:15,2014-07-17 02:02:15,2451,726,0.395494,1,2529,0.429248,0.229408,0.887102,0.4,0.845628,0.75,0.0383209,0.0001,2.21587e-17,999999,1.029592e-01,3,Malaysian Exclusive Economic Zone,,,SVDNB_npp_d20140716_t1757431_e1803235_b14079_c20140717000324408388_noaa_ops.h5,GDNBO_npp_d20140716_t1757431_e1803235_b14079_c20140717000324408134_noaa_ops.h5,SVI04_npp_d20140716_t1757431_e1803235_b14079_c20140717000324402868_noaa_ops.dspace_rad,VNFF_npp_d20140716_t1757431_e1803235_b14079_v21.csv,World_EEZ_v8_2014.shp,WPP_BFAR_merge.shp,KKP_IDN_merge_20161208.shp,VNF-VBD_npp_20120301-20151231_global_asia-enhanced_c201607211230.bitmask,NCEI_NGA.union.nga_lead2.add_2015ntl.mask,timezone.shp,VBD_platforms-recurring_2015_r20170330.shp,999999,VBD_bridges_c20160811.shp,22.302559;20.657581;17.812403;13.013085;8.184108;3.331987;-1.539063;0.598278;2.699680;7.587820;12.484635;17.389103,102.195274;116.899490;131.129013;129.599106;128.217987;126.965988;125.829720;112.252083;98.601341;99.606560;100.547348;101.419044,npp_d20140716_t1757431_e1803235_b14079,149.72,25.4403,56.0833,98.2391,45.1007,96.2526
1052,VBD_npp_d20140716_t1802583_x1038525E_y034112N_l2847_s0726_v23,2017-05-23 13:09:55,3.411239,103.852486,6.17119,2014-07-16 18:02:58,2014-07-17 02:02:58,2847,726,0.364723,7,18593,0.252257,0.21904,0.80157,0.4,0.666874,0.75,0.0382285,0.0001,1.88513e-17,999999,1.645956e-01,3,,,,SVDNB_npp_d20140716_t1757431_e1803235_b14079_c20140717000324408388_noaa_ops.h5,GDNBO_npp_d20140716_t1757431_e1803235_b14079_c20140717000324408134_noaa_ops.h5,SVI04_npp_d20140716_t1757431_e1803235_b14079_c20140717000324402868_noaa_ops.dspace_rad,VNFF_npp_d20140716_t1757431_e1803235_b14079_v21.csv,World_EEZ_v8_2014.shp,WPP_BFAR_merge.shp,KKP_IDN_merge_20161208.shp,VNF-VBD_npp_20120301-20151231_global_asia-enhanced_c201607211230.bitmask,NCEI_NGA.union.nga_lead2.add_2015ntl.mask,timezone.shp,VBD_platforms-recurring_2015_r20170330.shp,0.23336,VBD_bridges_c20160811.shp,22.302559;20.657581;17.812403;13.013085;8.184108;3.331987;-1.539063;0.598278;2.699680;7.587820;12.484635;17.389103,102.195274;116.899490;131.129013;129.599106;128.217987;126.965988;125.829720;112.252083;98.601341;99.606560;100.547348;101.419044,npp_d20140716_t1757431_e1803235_b14079,152.186,26.8475,56.0856,98.0683,45.2574,93.5818
1063,VBD_npp_d20140716_t1802050_x1045567E_y065531N_l2361_s0730_v23,2017-05-23 13:09:55,6.553127,104.556702,1688.93,2014-07-16 18:02:05,2014-07-17 01:02:05,2361,730,0.402399,4,100845,1.73608,0.22735,0.849424,0.4,0.968332,0.75,0.0383934,0.0001,2.66819e-17,999999,1.151962e-01,3,Malaysian Exclusive Economic Zone,,,SVDNB_npp_d20140716_t1757431_e1803235_b14079_c20140717000324408388_noaa_ops.h5,GDNBO_npp_d20140716_t1757431_e1803235_b14079_c20140717000324408134_noaa_ops.h5,SVI04_npp_d20140716_t1757431_e1803235_b14079_c20140717000324402868_noaa_ops.dspace_rad,VNFF_npp_d20140716_t1757431_e1803235_b14079_v21.csv,World_EEZ_v8_2014.shp,WPP_BFAR_merge.shp,KKP_IDN_merge_20161208.shp,VNF-VBD_npp_20120301-20151231_global_asia-enhanced_c201607211230.bitmask,NCEI_NGA.union.nga_lead2.add_2015ntl.mask,timezone.shp,VBD_platforms-recurring_2015_r20170330.shp,999999,VBD_bridges_c20160811.shp,22.302559;20.657581;17.812403;13.013085;8.184108;3.331987;-1.539063;0.598278;2.699680;7.587820;12.484635;17.389103,102.195274;116.899490;131.129013;129.599106;128.217987;126.965988;125.829720;112.252083;98.601341;99.606560;100.547348;101.419044,npp_d20140716_t1757431_e1803235_b14079,149.152,25.2033,55.9764,97.889,45.0552,96.8637
1067,VBD_npp_d20140716_t1802228_x1043452E_y054816N_l2526_s0732_v23,2017-05-23 13:09:55,5.481594,104.345222,12.7819,2014-07-16 18:02:22,2014-07-17 02:02:22,2526,732,0.388809,8,18913,0.528665,0.245028,0.76645,0.4,0.8832,0.75,0.0384036,0.0001,2.79385e-17,999999,1.010780e-02,3,Malaysian Exclusive Economic Zone,,,SVDNB_npp_d20140716_t1757431_e1803235_b14079_c20140717000324408388_noaa_ops.h5,GDNBO_npp_d20140716_t1757431_e1803235_b14079_c20140717000324408134_noaa_ops.h5,SVI04_npp_d20140716_t1757431_e1803235_b14079_c20140717000324402868_noaa_ops.dspace_rad,VNFF_npp_d20140716_t1757431_e1803235_b14079_v21.csv,World_EEZ_v8_2014.shp,WPP_BFAR_merge.shp,KKP_IDN_merge_20161208.shp,VNF-VBD_npp_20120301-20151231_global_asia-enhanced_c201607211230.bitmask,NCEI_NGA.union.nga_lead2.add_2015ntl.mask,timezone.shp,VBD_platforms-recurring_2015_r20170330.shp,0.278298,VBD_bridges_c20160811.shp,22.302559;20.657581;17.812403;13.013085;8.184108;3.331987;-1.539063;0.598278;2.699680;7.587820;12.484635;17.389103,102.195274;116.899490;131.129013;129.599106;128.217987;126.965988;125.829720;112.252083;98.601341;99.606560;100.547348;101.419044,npp_d20140716_t1757431_e1803235_b14079,150.178,25.766,55.9257,97.8148,45.0761,95.7431
1072,VBD_npp_d20140716_t1802067_x1045652E_y064173N_l2381_s0735_v23,2017-05-23 13:09:55,6.417348,104.565231,32.8638,2014-07-16 18:02:06,2014-07-17 01:02:06,2381,735,0.401847,4,100837,0.763671,0.22702,0.765332,0.4,0.759055,0.75,0.0384132,0.0001,3.25896e-17,999999,1.171602e-01,3,Malaysian Exclusive Economic Zone,,,SVDNB_npp_d20140716_t1757431_e1803235_b14079_c20140717000324408388_noaa_ops.h5,GDNBO_npp_d20140716_t1757431_e1803235_b14079_c20140717000324408134_noaa_ops.h5,SVI04_npp_d20140716_t1757431_e1803235_b14079_c20140717000324402868_noaa_ops.dspace_rad,VNFF_npp_d20140716_t1757431_e1803235_b14079_v21.csv,World_EEZ_v8_2014.shp,WPP_BFAR_merge.shp,KKP_IDN_merge_20161208.shp,VNF-VBD_npp_20120301-20151231_global_asia-enhanced_c201607211230.bitmask,NCEI_NGA.union.nga_lead2.add_2015ntl.mask,timezone.shp,VBD_platforms-recurring_2015_r20170330.shp,999999,VBD_bridges_c20160811.shp,22.302559;20.657581;17.812403;13.013085;8.184108;3.331987;-1.539063;0.598278;2.699680;7.587820;12.484635;17.389103,102.195274;116.899490;131.129013;129.599106;128.217987;126.965988;125.829720;112.252083;98.601341;99.606560;100.547348;101.419044,npp_d20140716_t1757431_e1803235_b14079,149.268,25.3264,55.8497,97.7285,45.0233,96.7293
1076,VBD_npp_d20140716_t1803037_x1038967E_y031537N_l2885_s0741_v23,2017-05-23 13:09:55,3.153673,103.896660,7.68861,2014-07-16 18:03:03,2014-07-17 02:03:03,2885,741,0.341465,8,18913,0.367453,0.273061,0.770633,0.4,0.776342,0.75,0.0382832,0.0001,3.46025e-17,999999,-1.565293e-01,3,Malaysian Exclusive Economic Zone,,,SVDNB_npp_d20140716_t1757431_e1803235_b14079_c20140717000324408388_noaa_ops.h5,GDNBO_npp_d20140716_t1757431_e1803235_b14079_c20140717000324408134_noaa_ops.h5,SVI04_npp_d20140716_t1757431_e1803235_b14079_c20140717000324402868_noaa_ops.dspace_rad,VNFF_npp_d20140716_t1757431_e1803235_b14079_v21.csv,World_EEZ_v8_2014.shp,WPP_BFAR_merge.shp,KKP_IDN_merge_20161208.shp,VNF-VBD_npp_20120301-20151231_global_asia-enhanced_c201607211230.bitmask,NCEI_NGA.union.nga_lead2.add_2015ntl.mask,timezone.shp,VBD_platforms-recurring_2015_r20170330.shp,0.106902,VBD_bridges_c20160811.shp,22.302559;20.657581;17.812403;13.013085;8.184108;3.331987;-1.539063;0.598278;2.699680;7.587820;12.484635;17.389103,102.195274;116.899490;131.129013;129.599106;128.217987;126.965988;125.829720;112.252083;98.601341;99.606560;100.547348;101.419044,npp_d20140716_t1757431_e1803235_b14079,152.385,27.1864,55.704,98.5619,45.1754,93.3277
1079,VBD_npp_d20140716_t1802228_x1044307E_y055387N_l2516_s0743_v23,2017-05-23 13:09:55,5.538711,104.430656,7.71142,2014-07-16 18:02:22,2014-07-17 02:02:22,2516,743,0.39461,1,35297,0.351619,0.220765,0.721206,0.4,0.799698,0.75,0.0384549,0.0001,4.42313e-17,999999,1.543418e-01,3,Malaysian Exclusive Economic Zone,,,SVDNB_npp_d20140716_t1757431_e1803235_b14079_c20140717000324408388_noaa_ops.h5,GDNBO_npp_d20140716_t1757431_e1803235_b14079_c20140717000324408134_noaa_ops.h5,SVI04_npp_d20140716_t1757431_e1803235_b14079_c20140717000324402868_noaa_ops.dspace_rad,VNFF_npp_d20140716_t1757431_e1803235_b14079_v21.csv,World_EEZ_v8_2014.shp,WPP_BFAR_merge.shp,KKP_IDN_merge_20161208.shp,VNF-VBD_npp_20120301-20151231_global_asia-enhanced_c201607211230.bitmask,NCEI_NGA.union.nga_lead2.add_2015ntl.mask,timezone.shp,VBD_platforms-recurring_2015_r20170330.shp,999999,VBD_bridges_c20160811.shp,22.302559;20.657581;17.812403;13.013085;8.184108;3.331987;-1.539063;0.598278;2.699680;7.587820;12.484635;17.389103,102.195274;116.899490;131.129013;129.599106;128.217987;126.965988;125.829720;112.252083;98.601341;99.606560;100.547348;101.419044,npp_d20140716_t1757431_e1803235_b14079,150.089,25.8642,55.6432,98.2659,44.9962,95.8183
1081,VBD_npp_d20140716_t1803055_x1039016E_y030463N_l2901_s0745_v23,2017-05-23 13:09:55,3.046259,103.901611,7.13751,2014-07-16 18:03:05,2014-07-17 02:03:05,2901,745,0.371021,1,2529,0.346507,0.257993,0.738301,0.4,0.773071,0.75,0.0382915,0.0001,4.04812e-17,999999,-6.695943e-02,3,Malaysian Exclusive Economic Zone,,,SVDNB_npp_d20140716_t1757431_e1803235_b14079_c20140717000324408388_noaa_ops.h5,GDNBO_npp_d20140716_t1757431_e1803235_b14079_c20140717000324408134_noaa_ops.h5,SVI04_npp_d20140716_t1757431_e1803235_b14079_c20140717000324402868_noaa_ops.dspace_rad,VNFF_npp_d20140716_t1757431_e1803235_b14079_v21.csv,World_EEZ_v8_2014.shp,WPP_BFAR_merge.shp,KKP_IDN_merge_20161208.shp,VNF-VBD_npp_20120301-20151231_global_asia-enhanced_c201607211230.bitmask,NCEI_NGA.union.nga_lead2.add_2015ntl.mask,timezone.shp,VBD_platforms-recurring_2015_r20170330.shp,999999,VBD_bridges_c20160811.shp,22.302559;20.657581;17.812403;13.013085;8.184108;3.331987;-1.539063;0.598278;2.699680;7.587820;12.484635;17.389103,102.195274;116.899490;131.129013;129.599106;128.217987;126.965988;125.829720;112.252083;98.601341;99.606560;100.547348;101.419044,npp_d20140716_t1757431_e1803235_b14079,152.475,27.3023,55.5999,98.5803,45.157,93.2196
1083,VBD_npp_d20140716_t1803090_x1038646E_y028450N_l2932_s0746_v23,2017-05-23 13:09:55,2.844959,103.864586,8.08435,2014-07-16 18:03:09,2014-07-17 02:03:09,2932,746,0.376932,8,18913,0.406483,0.224981,0.769822,0.4,0.856451,0.75,0.0382681,0.0001,4.1676e-17,999999,1.292755e-01,3,Malaysian Exclusive Economic Zone,,,SVDNB_npp_d20140716_t1757431_e1803235_b14079_c20140717000324408388_noaa_ops.h5,GDNBO_npp_d20140716_t1757431_e1803235_b14079_c20140717000324408134_noaa_ops.h5,SVI04_npp_d20140716_t1757431_e1803235_b14079_c20140717000324402868_noaa_ops.dspace_rad,VNFF_npp_d20140716_t1757431_e1803235_b14079_v21.csv,World_EEZ_v8_2014.shp,WPP_BFAR_merge.shp,KKP_IDN_merge_20161208.shp,VNF-VBD_npp_20120301-20151231_global_asia-enhanced_c201607211230.bitmask,NCEI_NGA.union.nga_lead2.add_2015ntl.mask,timezone.shp,VBD_platforms-recurring_2015_r20170330.shp,0.251219,VBD_bridges_c20160811.shp,22.302559;20.657581;17.812403;13.013085;8.184108;3.331987;-1.539063;0.598278;2.699680;7.587820;12.484635;17.389103,102.195274;116.899490;131.129013;129.599106;128.217987;126.965988;125.829720;112.252083;98.601341;99.606560;100.547348;101.419044,npp_d20140716_t1757431_e1803235_b14079,152.664,27.4415,55.5712,98.6555,45.1688,93.0121
1084,VBD_npp_d20140716_t1802210_x1044713E_y055841N_l2508_s0747_v23,2017-05-23 13:09:55,5.584073,104.471291,4054.79,2014-07-16 18:02:21,2014-07-17 02:02:21,2508,747,0.736904,4,100845,1.86476,0.0799391,0.792638,0.4,0.990074,0.75,0.0384678,0.0001,5.15339e-17,999999,9.914724e-01,3,Malaysian Exclusive Economic Zone,,,SVDNB_npp_d20140716_t1757431_e1803235_b14079_c20140717000324408388_noaa_ops.h5,GDNBO_npp_d20140716_t1757431_e1803235_b14079_c20140717000324408134_noaa_ops.h5,SVI04_npp_d20140716_t1757431_e1803235_b14079_c20140717000324402868_noaa_ops.dspace_rad,VNFF_npp_d20140716_t1757431_e1803235_b14079_v21.csv,World_EEZ_v8_2014.shp,WPP_BFAR_merge.shp,KKP_IDN_merge_20161208.shp,VNF-VBD_npp_20120301-20151231_global_asia-enhanced_c201607211230.bitmask,NCEI_NGA.union.nga_lead2.add_2015ntl.mask,timezone.shp,VBD_platforms-recurring_2015_r20170330.shp,999999,VBD_bridges_c20160811.shp,22.302559;20.657581;17.812403;13.013085;8.184108;3.331987;-1.539063;0.598278;2.699680;7.587820;12.484635;17.389103,102.195274;116.899490;131.129013;129.599106;128.217987;126.965988;125.829720;112.252083;98.601341;99.606560;100.547348;101.419044,npp_d20140716_t1757431_e1803235_b14079,150.034,25.8847,55.5451,97.8959,44.9674,95.8714
1086,VBD_npp_d20140716_t1803037_x1039643E_y031434N_l2885_s0751_v23,2017-05-23 13:09:55,3.143422,103.964287,6.88543,2014-07-16 18:03:03,2014-07-17 02:03:03,2885,751,0.361961,8,18849,0.321672,0.237761,0.797053,0.4,0.743402,0.75,0.0383418,0.0001,5.18279e-17,999999,5.330986e-02,3,Malaysian Exclusive Economic Zone,,,SVDNB_npp_d20140716_t1757431_e1803235_b14079_c20140717000324408388_noaa_ops.h5,GDNBO_npp_d20140716_t1757431_e1803235_b14079_c20140717000324408134_noaa_ops.h5,SVI04_npp_d20140716_t1757431_e1803235_b14079_c20140717000324402868_noaa_ops.dspace_rad,VNFF_npp_d20140716_t1757431_e1803235_b14079_v21.csv,World_EEZ_v8_2014.shp,WPP_BFAR_merge.shp,KKP_IDN_merge_20161208.shp,VNF-VBD_npp_20120301-20151231_global_asia-enhanced_c201607211230.bitmask,NCEI_NGA.union.nga_lead2.add_2015ntl.mask,timezone.shp,VBD_platforms-recurring_2015_r20170330.shp,0.687781,VBD_bridges_c20160811.shp,22.302559;20.657581;17.812403;13.013085;8.184108;3.331987;-1.539063;0.598278;2.699680;7.587820;12.484635;17.389103,102.195274;116.899490;131.129013;129.599106;128.217987;126.965988;125.829720;112.252083;98.601341;99.606560;100.547348;101.419044,npp_d20140716_t1757431_e1803235_b14079,152.363,27.3138,55.4493,98.5658,45.1066,93.3249
1088,VBD_npp_d20140716_t1802316_x1043713E_y049649N_l2603_s0752_v23,2017-05-23 13:09:55,4.964943,104.371277,5.8143,2014-07-16 18:02:31,2014-07-17 02:02:31,2603,752,0.391295,8,18657,0.30681,0.24885,0.613881,0.4,0.78941,0.75,0.0385706,0.0001,6.0777e-17,999999,-1.260963e-02,3,Malaysian Exclusive Economic Zone,,,SVDNB_npp_d20140716_t1757431_e1803235_b14079_c20140717000324408388_noaa_ops.h5,GDNBO_npp_d20140716_t1757431_e1803235_b14079_c20140717000324408134_noaa_ops.h5,SVI04_npp_d20140716_t1757431_e1803235_b14079_c20140717000324402868_noaa_ops.dspace_rad,VNFF_npp_d20140716_t1757431_e1803235_b14079_v21.csv,World_EEZ_v8_2014.shp,WPP_BFAR_merge.shp,KKP_IDN_merge_20161208.shp,VNF-VBD_npp_20120301-20151231_global_asia-enhanced_c201607211230.bitmask,NCEI_NGA.union.nga_lead2.add_2015ntl.mask,timezone.shp,VBD_platforms-recurring_2015_r20170330.shp,0.276139,VBD_bridges_c20160811.shp,22.302559;20.657581;17.812403;13.013085;8.184108;3.331987;-1.539063;0.598278;2.699680;7.587820;12.484635;17.389103,102.195274;116.899490;131.129013;129.599106;128.217987;126.965988;125.829720;112.252083;98.601341;99.606560;100.547348;101.419044,npp_d20140716_t1757431_e1803235_b14079,150.614,26.2701,55.4227,98.031,44.964,95.2275
1089,VBD_npp_d20140716_t1803037_x1039674E_y030740N_l2895_s0753_v23,2017-05-23 13:09:55,3.074024,103.967354,5.51259,2014-07-16 18:03:03,2014-07-17 02:03:03,2895,753,0.38787,8,18657,0.305094,0.198054,0.764022,0.4,0.817392,0.75,0.0383441,0.0001,5.49813e-17,999999,2.893467e-01,3,Malaysian Exclusive Economic Zone,,,SVDNB_npp_d20140716_t1757431_e1803235_b14079_c20140717000324408388_noaa_ops.h5,GDNBO_npp_d20140716_t1757431_e1803235_b14079_c20140717000324408134_noaa_ops.h5,SVI04_npp_d20140716_t1757431_e1803235_b14079_c20140717000324402868_noaa_ops.dspace_rad,VNFF_npp_d20140716_t1757431_e1803235_b14079_v21.csv,World_EEZ_v8_2014.shp,WPP_BFAR_merge.shp,KKP_IDN_merge_20161208.shp,VNF-VBD_npp_20120301-20151231_global_asia-enhanced_c201607211230.bitmask,NCEI_NGA.union.nga_lead2.add_2015ntl.mask,timezone.shp,VBD_platforms-recurring_2015_r20170330.shp,0.132624,VBD_bridges_c20160811.shp,22.302559;20.657581;17.812403;13.013085;8.184108;3.331987;-1.539063;0.598278;2.699680;7.587820;12.484635;17.389103,102.195274;116.899490;131.129013;129.599106;128.217987;126.965988;125.829720;112.252083;98.601341;99.606560;100.547348;101.419044,npp_d20140716_t1757431_e1803235_b14079,152.424,27.3801,55.4004,98.1207,45.0994,93.2545
1090,VBD_npp_d20140716_t1803055_x1039535E_y030246N_l2903_s0753_v23,2017-05-23 13:09:55,3.024596,103.953468,9.76115,2014-07-16 18:03:05,2014-07-17 02:03:05,2903,753,0.375606,1,2529,0.461772,0.232885,0.791824,0.4,0.864995,0.75,0.0383366,0.0001,5.56126e-17,999999,8.229459e-02,3,Malaysian Exclusive Economic Zone,,,SVDNB_npp_d20140716_t1757431_e1803235_b14079_c20140717000324408388_noaa_ops.h5,GDNBO_npp_d20140716_t1757431_e1803235_b14079_c20140717000324408134_noaa_ops.h5,SVI04_npp_d20140716_t1757431_e1803235_b14079_c20140717000324402868_noaa_ops.dspace_rad,VNFF_npp_d20140716_t1757431_e1803235_b14079_v21.csv,World_EEZ_v8_2014.shp,WPP_BFAR_merge.shp,KKP_IDN_merge_20161208.shp,VNF-VBD_npp_20120301-20151231_global_asia-enhanced_c201607211230.bitmask,NCEI_NGA.union.nga_lead2.add_2015ntl.mask,timezone.shp,VBD_platforms-recurring_2015_r20170330.shp,999999,VBD_bridges_c20160811.shp,22.302559;20.657581;17.812403;13.013085;8.184108;3.331987;-1.539063;0.598278;2.699680;7.587820;12.484635;17.389103,102.195274;116.899490;131.129013;129.599106;128.217987;126.965988;125.829720;112.252083;98.601341;99.606560;100.547348;101.419044,npp_d20140716_t1757431_e1803235_b14079,152.471,27.4124,55.3965,98.4941,45.1034,93.2033
1092,VBD_npp_d20140716_t1802245_x1044831E_y054378N_l2530_s0754_v23,2017-05-23 13:09:55,5.437773,104.483101,14.4719,2014-07-16 18:02:24,2014-07-17 02:02:24,2530,754,0.390853,1,2529,0.559003,0.24868,0.844667,0.4,0.881207,0.75,0.0385379,0.0001,6.78326e-17,999999,-1.160197e-02,3,Malaysian Exclusive Economic Zone,,,SVDNB_npp_d20140716_t1757431_e1803235_b14079_c20140717000324408388_noaa_ops.h5,GDNBO_npp_d20140716_t1757431_e1803235_b14079_c20140717000324408134_noaa_ops.h5,SVI04_npp_d20140716_t1757431_e1803235_b14079_c20140717000324402868_noaa_ops.dspace_rad,VNFF_npp_d20140716_t1757431_e1803235_b14079_v21.csv,World_EEZ_v8_2014.shp,WPP_BFAR_merge.shp,KKP_IDN_merge_20161208.shp,VNF-VBD_npp_20120301-20151231_global_asia-enhanced_c201607211230.bitmask,NCEI_NGA.union.nga_lead2.add_2015ntl.mask,timezone.shp,VBD_platforms-recurring_2015_r20170330.shp,999999,VBD_bridges_c20160811.shp,22.302559;20.657581;17.812403;13.013085;8.184108;3.331987;-1.539063;0.598278;2.699680;7.587820;12.484635;17.389103,102.195274;116.899490;131.129013;129.599106;128.217987;126.965988;125.829720;112.252083;98.601341;99.606560;100.547348;101.419044,npp_d20140716_t1757431_e1803235_b14079,150.154,26.0401,55.3699,98.3753,44.9262,95.7269
1095,VBD_npp_d20140716_t1803037_x1039989E_y031451N_l2884_s0756_v23,2017-05-23 13:09:55,3.145066,103.998856,6.91515,2014-07-16 18:03:03,2014-07-17 02:03:03,2884,756,0.377816,8,18913,0.349702,0.22788,0.814961,0.4,0.830823,0.75,0.0383721,0.0001,6.33835e-17,999999,1.120423e-01,3,Malaysian Exclusive Economic Zone,,,SVDNB_npp_d20140716_t1757431_e1803235_b14079_c20140717000324408388_noaa_ops.h5,GDNBO_npp_d20140716_t1757431_e1803235_b14079_c20140717000324408134_noaa_ops.h5,SVI04_npp_d20140716_t1757431_e1803235_b14079_c20140717000324402868_noaa_ops.dspace_rad,VNFF_npp_d20140716_t1757431_e1803235_b14079_v21.csv,World_EEZ_v8_2014.shp,WPP_BFAR_merge.shp,KKP_IDN_merge_20161208.shp,VNF-VBD_npp_20120301-20151231_global_asia-enhanced_c201607211230.bitmask,NCEI_NGA.union.nga_lead2.add_2015ntl.mask,timezone.shp,VBD_platforms-recurring_2015_r20170330.shp,0.153051,VBD_bridges_c20160811.shp,22.302559;20.657581;17.812403;13.013085;8.184108;3.331987;-1.539063;0.598278;2.699680;7.587820;12.484635;17.389103,102.195274;116.899490;131.129013;129.599106;128.217987;126.965988;125.829720;112.252083;98.601341;99.606560;100.547348;101.419044,npp_d20140716_t1757431_e1803235_b14079,152.346,27.3728,55.3222,98.6124,45.0718,93.3305
1099,VBD_npp_d20140716_t1802245_x1045089E_y054271N_l2531_s0758_v23,2017-05-23 13:09:55,5.427110,104.508934,36.1598,2014-07-16 18:02:24,2014-07-17 02:02:24,2531,758,0.394279,8,18913,0.877882,0.230145,0.864423,0.4,0.922113,0.75,0.0385627,0.0001,7.93666e-17,999999,9.858115e-02,3,Malaysian Exclusive Economic Zone,,,SVDNB_npp_d20140716_t1757431_e1803235_b14079_c20140717000324408388_noaa_ops.h5,GDNBO_npp_d20140716_t1757431_e1803235_b14079_c20140717000324408134_noaa_ops.h5,SVI04_npp_d20140716_t1757431_e1803235_b14079_c20140717000324402868_noaa_ops.dspace_rad,VNFF_npp_d20140716_t1757431_e1803235_b14079_v21.csv,World_EEZ_v8_2014.shp,WPP_BFAR_merge.shp,KKP_IDN_merge_20161208.shp,VNF-VBD_npp_20120301-20151231_global_asia-enhanced_c201607211230.bitmask,NCEI_NGA.union.nga_lead2.add_2015ntl.mask,timezone.shp,VBD_platforms-recurring_2015_r20170330.shp,0.577526,VBD_bridges_c20160811.shp,22.302559;20.657581;17.812403;13.013085;8.184108;3.331987;-1.539063;0.598278;2.699680;7.587820;12.484635;17.389103,102.195274;116.899490;131.129013;129.599106;128.217987;126.965988;125.829720;112.252083;98.601341;99.606560;100.547348;101.419044,npp_d20140716_t1757431_e1803235_b14079,150.152,26.091,55.2683,98.3334,44.8992,95.7211
1101,VBD_npp_d20140716_t1802210_x1045618E_y055918N_l2505_s0760_v23,2017-05-23 13:09:55,5.591845,104.561836,28.2077,2014-07-16 18:02:21,2014-07-17 02:02:21,2505,760,0.391351,8,51681,0.722005,0.267051,0.825753,0.4,0.900404,0.75,0.0385402,0.0001,8.65799e-17,999999,-1.208059e-01,3,Malaysian Exclusive Economic Zone,,,SVDNB_npp_d20140716_t1757431_e1803235_b14079_c20140717000324408388_noaa_ops.h5,GDNBO_npp_d20140716_t1757431_e1803235_b14079_c20140717000324408134_noaa_ops.h5,SVI04_npp_d20140716_t1757431_e1803235_b14079_c20140717000324402868_noaa_ops.dspace_rad,VNFF_npp_d20140716_t1757431_e1803235_b14079_v21.csv,World_EEZ_v8_2014.shp,WPP_BFAR_merge.shp,KKP_IDN_merge_20161208.shp,VNF-VBD_npp_20120301-20151231_global_asia-enhanced_c201607211230.bitmask,NCEI_NGA.union.nga_lead2.add_2015ntl.mask,timezone.shp,VBD_platforms-recurring_2015_r20170330.shp,0.488739,VBD_bridges_c20160811.shp,22.302559;20.657581;17.812403;13.013085;8.184108;3.331987;-1.539063;0.598278;2.699680;7.587820;12.484635;17.389103,102.195274;116.899490;131.129013;129.599106;128.217987;126.965988;125.829720;112.252083;98.601341;99.606560;100.547348;101.419044,npp_d20140716_t1757431_e1803235_b14079,149.988,26.028,55.2141,98.0377,44.8774,95.8977
1102,VBD_npp_d20140716_t1802299_x1044520E_y050809N_l2584_s0760_v23,2017-05-23 13:09:55,5.080916,104.452049,6.28372,2014-07-16 18:02:29,2014-07-17 02:02:29,2584,760,0.370413,2,2209,0.255493,0.245992,0.830012,0.4,0.635791,0.75,0.0386311,0.0001,8.49937e-17,999999,4.378818e-03,3,Malaysian Exclusive Economic Zone,,,SVDNB_npp_d20140716_t1757431_e1803235_b14079_c20140717000324408388_noaa_ops.h5,GDNBO_npp_d20140716_t1757431_e1803235_b14079_c20140717000324408134_noaa_ops.h5,SVI04_npp_d20140716_t1757431_e1803235_b14079_c20140717000324402868_noaa_ops.dspace_rad,VNFF_npp_d20140716_t1757431_e1803235_b14079_v21.csv,World_EEZ_v8_2014.shp,WPP_BFAR_merge.shp,KKP_IDN_merge_20161208.shp,VNF-VBD_npp_20120301-20151231_global_asia-enhanced_c201607211230.bitmask,NCEI_NGA.union.nga_lead2.add_2015ntl.mask,timezone.shp,VBD_platforms-recurring_2015_r20170330.shp,999999,VBD_bridges_c20160811.shp,22.302559;20.657581;17.812403;13.013085;8.184108;3.331987;-1.539063;0.598278;2.699680;7.587820;12.484635;17.389103,102.195274;116.899490;131.129013;129.599106;128.217987;126.965988;125.829720;112.252083;98.601341;99.606560;100.547348;101.419044,npp_d20140716_t1757431_e1803235_b14079,150.478,26.3015,55.2125,98.1564,44.9009,95.3596
1103,VBD_npp_d20140716_t1803037_x1040256E_y031410N_l2884_s0760_v23,2017-05-23 13:09:55,3.141005,104.025558,6.32229,2014-07-16 18:03:03,2014-07-17 02:03:03,2884,760,0.379528,8,18913,0.321938,0.234107,0.795393,0.4,0.818767,0.75,0.0383956,0.0001,7.42523e-17,999999,7.502940e-02,3,Malaysian Exclusive Economic Zone,,,SVDNB_npp_d20140716_t1757431_e1803235_b14079_c20140717000324408388_noaa_ops.h5,GDNBO_npp_d20140716_t1757431_e1803235_b14079_c20140717000324408134_noaa_ops.h5,SVI04_npp_d20140716_t1757431_e1803235_b14079_c20140717000324402868_noaa_ops.dspace_rad,VNFF_npp_d20140716_t1757431_e1803235_b14079_v21.csv,World_EEZ_v8_2014.shp,WPP_BFAR_merge.shp,KKP_IDN_merge_20161208.shp,VNF-VBD_npp_20120301-20151231_global_asia-enhanced_c201607211230.bitmask,NCEI_NGA.union.nga_lead2.add_2015ntl.mask,timezone.shp,VBD_platforms-recurring_2015_r20170330.shp,0.394631,VBD_bridges_c20160811.shp,22.302559;20.657581;17.812403;13.013085;8.184108;3.331987;-1.539063;0.598278;2.699680;7.587820;12.484635;17.389103,102.195274;116.899490;131.129013;129.599106;128.217987;126.965988;125.829720;112.252083;98.601341;99.606560;100.547348;101.419044,npp_d20140716_t1757431_e1803235_b14079,152.338,27.423,55.2206,98.6141,45.0446,93.3294
1105,VBD_npp_d20140716_t1802263_x1045012E_y052325N_l2560_s0762_v23,2017-05-23 13:09:55,5.232511,104.501160,14.587,2014-07-16 18:02:26,2014-07-17 02:02:26,2560,762,0.387318,8,18913,0.555944,0.23551,0.824408,0.4,0.887621,0.75,0.0386243,0.0001,9.14735e-17,999999,6.668967e-02,3,Malaysian Exclusive Economic Zone,,,SVDNB_npp_d20140716_t1757431_e1803235_b14079_c20140717000324408388_noaa_ops.h5,GDNBO_npp_d20140716_t1757431_e1803235_b14079_c20140717000324408134_noaa_ops.h5,SVI04_npp_d20140716_t1757431_e1803235_b14079_c20140717000324402868_noaa_ops.dspace_rad,VNFF_npp_d20140716_t1757431_e1803235_b14079_v21.csv,World_EEZ_v8_2014.shp,WPP_BFAR_merge.shp,KKP_IDN_merge_20161208.shp,VNF-VBD_npp_20120301-20151231_global_asia-enhanced_c201607211230.bitmask,NCEI_NGA.union.nga_lead2.add_2015ntl.mask,timezone.shp,VBD_platforms-recurring_2015_r20170330.shp,0.157604,VBD_bridges_c20160811.shp,22.302559;20.657581;17.812403;13.013085;8.184108;3.331987;-1.539063;0.598278;2.699680;7.587820;12.484635;17.389103,102.195274;116.899490;131.129013;129.599106;128.217987;126.965988;125.829720;112.252083;98.601341;99.606560;100.547348;101.419044,npp_d20140716_t1757431_e1803235_b14079,150.327,26.2404,55.1667,97.7702,44.8805,95.5216
1106,VBD_npp_d20140716_t1802210_x1045809E_y055823N_l2506_s0763_v23,2017-05-23 13:09:55,5.582275,104.580864,8.85225,2014-07-16 18:02:21,2014-07-17 02:02:21,2506,763,0.392566,4,100773,0.321106,0.267336,0.847808,0.4,0.726714,0.75,0.0385592,0.0001,9.72651e-17,999999,-1.224962e-01,3,Malaysian Exclusive Economic Zone,,,SVDNB_npp_d20140716_t1757431_e1803235_b14079_c20140717000324408388_noaa_ops.h5,GDNBO_npp_d20140716_t1757431_e1803235_b14079_c20140717000324408134_noaa_ops.h5,SVI04_npp_d20140716_t1757431_e1803235_b14079_c20140717000324402868_noaa_ops.dspace_rad,VNFF_npp_d20140716_t1757431_e1803235_b14079_v21.csv,World_EEZ_v8_2014.shp,WPP_BFAR_merge.shp,KKP_IDN_merge_20161208.shp,VNF-VBD_npp_20120301-20151231_global_asia-enhanced_c201607211230.bitmask,NCEI_NGA.union.nga_lead2.add_2015ntl.mask,timezone.shp,VBD_platforms-recurring_2015_r20170330.shp,999999,VBD_bridges_c20160811.shp,22.302559;20.657581;17.812403;13.013085;8.184108;3.331987;-1.539063;0.598278;2.699680;7.587820;12.484635;17.389103,102.195274;116.899490;131.129013;129.599106;128.217987;126.965988;125.829720;112.252083;98.601341;99.606560;100.547348;101.419044,npp_d20140716_t1757431_e1803235_b14079,149.988,26.0666,55.1383,97.9948,44.8573,95.8917
1107,VBD_npp_d20140716_t1802281_x1045005E_y052284N_l2561_s0763_v23,2017-05-23 13:09:55,5.228361,104.500511,19.2047,2014-07-16 18:02:28,2014-07-17 02:02:28,2561,763,0.390688,8,18913,0.649506,0.257506,0.85335,0.4,0.898224,0.75,0.0386315,0.0001,9.63266e-17,999999,-6.406352e-02,3,Malaysian Exclusive Economic Zone,,,SVDNB_npp_d20140716_t1757431_e1803235_b14079_c20140717000324408388_noaa_ops.h5,GDNBO_npp_d20140716_t1757431_e1803235_b14079_c20140717000324408134_noaa_ops.h5,SVI04_npp_d20140716_t1757431_e1803235_b14079_c20140717000324402868_noaa_ops.dspace_rad,VNFF_npp_d20140716_t1757431_e1803235_b14079_v21.csv,World_EEZ_v8_2014.shp,WPP_BFAR_merge.shp,KKP_IDN_merge_20161208.shp,VNF-VBD_npp_20120301-20151231_global_asia-enhanced_c201607211230.bitmask,NCEI_NGA.union.nga_lead2.add_2015ntl.mask,timezone.shp,VBD_platforms-recurring_2015_r20170330.shp,0.555785,VBD_bridges_c20160811.shp,22.302559;20.657581;17.812403;13.013085;8.184108;3.331987;-1.539063;0.598278;2.699680;7.587820;12.484635;17.389103,102.195274;116.899490;131.129013;129.599106;128.217987;126.965988;125.829720;112.252083;98.601341;99.606560;100.547348;101.419044,npp_d20140716_t1757431_e1803235_b14079,150.328,26.2549,55.1389,98.4551,44.8736,95.5185
1108,VBD_npp_d20140716_t1802299_x1044730E_y050847N_l2583_s0763_v23,2017-05-23 13:09:55,5.084727,104.473045,24.1592,2014-07-16 18:02:29,2014-07-17 02:02:29,2583,763,0.390577,8,18913,0.716945,0.238009,0.851051,0.4,0.905703,0.75,0.0386493,0.0001,9.56939e-17,999999,5.183413e-02,3,Malaysian Exclusive Economic Zone,,,SVDNB_npp_d20140716_t1757431_e1803235_b14079_c20140717000324408388_noaa_ops.h5,GDNBO_npp_d20140716_t1757431_e1803235_b14079_c20140717000324408134_noaa_ops.h5,SVI04_npp_d20140716_t1757431_e1803235_b14079_c20140717000324402868_noaa_ops.dspace_rad,VNFF_npp_d20140716_t1757431_e1803235_b14079_v21.csv,World_EEZ_v8_2014.shp,WPP_BFAR_merge.shp,KKP_IDN_merge_20161208.shp,VNF-VBD_npp_20120301-20151231_global_asia-enhanced_c201607211230.bitmask,NCEI_NGA.union.nga_lead2.add_2015ntl.mask,timezone.shp,VBD_platforms-recurring_2015_r20170330.shp,0.266294,VBD_bridges_c20160811.shp,22.302559;20.657581;17.812403;13.013085;8.184108;3.331987;-1.539063;0.598278;2.699680;7.587820;12.484635;17.389103,102.195274;116.899490;131.129013;129.599106;128.217987;126.965988;125.829720;112.252083;98.601341;99.606560;100.547348;101.419044,npp_d20140716_t1757431_e1803235_b14079,150.465,26.3335,55.1363,98.2029,44.8802,95.3674
1109,VBD_npp_d20140716_t1802210_x1045855E_y055679N_l2508_s0764_v23,2017-05-23 13:09:55,5.567917,104.585533,39.2466,2014-07-16 18:02:21,2014-07-17 02:02:21,2508,764,0.391185,4,117221,0.885827,0.267187,0.855647,0.4,0.941167,0.75,0.0385677,0.0001,1.00921e-16,999999,-1.216129e-01,3,Malaysian Exclusive Economic Zone,,,SVDNB_npp_d20140716_t1757431_e1803235_b14079_c20140717000324408388_noaa_ops.h5,GDNBO_npp_d20140716_t1757431_e1803235_b14079_c20140717000324408134_noaa_ops.h5,SVI04_npp_d20140716_t1757431_e1803235_b14079_c20140717000324402868_noaa_ops.dspace_rad,VNFF_npp_d20140716_t1757431_e1803235_b14079_v21.csv,World_EEZ_v8_2014.shp,WPP_BFAR_merge.shp,KKP_IDN_merge_20161208.shp,VNF-VBD_npp_20120301-20151231_global_asia-enhanced_c201607211230.bitmask,NCEI_NGA.union.nga_lead2.add_2015ntl.mask,timezone.shp,VBD_platforms-recurring_2015_r20170330.shp,0.280357,VBD_bridges_c20160811.shp,22.302559;20.657581;17.812403;13.013085;8.184108;3.331987;-1.539063;0.598278;2.699680;7.587820;12.484635;17.389103,102.195274;116.899490;131.129013;129.599106;128.217987;126.965988;125.829720;112.252083;98.601341;99.606560;100.547348;101.419044,npp_d20140716_t1757431_e1803235_b14079,149.999,26.0852,55.1134,97.9058,44.8512,95.8779
1112,VBD_npp_d20140716_t1802228_x1045747E_y054904N_l2520_s0765_v23,2017-05-23 13:09:55,5.490368,104.574677,8.42777,2014-07-16 18:02:22,2014-07-17 02:02:22,2520,765,0.392953,8,51681,0.366047,0.242547,0.837474,0.4,0.779771,0.75,0.0385893,0.0001,1.05364e-16,999999,2.485900e-02,3,Malaysian Exclusive Economic Zone,,,SVDNB_npp_d20140716_t1757431_e1803235_b14079_c20140717000324408388_noaa_ops.h5,GDNBO_npp_d20140716_t1757431_e1803235_b14079_c20140717000324408134_noaa_ops.h5,SVI04_npp_d20140716_t1757431_e1803235_b14079_c20140717000324402868_noaa_ops.dspace_rad,VNFF_npp_d20140716_t1757431_e1803235_b14079_v21.csv,World_EEZ_v8_2014.shp,WPP_BFAR_merge.shp,KKP_IDN_merge_20161208.shp,VNF-VBD_npp_20120301-20151231_global_asia-enhanced_c201607211230.bitmask,NCEI_NGA.union.nga_lead2.add_2015ntl.mask,timezone.shp,VBD_platforms-recurring_2015_r20170330.shp,0.531688,VBD_bridges_c20160811.shp,22.302559;20.657581;17.812403;13.013085;8.184108;3.331987;-1.539063;0.598278;2.699680;7.587820;12.484635;17.389103,102.195274;116.899490;131.129013;129.599106;128.217987;126.965988;125.829720;112.252083;98.601341;99.606560;100.547348;101.419044,npp_d20140716_t1757431_e1803235_b14079,150.07,26.1388,55.0847,98.1018,44.8469,95.7976
1114,VBD_npp_d20140716_t1802263_x1045278E_y052288N_l2560_s0766_v23,2017-05-23 13:09:55,5.228772,104.527786,10.5271,2014-07-16 18:02:26,2014-07-17 02:02:26,2560,766,0.357044,8,18913,0.432307,0.273441,0.85335,0.4,0.850196,0.75,0.0386478,0.0001,1.06911e-16,999999,-1.587909e-01,3,Malaysian Exclusive Economic Zone,,,SVDNB_npp_d20140716_t1757431_e1803235_b14079_c20140717000324408388_noaa_ops.h5,GDNBO_npp_d20140716_t1757431_e1803235_b14079_c20140717000324408134_noaa_ops.h5,SVI04_npp_d20140716_t1757431_e1803235_b14079_c20140717000324402868_noaa_ops.dspace_rad,VNFF_npp_d20140716_t1757431_e1803235_b14079_v21.csv,World_EEZ_v8_2014.shp,WPP_BFAR_merge.shp,KKP_IDN_merge_20161208.shp,VNF-VBD_npp_20120301-20151231_global_asia-enhanced_c201607211230.bitmask,NCEI_NGA.union.nga_lead2.add_2015ntl.mask,timezone.shp,VBD_platforms-recurring_2015_r20170330.shp,0.31162,VBD_bridges_c20160811.shp,22.302559;20.657581;17.812403;13.013085;8.184108;3.331987;-1.539063;0.598278;2.699680;7.587820;12.484635;17.389103,102.195274;116.899490;131.129013;129.599106;128.217987;126.965988;125.829720;112.252083;98.601341;99.606560;100.547348;101.419044,npp_d20140716_t1757431_e1803235_b14079,150.319,26.2875,55.0653,97.7722,44.8534,95.5229
1115,VBD_npp_d20140716_t1802281_x1045155E_y051919N_l2566_s0766_v23,2017-05-23 13:09:55,5.191920,104.515488,22.3346,2014-07-16 18:02:28,2014-07-17 02:02:28,2566,766,0.395936,1,2529,0.713113,0.205315,0.865042,0.4,0.921091,0.75,0.0386557,0.0001,1.07701e-16,999999,2.461844e-01,3,Malaysian Exclusive Economic Zone,,,SVDNB_npp_d20140716_t1757431_e1803235_b14079_c20140717000324408388_noaa_ops.h5,GDNBO_npp_d20140716_t1757431_e1803235_b14079_c20140717000324408134_noaa_ops.h5,SVI04_npp_d20140716_t1757431_e1803235_b14079_c20140717000324402868_noaa_ops.dspace_rad,VNFF_npp_d20140716_t1757431_e1803235_b14079_v21.csv,World_EEZ_v8_2014.shp,WPP_BFAR_merge.shp,KKP_IDN_merge_20161208.shp,VNF-VBD_npp_20120301-20151231_global_asia-enhanced_c201607211230.bitmask,NCEI_NGA.union.nga_lead2.add_2015ntl.mask,timezone.shp,VBD_platforms-recurring_2015_r20170330.shp,999999,VBD_bridges_c20160811.shp,22.302559;20.657581;17.812403;13.013085;8.184108;3.331987;-1.539063;0.598278;2.699680;7.587820;12.484635;17.389103,102.195274;116.899490;131.129013;129.599106;128.217987;126.965988;125.829720;112.252083;98.601341;99.606560;100.547348;101.419044,npp_d20140716_t1757431_e1803235_b14079,150.354,26.308,55.0631,98.2331,44.855,95.484
1116,VBD_npp_d20140716_t1802299_x1044930E_y050818N_l2583_s0766_v23,2017-05-23 13:09:55,5.081830,104.492973,15.969,2014-07-16 18:02:29,2014-07-17 02:02:29,2583,766,0.38892,1,2529,0.603,0.239561,0.851051,0.4,0.890546,0.75,0.0386669,0.0001,1.07549e-16,999999,4.260636e-02,3,Malaysian Exclusive Economic Zone,,,SVDNB_npp_d20140716_t1757431_e1803235_b14079_c20140717000324408388_noaa_ops.h5,GDNBO_npp_d20140716_t1757431_e1803235_b14079_c20140717000324408134_noaa_ops.h5,SVI04_npp_d20140716_t1757431_e1803235_b14079_c20140717000324402868_noaa_ops.dspace_rad,VNFF_npp_d20140716_t1757431_e1803235_b14079_v21.csv,World_EEZ_v8_2014.shp,WPP_BFAR_merge.shp,KKP_IDN_merge_20161208.shp,VNF-VBD_npp_20120301-20151231_global_asia-enhanced_c201607211230.bitmask,NCEI_NGA.union.nga_lead2.add_2015ntl.mask,timezone.shp,VBD_platforms-recurring_2015_r20170330.shp,999999,VBD_bridges_c20160811.shp,22.302559;20.657581;17.812403;13.013085;8.184108;3.331987;-1.539063;0.598278;2.699680;7.587820;12.484635;17.389103,102.195274;116.899490;131.129013;129.599106;128.217987;126.965988;125.829720;112.252083;98.601341;99.606560;100.547348;101.419044,npp_d20140716_t1757431_e1803235_b14079,150.459,26.3689,55.0603,98.2047,44.8599,95.3681
1119,VBD_npp_d20140716_t1803037_x1040596E_y030536N_l2896_s0767_v23,2017-05-23 13:09:55,3.053633,104.059631,9.78787,2014-07-16 18:03:03,2014-07-17 02:03:03,2896,767,0.38229,8,18913,0.479198,0.225791,0.814818,0.4,0.87965,0.75,0.0384253,0.0001,9.5305e-17,999999,1.244660e-01,3,Malaysian Exclusive Economic Zone,,,SVDNB_npp_d20140716_t1757431_e1803235_b14079_c20140717000324408388_noaa_ops.h5,GDNBO_npp_d20140716_t1757431_e1803235_b14079_c20140717000324408134_noaa_ops.h5,SVI04_npp_d20140716_t1757431_e1803235_b14079_c20140717000324402868_noaa_ops.dspace_rad,VNFF_npp_d20140716_t1757431_e1803235_b14079_v21.csv,World_EEZ_v8_2014.shp,WPP_BFAR_merge.shp,KKP_IDN_merge_20161208.shp,VNF-VBD_npp_20120301-20151231_global_asia-enhanced_c201607211230.bitmask,NCEI_NGA.union.nga_lead2.add_2015ntl.mask,timezone.shp,VBD_platforms-recurring_2015_r20170330.shp,0.155839,VBD_bridges_c20160811.shp,22.302559;20.657581;17.812403;13.013085;8.184108;3.331987;-1.539063;0.598278;2.699680;7.587820;12.484635;17.389103,102.195274;116.899490;131.129013;129.599106;128.217987;126.965988;125.829720;112.252083;98.601341;99.606560;100.547348;101.419044,npp_d20140716_t1757431_e1803235_b14079,152.399,27.5595,55.0456,98.0793,45.0051,93.244
1124,VBD_npp_d20140716_t1802228_x1046032E_y054999N_l2518_s0769_v23,2017-05-23 13:09:55,5.499932,104.603188,14.353,2014-07-16 18:02:22,2014-07-17 02:02:22,2518,769,0.390798,8,51681,0.564019,0.251696,0.8784,0.4,0.906827,0.75,0.0386102,0.0001,1.23274e-16,999999,-2.952962e-02,3,Malaysian Exclusive Economic Zone,,,SVDNB_npp_d20140716_t1757431_e1803235_b14079_c20140717000324408388_noaa_ops.h5,GDNBO_npp_d20140716_t1757431_e1803235_b14079_c20140717000324408134_noaa_ops.h5,SVI04_npp_d20140716_t1757431_e1803235_b14079_c20140717000324402868_noaa_ops.dspace_rad,VNFF_npp_d20140716_t1757431_e1803235_b14079_v21.csv,World_EEZ_v8_2014.shp,WPP_BFAR_merge.shp,KKP_IDN_merge_20161208.shp,VNF-VBD_npp_20120301-20151231_global_asia-enhanced_c201607211230.bitmask,NCEI_NGA.union.nga_lead2.add_2015ntl.mask,timezone.shp,VBD_platforms-recurring_2015_r20170330.shp,0.352876,VBD_bridges_c20160811.shp,22.302559;20.657581;17.812403;13.013085;8.184108;3.331987;-1.539063;0.598278;2.699680;7.587820;12.484635;17.389103,102.195274;116.899490;131.129013;129.599106;128.217987;126.965988;125.829720;112.252083;98.601341;99.606560;100.547348;101.419044,npp_d20140716_t1757431_e1803235_b14079,150.049,26.1784,54.9832,98.194,44.8193,95.8131
1131,VBD_npp_d20140716_t1802228_x1046230E_y054971N_l2518_s0772_v23,2017-05-23 13:09:55,5.497064,104.622993,8.17361,2014-07-16 18:02:22,2014-07-17 02:02:22,2518,772,0.391572,8,18913,0.36966,0.239342,0.891143,0.4,0.824243,0.75,0.0386278,0.0001,1.3837e-16,999999,4.390833e-02,3,Malaysian Exclusive Economic Zone,,,SVDNB_npp_d20140716_t1757431_e1803235_b14079_c20140717000324408388_noaa_ops.h5,GDNBO_npp_d20140716_t1757431_e1803235_b14079_c20140717000324408134_noaa_ops.h5,SVI04_npp_d20140716_t1757431_e1803235_b14079_c20140717000324402868_noaa_ops.dspace_rad,VNFF_npp_d20140716_t1757431_e1803235_b14079_v21.csv,World_EEZ_v8_2014.shp,WPP_BFAR_merge.shp,KKP_IDN_merge_20161208.shp,VNF-VBD_npp_20120301-20151231_global_asia-enhanced_c201607211230.bitmask,NCEI_NGA.union.nga_lead2.add_2015ntl.mask,timezone.shp,VBD_platforms-recurring_2015_r20170330.shp,0.404648,VBD_bridges_c20160811.shp,22.302559;20.657581;17.812403;13.013085;8.184108;3.331987;-1.539063;0.598278;2.699680;7.587820;12.484635;17.389103,102.195274;116.899490;131.129013;129.599106;128.217987;126.965988;125.829720;112.252083;98.601341;99.606560;100.547348;101.419044,npp_d20140716_t1757431_e1803235_b14079,150.043,26.2132,54.9073,98.1959,44.7991,95.8141
1136,VBD_npp_d20140716_t1802263_x1045890E_y053224N_l2545_s0773_v23,2017-05-23 13:09:55,5.322412,104.588982,7.23352,2014-07-16 18:02:26,2014-07-17 02:02:26,2545,773,0.36627,8,18593,0.312646,0.305367,0.657346,0.4,0.721792,0.75,0.0386691,0.0001,1.4242e-16,999999,-3.485698e-01,3,Malaysian Exclusive Economic Zone,,,SVDNB_npp_d20140716_t1757431_e1803235_b14079_c20140717000324408388_noaa_ops.h5,GDNBO_npp_d20140716_t1757431_e1803235_b14079_c20140717000324408134_noaa_ops.h5,SVI04_npp_d20140716_t1757431_e1803235_b14079_c20140717000324402868_noaa_ops.dspace_rad,VNFF_npp_d20140716_t1757431_e1803235_b14079_v21.csv,World_EEZ_v8_2014.shp,WPP_BFAR_merge.shp,KKP_IDN_merge_20161208.shp,VNF-VBD_npp_20120301-20151231_global_asia-enhanced_c201607211230.bitmask,NCEI_NGA.union.nga_lead2.add_2015ntl.mask,timezone.shp,VBD_platforms-recurring_2015_r20170330.shp,0.413763,VBD_bridges_c20160811.shp,22.302559;20.657581;17.812403;13.013085;8.184108;3.331987;-1.539063;0.598278;2.699680;7.587820;12.484635;17.389103,102.195274;116.899490;131.129013;129.599106;128.217987;126.965988;125.829720;112.252083;98.601341;99.606560;100.547348;101.419044,npp_d20140716_t1757431_e1803235_b14079,150.208,26.3161,54.886,98.4493,44.8013,95.6307
1139,VBD_npp_d20140716_t1802228_x1046391E_y055152N_l2515_s0774_v23,2017-05-23 13:09:55,5.515178,104.639122,16.2804,2014-07-16 18:02:22,2014-07-17 02:02:22,2515,774,0.391572,8,18913,0.611449,0.274734,0.891143,0.4,0.884578,0.75,0.0386356,0.0001,1.49806e-16,999999,-1.664760e-01,3,Malaysian Exclusive Economic Zone,,,SVDNB_npp_d20140716_t1757431_e1803235_b14079_c20140717000324408388_noaa_ops.h5,GDNBO_npp_d20140716_t1757431_e1803235_b14079_c20140717000324408134_noaa_ops.h5,SVI04_npp_d20140716_t1757431_e1803235_b14079_c20140717000324402868_noaa_ops.dspace_rad,VNFF_npp_d20140716_t1757431_e1803235_b14079_v21.csv,World_EEZ_v8_2014.shp,WPP_BFAR_merge.shp,KKP_IDN_merge_20161208.shp,VNF-VBD_npp_20120301-20151231_global_asia-enhanced_c201607211230.bitmask,NCEI_NGA.union.nga_lead2.add_2015ntl.mask,timezone.shp,VBD_platforms-recurring_2015_r20170330.shp,0.800293,VBD_bridges_c20160811.shp,22.302559;20.657581;17.812403;13.013085;8.184108;3.331987;-1.539063;0.598278;2.699680;7.587820;12.484635;17.389103,102.195274;116.899490;131.129013;129.599106;128.217987;126.965988;125.829720;112.252083;98.601341;99.606560;100.547348;101.419044,npp_d20140716_t1757431_e1803235_b14079,150.019,26.2258,54.8566,98.3321,44.7848,95.8359
1140,VBD_npp_d20140716_t1802228_x1046342E_y054818N_l2520_s0774_v23,2017-05-23 13:09:55,5.481810,104.634193,34.3051,2014-07-16 18:02:22,2014-07-17 02:02:22,2520,774,0.394002,8,18913,0.856674,0.241669,0.891097,0.4,0.938508,0.75,0.0386421,0.0001,1.49105e-16,999999,3.007509e-02,3,Malaysian Exclusive Economic Zone,,,SVDNB_npp_d20140716_t1757431_e1803235_b14079_c20140717000324408388_noaa_ops.h5,GDNBO_npp_d20140716_t1757431_e1803235_b14079_c20140717000324408134_noaa_ops.h5,SVI04_npp_d20140716_t1757431_e1803235_b14079_c20140717000324402868_noaa_ops.dspace_rad,VNFF_npp_d20140716_t1757431_e1803235_b14079_v21.csv,World_EEZ_v8_2014.shp,WPP_BFAR_merge.shp,KKP_IDN_merge_20161208.shp,VNF-VBD_npp_20120301-20151231_global_asia-enhanced_c201607211230.bitmask,NCEI_NGA.union.nga_lead2.add_2015ntl.mask,timezone.shp,VBD_platforms-recurring_2015_r20170330.shp,0.581593,VBD_bridges_c20160811.shp,22.302559;20.657581;17.812403;13.013085;8.184108;3.331987;-1.539063;0.598278;2.699680;7.587820;12.484635;17.389103,102.195274;116.899490;131.129013;129.599106;128.217987;126.965988;125.829720;112.252083;98.601341;99.606560;100.547348;101.419044,npp_d20140716_t1757431_e1803235_b14079,150.051,26.2433,54.857,98.1073,44.7863,95.8007
1143,VBD_npp_d20140716_t1802281_x1045769E_y051966N_l2564_s0775_v23,2017-05-23 13:09:55,5.196607,104.576897,15.0083,2014-07-16 18:02:28,2014-07-17 02:02:28,2564,775,0.393726,8,18913,0.600561,0.227104,0.845358,0.4,0.903998,0.75,0.0387058,0.0001,1.52689e-16,999999,1.166585e-01,3,Malaysian Exclusive Economic Zone,,,SVDNB_npp_d20140716_t1757431_e1803235_b14079_c20140717000324408388_noaa_ops.h5,GDNBO_npp_d20140716_t1757431_e1803235_b14079_c20140717000324408134_noaa_ops.h5,SVI04_npp_d20140716_t1757431_e1803235_b14079_c20140717000324402868_noaa_ops.dspace_rad,VNFF_npp_d20140716_t1757431_e1803235_b14079_v21.csv,World_EEZ_v8_2014.shp,WPP_BFAR_merge.shp,KKP_IDN_merge_20161208.shp,VNF-VBD_npp_20120301-20151231_global_asia-enhanced_c201607211230.bitmask,NCEI_NGA.union.nga_lead2.add_2015ntl.mask,timezone.shp,VBD_platforms-recurring_2015_r20170330.shp,0.226976,VBD_bridges_c20160811.shp,22.302559;20.657581;17.812403;13.013085;8.184108;3.331987;-1.539063;0.598278;2.699680;7.587820;12.484635;17.389103,102.195274;116.899490;131.129013;129.599106;128.217987;126.965988;125.829720;112.252083;98.601341;99.606560;100.547348;101.419044,npp_d20140716_t1757431_e1803235_b14079,150.323,26.4062,54.8353,98.3285,44.7938,95.5004
1145,VBD_npp_d20140716_t1802210_x1046659E_y055633N_l2507_s0776_v23,2017-05-23 13:09:55,5.563348,104.665871,5.17155,2014-07-16 18:02:21,2014-07-17 02:02:21,2507,776,0.393616,8,18593,0.255344,0.239939,0.776637,0.4,0.738116,0.75,0.0386368,0.0001,1.60451e-16,999999,4.036104e-02,3,Malaysian Exclusive Economic Zone,,,SVDNB_npp_d20140716_t1757431_e1803235_b14079_c20140717000324408388_noaa_ops.h5,GDNBO_npp_d20140716_t1757431_e1803235_b14079_c20140717000324408134_noaa_ops.h5,SVI04_npp_d20140716_t1757431_e1803235_b14079_c20140717000324402868_noaa_ops.dspace_rad,VNFF_npp_d20140716_t1757431_e1803235_b14079_v21.csv,World_EEZ_v8_2014.shp,WPP_BFAR_merge.shp,KKP_IDN_merge_20161208.shp,VNF-VBD_npp_20120301-20151231_global_asia-enhanced_c201607211230.bitmask,NCEI_NGA.union.nga_lead2.add_2015ntl.mask,timezone.shp,VBD_platforms-recurring_2015_r20170330.shp,0.379321,VBD_bridges_c20160811.shp,22.302559;20.657581;17.812403;13.013085;8.184108;3.331987;-1.539063;0.598278;2.699680;7.587820;12.484635;17.389103,102.195274;116.899490;131.129013;129.599106;128.217987;126.965988;125.829720;112.252083;98.601341;99.606560;100.547348;101.419044,npp_d20140716_t1757431_e1803235_b14079,149.968,26.2207,54.8097,97.9576,44.7702,95.8895
1147,VBD_npp_d20140716_t1802281_x1045975E_y052004N_l2563_s0778_v23,2017-05-23 13:09:55,5.200384,104.597549,4.66013,2014-07-16 18:02:28,2014-07-17 02:02:28,2563,778,0.392179,8,18593,0.236637,0.22773,0.845358,0.4,0.72808,0.75,0.0387221,0.0001,1.71371e-16,999999,1.129369e-01,3,Malaysian Exclusive Economic Zone,,,SVDNB_npp_d20140716_t1757431_e1803235_b14079_c20140717000324408388_noaa_ops.h5,GDNBO_npp_d20140716_t1757431_e1803235_b14079_c20140717000324408134_noaa_ops.h5,SVI04_npp_d20140716_t1757431_e1803235_b14079_c20140717000324402868_noaa_ops.dspace_rad,VNFF_npp_d20140716_t1757431_e1803235_b14079_v21.csv,World_EEZ_v8_2014.shp,WPP_BFAR_merge.shp,KKP_IDN_merge_20161208.shp,VNF-VBD_npp_20120301-20151231_global_asia-enhanced_c201607211230.bitmask,NCEI_NGA.union.nga_lead2.add_2015ntl.mask,timezone.shp,VBD_platforms-recurring_2015_r20170330.shp,0.274729,VBD_bridges_c20160811.shp,22.302559;20.657581;17.812403;13.013085;8.184108;3.331987;-1.539063;0.598278;2.699680;7.587820;12.484635;17.389103,102.195274;116.899490;131.129013;129.599106;128.217987;126.965988;125.829720;112.252083;98.601341;99.606560;100.547348;101.419044,npp_d20140716_t1757431_e1803235_b14079,150.31,26.4374,54.7596,98.3754,44.7735,95.5082
1148,VBD_npp_d20140716_t1802316_x1045555E_y049725N_l2598_s0779_v23,2017-05-23 13:09:55,4.972470,104.555534,5.93707,2014-07-16 18:02:31,2014-07-17 02:02:31,2598,779,0.39229,8,18657,0.307452,0.243631,0.671863,0.4,0.789365,0.75,0.0387324,0.0001,1.74816e-16,999999,1.841569e-02,3,Malaysian Exclusive Economic Zone,,,SVDNB_npp_d20140716_t1757431_e1803235_b14079_c20140717000324408388_noaa_ops.h5,GDNBO_npp_d20140716_t1757431_e1803235_b14079_c20140717000324408134_noaa_ops.h5,SVI04_npp_d20140716_t1757431_e1803235_b14079_c20140717000324402868_noaa_ops.dspace_rad,VNFF_npp_d20140716_t1757431_e1803235_b14079_v21.csv,World_EEZ_v8_2014.shp,WPP_BFAR_merge.shp,KKP_IDN_merge_20161208.shp,VNF-VBD_npp_20120301-20151231_global_asia-enhanced_c201607211230.bitmask,NCEI_NGA.union.nga_lead2.add_2015ntl.mask,timezone.shp,VBD_platforms-recurring_2015_r20170330.shp,0.236807,VBD_bridges_c20160811.shp,22.302559;20.657581;17.812403;13.013085;8.184108;3.331987;-1.539063;0.598278;2.699680;7.587820;12.484635;17.389103,102.195274;116.899490;131.129013;129.599106;128.217987;126.965988;125.829720;112.252083;98.601341;99.606560;100.547348;101.419044,npp_d20140716_t1757431_e1803235_b14079,150.526,26.5714,54.7383,98.2699,44.7796,95.2685
1151,VBD_npp_d20140716_t1802228_x1046921E_y054667N_l2521_s0783_v23,2017-05-23 13:09:55,5.466682,104.692139,30.672,2014-07-16 18:02:22,2014-07-17 02:02:22,2521,783,0.396046,1,2529,0.854348,0.223035,0.874696,0.4,0.944719,0.75,0.0386963,0.0001,2.09681e-16,999999,1.408433e-01,3,Malaysian Exclusive Economic Zone,,,SVDNB_npp_d20140716_t1757431_e1803235_b14079_c20140717000324408388_noaa_ops.h5,GDNBO_npp_d20140716_t1757431_e1803235_b14079_c20140717000324408134_noaa_ops.h5,SVI04_npp_d20140716_t1757431_e1803235_b14079_c20140717000324402868_noaa_ops.dspace_rad,VNFF_npp_d20140716_t1757431_e1803235_b14079_v21.csv,World_EEZ_v8_2014.shp,WPP_BFAR_merge.shp,KKP_IDN_merge_20161208.shp,VNF-VBD_npp_20120301-20151231_global_asia-enhanced_c201607211230.bitmask,NCEI_NGA.union.nga_lead2.add_2015ntl.mask,timezone.shp,VBD_platforms-recurring_2015_r20170330.shp,999999,VBD_bridges_c20160811.shp,22.302559;20.657581;17.812403;13.013085;8.184108;3.331987;-1.539063;0.598278;2.699680;7.587820;12.484635;17.389103,102.195274;116.899490;131.129013;129.599106;128.217987;126.965988;125.829720;112.252083;98.601341;99.606560;100.547348;101.419044,npp_d20140716_t1757431_e1803235_b14079,150.039,26.3502,54.6302,98.0678,44.7267,95.7967
1163,VBD_npp_d20140716_t1802228_x1047356E_y054744N_l2519_s0789_v23,2017-05-23 13:09:55,5.474372,104.735565,9.24908,2014-07-16 18:02:22,2014-07-17 02:02:22,2519,789,0.387152,1,35297,0.419463,0.256223,0.828956,0.4,0.8263,0.75,0.0387289,0.0001,2.66831e-16,999999,-5.644113e-02,3,Malaysian Exclusive Economic Zone,,,SVDNB_npp_d20140716_t1757431_e1803235_b14079_c20140717000324408388_noaa_ops.h5,GDNBO_npp_d20140716_t1757431_e1803235_b14079_c20140717000324408134_noaa_ops.h5,SVI04_npp_d20140716_t1757431_e1803235_b14079_c20140717000324402868_noaa_ops.dspace_rad,VNFF_npp_d20140716_t1757431_e1803235_b14079_v21.csv,World_EEZ_v8_2014.shp,WPP_BFAR_merge.shp,KKP_IDN_merge_20161208.shp,VNF-VBD_npp_20120301-20151231_global_asia-enhanced_c201607211230.bitmask,NCEI_NGA.union.nga_lead2.add_2015ntl.mask,timezone.shp,VBD_platforms-recurring_2015_r20170330.shp,999999,VBD_bridges_c20160811.shp,22.302559;20.657581;17.812403;13.013085;8.184108;3.331987;-1.539063;0.598278;2.699680;7.587820;12.484635;17.389103,102.195274;116.899490;131.129013;129.599106;128.217987;126.965988;125.829720;112.252083;98.601341;99.606560;100.547348;101.419044,npp_d20140716_t1757431_e1803235_b14079,150.013,26.4156,54.4694,98.1644,44.6839,95.8133
1167,VBD_npp_d20140716_t1802299_x1046490E_y050314N_l2587_s0790_v23,2017-05-23 13:09:55,5.031412,104.649017,9.2507,2014-07-16 18:02:29,2014-07-17 02:02:29,2587,790,0.390688,8,51681,0.438734,0.275409,0.686096,0.4,0.826822,0.75,0.0388047,0.0001,2.7135e-16,999999,-1.704888e-01,3,Malaysian Exclusive Economic Zone,,,SVDNB_npp_d20140716_t1757431_e1803235_b14079_c20140717000324408388_noaa_ops.h5,GDNBO_npp_d20140716_t1757431_e1803235_b14079_c20140717000324408134_noaa_ops.h5,SVI04_npp_d20140716_t1757431_e1803235_b14079_c20140717000324402868_noaa_ops.dspace_rad,VNFF_npp_d20140716_t1757431_e1803235_b14079_v21.csv,World_EEZ_v8_2014.shp,WPP_BFAR_merge.shp,KKP_IDN_merge_20161208.shp,VNF-VBD_npp_20120301-20151231_global_asia-enhanced_c201607211230.bitmask,NCEI_NGA.union.nga_lead2.add_2015ntl.mask,timezone.shp,VBD_platforms-recurring_2015_r20170330.shp,0.272371,VBD_bridges_c20160811.shp,22.302559;20.657581;17.812403;13.013085;8.184108;3.331987;-1.539063;0.598278;2.699680;7.587820;12.484635;17.389103,102.195274;116.899490;131.129013;129.599106;128.217987;126.965988;125.829720;112.252083;98.601341;99.606560;100.547348;101.419044,npp_d20140716_t1757431_e1803235_b14079,150.435,26.6677,54.444,98.0338,44.6984,95.345
1171,VBD_npp_d20140716_t1802210_x1047740E_y055473N_l2507_s0792_v23,2017-05-23 13:09:55,5.547316,104.774017,23.3863,2014-07-16 18:02:21,2014-07-17 02:02:21,2507,792,0.248102,4,100773,0.391082,0.318419,0.48419,0.4,0.639973,0.75,0.0387308,0.0001,2.9989e-16,999999,-4.261602e-01,3,Malaysian Exclusive Economic Zone,,,SVDNB_npp_d20140716_t1757431_e1803235_b14079_c20140717000324408388_noaa_ops.h5,GDNBO_npp_d20140716_t1757431_e1803235_b14079_c20140717000324408134_noaa_ops.h5,SVI04_npp_d20140716_t1757431_e1803235_b14079_c20140717000324402868_noaa_ops.dspace_rad,VNFF_npp_d20140716_t1757431_e1803235_b14079_v21.csv,World_EEZ_v8_2014.shp,WPP_BFAR_merge.shp,KKP_IDN_merge_20161208.shp,VNF-VBD_npp_20120301-20151231_global_asia-enhanced_c201607211230.bitmask,NCEI_NGA.union.nga_lead2.add_2015ntl.mask,timezone.shp,VBD_platforms-recurring_2015_r20170330.shp,999999,VBD_bridges_c20160811.shp,22.302559;20.657581;17.812403;13.013085;8.184108;3.331987;-1.539063;0.598278;2.699680;7.587820;12.484635;17.389103,102.195274;116.899490;131.129013;129.599106;128.217987;126.965988;125.829720;112.252083;98.601341;99.606560;100.547348;101.419044,npp_d20140716_t1757431_e1803235_b14079,149.934,26.4103,54.391,97.9627,44.6601,95.8949
1176,VBD_npp_d20140716_t1802281_x1046934E_y050965N_l2576_s0794_v23,2017-05-23 13:09:55,5.096521,104.693398,43.0889,2014-07-16 18:02:28,2014-07-17 02:02:28,2576,794,0.38671,4,100773,0.391715,0.217274,0.794937,0.4,0.668306,0.75,0.0388329,0.0001,3.16847e-16,999999,1.750942e-01,3,Malaysian Exclusive Economic Zone,,,SVDNB_npp_d20140716_t1757431_e1803235_b14079_c20140717000324408388_noaa_ops.h5,GDNBO_npp_d20140716_t1757431_e1803235_b14079_c20140717000324408134_noaa_ops.h5,SVI04_npp_d20140716_t1757431_e1803235_b14079_c20140717000324402868_noaa_ops.dspace_rad,VNFF_npp_d20140716_t1757431_e1803235_b14079_v21.csv,World_EEZ_v8_2014.shp,WPP_BFAR_merge.shp,KKP_IDN_merge_20161208.shp,VNF-VBD_npp_20120301-20151231_global_asia-enhanced_c201607211230.bitmask,NCEI_NGA.union.nga_lead2.add_2015ntl.mask,timezone.shp,VBD_platforms-recurring_2015_r20170330.shp,999999,VBD_bridges_c20160811.shp,22.302559;20.657581;17.812403;13.013085;8.184108;3.331987;-1.539063;0.598278;2.699680;7.587820;12.484635;17.389103,102.195274;116.899490;131.129013;129.599106;128.217987;126.965988;125.829720;112.252083;98.601341;99.606560;100.547348;101.419044,npp_d20140716_t1757431_e1803235_b14079,150.36,26.6774,54.3394,97.785,44.6672,95.4192
1177,VBD_npp_d20140716_t1802263_x1047247E_y052131N_l2558_s0795_v23,2017-05-23 13:09:55,5.213138,104.724724,94.8365,2014-07-16 18:02:26,2014-07-17 02:02:26,2558,795,0.441347,4,100837,1.19607,0.0965712,0.87929,0.4,0.954143,0.75,0.0388151,0.0001,3.32115e-16,999999,8.926042e-01,3,Malaysian Exclusive Economic Zone,,,SVDNB_npp_d20140716_t1757431_e1803235_b14079_c20140717000324408388_noaa_ops.h5,GDNBO_npp_d20140716_t1757431_e1803235_b14079_c20140717000324408134_noaa_ops.h5,SVI04_npp_d20140716_t1757431_e1803235_b14079_c20140717000324402868_noaa_ops.dspace_rad,VNFF_npp_d20140716_t1757431_e1803235_b14079_v21.csv,World_EEZ_v8_2014.shp,WPP_BFAR_merge.shp,KKP_IDN_merge_20161208.shp,VNF-VBD_npp_20120301-20151231_global_asia-enhanced_c201607211230.bitmask,NCEI_NGA.union.nga_lead2.add_2015ntl.mask,timezone.shp,VBD_platforms-recurring_2015_r20170330.shp,999999,VBD_bridges_c20160811.shp,22.302559;20.657581;17.812403;13.013085;8.184108;3.331987;-1.539063;0.598278;2.699680;7.587820;12.484635;17.389103,102.195274;116.899490;131.129013;129.599106;128.217987;126.965988;125.829720;112.252083;98.601341;99.606560;100.547348;101.419044,npp_d20140716_t1757431_e1803235_b14079,150.245,26.6252,54.3117,97.8671,44.6543,95.5443
1178,VBD_npp_d20140716_t1802299_x1046931E_y050881N_l2578_s0795_v23,2017-05-23 13:09:55,5.088130,104.693108,655.431,2014-07-16 18:02:29,2014-07-17 02:02:29,2578,795,0.39461,4,100845,1.45091,0.215521,0.796595,0.4,0.960778,0.75,0.0388403,0.0001,3.35175e-16,999999,1.855098e-01,3,Malaysian Exclusive Economic Zone,,,SVDNB_npp_d20140716_t1757431_e1803235_b14079_c20140717000324408388_noaa_ops.h5,GDNBO_npp_d20140716_t1757431_e1803235_b14079_c20140717000324408134_noaa_ops.h5,SVI04_npp_d20140716_t1757431_e1803235_b14079_c20140717000324402868_noaa_ops.dspace_rad,VNFF_npp_d20140716_t1757431_e1803235_b14079_v21.csv,World_EEZ_v8_2014.shp,WPP_BFAR_merge.shp,KKP_IDN_merge_20161208.shp,VNF-VBD_npp_20120301-20151231_global_asia-enhanced_c201607211230.bitmask,NCEI_NGA.union.nga_lead2.add_2015ntl.mask,timezone.shp,VBD_platforms-recurring_2015_r20170330.shp,999999,VBD_bridges_c20160811.shp,22.302559;20.657581;17.812403;13.013085;8.184108;3.331987;-1.539063;0.598278;2.699680;7.587820;12.484635;17.389103,102.195274;116.899490;131.129013;129.599106;128.217987;126.965988;125.829720;112.252083;98.601341;99.606560;100.547348;101.419044,npp_d20140716_t1757431_e1803235_b14079,150.365,26.6958,54.307,98.4594,44.6595,95.4117
1181,VBD_npp_d20140716_t1802423_x1045405E_y043550N_l2691_s0796_v23,2017-05-23 13:09:55,4.354975,104.540535,6.06231,2014-07-16 18:02:42,2014-07-17 02:02:42,2691,796,0.355331,8,18657,0.303744,0.283096,0.681012,0.4,0.773508,0.75,0.038765,0.0001,3.33296e-16,999999,-2.161817e-01,3,Malaysian Exclusive Economic Zone,,,SVDNB_npp_d20140716_t1757431_e1803235_b14079_c20140717000324408388_noaa_ops.h5,GDNBO_npp_d20140716_t1757431_e1803235_b14079_c20140717000324408134_noaa_ops.h5,SVI04_npp_d20140716_t1757431_e1803235_b14079_c20140717000324402868_noaa_ops.dspace_rad,VNFF_npp_d20140716_t1757431_e1803235_b14079_v21.csv,World_EEZ_v8_2014.shp,WPP_BFAR_merge.shp,KKP_IDN_merge_20161208.shp,VNF-VBD_npp_20120301-20151231_global_asia-enhanced_c201607211230.bitmask,NCEI_NGA.union.nga_lead2.add_2015ntl.mask,timezone.shp,VBD_platforms-recurring_2015_r20170330.shp,0.393938,VBD_bridges_c20160811.shp,22.302559;20.657581;17.812403;13.013085;8.184108;3.331987;-1.539063;0.598278;2.699680;7.587820;12.484635;17.389103,102.195274;116.899490;131.129013;129.599106;128.217987;126.965988;125.829720;112.252083;98.601341;99.606560;100.547348;101.419044,npp_d20140716_t1757431_e1803235_b14079,151.064,27.1196,54.2856,98.5105,44.6975,94.6363
1186,VBD_npp_d20140716_t1802334_x1046659E_y048154N_l2619_s0799_v23,2017-05-23 13:09:55,4.815381,104.665863,8.99579,2014-07-16 18:02:33,2014-07-17 02:02:33,2619,799,0.333841,8,18913,0.396958,0.233136,0.635249,0.4,0.820995,0.75,0.0388345,0.0001,3.82849e-16,999999,8.079839e-02,3,Malaysian Exclusive Economic Zone,,,SVDNB_npp_d20140716_t1757431_e1803235_b14079_c20140717000324408388_noaa_ops.h5,GDNBO_npp_d20140716_t1757431_e1803235_b14079_c20140717000324408134_noaa_ops.h5,SVI04_npp_d20140716_t1757431_e1803235_b14079_c20140717000324402868_noaa_ops.dspace_rad,VNFF_npp_d20140716_t1757431_e1803235_b14079_v21.csv,World_EEZ_v8_2014.shp,WPP_BFAR_merge.shp,KKP_IDN_merge_20161208.shp,VNF-VBD_npp_20120301-20151231_global_asia-enhanced_c201607211230.bitmask,NCEI_NGA.union.nga_lead2.add_2015ntl.mask,timezone.shp,VBD_platforms-recurring_2015_r20170330.shp,0.168391,VBD_bridges_c20160811.shp,22.302559;20.657581;17.812403;13.013085;8.184108;3.331987;-1.539063;0.598278;2.699680;7.587820;12.484635;17.389103,102.195274;116.899490;131.129013;129.599106;128.217987;126.965988;125.829720;112.252083;98.601341;99.606560;100.547348;101.419044,npp_d20140716_t1757431_e1803235_b14079,150.614,26.8924,54.2034,98.0672,44.6472,95.1274
1188,VBD_npp_d20140716_t1802263_x1047850E_y051906N_l2560_s0804_v23,2017-05-23 13:09:55,5.190640,104.785027,5.75227,2014-07-16 18:02:26,2014-07-17 02:02:26,2560,804,0.398919,8,51425,0.293246,0.204673,0.759727,0.4,0.772873,0.75,0.0388703,0.0001,4.73412e-16,999999,2.499987e-01,3,Malaysian Exclusive Economic Zone,,,SVDNB_npp_d20140716_t1757431_e1803235_b14079_c20140717000324408388_noaa_ops.h5,GDNBO_npp_d20140716_t1757431_e1803235_b14079_c20140717000324408134_noaa_ops.h5,SVI04_npp_d20140716_t1757431_e1803235_b14079_c20140717000324402868_noaa_ops.dspace_rad,VNFF_npp_d20140716_t1757431_e1803235_b14079_v21.csv,World_EEZ_v8_2014.shp,WPP_BFAR_merge.shp,KKP_IDN_merge_20161208.shp,VNF-VBD_npp_20120301-20151231_global_asia-enhanced_c201607211230.bitmask,NCEI_NGA.union.nga_lead2.add_2015ntl.mask,timezone.shp,VBD_platforms-recurring_2015_r20170330.shp,0.219465,VBD_bridges_c20160811.shp,22.302559;20.657581;17.812403;13.013085;8.184108;3.331987;-1.539063;0.598278;2.699680;7.587820;12.484635;17.389103,102.195274;116.899490;131.129013;129.599106;128.217987;126.965988;125.829720;112.252083;98.601341;99.606560;100.547348;101.419044,npp_d20140716_t1757431_e1803235_b14079,150.238,26.7422,54.068,97.7774,44.5915,95.5325
1189,VBD_npp_d20140716_t1802103_x1050035E_y061557N_l2411_s0806_v23,2017-05-23 13:09:55,6.155681,105.003487,6.27053,2014-07-16 18:02:10,2014-07-17 02:02:10,2411,806,0.375495,7,34977,0.124491,0.10408,0.775036,0.4,0.414143,0.75,0.0388132,0.0001,5.30678e-16,999999,8.479682e-01,3,,,,SVDNB_npp_d20140716_t1757431_e1803235_b14079_c20140717000324408388_noaa_ops.h5,GDNBO_npp_d20140716_t1757431_e1803235_b14079_c20140717000324408134_noaa_ops.h5,SVI04_npp_d20140716_t1757431_e1803235_b14079_c20140717000324402868_noaa_ops.dspace_rad,VNFF_npp_d20140716_t1757431_e1803235_b14079_v21.csv,World_EEZ_v8_2014.shp,WPP_BFAR_merge.shp,KKP_IDN_merge_20161208.shp,VNF-VBD_npp_20120301-20151231_global_asia-enhanced_c201607211230.bitmask,NCEI_NGA.union.nga_lead2.add_2015ntl.mask,timezone.shp,VBD_platforms-recurring_2015_r20170330.shp,999999,VBD_bridges_c20160811.shp,22.302559;20.657581;17.812403;13.013085;8.184108;3.331987;-1.539063;0.598278;2.699680;7.587820;12.484635;17.389103,102.195274;116.899490;131.129013;129.599106;128.217987;126.965988;125.829720;112.252083;98.601341;99.606560;100.547348;101.419044,npp_d20140716_t1757431_e1803235_b14079,149.307,26.2502,54.0135,97.8892,44.5402,96.564
1191,VBD_npp_d20140716_t1802085_x1050503E_y062840N_l2391_s0809_v23,2017-05-23 13:09:55,6.284014,105.050316,11.284,2014-07-16 18:02:08,2014-07-17 01:02:08,2391,809,0.405106,1,2529,0.531248,0.239313,0.810646,0.4,0.910357,0.75,0.0388419,0.0001,5.99986e-16,999999,4.408422e-02,3,Malaysian Exclusive Economic Zone,,,SVDNB_npp_d20140716_t1757431_e1803235_b14079_c20140717000324408388_noaa_ops.h5,GDNBO_npp_d20140716_t1757431_e1803235_b14079_c20140717000324408134_noaa_ops.h5,SVI04_npp_d20140716_t1757431_e1803235_b14079_c20140717000324402868_noaa_ops.dspace_rad,VNFF_npp_d20140716_t1757431_e1803235_b14079_v21.csv,World_EEZ_v8_2014.shp,WPP_BFAR_merge.shp,KKP_IDN_merge_20161208.shp,VNF-VBD_npp_20120301-20151231_global_asia-enhanced_c201607211230.bitmask,NCEI_NGA.union.nga_lead2.add_2015ntl.mask,timezone.shp,VBD_platforms-recurring_2015_r20170330.shp,999999,VBD_bridges_c20160811.shp,22.302559;20.657581;17.812403;13.013085;8.184108;3.331987;-1.539063;0.598278;2.699680;7.587820;12.484635;17.389103,102.195274;116.899490;131.129013;129.599106;128.217987;126.965988;125.829720;112.252083;98.601341;99.606560;100.547348;101.419044,npp_d20140716_t1757431_e1803235_b14079,149.175,26.2182,53.9313,98.0686,44.5156,96.7059
1192,VBD_npp_d20140716_t1802103_x1050201E_y061255N_l2415_s0809_v23,2017-05-23 13:09:55,6.125520,105.020081,4367.09,2014-07-16 18:02:10,2014-07-17 02:02:10,2415,809,0.405162,4,100845,1.69207,0.234086,0.794876,0.4,0.973492,0.75,0.0388285,0.0001,5.94667e-16,999999,7.515274e-02,3,Malaysian Exclusive Economic Zone,,,SVDNB_npp_d20140716_t1757431_e1803235_b14079_c20140717000324408388_noaa_ops.h5,GDNBO_npp_d20140716_t1757431_e1803235_b14079_c20140717000324408134_noaa_ops.h5,SVI04_npp_d20140716_t1757431_e1803235_b14079_c20140717000324402868_noaa_ops.dspace_rad,VNFF_npp_d20140716_t1757431_e1803235_b14079_v21.csv,World_EEZ_v8_2014.shp,WPP_BFAR_merge.shp,KKP_IDN_merge_20161208.shp,VNF-VBD_npp_20120301-20151231_global_asia-enhanced_c201607211230.bitmask,NCEI_NGA.union.nga_lead2.add_2015ntl.mask,timezone.shp,VBD_platforms-recurring_2015_r20170330.shp,999999,VBD_bridges_c20160811.shp,22.302559;20.657581;17.812403;13.013085;8.184108;3.331987;-1.539063;0.598278;2.699680;7.587820;12.484635;17.389103,102.195274;116.899490;131.129013;129.599106;128.217987;126.965988;125.829720;112.252083;98.601341;99.606560;100.547348;101.419044,npp_d20140716_t1757431_e1803235_b14079,149.327,26.2994,53.9334,97.7022,44.5201,96.5365
1193,VBD_npp_d20140716_t1802245_x1048687E_y053340N_l2537_s0812_v23,2017-05-23 13:09:55,5.334050,104.868698,15.1533,2014-07-16 18:02:24,2014-07-17 02:02:24,2537,812,0.389086,8,51681,0.421989,0.300048,0.719615,0.4,0.751587,0.75,0.038887,0.0001,6.52919e-16,999999,-3.169554e-01,3,Malaysian Exclusive Economic Zone,,,SVDNB_npp_d20140716_t1757431_e1803235_b14079_c20140717000324408388_noaa_ops.h5,GDNBO_npp_d20140716_t1757431_e1803235_b14079_c20140717000324408134_noaa_ops.h5,SVI04_npp_d20140716_t1757431_e1803235_b14079_c20140717000324402868_noaa_ops.dspace_rad,VNFF_npp_d20140716_t1757431_e1803235_b14079_v21.csv,World_EEZ_v8_2014.shp,WPP_BFAR_merge.shp,KKP_IDN_merge_20161208.shp,VNF-VBD_npp_20120301-20151231_global_asia-enhanced_c201607211230.bitmask,NCEI_NGA.union.nga_lead2.add_2015ntl.mask,timezone.shp,VBD_platforms-recurring_2015_r20170330.shp,0.450611,VBD_bridges_c20160811.shp,22.302559;20.657581;17.812403;13.013085;8.184108;3.331987;-1.539063;0.598278;2.699680;7.587820;12.484635;17.389103,102.195274;116.899490;131.129013;129.599106;128.217987;126.965988;125.829720;112.252083;98.601341;99.606560;100.547348;101.419044,npp_d20140716_t1757431_e1803235_b14079,150.076,26.7548,53.8519,98.0968,44.529,95.6959
1196,VBD_npp_d20140716_t1802245_x1048952E_y053719N_l2531_s0815_v23,2017-05-23 13:09:55,5.371867,104.895180,4063.18,2014-07-16 18:02:24,2014-07-17 02:02:24,2531,815,2.60637,4,100845,1.57308,0.0802049,0.728072,0.4,0.973223,0.75,0.0388967,0.0001,7.37582e-16,999999,9.898925e-01,3,Malaysian Exclusive Economic Zone,,,SVDNB_npp_d20140716_t1757431_e1803235_b14079_c20140717000324408388_noaa_ops.h5,GDNBO_npp_d20140716_t1757431_e1803235_b14079_c20140717000324408134_noaa_ops.h5,SVI04_npp_d20140716_t1757431_e1803235_b14079_c20140717000324402868_noaa_ops.dspace_rad,VNFF_npp_d20140716_t1757431_e1803235_b14079_v21.csv,World_EEZ_v8_2014.shp,WPP_BFAR_merge.shp,KKP_IDN_merge_20161208.shp,VNF-VBD_npp_20120301-20151231_global_asia-enhanced_c201607211230.bitmask,NCEI_NGA.union.nga_lead2.add_2015ntl.mask,timezone.shp,VBD_platforms-recurring_2015_r20170330.shp,999999,VBD_bridges_c20160811.shp,22.302559;20.657581;17.812403;13.013085;8.184108;3.331987;-1.539063;0.598278;2.699680;7.587820;12.484635;17.389103,102.195274;116.899490;131.129013;129.599106;128.217987;126.965988;125.829720;112.252083;98.601341;99.606560;100.547348;101.419044,npp_d20140716_t1757431_e1803235_b14079,150.031,26.7686,53.7702,98.3826,44.5062,95.7403
1197,VBD_npp_d20140716_t1802245_x1048932E_y053583N_l2533_s0815_v23,2017-05-23 13:09:55,5.358278,104.893173,469.988,2014-07-16 18:02:24,2014-07-17 02:02:24,2533,815,0.397925,4,100837,1.21772,0.0801651,0.728072,0.4,0.950585,0.75,0.0388993,0.0001,7.36204e-16,999999,9.901290e-01,3,Malaysian Exclusive Economic Zone,,,SVDNB_npp_d20140716_t1757431_e1803235_b14079_c20140717000324408388_noaa_ops.h5,GDNBO_npp_d20140716_t1757431_e1803235_b14079_c20140717000324408134_noaa_ops.h5,SVI04_npp_d20140716_t1757431_e1803235_b14079_c20140717000324402868_noaa_ops.dspace_rad,VNFF_npp_d20140716_t1757431_e1803235_b14079_v21.csv,World_EEZ_v8_2014.shp,WPP_BFAR_merge.shp,KKP_IDN_merge_20161208.shp,VNF-VBD_npp_20120301-20151231_global_asia-enhanced_c201607211230.bitmask,NCEI_NGA.union.nga_lead2.add_2015ntl.mask,timezone.shp,VBD_platforms-recurring_2015_r20170330.shp,999999,VBD_bridges_c20160811.shp,22.302559;20.657581;17.812403;13.013085;8.184108;3.331987;-1.539063;0.598278;2.699680;7.587820;12.484635;17.389103,102.195274;116.899490;131.129013;129.599106;128.217987;126.965988;125.829720;112.252083;98.601341;99.606560;100.547348;101.419044,npp_d20140716_t1757431_e1803235_b14079,150.044,26.776,53.7703,98.2879,44.5069,95.7258
1198,VBD_npp_d20140716_t1802281_x1048540E_y051363N_l2567_s0816_v23,2017-05-23 13:09:55,5.136253,104.853981,6.18261,2014-07-16 18:02:28,2014-07-17 02:02:28,2567,816,0.398477,1,2529,0.3216,0.239008,0.771817,0.4,0.810442,0.75,0.0389496,0.0001,7.60296e-16,999999,4.589375e-02,3,Malaysian Exclusive Economic Zone,,,SVDNB_npp_d20140716_t1757431_e1803235_b14079_c20140717000324408388_noaa_ops.h5,GDNBO_npp_d20140716_t1757431_e1803235_b14079_c20140717000324408134_noaa_ops.h5,SVI04_npp_d20140716_t1757431_e1803235_b14079_c20140717000324402868_noaa_ops.dspace_rad,VNFF_npp_d20140716_t1757431_e1803235_b14079_v21.csv,World_EEZ_v8_2014.shp,WPP_BFAR_merge.shp,KKP_IDN_merge_20161208.shp,VNF-VBD_npp_20120301-20151231_global_asia-enhanced_c201607211230.bitmask,NCEI_NGA.union.nga_lead2.add_2015ntl.mask,timezone.shp,VBD_platforms-recurring_2015_r20170330.shp,999999,VBD_bridges_c20160811.shp,22.302559;20.657581;17.812403;13.013085;8.184108;3.331987;-1.539063;0.598278;2.699680;7.587820;12.484635;17.389103,102.195274;116.899490;131.129013;129.599106;128.217987;126.965988;125.829720;112.252083;98.601341;99.606560;100.547348;101.419044,npp_d20140716_t1757431_e1803235_b14079,150.253,26.9107,53.7407,98.2213,44.5098,95.4904
1200,VBD_npp_d20140716_t1802192_x1049783E_y056461N_l2488_s0818_v23,2017-05-23 13:09:55,5.646102,104.978340,1511.56,2014-07-16 18:02:19,2014-07-17 02:02:19,2488,818,0.645641,4,100845,1.66228,0.104659,0.782014,0.4,0.971903,0.75,0.0388582,0.0001,8.37525e-16,999999,8.445254e-01,3,Malaysian Exclusive Economic Zone,,,SVDNB_npp_d20140716_t1757431_e1803235_b14079_c20140717000324408388_noaa_ops.h5,GDNBO_npp_d20140716_t1757431_e1803235_b14079_c20140717000324408134_noaa_ops.h5,SVI04_npp_d20140716_t1757431_e1803235_b14079_c20140717000324402868_noaa_ops.dspace_rad,VNFF_npp_d20140716_t1757431_e1803235_b14079_v21.csv,World_EEZ_v8_2014.shp,WPP_BFAR_merge.shp,KKP_IDN_merge_20161208.shp,VNF-VBD_npp_20120301-20151231_global_asia-enhanced_c201607211230.bitmask,NCEI_NGA.union.nga_lead2.add_2015ntl.mask,timezone.shp,VBD_platforms-recurring_2015_r20170330.shp,999999,VBD_bridges_c20160811.shp,22.302559;20.657581;17.812403;13.013085;8.184108;3.331987;-1.539063;0.598278;2.699680;7.587820;12.484635;17.389103,102.195274;116.899490;131.129013;129.599106;128.217987;126.965988;125.829720;112.252083;98.601341;99.606560;100.547348;101.419044,npp_d20140716_t1757431_e1803235_b14079,149.758,26.6553,53.6857,98.1086,44.4729,96.0377
1201,VBD_npp_d20140716_t1802477_x1046173E_y039811N_l2745_s0818_v23,2017-05-23 13:09:55,3.981100,104.617340,5.81922,2014-07-16 18:02:47,2014-07-17 02:02:47,2745,818,0.394665,8,18657,0.309868,0.260885,0.788633,0.4,0.777671,0.75,0.0388518,0.0001,7.67761e-16,999999,-8.415301e-02,3,Malaysian Exclusive Economic Zone,,,SVDNB_npp_d20140716_t1757431_e1803235_b14079_c20140717000324408388_noaa_ops.h5,GDNBO_npp_d20140716_t1757431_e1803235_b14079_c20140717000324408134_noaa_ops.h5,SVI04_npp_d20140716_t1757431_e1803235_b14079_c20140717000324402868_noaa_ops.dspace_rad,VNFF_npp_d20140716_t1757431_e1803235_b14079_v21.csv,World_EEZ_v8_2014.shp,WPP_BFAR_merge.shp,KKP_IDN_merge_20161208.shp,VNF-VBD_npp_20120301-20151231_global_asia-enhanced_c201607211230.bitmask,NCEI_NGA.union.nga_lead2.add_2015ntl.mask,timezone.shp,VBD_platforms-recurring_2015_r20170330.shp,0.25925,VBD_bridges_c20160811.shp,22.302559;20.657581;17.812403;13.013085;8.184108;3.331987;-1.539063;0.598278;2.699680;7.587820;12.484635;17.389103,102.195274;116.899490;131.129013;129.599106;128.217987;126.965988;125.829720;112.252083;98.601341;99.606560;100.547348;101.419044,npp_d20140716_t1757431_e1803235_b14079,151.35,27.599,53.6905,98.2829,44.5692,94.2641
1202,VBD_npp_d20140716_t1803037_x1044102E_y030350N_l2891_s0818_v23,2017-05-23 13:09:55,3.034992,104.410156,5.12958,2014-07-16 18:03:03,2014-07-17 02:03:03,2891,818,0.396599,1,2273,0.288556,0.201727,0.710677,0.4,0.809695,0.75,0.0387288,0.0001,7.1364e-16,999999,2.675085e-01,3,Malaysian Exclusive Economic Zone,,,SVDNB_npp_d20140716_t1757431_e1803235_b14079_c20140717000324408388_noaa_ops.h5,GDNBO_npp_d20140716_t1757431_e1803235_b14079_c20140717000324408134_noaa_ops.h5,SVI04_npp_d20140716_t1757431_e1803235_b14079_c20140717000324402868_noaa_ops.dspace_rad,VNFF_npp_d20140716_t1757431_e1803235_b14079_v21.csv,World_EEZ_v8_2014.shp,WPP_BFAR_merge.shp,KKP_IDN_merge_20161208.shp,VNF-VBD_npp_20120301-20151231_global_asia-enhanced_c201607211230.bitmask,NCEI_NGA.union.nga_lead2.add_2015ntl.mask,timezone.shp,VBD_platforms-recurring_2015_r20170330.shp,999999,VBD_bridges_c20160811.shp,22.302559;20.657581;17.812403;13.013085;8.184108;3.331987;-1.539063;0.598278;2.699680;7.587820;12.484635;17.389103,102.195274;116.899490;131.129013;129.599106;128.217987;126.965988;125.829720;112.252083;98.601341;99.606560;100.547348;101.419044,npp_d20140716_t1757431_e1803235_b14079,152.252,28.1847,53.693,98.3142,44.6502,93.2639
1204,VBD_npp_d20140716_t1802281_x1048743E_y051333N_l2567_s0819_v23,2017-05-23 13:09:55,5.133288,104.874321,5.78311,2014-07-16 18:02:28,2014-07-17 02:02:28,2567,819,0.397483,1,2273,0.298146,0.237963,0.742465,0.4,0.780378,0.75,0.0389671,0.0001,8.53145e-16,999999,5.210657e-02,3,Malaysian Exclusive Economic Zone,,,SVDNB_npp_d20140716_t1757431_e1803235_b14079_c20140717000324408388_noaa_ops.h5,GDNBO_npp_d20140716_t1757431_e1803235_b14079_c20140717000324408134_noaa_ops.h5,SVI04_npp_d20140716_t1757431_e1803235_b14079_c20140717000324402868_noaa_ops.dspace_rad,VNFF_npp_d20140716_t1757431_e1803235_b14079_v21.csv,World_EEZ_v8_2014.shp,WPP_BFAR_merge.shp,KKP_IDN_merge_20161208.shp,VNF-VBD_npp_20120301-20151231_global_asia-enhanced_c201607211230.bitmask,NCEI_NGA.union.nga_lead2.add_2015ntl.mask,timezone.shp,VBD_platforms-recurring_2015_r20170330.shp,999999,VBD_bridges_c20160811.shp,22.302559;20.657581;17.812403;13.013085;8.184108;3.331987;-1.539063;0.598278;2.699680;7.587820;12.484635;17.389103,102.195274;116.899490;131.129013;129.599106;128.217987;126.965988;125.829720;112.252083;98.601341;99.606560;100.547348;101.419044,npp_d20140716_t1757431_e1803235_b14079,150.246,26.9465,53.6596,98.2231,44.4891,95.4912
1205,VBD_npp_d20140716_t1802477_x1046319E_y039859N_l2744_s0820_v23,2017-05-23 13:09:55,3.985878,104.631897,14.6232,2014-07-16 18:02:47,2014-07-17 02:02:47,2744,820,0.399085,8,18913,0.585331,0.268279,0.823791,0.4,0.906707,0.75,0.0388643,0.0001,8.30393e-16,999999,-1.281042e-01,3,Malaysian Exclusive Economic Zone,,,SVDNB_npp_d20140716_t1757431_e1803235_b14079_c20140717000324408388_noaa_ops.h5,GDNBO_npp_d20140716_t1757431_e1803235_b14079_c20140717000324408134_noaa_ops.h5,SVI04_npp_d20140716_t1757431_e1803235_b14079_c20140717000324402868_noaa_ops.dspace_rad,VNFF_npp_d20140716_t1757431_e1803235_b14079_v21.csv,World_EEZ_v8_2014.shp,WPP_BFAR_merge.shp,KKP_IDN_merge_20161208.shp,VNF-VBD_npp_20120301-20151231_global_asia-enhanced_c201607211230.bitmask,NCEI_NGA.union.nga_lead2.add_2015ntl.mask,timezone.shp,VBD_platforms-recurring_2015_r20170330.shp,0.324748,VBD_bridges_c20160811.shp,22.302559;20.657581;17.812403;13.013085;8.184108;3.331987;-1.539063;0.598278;2.699680;7.587820;12.484635;17.389103,102.195274;116.899490;131.129013;129.599106;128.217987;126.965988;125.829720;112.252083;98.601341;99.606560;100.547348;101.419044,npp_d20140716_t1757431_e1803235_b14079,151.339,27.6195,53.6363,98.3312,44.5549,94.2712
1207,VBD_npp_d20140716_t1802210_x1049889E_y055305N_l2505_s0823_v23,2017-05-23 13:09:55,5.530507,104.988907,60.7991,2014-07-16 18:02:21,2014-07-17 02:02:21,2505,823,0.396488,4,100837,0.567043,0.233003,0.666275,0.4,0.819416,0.75,0.0389096,0.0001,1.00941e-15,999999,8.159091e-02,3,Malaysian Exclusive Economic Zone,,,SVDNB_npp_d20140716_t1757431_e1803235_b14079_c20140717000324408388_noaa_ops.h5,GDNBO_npp_d20140716_t1757431_e1803235_b14079_c20140717000324408134_noaa_ops.h5,SVI04_npp_d20140716_t1757431_e1803235_b14079_c20140717000324402868_noaa_ops.dspace_rad,VNFF_npp_d20140716_t1757431_e1803235_b14079_v21.csv,World_EEZ_v8_2014.shp,WPP_BFAR_merge.shp,KKP_IDN_merge_20161208.shp,VNF-VBD_npp_20120301-20151231_global_asia-enhanced_c201607211230.bitmask,NCEI_NGA.union.nga_lead2.add_2015ntl.mask,timezone.shp,VBD_platforms-recurring_2015_r20170330.shp,999999,VBD_bridges_c20160811.shp,22.302559;20.657581;17.812403;13.013085;8.184108;3.331987;-1.539063;0.598278;2.699680;7.587820;12.484635;17.389103,102.195274;116.899490;131.129013;129.599106;128.217987;126.965988;125.829720;112.252083;98.601341;99.606560;100.547348;101.419044,npp_d20140716_t1757431_e1803235_b14079,149.854,26.7738,53.5507,98.0761,44.4429,95.9212
1210,VBD_npp_d20140716_t1802121_x1051417E_y060985N_l2417_s0828_v23,2017-05-23 13:09:55,6.098509,105.141716,5.09874,2014-07-16 18:02:12,2014-07-17 02:02:12,2417,828,0.402013,8,18657,0.27297,0.264922,0.589698,0.4,0.763749,0.75,0.0389386,0.0001,1.24607e-15,999999,-1.081505e-01,3,Malaysian Exclusive Economic Zone,,,SVDNB_npp_d20140716_t1757431_e1803235_b14079_c20140717000324408388_noaa_ops.h5,GDNBO_npp_d20140716_t1757431_e1803235_b14079_c20140717000324408134_noaa_ops.h5,SVI04_npp_d20140716_t1757431_e1803235_b14079_c20140717000324402868_noaa_ops.dspace_rad,VNFF_npp_d20140716_t1757431_e1803235_b14079_v21.csv,World_EEZ_v8_2014.shp,WPP_BFAR_merge.shp,KKP_IDN_merge_20161208.shp,VNF-VBD_npp_20120301-20151231_global_asia-enhanced_c201607211230.bitmask,NCEI_NGA.union.nga_lead2.add_2015ntl.mask,timezone.shp,VBD_platforms-recurring_2015_r20170330.shp,0.165807,VBD_bridges_c20160811.shp,22.302559;20.657581;17.812403;13.013085;8.184108;3.331987;-1.539063;0.598278;2.699680;7.587820;12.484635;17.389103,102.195274;116.899490;131.129013;129.599106;128.217987;126.965988;125.829720;112.252083;98.601341;99.606560;100.547348;101.419044,npp_d20140716_t1757431_e1803235_b14079,149.294,26.527,53.415,98.3946,44.3882,96.5373
1211,VBD_npp_d20140716_t1802192_x1050468E_y056431N_l2487_s0828_v23,2017-05-23 13:09:55,5.643141,105.046806,557.603,2014-07-16 18:02:19,2014-07-17 02:02:19,2487,828,0.42621,4,100837,1.33191,0.20794,0.773,0.4,0.967838,0.75,0.0389155,0.0001,1.22595e-15,999999,2.305757e-01,3,Malaysian Exclusive Economic Zone,,,SVDNB_npp_d20140716_t1757431_e1803235_b14079_c20140717000324408388_noaa_ops.h5,GDNBO_npp_d20140716_t1757431_e1803235_b14079_c20140717000324408134_noaa_ops.h5,SVI04_npp_d20140716_t1757431_e1803235_b14079_c20140717000324402868_noaa_ops.dspace_rad,VNFF_npp_d20140716_t1757431_e1803235_b14079_v21.csv,World_EEZ_v8_2014.shp,WPP_BFAR_merge.shp,KKP_IDN_merge_20161208.shp,VNF-VBD_npp_20120301-20151231_global_asia-enhanced_c201607211230.bitmask,NCEI_NGA.union.nga_lead2.add_2015ntl.mask,timezone.shp,VBD_platforms-recurring_2015_r20170330.shp,999999,VBD_bridges_c20160811.shp,22.302559;20.657581;17.812403;13.013085;8.184108;3.331987;-1.539063;0.598278;2.699680;7.587820;12.484635;17.389103,102.195274;116.899490;131.129013;129.599106;128.217987;126.965988;125.829720;112.252083;98.601341;99.606560;100.547348;101.419044,npp_d20140716_t1757431_e1803235_b14079,149.73,26.7687,53.4158,98.1627,44.404,96.0488
1212,VBD_npp_d20140716_t1802210_x1050236E_y055324N_l2504_s0828_v23,2017-05-23 13:09:55,5.532422,105.023552,3603.73,2014-07-16 18:02:21,2014-07-17 02:02:21,2504,828,0.476648,4,100845,1.43179,0.219632,0.660758,0.4,0.945393,0.75,0.0389376,0.0001,1.22083e-15,999999,1.610721e-01,3,Malaysian Exclusive Economic Zone,,,SVDNB_npp_d20140716_t1757431_e1803235_b14079_c20140717000324408388_noaa_ops.h5,GDNBO_npp_d20140716_t1757431_e1803235_b14079_c20140717000324408134_noaa_ops.h5,SVI04_npp_d20140716_t1757431_e1803235_b14079_c20140717000324402868_noaa_ops.dspace_rad,VNFF_npp_d20140716_t1757431_e1803235_b14079_v21.csv,World_EEZ_v8_2014.shp,WPP_BFAR_merge.shp,KKP_IDN_merge_20161208.shp,VNF-VBD_npp_20120301-20151231_global_asia-enhanced_c201607211230.bitmask,NCEI_NGA.union.nga_lead2.add_2015ntl.mask,timezone.shp,VBD_platforms-recurring_2015_r20170330.shp,999999,VBD_bridges_c20160811.shp,22.302559;20.657581;17.812403;13.013085;8.184108;3.331987;-1.539063;0.598278;2.699680;7.587820;12.484635;17.389103,102.195274;116.899490;131.129013;129.599106;128.217987;126.965988;125.829720;112.252083;98.601341;99.606560;100.547348;101.419044,npp_d20140716_t1757431_e1803235_b14079,149.836,26.8287,53.4158,98.1268,44.4084,95.9302
1213,VBD_npp_d20140716_t1802405_x1047751E_y043857N_l2681_s0828_v23,2017-05-23 13:09:55,4.385741,104.775139,5.47484,2014-07-16 18:02:40,2014-07-17 02:02:40,2681,828,0.399969,8,18657,0.282505,0.274707,0.705796,0.4,0.777269,0.75,0.0389596,0.0001,1.15273e-15,999999,-1.663154e-01,3,Malaysian Exclusive Economic Zone,,,SVDNB_npp_d20140716_t1757431_e1803235_b14079_c20140717000324408388_noaa_ops.h5,GDNBO_npp_d20140716_t1757431_e1803235_b14079_c20140717000324408134_noaa_ops.h5,SVI04_npp_d20140716_t1757431_e1803235_b14079_c20140717000324402868_noaa_ops.dspace_rad,VNFF_npp_d20140716_t1757431_e1803235_b14079_v21.csv,World_EEZ_v8_2014.shp,WPP_BFAR_merge.shp,KKP_IDN_merge_20161208.shp,VNF-VBD_npp_20120301-20151231_global_asia-enhanced_c201607211230.bitmask,NCEI_NGA.union.nga_lead2.add_2015ntl.mask,timezone.shp,VBD_platforms-recurring_2015_r20170330.shp,0.547296,VBD_bridges_c20160811.shp,22.302559;20.657581;17.812403;13.013085;8.184108;3.331987;-1.539063;0.598278;2.699680;7.587820;12.484635;17.389103,102.195274;116.899490;131.129013;129.599106;128.217987;126.965988;125.829720;112.252083;98.601341;99.606560;100.547348;101.419044,npp_d20140716_t1757431_e1803235_b14079,150.932,27.4746,53.4201,98.232,44.4712,94.7048
1214,VBD_npp_d20140716_t1802477_x1046934E_y039837N_l2743_s0829_v23,2017-05-23 13:09:55,3.983659,104.693375,5.61006,2014-07-16 18:02:47,2014-07-17 02:02:47,2743,829,0.383672,8,18657,0.294039,0.283204,0.760499,0.4,0.81489,0.75,0.0389177,0.0001,1.17103e-15,999999,-2.168266e-01,3,Malaysian Exclusive Economic Zone,,,SVDNB_npp_d20140716_t1757431_e1803235_b14079_c20140717000324408388_noaa_ops.h5,GDNBO_npp_d20140716_t1757431_e1803235_b14079_c20140717000324408134_noaa_ops.h5,SVI04_npp_d20140716_t1757431_e1803235_b14079_c20140717000324402868_noaa_ops.dspace_rad,VNFF_npp_d20140716_t1757431_e1803235_b14079_v21.csv,World_EEZ_v8_2014.shp,WPP_BFAR_merge.shp,KKP_IDN_merge_20161208.shp,VNF-VBD_npp_20120301-20151231_global_asia-enhanced_c201607211230.bitmask,NCEI_NGA.union.nga_lead2.add_2015ntl.mask,timezone.shp,VBD_platforms-recurring_2015_r20170330.shp,0.652647,VBD_bridges_c20160811.shp,22.302559;20.657581;17.812403;13.013085;8.184108;3.331987;-1.539063;0.598278;2.699680;7.587820;12.484635;17.389103,102.195274;116.899490;131.129013;129.599106;128.217987;126.965988;125.829720;112.252083;98.601341;99.606560;100.547348;101.419044,npp_d20140716_t1757431_e1803235_b14079,151.313,27.725,53.3935,98.3828,44.4928,94.2779
1215,VBD_npp_d20140716_t1802228_x1050154E_y054270N_l2520_s0830_v23,2017-05-23 13:09:55,5.426966,105.015350,8.38924,2014-07-16 18:02:22,2014-07-17 02:02:22,2520,830,0.39914,7,51617,0.346548,0.237306,0.620631,0.4,0.743562,0.75,0.0389701,0.0001,1.31638e-15,999999,5.601390e-02,3,,,,SVDNB_npp_d20140716_t1757431_e1803235_b14079_c20140717000324408388_noaa_ops.h5,GDNBO_npp_d20140716_t1757431_e1803235_b14079_c20140717000324408134_noaa_ops.h5,SVI04_npp_d20140716_t1757431_e1803235_b14079_c20140717000324402868_noaa_ops.dspace_rad,VNFF_npp_d20140716_t1757431_e1803235_b14079_v21.csv,World_EEZ_v8_2014.shp,WPP_BFAR_merge.shp,KKP_IDN_merge_20161208.shp,VNF-VBD_npp_20120301-20151231_global_asia-enhanced_c201607211230.bitmask,NCEI_NGA.union.nga_lead2.add_2015ntl.mask,timezone.shp,VBD_platforms-recurring_2015_r20170330.shp,0.262735,VBD_bridges_c20160811.shp,22.302559;20.657581;17.812403;13.013085;8.184108;3.331987;-1.539063;0.598278;2.699680;7.587820;12.484635;17.389103,102.195274;116.899490;131.129013;129.599106;128.217987;126.965988;125.829720;112.252083;98.601341;99.606560;100.547348;101.419044,npp_d20140716_t1757431_e1803235_b14079,149.931,26.9095,53.3593,98.1435,44.3985,95.8202
1216,VBD_npp_d20140716_t1802316_x1049069E_y048527N_l2608_s0832_v23,2017-05-23 13:09:55,4.852742,104.906921,10.7431,2014-07-16 18:02:31,2014-07-17 02:02:31,2608,832,0.324284,1,2529,0.433496,0.258207,0.666077,0.4,0.831388,0.75,0.0390351,0.0001,1.36106e-15,999999,-6.823361e-02,3,Malaysian Exclusive Economic Zone,,,SVDNB_npp_d20140716_t1757431_e1803235_b14079_c20140717000324408388_noaa_ops.h5,GDNBO_npp_d20140716_t1757431_e1803235_b14079_c20140717000324408134_noaa_ops.h5,SVI04_npp_d20140716_t1757431_e1803235_b14079_c20140717000324402868_noaa_ops.dspace_rad,VNFF_npp_d20140716_t1757431_e1803235_b14079_v21.csv,World_EEZ_v8_2014.shp,WPP_BFAR_merge.shp,KKP_IDN_merge_20161208.shp,VNF-VBD_npp_20120301-20151231_global_asia-enhanced_c201607211230.bitmask,NCEI_NGA.union.nga_lead2.add_2015ntl.mask,timezone.shp,VBD_platforms-recurring_2015_r20170330.shp,999999,VBD_bridges_c20160811.shp,22.302559;20.657581;17.812403;13.013085;8.184108;3.331987;-1.539063;0.598278;2.699680;7.587820;12.484635;17.389103,102.195274;116.899490;131.129013;129.599106;128.217987;126.965988;125.829720;112.252083;98.601341;99.606560;100.547348;101.419044,npp_d20140716_t1757431_e1803235_b14079,150.474,27.2491,53.315,97.83,44.4155,95.2079
1217,VBD_npp_d20140716_t1802334_x1049069E_y048493N_l2609_s0833_v23,2017-05-23 13:09:55,4.849343,104.906898,10.3463,2014-07-16 18:02:33,2014-07-17 02:02:33,2609,833,0.324284,1,2529,0.428461,0.284699,0.666077,0.4,0.787085,0.75,0.0390402,0.0001,1.43661e-15,999999,-2.257132e-01,3,Malaysian Exclusive Economic Zone,,,SVDNB_npp_d20140716_t1757431_e1803235_b14079_c20140717000324408388_noaa_ops.h5,GDNBO_npp_d20140716_t1757431_e1803235_b14079_c20140717000324408134_noaa_ops.h5,SVI04_npp_d20140716_t1757431_e1803235_b14079_c20140717000324402868_noaa_ops.dspace_rad,VNFF_npp_d20140716_t1757431_e1803235_b14079_v21.csv,World_EEZ_v8_2014.shp,WPP_BFAR_merge.shp,KKP_IDN_merge_20161208.shp,VNF-VBD_npp_20120301-20151231_global_asia-enhanced_c201607211230.bitmask,NCEI_NGA.union.nga_lead2.add_2015ntl.mask,timezone.shp,VBD_platforms-recurring_2015_r20170330.shp,999999,VBD_bridges_c20160811.shp,22.302559;20.657581;17.812403;13.013085;8.184108;3.331987;-1.539063;0.598278;2.699680;7.587820;12.484635;17.389103,102.195274;116.899490;131.129013;129.599106;128.217987;126.965988;125.829720;112.252083;98.601341;99.606560;100.547348;101.419044,npp_d20140716_t1757431_e1803235_b14079,150.474,27.264,53.2835,98.5606,44.408,95.2055
1218,VBD_npp_d20140716_t1802352_x1048824E_y047320N_l2627_s0833_v23,2017-05-23 13:09:55,4.731965,104.882401,7.55899,2014-07-16 18:02:35,2014-07-17 02:02:35,2627,833,0.356436,1,2529,0.35075,0.244158,0.616133,0.4,0.801901,0.75,0.0390274,0.0001,1.42658e-15,999999,1.527986e-02,3,Malaysian Exclusive Economic Zone,,,SVDNB_npp_d20140716_t1757431_e1803235_b14079_c20140717000324408388_noaa_ops.h5,GDNBO_npp_d20140716_t1757431_e1803235_b14079_c20140717000324408134_noaa_ops.h5,SVI04_npp_d20140716_t1757431_e1803235_b14079_c20140717000324402868_noaa_ops.dspace_rad,VNFF_npp_d20140716_t1757431_e1803235_b14079_v21.csv,World_EEZ_v8_2014.shp,WPP_BFAR_merge.shp,KKP_IDN_merge_20161208.shp,VNF-VBD_npp_20120301-20151231_global_asia-enhanced_c201607211230.bitmask,NCEI_NGA.union.nga_lead2.add_2015ntl.mask,timezone.shp,VBD_platforms-recurring_2015_r20170330.shp,999999,VBD_bridges_c20160811.shp,22.302559;20.657581;17.812403;13.013085;8.184108;3.331987;-1.539063;0.598278;2.699680;7.587820;12.484635;17.389103,102.195274;116.899490;131.129013;129.599106;128.217987;126.965988;125.829720;112.252083;98.601341;99.606560;100.547348;101.419044,npp_d20140716_t1757431_e1803235_b14079,150.586,27.3311,53.2835,98.4774,44.4148,95.08
1219,VBD_npp_d20140716_t1802281_x1049761E_y051253N_l2566_s0834_v23,2017-05-23 13:09:55,5.125331,104.976059,32.3992,2014-07-16 18:02:28,2014-07-17 02:02:28,2566,834,0.390853,1,2529,0.824312,0.250739,0.849725,0.4,0.935428,0.75,0.0390534,0.0001,1.50597e-15,999999,-2.383792e-02,3,Malaysian Exclusive Economic Zone,,,SVDNB_npp_d20140716_t1757431_e1803235_b14079_c20140717000324408388_noaa_ops.h5,GDNBO_npp_d20140716_t1757431_e1803235_b14079_c20140717000324408134_noaa_ops.h5,SVI04_npp_d20140716_t1757431_e1803235_b14079_c20140717000324402868_noaa_ops.dspace_rad,VNFF_npp_d20140716_t1757431_e1803235_b14079_v21.csv,World_EEZ_v8_2014.shp,WPP_BFAR_merge.shp,KKP_IDN_merge_20161208.shp,VNF-VBD_npp_20120301-20151231_global_asia-enhanced_c201607211230.bitmask,NCEI_NGA.union.nga_lead2.add_2015ntl.mask,timezone.shp,VBD_platforms-recurring_2015_r20170330.shp,999999,VBD_bridges_c20160811.shp,22.302559;20.657581;17.812403;13.013085;8.184108;3.331987;-1.539063;0.598278;2.699680;7.587820;12.484635;17.389103,102.195274;116.899490;131.129013;129.599106;128.217987;126.965988;125.829720;112.252083;98.601341;99.606560;100.547348;101.419044,npp_d20140716_t1757431_e1803235_b14079,150.207,27.1197,53.2553,98.2797,44.3862,95.5022
1221,VBD_npp_d20140716_t1802477_x1047466E_y039757N_l2743_s0837_v23,2017-05-23 13:09:55,3.975732,104.746635,12.1168,2014-07-16 18:02:47,2014-07-17 02:02:47,2743,837,0.345553,8,18913,0.498237,0.248526,0.770072,0.4,0.866722,0.75,0.0389644,0.0001,1.58045e-15,999999,-1.068318e-02,3,Malaysian Exclusive Economic Zone,WPP711,,SVDNB_npp_d20140716_t1757431_e1803235_b14079_c20140717000324408388_noaa_ops.h5,GDNBO_npp_d20140716_t1757431_e1803235_b14079_c20140717000324408134_noaa_ops.h5,SVI04_npp_d20140716_t1757431_e1803235_b14079_c20140717000324402868_noaa_ops.dspace_rad,VNFF_npp_d20140716_t1757431_e1803235_b14079_v21.csv,World_EEZ_v8_2014.shp,WPP_BFAR_merge.shp,KKP_IDN_merge_20161208.shp,VNF-VBD_npp_20120301-20151231_global_asia-enhanced_c201607211230.bitmask,NCEI_NGA.union.nga_lead2.add_2015ntl.mask,timezone.shp,VBD_platforms-recurring_2015_r20170330.shp,0.120631,VBD_bridges_c20160811.shp,22.302559;20.657581;17.812403;13.013085;8.184108;3.331987;-1.539063;0.598278;2.699680;7.587820;12.484635;17.389103,102.195274;116.899490;131.129013;129.599106;128.217987;126.965988;125.829720;112.252083;98.601341;99.606560;100.547348;101.419044,npp_d20140716_t1757431_e1803235_b14079,151.295,27.8213,53.1782,98.3864,44.4385,94.2775
1223,VBD_npp_d20140716_t1802334_x1049367E_y047762N_l2619_s0839_v23,2017-05-23 13:09:55,4.776221,104.936691,5.52267,2014-07-16 18:02:33,2014-07-17 02:02:33,2619,839,0.379804,2,2209,0.260127,0.247086,0.655498,0.4,0.728621,0.75,0.0390681,0.0001,1.77513e-15,999999,-2.121575e-03,3,Malaysian Exclusive Economic Zone,,,SVDNB_npp_d20140716_t1757431_e1803235_b14079_c20140717000324408388_noaa_ops.h5,GDNBO_npp_d20140716_t1757431_e1803235_b14079_c20140717000324408134_noaa_ops.h5,SVI04_npp_d20140716_t1757431_e1803235_b14079_c20140717000324402868_noaa_ops.dspace_rad,VNFF_npp_d20140716_t1757431_e1803235_b14079_v21.csv,World_EEZ_v8_2014.shp,WPP_BFAR_merge.shp,KKP_IDN_merge_20161208.shp,VNF-VBD_npp_20120301-20151231_global_asia-enhanced_c201607211230.bitmask,NCEI_NGA.union.nga_lead2.add_2015ntl.mask,timezone.shp,VBD_platforms-recurring_2015_r20170330.shp,999999,VBD_bridges_c20160811.shp,22.302559;20.657581;17.812403;13.013085;8.184108;3.331987;-1.539063;0.598278;2.699680;7.587820;12.484635;17.389103,102.195274;116.899490;131.129013;129.599106;128.217987;126.965988;125.829720;112.252083;98.601341;99.606560;100.547348;101.419044,npp_d20140716_t1757431_e1803235_b14079,150.525,27.3724,53.1231,98.0872,44.3714,95.1346
1225,VBD_npp_d20140716_t1803108_x1045071E_y025650N_l2959_s0847_v23,2017-05-23 13:09:55,2.564982,104.507118,5.10236,2014-07-16 18:03:10,2014-07-17 02:03:10,2959,847,0.394886,1,2273,0.291153,0.249595,0.703721,0.4,0.786907,0.75,0.0388344,0.0001,2.03332e-15,999999,-1.703990e-02,3,Malaysian Exclusive Economic Zone,,,SVDNB_npp_d20140716_t1757431_e1803235_b14079_c20140717000324408388_noaa_ops.h5,GDNBO_npp_d20140716_t1757431_e1803235_b14079_c20140717000324408134_noaa_ops.h5,SVI04_npp_d20140716_t1757431_e1803235_b14079_c20140717000324402868_noaa_ops.dspace_rad,VNFF_npp_d20140716_t1757431_e1803235_b14079_v21.csv,World_EEZ_v8_2014.shp,WPP_BFAR_merge.shp,KKP_IDN_merge_20161208.shp,VNF-VBD_npp_20120301-20151231_global_asia-enhanced_c201607211230.bitmask,NCEI_NGA.union.nga_lead2.add_2015ntl.mask,timezone.shp,VBD_platforms-recurring_2015_r20170330.shp,999999,VBD_bridges_c20160811.shp,22.302559;20.657581;17.812403;13.013085;8.184108;3.331987;-1.539063;0.598278;2.699680;7.587820;12.484635;17.389103,102.195274;116.899490;131.129013;129.599106;128.217987;126.965988;125.829720;112.252083;98.601341;99.606560;100.547348;101.419044,npp_d20140716_t1757431_e1803235_b14079,152.605,28.8334,52.9145,98.187,44.4983,92.7883
1226,VBD_npp_d20140716_t1802423_x1048900E_y042958N_l2692_s0848_v23,2017-05-23 13:09:55,4.295757,104.890007,5.81905,2014-07-16 18:02:42,2014-07-17 02:02:42,2692,848,0.401847,4,116965,0.294065,0.270497,0.689465,0.4,0.757501,0.75,0.039068,0.0001,2.42384e-15,999999,-1.412896e-01,3,Malaysian Exclusive Economic Zone,,,SVDNB_npp_d20140716_t1757431_e1803235_b14079_c20140717000324408388_noaa_ops.h5,GDNBO_npp_d20140716_t1757431_e1803235_b14079_c20140717000324408134_noaa_ops.h5,SVI04_npp_d20140716_t1757431_e1803235_b14079_c20140717000324402868_noaa_ops.dspace_rad,VNFF_npp_d20140716_t1757431_e1803235_b14079_v21.csv,World_EEZ_v8_2014.shp,WPP_BFAR_merge.shp,KKP_IDN_merge_20161208.shp,VNF-VBD_npp_20120301-20151231_global_asia-enhanced_c201607211230.bitmask,NCEI_NGA.union.nga_lead2.add_2015ntl.mask,timezone.shp,VBD_platforms-recurring_2015_r20170330.shp,0.2781,VBD_bridges_c20160811.shp,22.302559;20.657581;17.812403;13.013085;8.184108;3.331987;-1.539063;0.598278;2.699680;7.587820;12.484635;17.389103,102.195274;116.899490;131.129013;129.599106;128.217987;126.965988;125.829720;112.252083;98.601341;99.606560;100.547348;101.419044,npp_d20140716_t1757431_e1803235_b14079,150.956,27.7533,52.8824,98.4924,44.341,94.6305
1229,VBD_npp_d20140716_t1802103_x1053068E_y061197N_l2410_s0851_v23,2017-05-23 13:09:55,6.119669,105.306755,558.5,2014-07-16 18:02:10,2014-07-17 02:02:10,2410,851,0.402234,4,100837,1.42133,0.155703,0.833719,0.4,0.972615,0.75,0.0390772,0.0001,2.89164e-15,999999,5.410956e-01,3,Malaysian Exclusive Economic Zone,,,SVDNB_npp_d20140716_t1757431_e1803235_b14079_c20140717000324408388_noaa_ops.h5,GDNBO_npp_d20140716_t1757431_e1803235_b14079_c20140717000324408134_noaa_ops.h5,SVI04_npp_d20140716_t1757431_e1803235_b14079_c20140717000324402868_noaa_ops.dspace_rad,VNFF_npp_d20140716_t1757431_e1803235_b14079_v21.csv,World_EEZ_v8_2014.shp,WPP_BFAR_merge.shp,KKP_IDN_merge_20161208.shp,VNF-VBD_npp_20120301-20151231_global_asia-enhanced_c201607211230.bitmask,NCEI_NGA.union.nga_lead2.add_2015ntl.mask,timezone.shp,VBD_platforms-recurring_2015_r20170330.shp,999999,VBD_bridges_c20160811.shp,22.302559;20.657581;17.812403;13.013085;8.184108;3.331987;-1.539063;0.598278;2.699680;7.587820;12.484635;17.389103,102.195274;116.899490;131.129013;129.599106;128.217987;126.965988;125.829720;112.252083;98.601341;99.606560;100.547348;101.419044,npp_d20140716_t1757431_e1803235_b14079,149.205,26.7633,52.8011,97.9664,44.2327,96.5951
1230,VBD_npp_d20140716_t1802477_x1048512E_y040011N_l2737_s0852_v23,2017-05-23 13:09:55,4.001096,104.851242,6.72007,2014-07-16 18:02:47,2014-07-17 02:02:47,2737,852,0.382346,1,2529,0.319004,0.272408,0.754808,0.4,0.77732,0.75,0.0390567,0.0001,2.76521e-15,999999,-1.526483e-01,3,Indonesian Exclusive Economic Zone,WPP711,,SVDNB_npp_d20140716_t1757431_e1803235_b14079_c20140717000324408388_noaa_ops.h5,GDNBO_npp_d20140716_t1757431_e1803235_b14079_c20140717000324408134_noaa_ops.h5,SVI04_npp_d20140716_t1757431_e1803235_b14079_c20140717000324402868_noaa_ops.dspace_rad,VNFF_npp_d20140716_t1757431_e1803235_b14079_v21.csv,World_EEZ_v8_2014.shp,WPP_BFAR_merge.shp,KKP_IDN_merge_20161208.shp,VNF-VBD_npp_20120301-20151231_global_asia-enhanced_c201607211230.bitmask,NCEI_NGA.union.nga_lead2.add_2015ntl.mask,timezone.shp,VBD_platforms-recurring_2015_r20170330.shp,999999,VBD_bridges_c20160811.shp,22.302559;20.657581;17.812403;13.013085;8.184108;3.331987;-1.539063;0.598278;2.699680;7.587820;12.484635;17.389103,102.195274;116.899490;131.129013;129.599106;128.217987;126.965988;125.829720;112.252083;98.601341;99.606560;100.547348;101.419044,npp_d20140716_t1757431_e1803235_b14079,151.224,27.9751,52.7758,98.681,44.3351,94.3195
1231,VBD_npp_d20140716_t1803001_x1046813E_y032017N_l2860_s0852_v23,2017-05-23 13:09:55,3.201695,104.681290,5.58557,2014-07-16 18:03:00,2014-07-17 02:03:00,2860,852,0.395439,8,18657,0.30795,0.273207,0.597832,0.4,0.798789,0.75,0.0389554,0.0001,2.59578e-15,999999,-1.574007e-01,3,Malaysian Exclusive Economic Zone,,,SVDNB_npp_d20140716_t1757431_e1803235_b14079_c20140717000324408388_noaa_ops.h5,GDNBO_npp_d20140716_t1757431_e1803235_b14079_c20140717000324408134_noaa_ops.h5,SVI04_npp_d20140716_t1757431_e1803235_b14079_c20140717000324402868_noaa_ops.dspace_rad,VNFF_npp_d20140716_t1757431_e1803235_b14079_v21.csv,World_EEZ_v8_2014.shp,WPP_BFAR_merge.shp,KKP_IDN_merge_20161208.shp,VNF-VBD_npp_20120301-20151231_global_asia-enhanced_c201607211230.bitmask,NCEI_NGA.union.nga_lead2.add_2015ntl.mask,timezone.shp,VBD_platforms-recurring_2015_r20170330.shp,0.295013,VBD_bridges_c20160811.shp,22.302559;20.657581;17.812403;13.013085;8.184108;3.331987;-1.539063;0.598278;2.699680;7.587820;12.484635;17.389103,102.195274;116.899490;131.129013;129.599106;128.217987;126.965988;125.829720;112.252083;98.601341;99.606560;100.547348;101.419044,npp_d20140716_t1757431_e1803235_b14079,151.984,28.4749,52.7754,98.2475,44.4009,93.4672
1237,VBD_npp_d20140716_t1802210_x1052075E_y054990N_l2505_s0856_v23,2017-05-23 13:09:55,5.499038,105.207520,2422.13,2014-07-16 18:02:21,2014-07-17 02:02:21,2505,856,0.840764,4,100845,1.75939,0.127577,0.783909,0.4,0.980183,0.75,0.0391028,0.0001,3.41662e-15,999999,7.082926e-01,3,Malaysian Exclusive Economic Zone,,,SVDNB_npp_d20140716_t1757431_e1803235_b14079_c20140717000324408388_noaa_ops.h5,GDNBO_npp_d20140716_t1757431_e1803235_b14079_c20140717000324408134_noaa_ops.h5,SVI04_npp_d20140716_t1757431_e1803235_b14079_c20140717000324402868_noaa_ops.dspace_rad,VNFF_npp_d20140716_t1757431_e1803235_b14079_v21.csv,World_EEZ_v8_2014.shp,WPP_BFAR_merge.shp,KKP_IDN_merge_20161208.shp,VNF-VBD_npp_20120301-20151231_global_asia-enhanced_c201607211230.bitmask,NCEI_NGA.union.nga_lead2.add_2015ntl.mask,timezone.shp,VBD_platforms-recurring_2015_r20170330.shp,999999,VBD_bridges_c20160811.shp,22.302559;20.657581;17.812403;13.013085;8.184108;3.331987;-1.539063;0.598278;2.699680;7.587820;12.484635;17.389103,102.195274;116.899490;131.129013;129.599106;128.217987;126.965988;125.829720;112.252083;98.601341;99.606560;100.547348;101.419044,npp_d20140716_t1757431_e1803235_b14079,149.783,27.1528,52.6646,98.096,44.2205,95.9329
1238,VBD_npp_d20140716_t1802228_x1051879E_y054088N_l2519_s0856_v23,2017-05-23 13:09:55,5.408799,105.187874,793.66,2014-07-16 18:02:22,2014-07-17 02:02:22,2519,856,0.4003,4,100837,1.52029,0.22996,0.787942,0.4,0.973247,0.75,0.0391209,0.0001,3.42356e-15,999999,9.968307e-02,3,Malaysian Exclusive Economic Zone,,,SVDNB_npp_d20140716_t1757431_e1803235_b14079_c20140717000324408388_noaa_ops.h5,GDNBO_npp_d20140716_t1757431_e1803235_b14079_c20140717000324408134_noaa_ops.h5,SVI04_npp_d20140716_t1757431_e1803235_b14079_c20140717000324402868_noaa_ops.dspace_rad,VNFF_npp_d20140716_t1757431_e1803235_b14079_v21.csv,World_EEZ_v8_2014.shp,WPP_BFAR_merge.shp,KKP_IDN_merge_20161208.shp,VNF-VBD_npp_20120301-20151231_global_asia-enhanced_c201607211230.bitmask,NCEI_NGA.union.nga_lead2.add_2015ntl.mask,timezone.shp,VBD_platforms-recurring_2015_r20170330.shp,999999,VBD_bridges_c20160811.shp,22.302559;20.657581;17.812403;13.013085;8.184108;3.331987;-1.539063;0.598278;2.699680;7.587820;12.484635;17.389103,102.195274;116.899490;131.129013;129.599106;128.217987;126.965988;125.829720;112.252083;98.601341;99.606560;100.547348;101.419044,npp_d20140716_t1757431_e1803235_b14079,149.869,27.2039,52.6616,98.2073,44.2236,95.8358
1239,VBD_npp_d20140716_t1802566_x1047512E_y033986N_l2829_s0856_v23,2017-05-23 13:09:55,3.398583,104.751190,5.69639,2014-07-16 18:02:56,2014-07-17 02:02:56,2829,856,0.39914,8,18657,0.289471,0.264482,0.670267,0.4,0.794247,0.75,0.039005,0.0001,3.02809e-15,999999,-1.055340e-01,3,Malaysian Exclusive Economic Zone,,,SVDNB_npp_d20140716_t1757431_e1803235_b14079_c20140717000324408388_noaa_ops.h5,GDNBO_npp_d20140716_t1757431_e1803235_b14079_c20140717000324408134_noaa_ops.h5,SVI04_npp_d20140716_t1757431_e1803235_b14079_c20140717000324402868_noaa_ops.dspace_rad,VNFF_npp_d20140716_t1757431_e1803235_b14079_v21.csv,World_EEZ_v8_2014.shp,WPP_BFAR_merge.shp,KKP_IDN_merge_20161208.shp,VNF-VBD_npp_20120301-20151231_global_asia-enhanced_c201607211230.bitmask,NCEI_NGA.union.nga_lead2.add_2015ntl.mask,timezone.shp,VBD_platforms-recurring_2015_r20170330.shp,0.205604,VBD_bridges_c20160811.shp,22.302559;20.657581;17.812403;13.013085;8.184108;3.331987;-1.539063;0.598278;2.699680;7.587820;12.484635;17.389103,102.195274;116.899490;131.129013;129.599106;128.217987;126.965988;125.829720;112.252083;98.601341;99.606560;100.547348;101.419044,npp_d20140716_t1757431_e1803235_b14079,151.785,28.3932,52.6715,98.173,44.3573,93.68
1245,VBD_npp_d20140716_t1802228_x1052197E_y054327N_l2515_s0860_v23,2017-05-23 13:09:55,5.432667,105.219696,4311.36,2014-07-16 18:02:22,2014-07-17 02:02:22,2515,860,0.345166,4,100845,1.7471,0.287907,0.771255,0.4,0.987242,0.75,0.0391391,0.0001,4.00281e-15,999999,-2.447826e-01,3,Malaysian Exclusive Economic Zone,,,SVDNB_npp_d20140716_t1757431_e1803235_b14079_c20140717000324408388_noaa_ops.h5,GDNBO_npp_d20140716_t1757431_e1803235_b14079_c20140717000324408134_noaa_ops.h5,SVI04_npp_d20140716_t1757431_e1803235_b14079_c20140717000324402868_noaa_ops.dspace_rad,VNFF_npp_d20140716_t1757431_e1803235_b14079_v21.csv,World_EEZ_v8_2014.shp,WPP_BFAR_merge.shp,KKP_IDN_merge_20161208.shp,VNF-VBD_npp_20120301-20151231_global_asia-enhanced_c201607211230.bitmask,NCEI_NGA.union.nga_lead2.add_2015ntl.mask,timezone.shp,VBD_platforms-recurring_2015_r20170330.shp,999999,VBD_bridges_c20160811.shp,22.302559;20.657581;17.812403;13.013085;8.184108;3.331987;-1.539063;0.598278;2.699680;7.587820;12.484635;17.389103,102.195274;116.899490;131.129013;129.599106;128.217987;126.965988;125.829720;112.252083;98.601341;99.606560;100.547348;101.419044,npp_d20140716_t1757431_e1803235_b14079,149.833,27.2367,52.5474,98.4118,44.1942,95.8672
1246,VBD_npp_d20140716_t1803232_x1044485E_y018371N_l3069_s0862_v23,2017-05-23 13:09:55,1.837064,104.448471,41.6351,2014-07-16 18:03:23,2014-07-17 02:03:23,3069,862,0.397041,1,2529,0.986883,0.259748,0.906412,0.4,0.961264,0.75,0.0389081,0.0001,3.35857e-15,999999,-7.739325e-02,3,Malaysian Exclusive Economic Zone,,,SVDNB_npp_d20140716_t1757431_e1803235_b14079_c20140717000324408388_noaa_ops.h5,GDNBO_npp_d20140716_t1757431_e1803235_b14079_c20140717000324408134_noaa_ops.h5,SVI04_npp_d20140716_t1757431_e1803235_b14079_c20140717000324402868_noaa_ops.dspace_rad,VNFF_npp_d20140716_t1757431_e1803235_b14079_v21.csv,World_EEZ_v8_2014.shp,WPP_BFAR_merge.shp,KKP_IDN_merge_20161208.shp,VNF-VBD_npp_20120301-20151231_global_asia-enhanced_c201607211230.bitmask,NCEI_NGA.union.nga_lead2.add_2015ntl.mask,timezone.shp,VBD_platforms-recurring_2015_r20170330.shp,999999,VBD_bridges_c20160811.shp,22.302559;20.657581;17.812403;13.013085;8.184108;3.331987;-1.539063;0.598278;2.699680;7.587820;12.484635;17.389103,102.195274;116.899490;131.129013;129.599106;128.217987;126.965988;125.829720;112.252083;98.601341;99.606560;100.547348;101.419044,npp_d20140716_t1757431_e1803235_b14079,153.244,29.5157,52.4983,98.3773,44.4759,92.0281
1249,VBD_npp_d20140716_t1802245_x1052449E_y052306N_l2544_s0869_v23,2017-05-23 13:09:55,5.230561,105.244850,33.3668,2014-07-16 18:02:24,2014-07-17 02:02:24,2544,869,0.378037,8,18913,0.785417,0.294794,0.796861,0.4,0.875652,0.75,0.0392293,0.0001,5.49665e-15,999999,-2.857218e-01,3,Malaysian Exclusive Economic Zone,,,SVDNB_npp_d20140716_t1757431_e1803235_b14079_c20140717000324408388_noaa_ops.h5,GDNBO_npp_d20140716_t1757431_e1803235_b14079_c20140717000324408134_noaa_ops.h5,SVI04_npp_d20140716_t1757431_e1803235_b14079_c20140717000324402868_noaa_ops.dspace_rad,VNFF_npp_d20140716_t1757431_e1803235_b14079_v21.csv,World_EEZ_v8_2014.shp,WPP_BFAR_merge.shp,KKP_IDN_merge_20161208.shp,VNF-VBD_npp_20120301-20151231_global_asia-enhanced_c201607211230.bitmask,NCEI_NGA.union.nga_lead2.add_2015ntl.mask,timezone.shp,VBD_platforms-recurring_2015_r20170330.shp,0.468269,VBD_bridges_c20160811.shp,22.302559;20.657581;17.812403;13.013085;8.184108;3.331987;-1.539063;0.598278;2.699680;7.587820;12.484635;17.389103,102.195274;116.899490;131.129013;129.599106;128.217987;126.965988;125.829720;112.252083;98.601341;99.606560;100.547348;101.419044,npp_d20140716_t1757431_e1803235_b14079,149.998,27.4496,52.2979,97.7793,44.1412,95.6614
1250,VBD_npp_d20140716_t1802263_x1052453E_y052287N_l2545_s0870_v23,2017-05-23 13:09:55,5.228741,105.245316,16.7663,2014-07-16 18:02:26,2014-07-17 02:02:26,2545,870,0.378037,8,18913,0.577453,0.285065,0.796861,0.4,0.881048,0.75,0.0392365,0.0001,5.79422e-15,999999,-2.278856e-01,3,Malaysian Exclusive Economic Zone,,,SVDNB_npp_d20140716_t1757431_e1803235_b14079_c20140717000324408388_noaa_ops.h5,GDNBO_npp_d20140716_t1757431_e1803235_b14079_c20140717000324408134_noaa_ops.h5,SVI04_npp_d20140716_t1757431_e1803235_b14079_c20140717000324402868_noaa_ops.dspace_rad,VNFF_npp_d20140716_t1757431_e1803235_b14079_v21.csv,World_EEZ_v8_2014.shp,WPP_BFAR_merge.shp,KKP_IDN_merge_20161208.shp,VNF-VBD_npp_20120301-20151231_global_asia-enhanced_c201607211230.bitmask,NCEI_NGA.union.nga_lead2.add_2015ntl.mask,timezone.shp,VBD_platforms-recurring_2015_r20170330.shp,0.651149,VBD_bridges_c20160811.shp,22.302559;20.657581;17.812403;13.013085;8.184108;3.331987;-1.539063;0.598278;2.699680;7.587820;12.484635;17.389103,102.195274;116.899490;131.129013;129.599106;128.217987;126.965988;125.829720;112.252083;98.601341;99.606560;100.547348;101.419044,npp_d20140716_t1757431_e1803235_b14079,149.996,27.4639,52.2643,98.5449,44.1334,95.6609
1251,VBD_npp_d20140716_t1802299_x1052050E_y049996N_l2580_s0871_v23,2017-05-23 13:09:55,4.999606,105.205025,86.0974,2014-07-16 18:02:29,2014-07-17 02:02:29,2580,871,0.274619,4,100837,0.97614,0.231583,0.790725,0.4,0.927169,0.75,0.0392826,0.0001,5.97636e-15,999999,9.003094e-02,3,Malaysian Exclusive Economic Zone,,,SVDNB_npp_d20140716_t1757431_e1803235_b14079_c20140717000324408388_noaa_ops.h5,GDNBO_npp_d20140716_t1757431_e1803235_b14079_c20140717000324408134_noaa_ops.h5,SVI04_npp_d20140716_t1757431_e1803235_b14079_c20140717000324402868_noaa_ops.dspace_rad,VNFF_npp_d20140716_t1757431_e1803235_b14079_v21.csv,World_EEZ_v8_2014.shp,WPP_BFAR_merge.shp,KKP_IDN_merge_20161208.shp,VNF-VBD_npp_20120301-20151231_global_asia-enhanced_c201607211230.bitmask,NCEI_NGA.union.nga_lead2.add_2015ntl.mask,timezone.shp,VBD_platforms-recurring_2015_r20170330.shp,999999,VBD_bridges_c20160811.shp,22.302559;20.657581;17.812403;13.013085;8.184108;3.331987;-1.539063;0.598278;2.699680;7.587820;12.484635;17.389103,102.195274;116.899490;131.129013;129.599106;128.217987;126.965988;125.829720;112.252083;98.601341;99.606560;100.547348;101.419044,npp_d20140716_t1757431_e1803235_b14079,150.211,27.6067,52.2327,98.4221,44.137,95.4148
1254,VBD_npp_d20140716_t1802299_x1052472E_y050003N_l2579_s0877_v23,2017-05-23 13:09:55,5.000340,105.247162,250.095,2014-07-16 18:02:29,2014-07-17 02:02:29,2579,877,0.300695,4,100845,1.14532,0.220576,0.784449,0.4,0.914498,0.75,0.0393183,0.0001,7.48969e-15,999999,1.554606e-01,3,Malaysian Exclusive Economic Zone,,,SVDNB_npp_d20140716_t1757431_e1803235_b14079_c20140717000324408388_noaa_ops.h5,GDNBO_npp_d20140716_t1757431_e1803235_b14079_c20140717000324408134_noaa_ops.h5,SVI04_npp_d20140716_t1757431_e1803235_b14079_c20140717000324402868_noaa_ops.dspace_rad,VNFF_npp_d20140716_t1757431_e1803235_b14079_v21.csv,World_EEZ_v8_2014.shp,WPP_BFAR_merge.shp,KKP_IDN_merge_20161208.shp,VNF-VBD_npp_20120301-20151231_global_asia-enhanced_c201607211230.bitmask,NCEI_NGA.union.nga_lead2.add_2015ntl.mask,timezone.shp,VBD_platforms-recurring_2015_r20170330.shp,999999,VBD_bridges_c20160811.shp,22.302559;20.657581;17.812403;13.013085;8.184108;3.331987;-1.539063;0.598278;2.699680;7.587820;12.484635;17.389103,102.195274;116.899490;131.129013;129.599106;128.217987;126.965988;125.829720;112.252083;98.601341;99.606560;100.547348;101.419044,npp_d20140716_t1757431_e1803235_b14079,150.19,27.6747,52.0608,98.4762,44.0948,95.4235
1255,VBD_npp_d20140716_t1803037_x1048179E_y029595N_l2893_s0879_v23,2017-05-23 13:09:55,2.959527,104.817856,12.6665,2014-07-16 18:03:03,2014-07-17 02:03:03,2893,879,0.401295,8,18913,0.561551,0.222607,0.836729,0.4,0.908666,0.75,0.0390836,0.0001,7.03354e-15,999999,1.433883e-01,3,Malaysian Exclusive Economic Zone,,,SVDNB_npp_d20140716_t1757431_e1803235_b14079_c20140717000324408388_noaa_ops.h5,GDNBO_npp_d20140716_t1757431_e1803235_b14079_c20140717000324408134_noaa_ops.h5,SVI04_npp_d20140716_t1757431_e1803235_b14079_c20140717000324402868_noaa_ops.dspace_rad,VNFF_npp_d20140716_t1757431_e1803235_b14079_v21.csv,World_EEZ_v8_2014.shp,WPP_BFAR_merge.shp,KKP_IDN_merge_20161208.shp,VNF-VBD_npp_20120301-20151231_global_asia-enhanced_c201607211230.bitmask,NCEI_NGA.union.nga_lead2.add_2015ntl.mask,timezone.shp,VBD_platforms-recurring_2015_r20170330.shp,0.18729,VBD_bridges_c20160811.shp,22.302559;20.657581;17.812403;13.013085;8.184108;3.331987;-1.539063;0.598278;2.699680;7.587820;12.484635;17.389103,102.195274;116.899490;131.129013;129.599106;128.217987;126.965988;125.829720;112.252083;98.601341;99.606560;100.547348;101.419044,npp_d20140716_t1757431_e1803235_b14079,152.124,28.9523,52.0131,98.2267,44.2343,93.2306
1256,VBD_npp_d20140716_t1802299_x1052686E_y050041N_l2578_s0880_v23,2017-05-23 13:09:55,5.004116,105.268639,25.6364,2014-07-16 18:02:29,2014-07-17 02:02:29,2578,880,0.20258,7,100513,0.24123,0.214022,0.732769,0.4,0.49694,0.75,0.0393366,0.0001,8.38095e-15,999999,1.944216e-01,3,,,,SVDNB_npp_d20140716_t1757431_e1803235_b14079_c20140717000324408388_noaa_ops.h5,GDNBO_npp_d20140716_t1757431_e1803235_b14079_c20140717000324408134_noaa_ops.h5,SVI04_npp_d20140716_t1757431_e1803235_b14079_c20140717000324402868_noaa_ops.dspace_rad,VNFF_npp_d20140716_t1757431_e1803235_b14079_v21.csv,World_EEZ_v8_2014.shp,WPP_BFAR_merge.shp,KKP_IDN_merge_20161208.shp,VNF-VBD_npp_20120301-20151231_global_asia-enhanced_c201607211230.bitmask,NCEI_NGA.union.nga_lead2.add_2015ntl.mask,timezone.shp,VBD_platforms-recurring_2015_r20170330.shp,999999,VBD_bridges_c20160811.shp,22.302559;20.657581;17.812403;13.013085;8.184108;3.331987;-1.539063;0.598278;2.699680;7.587820;12.484635;17.389103,102.195274;116.899490;131.129013;129.599106;128.217987;126.965988;125.829720;112.252083;98.601341;99.606560;100.547348;101.419044,npp_d20140716_t1757431_e1803235_b14079,150.177,27.7066,51.975,98.5284,44.0736,95.4315
1257,VBD_npp_d20140716_t1802281_x1052839E_y050181N_l2575_s0881_v23,2017-05-23 13:09:55,5.018094,105.283936,35.4355,2014-07-16 18:02:28,2014-07-17 02:02:28,2575,881,0.288817,4,100773,0.320027,0.231637,0.732769,0.4,0.660656,0.75,0.0393395,0.0001,8.57763e-15,999999,8.971364e-02,3,Malaysian Exclusive Economic Zone,,,SVDNB_npp_d20140716_t1757431_e1803235_b14079_c20140717000324408388_noaa_ops.h5,GDNBO_npp_d20140716_t1757431_e1803235_b14079_c20140717000324408134_noaa_ops.h5,SVI04_npp_d20140716_t1757431_e1803235_b14079_c20140717000324402868_noaa_ops.dspace_rad,VNFF_npp_d20140716_t1757431_e1803235_b14079_v21.csv,World_EEZ_v8_2014.shp,WPP_BFAR_merge.shp,KKP_IDN_merge_20161208.shp,VNF-VBD_npp_20120301-20151231_global_asia-enhanced_c201607211230.bitmask,NCEI_NGA.union.nga_lead2.add_2015ntl.mask,timezone.shp,VBD_platforms-recurring_2015_r20170330.shp,999999,VBD_bridges_c20160811.shp,22.302559;20.657581;17.812403;13.013085;8.184108;3.331987;-1.539063;0.598278;2.699680;7.587820;12.484635;17.389103,102.195274;116.899490;131.129013;129.599106;128.217987;126.965988;125.829720;112.252083;98.601341;99.606560;100.547348;101.419044,npp_d20140716_t1757431_e1803235_b14079,150.161,27.7081,51.9513,97.8608,44.0668,95.4479
1260,VBD_npp_d20140716_t1802210_x1053827E_y054458N_l2509_s0882_v23,2017-05-23 13:09:55,5.445808,105.382683,737.341,2014-07-16 18:02:21,2014-07-17 02:02:21,2509,882,0.564321,4,100837,1.41045,0.106658,0.774931,0.4,0.970654,0.75,0.0392601,0.0001,9.07626e-15,999999,8.326415e-01,3,Malaysian Exclusive Economic Zone,,,SVDNB_npp_d20140716_t1757431_e1803235_b14079_c20140717000324408388_noaa_ops.h5,GDNBO_npp_d20140716_t1757431_e1803235_b14079_c20140717000324408134_noaa_ops.h5,SVI04_npp_d20140716_t1757431_e1803235_b14079_c20140717000324402868_noaa_ops.dspace_rad,VNFF_npp_d20140716_t1757431_e1803235_b14079_v21.csv,World_EEZ_v8_2014.shp,WPP_BFAR_merge.shp,KKP_IDN_merge_20161208.shp,VNF-VBD_npp_20120301-20151231_global_asia-enhanced_c201607211230.bitmask,NCEI_NGA.union.nga_lead2.add_2015ntl.mask,timezone.shp,VBD_platforms-recurring_2015_r20170330.shp,999999,VBD_bridges_c20160811.shp,22.302559;20.657581;17.812403;13.013085;8.184108;3.331987;-1.539063;0.598278;2.699680;7.587820;12.484635;17.389103,102.195274;116.899490;131.129013;129.599106;128.217987;126.965988;125.829720;112.252083;98.601341;99.606560;100.547348;101.419044,npp_d20140716_t1757431_e1803235_b14079,149.75,27.4773,51.9208,97.9102,44.0393,95.9127
1261,VBD_npp_d20140716_t1802281_x1052965E_y050093N_l2576_s0883_v23,2017-05-23 13:09:55,5.009347,105.296516,37.355,2014-07-16 18:02:28,2014-07-17 02:02:28,2576,883,0.251693,4,100517,0.297172,0.210619,0.653036,0.4,0.610455,0.75,0.0393525,0.0001,9.2241e-15,999999,2.146535e-01,3,Malaysian Exclusive Economic Zone,,,SVDNB_npp_d20140716_t1757431_e1803235_b14079_c20140717000324408388_noaa_ops.h5,GDNBO_npp_d20140716_t1757431_e1803235_b14079_c20140717000324408134_noaa_ops.h5,SVI04_npp_d20140716_t1757431_e1803235_b14079_c20140717000324402868_noaa_ops.dspace_rad,VNFF_npp_d20140716_t1757431_e1803235_b14079_v21.csv,World_EEZ_v8_2014.shp,WPP_BFAR_merge.shp,KKP_IDN_merge_20161208.shp,VNF-VBD_npp_20120301-20151231_global_asia-enhanced_c201607211230.bitmask,NCEI_NGA.union.nga_lead2.add_2015ntl.mask,timezone.shp,VBD_platforms-recurring_2015_r20170330.shp,999999,VBD_bridges_c20160811.shp,22.302559;20.657581;17.812403;13.013085;8.184108;3.331987;-1.539063;0.598278;2.699680;7.587820;12.484635;17.389103,102.195274;116.899490;131.129013;129.599106;128.217987;126.965988;125.829720;112.252083;98.601341;99.606560;100.547348;101.419044,npp_d20140716_t1757431_e1803235_b14079,150.163,27.7356,51.8945,97.8114,44.0533,95.441
1262,VBD_npp_d20140716_t1802441_x1051040E_y041440N_l2710_s0883_v23,2017-05-23 13:09:55,4.143965,105.103996,21.5012,2014-07-16 18:02:44,2014-07-17 02:02:44,2710,883,0.0664583,4,100837,0.534587,0.285327,0.67724,0.4,0.80919,0.75,0.0392586,0.0001,8.94397e-15,999999,-2.294481e-01,3,Indonesian Exclusive Economic Zone,WPP711,,SVDNB_npp_d20140716_t1757431_e1803235_b14079_c20140717000324408388_noaa_ops.h5,GDNBO_npp_d20140716_t1757431_e1803235_b14079_c20140717000324408134_noaa_ops.h5,SVI04_npp_d20140716_t1757431_e1803235_b14079_c20140717000324402868_noaa_ops.dspace_rad,VNFF_npp_d20140716_t1757431_e1803235_b14079_v21.csv,World_EEZ_v8_2014.shp,WPP_BFAR_merge.shp,KKP_IDN_merge_20161208.shp,VNF-VBD_npp_20120301-20151231_global_asia-enhanced_c201607211230.bitmask,NCEI_NGA.union.nga_lead2.add_2015ntl.mask,timezone.shp,VBD_platforms-recurring_2015_r20170330.shp,999999,VBD_bridges_c20160811.shp,22.302559;20.657581;17.812403;13.013085;8.184108;3.331987;-1.539063;0.598278;2.699680;7.587820;12.484635;17.389103,102.195274;116.899490;131.129013;129.599106;128.217987;126.965988;125.829720;112.252083;98.601341;99.606560;100.547348;101.419044,npp_d20140716_t1757431_e1803235_b14079,150.986,28.2493,51.892,98.4342,44.1061,94.5059
1264,VBD_npp_d20140716_t1802299_x1052968E_y050069N_l2577_s0884_v23,2017-05-23 13:09:55,5.006867,105.296814,24.5058,2014-07-16 18:02:29,2014-07-17 02:02:29,2577,884,0.251693,4,100517,0.271896,0.206287,0.653036,0.4,0.591909,0.75,0.0393596,0.0001,9.72349e-15,999999,2.404067e-01,3,Malaysian Exclusive Economic Zone,,,SVDNB_npp_d20140716_t1757431_e1803235_b14079_c20140717000324408388_noaa_ops.h5,GDNBO_npp_d20140716_t1757431_e1803235_b14079_c20140717000324408134_noaa_ops.h5,SVI04_npp_d20140716_t1757431_e1803235_b14079_c20140717000324402868_noaa_ops.dspace_rad,VNFF_npp_d20140716_t1757431_e1803235_b14079_v21.csv,World_EEZ_v8_2014.shp,WPP_BFAR_merge.shp,KKP_IDN_merge_20161208.shp,VNF-VBD_npp_20120301-20151231_global_asia-enhanced_c201607211230.bitmask,NCEI_NGA.union.nga_lead2.add_2015ntl.mask,timezone.shp,VBD_platforms-recurring_2015_r20170330.shp,999999,VBD_bridges_c20160811.shp,22.302559;20.657581;17.812403;13.013085;8.184108;3.331987;-1.539063;0.598278;2.699680;7.587820;12.484635;17.389103,102.195274;116.899490;131.129013;129.599106;128.217987;126.965988;125.829720;112.252083;98.601341;99.606560;100.547348;101.419044,npp_d20140716_t1757431_e1803235_b14079,150.162,27.7501,51.8607,98.5815,44.0456,95.4396
1267,VBD_npp_d20140716_t1802245_x1053574E_y052355N_l2541_s0885_v23,2017-05-23 13:09:55,5.235479,105.357384,5.45535,2014-07-16 18:02:24,2014-07-17 02:02:24,2541,885,0.399085,8,18657,0.282533,0.266233,0.797521,0.4,0.757645,0.75,0.039319,0.0001,1.00116e-14,999999,-1.159411e-01,3,Malaysian Exclusive Economic Zone,,,SVDNB_npp_d20140716_t1757431_e1803235_b14079_c20140717000324408388_noaa_ops.h5,GDNBO_npp_d20140716_t1757431_e1803235_b14079_c20140717000324408134_noaa_ops.h5,SVI04_npp_d20140716_t1757431_e1803235_b14079_c20140717000324402868_noaa_ops.dspace_rad,VNFF_npp_d20140716_t1757431_e1803235_b14079_v21.csv,World_EEZ_v8_2014.shp,WPP_BFAR_merge.shp,KKP_IDN_merge_20161208.shp,VNF-VBD_npp_20120301-20151231_global_asia-enhanced_c201607211230.bitmask,NCEI_NGA.union.nga_lead2.add_2015ntl.mask,timezone.shp,VBD_platforms-recurring_2015_r20170330.shp,0.248091,VBD_bridges_c20160811.shp,22.302559;20.657581;17.812403;13.013085;8.184108;3.331987;-1.539063;0.598278;2.699680;7.587820;12.484635;17.389103,102.195274;116.899490;131.129013;129.599106;128.217987;126.965988;125.829720;112.252083;98.601341;99.606560;100.547348;101.419044,npp_d20140716_t1757431_e1803235_b14079,149.941,27.6278,51.839,97.9375,44.0288,95.6886
1269,VBD_npp_d20140716_t1802245_x1053855E_y052384N_l2540_s0889_v23,2017-05-23 13:09:55,5.238396,105.385452,14.6909,2014-07-16 18:02:24,2014-07-17 02:02:24,2540,889,0.394831,8,18913,0.546299,0.252945,0.824135,0.4,0.856734,0.75,0.039341,0.0001,1.16028e-14,999999,-3.695367e-02,3,Malaysian Exclusive Economic Zone,,,SVDNB_npp_d20140716_t1757431_e1803235_b14079_c20140717000324408388_noaa_ops.h5,GDNBO_npp_d20140716_t1757431_e1803235_b14079_c20140717000324408134_noaa_ops.h5,SVI04_npp_d20140716_t1757431_e1803235_b14079_c20140717000324402868_noaa_ops.dspace_rad,VNFF_npp_d20140716_t1757431_e1803235_b14079_v21.csv,World_EEZ_v8_2014.shp,WPP_BFAR_merge.shp,KKP_IDN_merge_20161208.shp,VNF-VBD_npp_20120301-20151231_global_asia-enhanced_c201607211230.bitmask,NCEI_NGA.union.nga_lead2.add_2015ntl.mask,timezone.shp,VBD_platforms-recurring_2015_r20170330.shp,0.609883,VBD_bridges_c20160811.shp,22.302559;20.657581;17.812403;13.013085;8.184108;3.331987;-1.539063;0.598278;2.699680;7.587820;12.484635;17.389103,102.195274;116.899490;131.129013;129.599106;128.217987;126.965988;125.829720;112.252083;98.601341;99.606560;100.547348;101.419044,npp_d20140716_t1757431_e1803235_b14079,149.926,27.6708,51.7245,97.9899,44.0009,95.6972
1271,VBD_npp_d20140716_t1802245_x1053983E_y052781N_l2534_s0890_v23,2017-05-23 13:09:55,5.278140,105.398285,4.99705,2014-07-16 18:02:24,2014-07-17 02:02:24,2534,890,0.401571,8,51425,0.254009,0.238055,0.712502,0.4,0.758759,0.75,0.0393392,0.0001,1.2106e-14,999999,5.156025e-02,3,Malaysian Exclusive Economic Zone,,,SVDNB_npp_d20140716_t1757431_e1803235_b14079_c20140717000324408388_noaa_ops.h5,GDNBO_npp_d20140716_t1757431_e1803235_b14079_c20140717000324408134_noaa_ops.h5,SVI04_npp_d20140716_t1757431_e1803235_b14079_c20140717000324402868_noaa_ops.dspace_rad,VNFF_npp_d20140716_t1757431_e1803235_b14079_v21.csv,World_EEZ_v8_2014.shp,WPP_BFAR_merge.shp,KKP_IDN_merge_20161208.shp,VNF-VBD_npp_20120301-20151231_global_asia-enhanced_c201607211230.bitmask,NCEI_NGA.union.nga_lead2.add_2015ntl.mask,timezone.shp,VBD_platforms-recurring_2015_r20170330.shp,0.442244,VBD_bridges_c20160811.shp,22.302559;20.657581;17.812403;13.013085;8.184108;3.331987;-1.539063;0.598278;2.699680;7.587820;12.484635;17.389103,102.195274;116.899490;131.129013;129.599106;128.217987;126.965988;125.829720;112.252083;98.601341;99.606560;100.547348;101.419044,npp_d20140716_t1757431_e1803235_b14079,149.885,27.6597,51.6949,98.293,43.992,95.7416
1273,VBD_npp_d20140716_t1802263_x1053930E_y051928N_l2547_s0892_v23,2017-05-23 13:09:55,5.192846,105.392990,25.1271,2014-07-16 18:02:26,2014-07-17 02:02:26,2547,892,0.348039,1,2529,0.697126,0.270491,0.790104,0.4,0.868045,0.75,0.0393676,0.0001,1.30506e-14,999999,-1.412566e-01,3,Malaysian Exclusive Economic Zone,,,SVDNB_npp_d20140716_t1757431_e1803235_b14079_c20140717000324408388_noaa_ops.h5,GDNBO_npp_d20140716_t1757431_e1803235_b14079_c20140717000324408134_noaa_ops.h5,SVI04_npp_d20140716_t1757431_e1803235_b14079_c20140717000324402868_noaa_ops.dspace_rad,VNFF_npp_d20140716_t1757431_e1803235_b14079_v21.csv,World_EEZ_v8_2014.shp,WPP_BFAR_merge.shp,KKP_IDN_merge_20161208.shp,VNF-VBD_npp_20120301-20151231_global_asia-enhanced_c201607211230.bitmask,NCEI_NGA.union.nga_lead2.add_2015ntl.mask,timezone.shp,VBD_platforms-recurring_2015_r20170330.shp,999999,VBD_bridges_c20160811.shp,22.302559;20.657581;17.812403;13.013085;8.184108;3.331987;-1.539063;0.598278;2.699680;7.587820;12.484635;17.389103,102.195274;116.899490;131.129013;129.599106;128.217987;126.965988;125.829720;112.252083;98.601341;99.606560;100.547348;101.419044,npp_d20140716_t1757431_e1803235_b14079,149.959,27.7316,51.6352,98.4602,43.9816,95.6518
1277,VBD_npp_d20140716_t1802228_x1054441E_y053442N_l2523_s0894_v23,2017-05-23 13:09:55,5.344166,105.444084,24.142,2014-07-16 18:02:22,2014-07-17 02:02:22,2523,894,0.395715,8,51681,0.705667,0.24929,0.776999,0.4,0.903075,0.75,0.0393482,0.0001,1.40945e-14,999999,-1.522744e-02,3,Malaysian Exclusive Economic Zone,,,SVDNB_npp_d20140716_t1757431_e1803235_b14079_c20140717000324408388_noaa_ops.h5,GDNBO_npp_d20140716_t1757431_e1803235_b14079_c20140717000324408134_noaa_ops.h5,SVI04_npp_d20140716_t1757431_e1803235_b14079_c20140717000324402868_noaa_ops.dspace_rad,VNFF_npp_d20140716_t1757431_e1803235_b14079_v21.csv,World_EEZ_v8_2014.shp,WPP_BFAR_merge.shp,KKP_IDN_merge_20161208.shp,VNF-VBD_npp_20120301-20151231_global_asia-enhanced_c201607211230.bitmask,NCEI_NGA.union.nga_lead2.add_2015ntl.mask,timezone.shp,VBD_platforms-recurring_2015_r20170330.shp,0.268055,VBD_bridges_c20160811.shp,22.302559;20.657581;17.812403;13.013085;8.184108;3.331987;-1.539063;0.598278;2.699680;7.587820;12.484635;17.389103,102.195274;116.899490;131.129013;129.599106;128.217987;126.965988;125.829720;112.252083;98.601341;99.606560;100.547348;101.419044,npp_d20140716_t1757431_e1803235_b14079,149.809,27.6688,51.5751,98.0322,43.96,95.8192
1279,VBD_npp_d20140716_t1802210_x1054889E_y054652N_l2504_s0897_v23,2017-05-23 13:09:55,5.465184,105.488945,33.9256,2014-07-16 18:02:21,2014-07-17 02:02:21,2504,897,0.399748,8,51681,0.882127,0.25854,0.862328,0.4,0.94519,0.75,0.0393406,0.0001,1.57496e-14,999999,-7.021078e-02,3,Malaysian Exclusive Economic Zone,,,SVDNB_npp_d20140716_t1757431_e1803235_b14079_c20140717000324408388_noaa_ops.h5,GDNBO_npp_d20140716_t1757431_e1803235_b14079_c20140717000324408134_noaa_ops.h5,SVI04_npp_d20140716_t1757431_e1803235_b14079_c20140717000324402868_noaa_ops.dspace_rad,VNFF_npp_d20140716_t1757431_e1803235_b14079_v21.csv,World_EEZ_v8_2014.shp,WPP_BFAR_merge.shp,KKP_IDN_merge_20161208.shp,VNF-VBD_npp_20120301-20151231_global_asia-enhanced_c201607211230.bitmask,NCEI_NGA.union.nga_lead2.add_2015ntl.mask,timezone.shp,VBD_platforms-recurring_2015_r20170330.shp,0.338655,VBD_bridges_c20160811.shp,22.302559;20.657581;17.812403;13.013085;8.184108;3.331987;-1.539063;0.598278;2.699680;7.587820;12.484635;17.389103,102.195274;116.899490;131.129013;129.599106;128.217987;126.965988;125.829720;112.252083;98.601341;99.606560;100.547348;101.419044,npp_d20140716_t1757431_e1803235_b14079,149.684,27.6326,51.4917,98.1709,43.9348,95.9549
1280,VBD_npp_d20140716_t1802210_x1055086E_y054141N_l2511_s0901_v23,2017-05-23 13:09:55,5.414063,105.508583,37.6962,2014-07-16 18:02:21,2014-07-17 02:02:21,2511,901,0.397648,1,35297,0.911476,0.265836,0.847018,0.4,0.945296,0.75,0.0393721,0.0001,1.80524e-14,999999,-1.135817e-01,3,Malaysian Exclusive Economic Zone,,,SVDNB_npp_d20140716_t1757431_e1803235_b14079_c20140717000324408388_noaa_ops.h5,GDNBO_npp_d20140716_t1757431_e1803235_b14079_c20140717000324408134_noaa_ops.h5,SVI04_npp_d20140716_t1757431_e1803235_b14079_c20140717000324402868_noaa_ops.dspace_rad,VNFF_npp_d20140716_t1757431_e1803235_b14079_v21.csv,World_EEZ_v8_2014.shp,WPP_BFAR_merge.shp,KKP_IDN_merge_20161208.shp,VNF-VBD_npp_20120301-20151231_global_asia-enhanced_c201607211230.bitmask,NCEI_NGA.union.nga_lead2.add_2015ntl.mask,timezone.shp,VBD_platforms-recurring_2015_r20170330.shp,999999,VBD_bridges_c20160811.shp,22.302559;20.657581;17.812403;13.013085;8.184108;3.331987;-1.539063;0.598278;2.699680;7.587820;12.484635;17.389103,102.195274;116.899490;131.129013;129.599106;128.217987;126.965988;125.829720;112.252083;98.601341;99.606560;100.547348;101.419044,npp_d20140716_t1757431_e1803235_b14079,149.72,27.7047,51.3797,97.8187,43.9097,95.9048
1281,VBD_npp_d20140716_t1802228_x1054899E_y053307N_l2524_s0901_v23,2017-05-23 13:09:55,5.330681,105.489861,1270.78,2014-07-16 18:02:22,2014-07-17 02:02:22,2524,901,0.405493,4,100837,1.76023,0.194841,0.835572,0.4,0.980517,0.75,0.0393888,0.0001,1.81044e-14,999999,3.084461e-01,3,Malaysian Exclusive Economic Zone,,,SVDNB_npp_d20140716_t1757431_e1803235_b14079_c20140717000324408388_noaa_ops.h5,GDNBO_npp_d20140716_t1757431_e1803235_b14079_c20140717000324408134_noaa_ops.h5,SVI04_npp_d20140716_t1757431_e1803235_b14079_c20140717000324402868_noaa_ops.dspace_rad,VNFF_npp_d20140716_t1757431_e1803235_b14079_v21.csv,World_EEZ_v8_2014.shp,WPP_BFAR_merge.shp,KKP_IDN_merge_20161208.shp,VNF-VBD_npp_20120301-20151231_global_asia-enhanced_c201607211230.bitmask,NCEI_NGA.union.nga_lead2.add_2015ntl.mask,timezone.shp,VBD_platforms-recurring_2015_r20170330.shp,999999,VBD_bridges_c20160811.shp,22.302559;20.657581;17.812403;13.013085;8.184108;3.331987;-1.539063;0.598278;2.699680;7.587820;12.484635;17.389103,102.195274;116.899490;131.129013;129.599106;128.217987;126.965988;125.829720;112.252083;98.601341;99.606560;100.547348;101.419044,npp_d20140716_t1757431_e1803235_b14079,149.799,27.7531,51.3761,97.9854,43.9127,95.8141
1283,VBD_npp_d20140716_t1802530_x1051160E_y035510N_l2798_s0903_v23,2017-05-23 13:09:55,3.550964,105.115990,6.14728,2014-07-16 18:02:53,2014-07-17 02:02:53,2798,903,0.372291,1,2273,0.303059,0.300984,0.668195,0.4,0.79759,0.75,0.0393038,0.0001,1.76879e-14,999999,-3.225180e-01,3,Indonesian Exclusive Economic Zone,WPP711,,SVDNB_npp_d20140716_t1757431_e1803235_b14079_c20140717000324408388_noaa_ops.h5,GDNBO_npp_d20140716_t1757431_e1803235_b14079_c20140717000324408134_noaa_ops.h5,SVI04_npp_d20140716_t1757431_e1803235_b14079_c20140717000324402868_noaa_ops.dspace_rad,VNFF_npp_d20140716_t1757431_e1803235_b14079_v21.csv,World_EEZ_v8_2014.shp,WPP_BFAR_merge.shp,KKP_IDN_merge_20161208.shp,VNF-VBD_npp_20120301-20151231_global_asia-enhanced_c201607211230.bitmask,NCEI_NGA.union.nga_lead2.add_2015ntl.mask,timezone.shp,VBD_platforms-recurring_2015_r20170330.shp,999999,VBD_bridges_c20160811.shp,22.302559;20.657581;17.812403;13.013085;8.184108;3.331987;-1.539063;0.598278;2.699680;7.587820;12.484635;17.389103,102.195274;116.899490;131.129013;129.599106;128.217987;126.965988;125.829720;112.252083;98.601341;99.606560;100.547348;101.419044,npp_d20140716_t1757431_e1803235_b14079,151.484,28.8471,51.3246,98.1016,44.014,93.8861
1286,VBD_npp_d20140716_t1802494_x1051914E_y037816N_l2762_s0907_v23,2017-05-23 13:09:55,3.781650,105.191383,79.6713,2014-07-16 18:02:49,2014-07-17 01:02:49,2762,907,0.394555,1,2529,1.13719,0.243573,0.862504,0.4,0.953397,0.75,0.0393557,0.0001,2.07077e-14,999999,1.876024e-02,3,Indonesian Exclusive Economic Zone,WPP711,,SVDNB_npp_d20140716_t1757431_e1803235_b14079_c20140717000324408388_noaa_ops.h5,GDNBO_npp_d20140716_t1757431_e1803235_b14079_c20140717000324408134_noaa_ops.h5,SVI04_npp_d20140716_t1757431_e1803235_b14079_c20140717000324402868_noaa_ops.dspace_rad,VNFF_npp_d20140716_t1757431_e1803235_b14079_v21.csv,World_EEZ_v8_2014.shp,WPP_BFAR_merge.shp,KKP_IDN_merge_20161208.shp,VNF-VBD_npp_20120301-20151231_global_asia-enhanced_c201607211230.bitmask,NCEI_NGA.union.nga_lead2.add_2015ntl.mask,timezone.shp,VBD_platforms-recurring_2015_r20170330.shp,999999,VBD_bridges_c20160811.shp,22.302559;20.657581;17.812403;13.013085;8.184108;3.331987;-1.539063;0.598278;2.699680;7.587820;12.484635;17.389103,102.195274;116.899490;131.129013;129.599106;128.217987;126.965988;125.829720;112.252083;98.601341;99.606560;100.547348;101.419044,npp_d20140716_t1757431_e1803235_b14079,151.252,28.7445,51.2129,98.28,43.9688,94.1389
1287,VBD_npp_d20140716_t1802228_x1055443E_y053778N_l2516_s0908_v23,2017-05-23 13:09:55,5.377831,105.544304,15.1369,2014-07-16 18:02:22,2014-07-17 02:02:22,2516,908,0.4003,8,51681,0.590369,0.242668,0.776701,0.4,0.894089,0.75,0.0394179,0.0001,2.3378e-14,999999,2.413777e-02,3,Malaysian Exclusive Economic Zone,,,SVDNB_npp_d20140716_t1757431_e1803235_b14079_c20140717000324408388_noaa_ops.h5,GDNBO_npp_d20140716_t1757431_e1803235_b14079_c20140717000324408134_noaa_ops.h5,SVI04_npp_d20140716_t1757431_e1803235_b14079_c20140717000324402868_noaa_ops.dspace_rad,VNFF_npp_d20140716_t1757431_e1803235_b14079_v21.csv,World_EEZ_v8_2014.shp,WPP_BFAR_merge.shp,KKP_IDN_merge_20161208.shp,VNF-VBD_npp_20120301-20151231_global_asia-enhanced_c201607211230.bitmask,NCEI_NGA.union.nga_lead2.add_2015ntl.mask,timezone.shp,VBD_platforms-recurring_2015_r20170330.shp,0.327555,VBD_bridges_c20160811.shp,22.302559;20.657581;17.812403;13.013085;8.184108;3.331987;-1.539063;0.598278;2.699680;7.587820;12.484635;17.389103,102.195274;116.899490;131.129013;129.599106;128.217987;126.965988;125.829720;112.252083;98.601341;99.606560;100.547348;101.419044,npp_d20140716_t1757431_e1803235_b14079,149.732,27.8028,51.1761,98.3955,43.863,95.875
1294,VBD_npp_d20140716_t1802245_x1055951E_y052356N_l2536_s0920_v23,2017-05-23 13:09:55,5.235581,105.595100,137.554,2014-07-16 18:02:24,2014-07-17 02:02:24,2536,920,0.386268,4,100837,1.16382,0.240455,0.850673,0.4,0.955274,0.75,0.0395111,0.0001,3.50092e-14,999999,3.729553e-02,3,Indonesian Exclusive Economic Zone,WPP711,,SVDNB_npp_d20140716_t1757431_e1803235_b14079_c20140717000324408388_noaa_ops.h5,GDNBO_npp_d20140716_t1757431_e1803235_b14079_c20140717000324408134_noaa_ops.h5,SVI04_npp_d20140716_t1757431_e1803235_b14079_c20140717000324402868_noaa_ops.dspace_rad,VNFF_npp_d20140716_t1757431_e1803235_b14079_v21.csv,World_EEZ_v8_2014.shp,WPP_BFAR_merge.shp,KKP_IDN_merge_20161208.shp,VNF-VBD_npp_20120301-20151231_global_asia-enhanced_c201607211230.bitmask,NCEI_NGA.union.nga_lead2.add_2015ntl.mask,timezone.shp,VBD_platforms-recurring_2015_r20170330.shp,999999,VBD_bridges_c20160811.shp,22.302559;20.657581;17.812403;13.013085;8.184108;3.331987;-1.539063;0.598278;2.699680;7.587820;12.484635;17.389103,102.195274;116.899490;131.129013;129.599106;128.217987;126.965988;125.829720;112.252083;98.601341;99.606560;100.547348;101.419044,npp_d20140716_t1757431_e1803235_b14079,149.831,28.0104,50.8428,98.2097,43.7902,95.7355
1295,VBD_npp_d20140716_t1802192_x1056723E_y055186N_l2492_s0922_v23,2017-05-23 13:09:55,5.518584,105.672287,543.121,2014-07-16 18:02:19,2014-07-17 02:02:19,2492,922,0.406598,4,100845,1.76307,0.194245,0.88395,0.4,0.98626,0.75,0.0394659,0.0001,3.7917e-14,999999,3.119843e-01,3,Malaysian Exclusive Economic Zone,WPP711,,SVDNB_npp_d20140716_t1757431_e1803235_b14079_c20140717000324408388_noaa_ops.h5,GDNBO_npp_d20140716_t1757431_e1803235_b14079_c20140717000324408134_noaa_ops.h5,SVI04_npp_d20140716_t1757431_e1803235_b14079_c20140717000324402868_noaa_ops.dspace_rad,VNFF_npp_d20140716_t1757431_e1803235_b14079_v21.csv,World_EEZ_v8_2014.shp,WPP_BFAR_merge.shp,KKP_IDN_merge_20161208.shp,VNF-VBD_npp_20120301-20151231_global_asia-enhanced_c201607211230.bitmask,NCEI_NGA.union.nga_lead2.add_2015ntl.mask,timezone.shp,VBD_platforms-recurring_2015_r20170330.shp,999999,VBD_bridges_c20160811.shp,22.302559;20.657581;17.812403;13.013085;8.184108;3.331987;-1.539063;0.598278;2.699680;7.587820;12.484635;17.389103,102.195274;116.899490;131.129013;129.599106;128.217987;126.965988;125.829720;112.252083;98.601341;99.606560;100.547348;101.419044,npp_d20140716_t1757431_e1803235_b14079,149.555,27.8714,50.7833,97.9712,43.7638,96.0481
1296,VBD_npp_d20140716_t1802245_x1056061E_y052203N_l2538_s0922_v23,2017-05-23 13:09:55,5.220313,105.606133,8.75669,2014-07-16 18:02:24,2014-07-17 02:02:24,2538,922,0.377098,4,116901,0.309213,0.241893,0.850673,0.4,0.633319,0.75,0.0395249,0.0001,3.74361e-14,999999,2.874305e-02,3,Indonesian Exclusive Economic Zone,WPP711,,SVDNB_npp_d20140716_t1757431_e1803235_b14079_c20140717000324408388_noaa_ops.h5,GDNBO_npp_d20140716_t1757431_e1803235_b14079_c20140717000324408134_noaa_ops.h5,SVI04_npp_d20140716_t1757431_e1803235_b14079_c20140717000324402868_noaa_ops.dspace_rad,VNFF_npp_d20140716_t1757431_e1803235_b14079_v21.csv,World_EEZ_v8_2014.shp,WPP_BFAR_merge.shp,KKP_IDN_merge_20161208.shp,VNF-VBD_npp_20120301-20151231_global_asia-enhanced_c201607211230.bitmask,NCEI_NGA.union.nga_lead2.add_2015ntl.mask,timezone.shp,VBD_platforms-recurring_2015_r20170330.shp,0.225217,VBD_bridges_c20160811.shp,22.302559;20.657581;17.812403;13.013085;8.184108;3.331987;-1.539063;0.598278;2.699680;7.587820;12.484635;17.389103,102.195274;116.899490;131.129013;129.599106;128.217987;126.965988;125.829720;112.252083;98.601341;99.606560;100.547348;101.419044,npp_d20140716_t1757431_e1803235_b14079,149.839,28.0405,50.7866,98.1086,43.7776,95.7214
1298,VBD_npp_d20140716_t1802459_x1053394E_y039536N_l2733_s0923_v23,2017-05-23 13:09:55,3.953553,105.339439,132.444,2014-07-16 18:02:45,2014-07-17 01:02:45,2733,923,0.392621,1,2529,1.26461,0.245454,0.867905,0.4,0.965176,0.75,0.039468,0.0001,3.66601e-14,999999,7.575511e-03,3,Indonesian Exclusive Economic Zone,WPP711,,SVDNB_npp_d20140716_t1757431_e1803235_b14079_c20140717000324408388_noaa_ops.h5,GDNBO_npp_d20140716_t1757431_e1803235_b14079_c20140717000324408134_noaa_ops.h5,SVI04_npp_d20140716_t1757431_e1803235_b14079_c20140717000324402868_noaa_ops.dspace_rad,VNFF_npp_d20140716_t1757431_e1803235_b14079_v21.csv,World_EEZ_v8_2014.shp,WPP_BFAR_merge.shp,KKP_IDN_merge_20161208.shp,VNF-VBD_npp_20120301-20151231_global_asia-enhanced_c201607211230.bitmask,NCEI_NGA.union.nga_lead2.add_2015ntl.mask,timezone.shp,VBD_platforms-recurring_2015_r20170330.shp,999999,VBD_bridges_c20160811.shp,22.302559;20.657581;17.812403;13.013085;8.184108;3.331987;-1.539063;0.598278;2.699680;7.587820;12.484635;17.389103,102.195274;116.899490;131.129013;129.599106;128.217987;126.965988;125.829720;112.252083;98.601341;99.606560;100.547348;101.419044,npp_d20140716_t1757431_e1803235_b14079,151.038,28.8147,50.756,98.1075,43.8469,94.3412
1303,VBD_npp_d20140716_t1802281_x1055878E_y050088N_l2570_s0926_v23,2017-05-23 13:09:55,5.008766,105.587776,7.79747,2014-07-16 18:02:28,2014-07-17 02:02:28,2570,926,0.225673,4,51365,0.277742,0.271267,0.559836,0.4,0.629967,0.75,0.0395884,0.0001,4.2768e-14,999999,-1.458648e-01,3,Indonesian Exclusive Economic Zone,WPP711,,SVDNB_npp_d20140716_t1757431_e1803235_b14079_c20140717000324408388_noaa_ops.h5,GDNBO_npp_d20140716_t1757431_e1803235_b14079_c20140717000324408134_noaa_ops.h5,SVI04_npp_d20140716_t1757431_e1803235_b14079_c20140717000324402868_noaa_ops.dspace_rad,VNFF_npp_d20140716_t1757431_e1803235_b14079_v21.csv,World_EEZ_v8_2014.shp,WPP_BFAR_merge.shp,KKP_IDN_merge_20161208.shp,VNF-VBD_npp_20120301-20151231_global_asia-enhanced_c201607211230.bitmask,NCEI_NGA.union.nga_lead2.add_2015ntl.mask,timezone.shp,VBD_platforms-recurring_2015_r20170330.shp,0.598391,VBD_bridges_c20160811.shp,22.302559;20.657581;17.812403;13.013085;8.184108;3.331987;-1.539063;0.598278;2.699680;7.587820;12.484635;17.389103,102.195274;116.899490;131.129013;129.599106;128.217987;126.965988;125.829720;112.252083;98.601341;99.606560;100.547348;101.419044,npp_d20140716_t1757431_e1803235_b14079,150.027,28.2071,50.6708,98.1355,43.7607,95.4952
1304,VBD_npp_d20140716_t1802494_x1053230E_y037689N_l2761_s0927_v23,2017-05-23 13:09:55,3.768936,105.322968,40.6173,2014-07-16 18:02:49,2014-07-17 01:02:49,2761,927,0.402952,1,2529,0.875119,0.228868,0.840588,0.4,0.879312,0.75,0.0394689,0.0001,4.1614e-14,999999,1.061718e-01,3,Indonesian Exclusive Economic Zone,WPP711,,SVDNB_npp_d20140716_t1757431_e1803235_b14079_c20140717000324408388_noaa_ops.h5,GDNBO_npp_d20140716_t1757431_e1803235_b14079_c20140717000324408134_noaa_ops.h5,SVI04_npp_d20140716_t1757431_e1803235_b14079_c20140717000324402868_noaa_ops.dspace_rad,VNFF_npp_d20140716_t1757431_e1803235_b14079_v21.csv,World_EEZ_v8_2014.shp,WPP_BFAR_merge.shp,KKP_IDN_merge_20161208.shp,VNF-VBD_npp_20120301-20151231_global_asia-enhanced_c201607211230.bitmask,NCEI_NGA.union.nga_lead2.add_2015ntl.mask,timezone.shp,VBD_platforms-recurring_2015_r20170330.shp,999999,VBD_bridges_c20160811.shp,22.302559;20.657581;17.812403;13.013085;8.184108;3.331987;-1.539063;0.598278;2.699680;7.587820;12.484635;17.389103,102.195274;116.899490;131.129013;129.599106;128.217987;126.965988;125.829720;112.252083;98.601341;99.606560;100.547348;101.419044,npp_d20140716_t1757431_e1803235_b14079,151.2,28.9737,50.6462,98.3386,43.8352,94.1442
1308,VBD_npp_d20140716_t1801418_x1061785E_y077008N_l2155_s0928_v23,2017-05-23 13:09:55,7.700803,106.178497,7.5571,2014-07-16 18:01:41,2014-07-17 01:01:41,2155,928,0.408145,1,2529,0.423231,0.246708,0.797493,0.4,0.879532,0.75,0.0396295,0.0001,4.8061e-14,999999,1.247483e-04,3,Vietnamese Exclusive Economic Zone,,,SVDNB_npp_d20140716_t1757431_e1803235_b14079_c20140717000324408388_noaa_ops.h5,GDNBO_npp_d20140716_t1757431_e1803235_b14079_c20140717000324408134_noaa_ops.h5,SVI04_npp_d20140716_t1757431_e1803235_b14079_c20140717000324402868_noaa_ops.dspace_rad,VNFF_npp_d20140716_t1757431_e1803235_b14079_v21.csv,World_EEZ_v8_2014.shp,WPP_BFAR_merge.shp,KKP_IDN_merge_20161208.shp,VNF-VBD_npp_20120301-20151231_global_asia-enhanced_c201607211230.bitmask,NCEI_NGA.union.nga_lead2.add_2015ntl.mask,timezone.shp,VBD_platforms-recurring_2015_r20170330.shp,999999,VBD_bridges_c20160811.shp,22.302559;20.657581;17.812403;13.013085;8.184108;3.331987;-1.539063;0.598278;2.699680;7.587820;12.484635;17.389103,102.195274;116.899490;131.129013;129.599106;128.217987;126.965988;125.829720;112.252083;98.601341;99.606560;100.547348;101.419044,npp_d20140716_t1757431_e1803235_b14079,147.457,26.7815,50.6112,97.77,43.6878,98.4582
1310,VBD_npp_d20140716_t1802192_x1057178E_y055112N_l2492_s0929_v23,2017-05-23 13:09:55,5.511246,105.717789,5.51814,2014-07-16 18:02:19,2014-07-17 02:02:19,2492,929,0.403118,1,35041,0.264993,0.255523,0.845983,0.4,0.764133,0.75,0.0395053,0.0001,4.82272e-14,999999,-5.227673e-02,3,Indonesian Exclusive Economic Zone,WPP711,,SVDNB_npp_d20140716_t1757431_e1803235_b14079_c20140717000324408388_noaa_ops.h5,GDNBO_npp_d20140716_t1757431_e1803235_b14079_c20140717000324408134_noaa_ops.h5,SVI04_npp_d20140716_t1757431_e1803235_b14079_c20140717000324402868_noaa_ops.dspace_rad,VNFF_npp_d20140716_t1757431_e1803235_b14079_v21.csv,World_EEZ_v8_2014.shp,WPP_BFAR_merge.shp,KKP_IDN_merge_20161208.shp,VNF-VBD_npp_20120301-20151231_global_asia-enhanced_c201607211230.bitmask,NCEI_NGA.union.nga_lead2.add_2015ntl.mask,timezone.shp,VBD_platforms-recurring_2015_r20170330.shp,999999,VBD_bridges_c20160811.shp,22.302559;20.657581;17.812403;13.013085;8.184108;3.331987;-1.539063;0.598278;2.699680;7.587820;12.484635;17.389103,102.195274;116.899490;131.129013;129.599106;128.217987;126.965988;125.829720;112.252083;98.601341;99.606560;100.547348;101.419044,npp_d20140716_t1757431_e1803235_b14079,149.541,27.9497,50.5845,97.9687,43.7174,96.0497
1332,VBD_npp_d20140716_t1802299_x1056412E_y048517N_l2592_s0938_v23,2017-05-23 13:09:55,4.851742,105.641220,16.1724,2014-07-16 18:02:29,2014-07-17 01:02:29,2592,938,0.284563,8,18913,0.503978,0.29286,0.718156,0.4,0.842287,0.75,0.0396552,0.0001,6.51628e-14,999999,-2.742243e-01,3,Indonesian Exclusive Economic Zone,WPP711,,SVDNB_npp_d20140716_t1757431_e1803235_b14079_c20140717000324408388_noaa_ops.h5,GDNBO_npp_d20140716_t1757431_e1803235_b14079_c20140717000324408134_noaa_ops.h5,SVI04_npp_d20140716_t1757431_e1803235_b14079_c20140717000324402868_noaa_ops.dspace_rad,VNFF_npp_d20140716_t1757431_e1803235_b14079_v21.csv,World_EEZ_v8_2014.shp,WPP_BFAR_merge.shp,KKP_IDN_merge_20161208.shp,VNF-VBD_npp_20120301-20151231_global_asia-enhanced_c201607211230.bitmask,NCEI_NGA.union.nga_lead2.add_2015ntl.mask,timezone.shp,VBD_platforms-recurring_2015_r20170330.shp,0.577858,VBD_bridges_c20160811.shp,22.302559;20.657581;17.812403;13.013085;8.184108;3.331987;-1.539063;0.598278;2.699680;7.587820;12.484635;17.389103,102.195274;116.899490;131.129013;129.599106;128.217987;126.965988;125.829720;112.252083;98.601341;99.606560;100.547348;101.419044,npp_d20140716_t1757431_e1803235_b14079,150.137,28.4345,50.3123,97.8344,43.6848,95.339
1348,VBD_npp_d20140716_t1801401_x1062959E_y077842N_l2140_s0942_v23,2017-05-23 13:09:55,7.784206,106.295860,5.08821,2014-07-16 18:01:40,2014-07-17 01:01:40,2140,942,0.409636,1,2529,0.320559,0.231147,0.751146,0.4,0.832682,0.75,0.0397129,0.0001,7.93787e-14,999999,9.262332e-02,3,Vietnamese Exclusive Economic Zone,,,SVDNB_npp_d20140716_t1757431_e1803235_b14079_c20140717000324408388_noaa_ops.h5,GDNBO_npp_d20140716_t1757431_e1803235_b14079_c20140717000324408134_noaa_ops.h5,SVI04_npp_d20140716_t1757431_e1803235_b14079_c20140717000324402868_noaa_ops.dspace_rad,VNFF_npp_d20140716_t1757431_e1803235_b14079_v21.csv,World_EEZ_v8_2014.shp,WPP_BFAR_merge.shp,KKP_IDN_merge_20161208.shp,VNF-VBD_npp_20120301-20151231_global_asia-enhanced_c201607211230.bitmask,NCEI_NGA.union.nga_lead2.add_2015ntl.mask,timezone.shp,VBD_platforms-recurring_2015_r20170330.shp,999999,VBD_bridges_c20160811.shp,22.302559;20.657581;17.812403;13.013085;8.184108;3.331987;-1.539063;0.598278;2.699680;7.587820;12.484635;17.389103,102.195274;116.899490;131.129013;129.599106;128.217987;126.965988;125.829720;112.252083;98.601341;99.606560;100.547348;101.419044,npp_d20140716_t1757431_e1803235_b14079,147.333,26.8894,50.19,97.7144,43.591,98.5791
1353,VBD_npp_d20140716_t1802494_x1054367E_y037379N_l2763_s0944_v23,2017-05-23 13:09:55,3.737881,105.436691,7.69361,2014-07-16 18:02:49,2014-07-17 01:02:49,2763,944,0.412122,1,2529,0.399505,0.246223,0.763323,0.4,0.851079,0.75,0.0395629,0.0001,7.63764e-14,999999,3.003303e-03,3,Indonesian Exclusive Economic Zone,WPP711,,SVDNB_npp_d20140716_t1757431_e1803235_b14079_c20140717000324408388_noaa_ops.h5,GDNBO_npp_d20140716_t1757431_e1803235_b14079_c20140717000324408134_noaa_ops.h5,SVI04_npp_d20140716_t1757431_e1803235_b14079_c20140717000324402868_noaa_ops.dspace_rad,VNFF_npp_d20140716_t1757431_e1803235_b14079_v21.csv,World_EEZ_v8_2014.shp,WPP_BFAR_merge.shp,KKP_IDN_merge_20161208.shp,VNF-VBD_npp_20120301-20151231_global_asia-enhanced_c201607211230.bitmask,NCEI_NGA.union.nga_lead2.add_2015ntl.mask,timezone.shp,VBD_platforms-recurring_2015_r20170330.shp,999999,VBD_bridges_c20160811.shp,22.302559;20.657581;17.812403;13.013085;8.184108;3.331987;-1.539063;0.598278;2.699680;7.587820;12.484635;17.389103,102.195274;116.899490;131.129013;129.599106;128.217987;126.965988;125.829720;112.252083;98.601341;99.606560;100.547348;101.419044,npp_d20140716_t1757431_e1803235_b14079,151.172,29.1889,50.1361,98.2378,43.7183,94.1273
1359,VBD_npp_d20140716_t1801543_x1061647E_y069325N_l2270_s0949_v23,2017-05-23 13:09:55,6.932539,106.164688,7.2186,2014-07-16 18:01:54,2014-07-17 01:01:54,2270,949,0.346934,2,2465,0.369871,0.289789,0.724623,0.4,0.723567,0.75,0.0397052,0.0001,1.01255e-13,999999,-2.559669e-01,3,Vietnamese Exclusive Economic Zone,,,SVDNB_npp_d20140716_t1757431_e1803235_b14079_c20140717000324408388_noaa_ops.h5,GDNBO_npp_d20140716_t1757431_e1803235_b14079_c20140717000324408134_noaa_ops.h5,SVI04_npp_d20140716_t1757431_e1803235_b14079_c20140717000324402868_noaa_ops.dspace_rad,VNFF_npp_d20140716_t1757431_e1803235_b14079_v21.csv,World_EEZ_v8_2014.shp,WPP_BFAR_merge.shp,KKP_IDN_merge_20161208.shp,VNF-VBD_npp_20120301-20151231_global_asia-enhanced_c201607211230.bitmask,NCEI_NGA.union.nga_lead2.add_2015ntl.mask,timezone.shp,VBD_platforms-recurring_2015_r20170330.shp,999999,VBD_bridges_c20160811.shp,22.302559;20.657581;17.812403;13.013085;8.184108;3.331987;-1.539063;0.598278;2.699680;7.587820;12.484635;17.389103,102.195274;116.899490;131.129013;129.599106;128.217987;126.965988;125.829720;112.252083;98.601341;99.606560;100.547348;101.419044,npp_d20140716_t1757431_e1803235_b14079,148.123,27.395,49.9815,97.706,43.5426,97.6496
1366,VBD_npp_d20140716_t1801507_x1062431E_y072261N_l2225_s0952_v23,2017-05-23 13:09:55,7.226121,106.243103,13.2147,2014-07-16 18:01:50,2014-07-17 01:01:50,2225,952,0.41273,2,2465,0.591506,0.208051,0.817319,0.4,0.734882,0.75,0.0397393,0.0001,1.13395e-13,999999,2.299155e-01,3,Vietnamese Exclusive Economic Zone,,,SVDNB_npp_d20140716_t1757431_e1803235_b14079_c20140717000324408388_noaa_ops.h5,GDNBO_npp_d20140716_t1757431_e1803235_b14079_c20140717000324408134_noaa_ops.h5,SVI04_npp_d20140716_t1757431_e1803235_b14079_c20140717000324402868_noaa_ops.dspace_rad,VNFF_npp_d20140716_t1757431_e1803235_b14079_v21.csv,World_EEZ_v8_2014.shp,WPP_BFAR_merge.shp,KKP_IDN_merge_20161208.shp,VNF-VBD_npp_20120301-20151231_global_asia-enhanced_c201607211230.bitmask,NCEI_NGA.union.nga_lead2.add_2015ntl.mask,timezone.shp,VBD_platforms-recurring_2015_r20170330.shp,999999,VBD_bridges_c20160811.shp,22.302559;20.657581;17.812403;13.013085;8.184108;3.331987;-1.539063;0.598278;2.699680;7.587820;12.484635;17.389103,102.195274;116.899490;131.129013;129.599106;128.217987;126.965988;125.829720;112.252083;98.601341;99.606560;100.547348;101.419044,npp_d20140716_t1757431_e1803235_b14079,147.834,27.2769,49.8857,98.3822,43.5193,97.9806
1376,VBD_npp_d20140716_t1803019_x1053957E_y029729N_l2878_s0962_v23,2017-05-23 13:09:55,2.972927,105.395660,17.0062,2014-07-16 18:03:01,2014-07-17 01:03:01,2878,962,0.40588,1,2529,0.629091,0.248393,0.769238,0.4,0.906624,0.75,0.0395675,0.0001,1.37343e-13,999999,-9.894065e-03,3,Indonesian Exclusive Economic Zone,WPP711,Kepulauan Anambas Marine Nature Recreational Park,SVDNB_npp_d20140716_t1757431_e1803235_b14079_c20140717000324408388_noaa_ops.h5,GDNBO_npp_d20140716_t1757431_e1803235_b14079_c20140717000324408134_noaa_ops.h5,SVI04_npp_d20140716_t1757431_e1803235_b14079_c20140717000324402868_noaa_ops.dspace_rad,VNFF_npp_d20140716_t1757431_e1803235_b14079_v21.csv,World_EEZ_v8_2014.shp,WPP_BFAR_merge.shp,KKP_IDN_merge_20161208.shp,VNF-VBD_npp_20120301-20151231_global_asia-enhanced_c201607211230.bitmask,NCEI_NGA.union.nga_lead2.add_2015ntl.mask,timezone.shp,VBD_platforms-recurring_2015_r20170330.shp,999999,VBD_bridges_c20160811.shp,22.302559;20.657581;17.812403;13.013085;8.184108;3.331987;-1.539063;0.598278;2.699680;7.587820;12.484635;17.389103,102.195274;116.899490;131.129013;129.599106;128.217987;126.965988;125.829720;112.252083;98.601341;99.606560;100.547348;101.419044,npp_d20140716_t1757431_e1803235_b14079,151.832,29.9017,49.5908,98.1718,43.6589,93.3091
1378,VBD_npp_d20140716_t1802477_x1055842E_y038027N_l2750_s0963_v23,2017-05-23 13:09:55,3.802722,105.584190,70.2544,2014-07-16 18:02:47,2014-07-17 01:02:47,2750,963,0.413614,8,18913,1.13429,0.234241,0.884881,0.4,0.967327,0.75,0.0396797,0.0001,1.48708e-13,999999,7.423289e-02,3,Indonesian Exclusive Economic Zone,WPP711,,SVDNB_npp_d20140716_t1757431_e1803235_b14079_c20140717000324408388_noaa_ops.h5,GDNBO_npp_d20140716_t1757431_e1803235_b14079_c20140717000324408134_noaa_ops.h5,SVI04_npp_d20140716_t1757431_e1803235_b14079_c20140717000324402868_noaa_ops.dspace_rad,VNFF_npp_d20140716_t1757431_e1803235_b14079_v21.csv,World_EEZ_v8_2014.shp,WPP_BFAR_merge.shp,KKP_IDN_merge_20161208.shp,VNF-VBD_npp_20120301-20151231_global_asia-enhanced_c201607211230.bitmask,NCEI_NGA.union.nga_lead2.add_2015ntl.mask,timezone.shp,VBD_platforms-recurring_2015_r20170330.shp,0.186609,VBD_bridges_c20160811.shp,22.302559;20.657581;17.812403;13.013085;8.184108;3.331987;-1.539063;0.598278;2.699680;7.587820;12.484635;17.389103,102.195274;116.899490;131.129013;129.599106;128.217987;126.965988;125.829720;112.252083;98.601341;99.606560;100.547348;101.419044,npp_d20140716_t1757431_e1803235_b14079,151.047,29.3616,49.565,98.0728,43.5817,94.217
1397,VBD_npp_d20140716_t1802263_x1059350E_y050308N_l2559_s0975_v23,2017-05-23 13:09:55,5.030797,105.934959,11.1187,2014-07-16 18:02:26,2014-07-17 02:02:26,2559,975,0.325886,4,51685,0.414477,0.253205,0.721018,0.4,0.763736,0.75,0.0398495,0.0001,2.36826e-13,999999,-3.849885e-02,3,Indonesian Exclusive Economic Zone,WPP711,,SVDNB_npp_d20140716_t1757431_e1803235_b14079_c20140717000324408388_noaa_ops.h5,GDNBO_npp_d20140716_t1757431_e1803235_b14079_c20140717000324408134_noaa_ops.h5,SVI04_npp_d20140716_t1757431_e1803235_b14079_c20140717000324402868_noaa_ops.dspace_rad,VNFF_npp_d20140716_t1757431_e1803235_b14079_v21.csv,World_EEZ_v8_2014.shp,WPP_BFAR_merge.shp,KKP_IDN_merge_20161208.shp,VNF-VBD_npp_20120301-20151231_global_asia-enhanced_c201607211230.bitmask,NCEI_NGA.union.nga_lead2.add_2015ntl.mask,timezone.shp,VBD_platforms-recurring_2015_r20170330.shp,0.255531,VBD_bridges_c20160811.shp,22.302559;20.657581;17.812403;13.013085;8.184108;3.331987;-1.539063;0.598278;2.699680;7.587820;12.484635;17.389103,102.195274;116.899490;131.129013;129.599106;128.217987;126.965988;125.829720;112.252083;98.601341;99.606560;100.547348;101.419044,npp_d20140716_t1757431_e1803235_b14079,149.847,28.7326,49.2031,97.8775,43.4215,95.5839
1401,VBD_npp_d20140716_t1801401_x1065332E_y077651N_l2138_s0977_v23,2017-05-23 13:09:55,7.765059,106.533218,20.4148,2014-07-16 18:01:40,2014-07-17 01:01:40,2138,977,0.415492,1,2529,0.781614,0.195327,0.89027,0.4,0.950611,0.75,0.0399102,0.0001,2.65264e-13,999999,3.055535e-01,3,Vietnamese Exclusive Economic Zone,,,SVDNB_npp_d20140716_t1757431_e1803235_b14079_c20140717000324408388_noaa_ops.h5,GDNBO_npp_d20140716_t1757431_e1803235_b14079_c20140717000324408134_noaa_ops.h5,SVI04_npp_d20140716_t1757431_e1803235_b14079_c20140717000324402868_noaa_ops.dspace_rad,VNFF_npp_d20140716_t1757431_e1803235_b14079_v21.csv,World_EEZ_v8_2014.shp,WPP_BFAR_merge.shp,KKP_IDN_merge_20161208.shp,VNF-VBD_npp_20120301-20151231_global_asia-enhanced_c201607211230.bitmask,NCEI_NGA.union.nga_lead2.add_2015ntl.mask,timezone.shp,VBD_platforms-recurring_2015_r20170330.shp,999999,VBD_bridges_c20160811.shp,22.302559;20.657581;17.812403;13.013085;8.184108;3.331987;-1.539063;0.598278;2.699680;7.587820;12.484635;17.389103,102.195274;116.899490;131.129013;129.599106;128.217987;126.965988;125.829720;112.252083;98.601341;99.606560;100.547348;101.419044,npp_d20140716_t1757431_e1803235_b14079,147.243,27.2611,49.1388,97.8505,43.3526,98.6288
1403,VBD_npp_d20140716_t1803215_x1052471E_y018220N_l3053_s0978_v23,2017-05-23 13:09:55,1.822018,105.247124,101.817,2014-07-16 18:03:21,2014-07-17 01:03:21,3053,978,0.373783,1,2529,1.20847,0.283411,0.864488,0.4,0.962968,0.75,0.0395676,0.0001,2.16824e-13,999999,-2.180582e-01,3,Indonesian Exclusive Economic Zone,WPP711,,SVDNB_npp_d20140716_t1757431_e1803235_b14079_c20140717000324408388_noaa_ops.h5,GDNBO_npp_d20140716_t1757431_e1803235_b14079_c20140717000324408134_noaa_ops.h5,SVI04_npp_d20140716_t1757431_e1803235_b14079_c20140717000324402868_noaa_ops.dspace_rad,VNFF_npp_d20140716_t1757431_e1803235_b14079_v21.csv,World_EEZ_v8_2014.shp,WPP_BFAR_merge.shp,KKP_IDN_merge_20161208.shp,VNF-VBD_npp_20120301-20151231_global_asia-enhanced_c201607211230.bitmask,NCEI_NGA.union.nga_lead2.add_2015ntl.mask,timezone.shp,VBD_platforms-recurring_2015_r20170330.shp,999999,VBD_bridges_c20160811.shp,22.302559;20.657581;17.812403;13.013085;8.184108;3.331987;-1.539063;0.598278;2.699680;7.587820;12.484635;17.389103,102.195274;116.899490;131.129013;129.599106;128.217987;126.965988;125.829720;112.252083;98.601341;99.606560;100.547348;101.419044,npp_d20140716_t1757431_e1803235_b14079,152.859,30.9002,49.117,98.3646,43.6748,92.0675
1408,VBD_npp_d20140716_t1802566_x1055965E_y033195N_l2822_s0981_v23,2017-05-23 13:09:55,3.319493,105.596504,38.6895,2014-07-16 18:02:56,2014-07-17 01:02:56,2822,981,0.400466,8,18913,0.93914,0.264306,0.876647,0.4,0.954898,0.75,0.0397219,0.0001,2.68791e-13,999999,-1.044852e-01,3,Indonesian Exclusive Economic Zone,WPP711,,SVDNB_npp_d20140716_t1757431_e1803235_b14079_c20140717000324408388_noaa_ops.h5,GDNBO_npp_d20140716_t1757431_e1803235_b14079_c20140717000324408134_noaa_ops.h5,SVI04_npp_d20140716_t1757431_e1803235_b14079_c20140717000324402868_noaa_ops.dspace_rad,VNFF_npp_d20140716_t1757431_e1803235_b14079_v21.csv,World_EEZ_v8_2014.shp,WPP_BFAR_merge.shp,KKP_IDN_merge_20161208.shp,VNF-VBD_npp_20120301-20151231_global_asia-enhanced_c201607211230.bitmask,NCEI_NGA.union.nga_lead2.add_2015ntl.mask,timezone.shp,VBD_platforms-recurring_2015_r20170330.shp,0.62221,VBD_bridges_c20160811.shp,22.302559;20.657581;17.812403;13.013085;8.184108;3.331987;-1.539063;0.598278;2.699680;7.587820;12.484635;17.389103,102.195274;116.899490;131.129013;129.599106;128.217987;126.965988;125.829720;112.252083;98.601341;99.606560;100.547348;101.419044,npp_d20140716_t1757431_e1803235_b14079,151.443,29.878,49.0256,98.5699,43.4993,93.7034
1412,VBD_npp_d20140716_t1801596_x1063328E_y066494N_l2309_s0983_v23,2017-05-23 13:09:55,6.649372,106.332825,5.33121,2014-07-16 18:01:59,2014-07-17 01:01:59,2309,983,0.400245,8,18913,0.323963,0.234264,0.75481,0.4,0.845453,0.75,0.0398793,0.0001,3.21674e-13,999999,7.409871e-02,3,Vietnamese Exclusive Economic Zone,,,SVDNB_npp_d20140716_t1757431_e1803235_b14079_c20140717000324408388_noaa_ops.h5,GDNBO_npp_d20140716_t1757431_e1803235_b14079_c20140717000324408134_noaa_ops.h5,SVI04_npp_d20140716_t1757431_e1803235_b14079_c20140717000324402868_noaa_ops.dspace_rad,VNFF_npp_d20140716_t1757431_e1803235_b14079_v21.csv,World_EEZ_v8_2014.shp,WPP_BFAR_merge.shp,KKP_IDN_merge_20161208.shp,VNF-VBD_npp_20120301-20151231_global_asia-enhanced_c201607211230.bitmask,NCEI_NGA.union.nga_lead2.add_2015ntl.mask,timezone.shp,VBD_platforms-recurring_2015_r20170330.shp,0.0896333,VBD_bridges_c20160811.shp,22.302559;20.657581;17.812403;13.013085;8.184108;3.331987;-1.539063;0.598278;2.699680;7.587820;12.484635;17.389103,102.195274;116.899490;131.129013;129.599106;128.217987;126.965988;125.829720;112.252083;98.601341;99.606560;100.547348;101.419044,npp_d20140716_t1757431_e1803235_b14079,148.287,27.8996,48.9638,98.2494,43.316,97.3946
1415,VBD_npp_d20140716_t1802548_x1056434E_y034062N_l2808_s0985_v23,2017-05-23 13:09:55,3.406233,105.643387,22.9104,2014-07-16 18:02:54,2014-07-17 01:02:54,2808,985,0.406985,1,2529,0.767049,0.213812,0.860659,0.4,0.92872,0.75,0.0397563,0.0001,3.07918e-13,999999,1.956717e-01,3,Indonesian Exclusive Economic Zone,WPP711,,SVDNB_npp_d20140716_t1757431_e1803235_b14079_c20140717000324408388_noaa_ops.h5,GDNBO_npp_d20140716_t1757431_e1803235_b14079_c20140717000324408134_noaa_ops.h5,SVI04_npp_d20140716_t1757431_e1803235_b14079_c20140717000324402868_noaa_ops.dspace_rad,VNFF_npp_d20140716_t1757431_e1803235_b14079_v21.csv,World_EEZ_v8_2014.shp,WPP_BFAR_merge.shp,KKP_IDN_merge_20161208.shp,VNF-VBD_npp_20120301-20151231_global_asia-enhanced_c201607211230.bitmask,NCEI_NGA.union.nga_lead2.add_2015ntl.mask,timezone.shp,VBD_platforms-recurring_2015_r20170330.shp,999999,VBD_bridges_c20160811.shp,22.302559;20.657581;17.812403;13.013085;8.184108;3.331987;-1.539063;0.598278;2.699680;7.587820;12.484635;17.389103,102.195274;116.899490;131.129013;129.599106;128.217987;126.965988;125.829720;112.252083;98.601341;99.606560;100.547348;101.419044,npp_d20140716_t1757431_e1803235_b14079,151.348,29.8638,48.9063,98.4526,43.465,93.8021
1417,VBD_npp_d20140716_t1801401_x1066037E_y077894N_l2133_s0987_v23,2017-05-23 13:09:55,7.789386,106.603722,5.85483,2014-07-16 18:01:40,2014-07-17 01:01:40,2133,987,0.40925,8,18913,0.357157,0.259537,0.758728,0.4,0.848397,0.75,0.039968,0.0001,3.69396e-13,999999,-7.614028e-02,3,Vietnamese Exclusive Economic Zone,,,SVDNB_npp_d20140716_t1757431_e1803235_b14079_c20140717000324408388_noaa_ops.h5,GDNBO_npp_d20140716_t1757431_e1803235_b14079_c20140717000324408134_noaa_ops.h5,SVI04_npp_d20140716_t1757431_e1803235_b14079_c20140717000324402868_noaa_ops.dspace_rad,VNFF_npp_d20140716_t1757431_e1803235_b14079_v21.csv,World_EEZ_v8_2014.shp,WPP_BFAR_merge.shp,KKP_IDN_merge_20161208.shp,VNF-VBD_npp_20120301-20151231_global_asia-enhanced_c201607211230.bitmask,NCEI_NGA.union.nga_lead2.add_2015ntl.mask,timezone.shp,VBD_platforms-recurring_2015_r20170330.shp,0.215387,VBD_bridges_c20160811.shp,22.302559;20.657581;17.812403;13.013085;8.184108;3.331987;-1.539063;0.598278;2.699680;7.587820;12.484635;17.389103,102.195274;116.899490;131.129013;129.599106;128.217987;126.965988;125.829720;112.252083;98.601341;99.606560;100.547348;101.419044,npp_d20140716_t1757431_e1803235_b14079,147.189,27.3497,48.8395,98.131,43.2864,98.6758
1422,VBD_npp_d20140716_t1802281_x1060028E_y049068N_l2576_s0989_v23,2017-05-23 13:09:55,4.906828,106.002754,50.6721,2014-07-16 18:02:28,2014-07-17 02:02:28,2576,989,0.275393,4,100837,0.873511,0.247541,0.817665,0.4,0.915303,0.75,0.0399497,0.0001,3.75183e-13,999999,-4.829576e-03,3,Indonesian Exclusive Economic Zone,WPP711,,SVDNB_npp_d20140716_t1757431_e1803235_b14079_c20140717000324408388_noaa_ops.h5,GDNBO_npp_d20140716_t1757431_e1803235_b14079_c20140717000324408134_noaa_ops.h5,SVI04_npp_d20140716_t1757431_e1803235_b14079_c20140717000324402868_noaa_ops.dspace_rad,VNFF_npp_d20140716_t1757431_e1803235_b14079_v21.csv,World_EEZ_v8_2014.shp,WPP_BFAR_merge.shp,KKP_IDN_merge_20161208.shp,VNF-VBD_npp_20120301-20151231_global_asia-enhanced_c201607211230.bitmask,NCEI_NGA.union.nga_lead2.add_2015ntl.mask,timezone.shp,VBD_platforms-recurring_2015_r20170330.shp,999999,VBD_bridges_c20160811.shp,22.302559;20.657581;17.812403;13.013085;8.184108;3.331987;-1.539063;0.598278;2.699680;7.587820;12.484635;17.389103,102.195274;116.899490;131.129013;129.599106;128.217987;126.965988;125.829720;112.252083;98.601341;99.606560;100.547348;101.419044,npp_d20140716_t1757431_e1803235_b14079,149.919,28.9554,48.7853,97.8381,43.3341,95.4643
1423,VBD_npp_d20140716_t1802583_x1056312E_y032413N_l2833_s0989_v23,2017-05-23 13:09:55,3.241309,105.631210,61.9093,2014-07-16 18:02:58,2014-07-17 01:02:58,2833,989,0.407648,8,18913,0.961839,0.232239,0.82657,0.4,0.853777,0.75,0.0397576,0.0001,3.51963e-13,999999,8.613064e-02,3,Indonesian Exclusive Economic Zone,WPP711,,SVDNB_npp_d20140716_t1757431_e1803235_b14079_c20140717000324408388_noaa_ops.h5,GDNBO_npp_d20140716_t1757431_e1803235_b14079_c20140717000324408134_noaa_ops.h5,SVI04_npp_d20140716_t1757431_e1803235_b14079_c20140717000324402868_noaa_ops.dspace_rad,VNFF_npp_d20140716_t1757431_e1803235_b14079_v21.csv,World_EEZ_v8_2014.shp,WPP_BFAR_merge.shp,KKP_IDN_merge_20161208.shp,VNF-VBD_npp_20120301-20151231_global_asia-enhanced_c201607211230.bitmask,NCEI_NGA.union.nga_lead2.add_2015ntl.mask,timezone.shp,VBD_platforms-recurring_2015_r20170330.shp,0.484763,VBD_bridges_c20160811.shp,22.302559;20.657581;17.812403;13.013085;8.184108;3.331987;-1.539063;0.598278;2.699680;7.587820;12.484635;17.389103,102.195274;116.899490;131.129013;129.599106;128.217987;126.965988;125.829720;112.252083;98.601341;99.606560;100.547348;101.419044,npp_d20140716_t1757431_e1803235_b14079,151.49,30.0192,48.7843,98.859,43.452,93.6243
1426,VBD_npp_d20140716_t1802299_x1060023E_y049025N_l2577_s0990_v23,2017-05-23 13:09:55,4.902513,106.002342,78.9048,2014-07-16 18:02:29,2014-07-17 02:02:29,2577,990,0.275393,4,100837,1.05663,0.232884,0.817665,0.4,0.947613,0.75,0.0399566,0.0001,3.93315e-13,999999,8.230090e-02,3,Indonesian Exclusive Economic Zone,WPP711,,SVDNB_npp_d20140716_t1757431_e1803235_b14079_c20140717000324408388_noaa_ops.h5,GDNBO_npp_d20140716_t1757431_e1803235_b14079_c20140717000324408134_noaa_ops.h5,SVI04_npp_d20140716_t1757431_e1803235_b14079_c20140717000324402868_noaa_ops.dspace_rad,VNFF_npp_d20140716_t1757431_e1803235_b14079_v21.csv,World_EEZ_v8_2014.shp,WPP_BFAR_merge.shp,KKP_IDN_merge_20161208.shp,VNF-VBD_npp_20120301-20151231_global_asia-enhanced_c201607211230.bitmask,NCEI_NGA.union.nga_lead2.add_2015ntl.mask,timezone.shp,VBD_platforms-recurring_2015_r20170330.shp,999999,VBD_bridges_c20160811.shp,22.302559;20.657581;17.812403;13.013085;8.184108;3.331987;-1.539063;0.598278;2.699680;7.587820;12.484635;17.389103,102.195274;116.899490;131.129013;129.599106;128.217987;126.965988;125.829720;112.252083;98.601341;99.606560;100.547348;101.419044,npp_d20140716_t1757431_e1803235_b14079,149.92,28.9701,48.7504,98.6699,43.3269,95.4608
1429,VBD_npp_d20140716_t1802281_x1060427E_y049967N_l2562_s0993_v23,2017-05-23 13:09:55,4.996650,106.042679,38.9831,2014-07-16 18:02:28,2014-07-17 02:02:28,2562,993,0.186173,4,100837,0.730497,0.29034,0.771771,0.4,0.859404,0.75,0.0399545,0.0001,4.33616e-13,999999,-2.592457e-01,3,Indonesian Exclusive Economic Zone,WPP711,,SVDNB_npp_d20140716_t1757431_e1803235_b14079_c20140717000324408388_noaa_ops.h5,GDNBO_npp_d20140716_t1757431_e1803235_b14079_c20140717000324408134_noaa_ops.h5,SVI04_npp_d20140716_t1757431_e1803235_b14079_c20140717000324402868_noaa_ops.dspace_rad,VNFF_npp_d20140716_t1757431_e1803235_b14079_v21.csv,World_EEZ_v8_2014.shp,WPP_BFAR_merge.shp,KKP_IDN_merge_20161208.shp,VNF-VBD_npp_20120301-20151231_global_asia-enhanced_c201607211230.bitmask,NCEI_NGA.union.nga_lead2.add_2015ntl.mask,timezone.shp,VBD_platforms-recurring_2015_r20170330.shp,999999,VBD_bridges_c20160811.shp,22.302559;20.657581;17.812403;13.013085;8.184108;3.331987;-1.539063;0.598278;2.699680;7.587820;12.484635;17.389103,102.195274;116.899490;131.129013;129.599106;128.217987;126.965988;125.829720;112.252083;98.601341;99.606560;100.547348;101.419044,npp_d20140716_t1757431_e1803235_b14079,149.821,28.9439,48.6635,98.6036,43.3027,95.569
1430,VBD_npp_d20140716_t1802530_x1057247E_y035420N_l2786_s0993_v23,2017-05-23 13:09:55,3.542034,105.724724,7.06302,2014-07-16 18:02:53,2014-07-17 01:02:53,2786,993,0.403615,8,18913,0.337647,0.29294,0.6986,0.4,0.786467,0.75,0.0398198,0.0001,4.07843e-13,999999,-2.746995e-01,3,Indonesian Exclusive Economic Zone,WPP711,Kepulauan Anambas Marine Nature Recreational Park,SVDNB_npp_d20140716_t1757431_e1803235_b14079_c20140717000324408388_noaa_ops.h5,GDNBO_npp_d20140716_t1757431_e1803235_b14079_c20140717000324408134_noaa_ops.h5,SVI04_npp_d20140716_t1757431_e1803235_b14079_c20140717000324402868_noaa_ops.dspace_rad,VNFF_npp_d20140716_t1757431_e1803235_b14079_v21.csv,World_EEZ_v8_2014.shp,WPP_BFAR_merge.shp,KKP_IDN_merge_20161208.shp,VNF-VBD_npp_20120301-20151231_global_asia-enhanced_c201607211230.bitmask,NCEI_NGA.union.nga_lead2.add_2015ntl.mask,timezone.shp,VBD_platforms-recurring_2015_r20170330.shp,0.705249,VBD_bridges_c20160811.shp,22.302559;20.657581;17.812403;13.013085;8.184108;3.331987;-1.539063;0.598278;2.699680;7.587820;12.484635;17.389103,102.195274;116.899490;131.129013;129.599106;128.217987;126.965988;125.829720;112.252083;98.601341;99.606560;100.547348;101.419044,npp_d20140716_t1757431_e1803235_b14079,151.193,29.8616,48.6642,98.7688,43.3995,93.9587
1433,VBD_npp_d20140716_t1802548_x1057028E_y033631N_l2813_s0995_v23,2017-05-23 13:09:55,3.363137,105.702805,6.98061,2014-07-16 18:02:54,2014-07-17 01:02:54,2813,995,0.408808,8,18913,0.383501,0.25268,0.772994,0.4,0.843045,0.75,0.0398083,0.0001,4.24222e-13,999999,-3.537428e-02,3,Indonesian Exclusive Economic Zone,WPP711,,SVDNB_npp_d20140716_t1757431_e1803235_b14079_c20140717000324408388_noaa_ops.h5,GDNBO_npp_d20140716_t1757431_e1803235_b14079_c20140717000324408134_noaa_ops.h5,SVI04_npp_d20140716_t1757431_e1803235_b14079_c20140717000324402868_noaa_ops.dspace_rad,VNFF_npp_d20140716_t1757431_e1803235_b14079_v21.csv,World_EEZ_v8_2014.shp,WPP_BFAR_merge.shp,KKP_IDN_merge_20161208.shp,VNF-VBD_npp_20120301-20151231_global_asia-enhanced_c201607211230.bitmask,NCEI_NGA.union.nga_lead2.add_2015ntl.mask,timezone.shp,VBD_platforms-recurring_2015_r20170330.shp,0.319268,VBD_bridges_c20160811.shp,22.302559;20.657581;17.812403;13.013085;8.184108;3.331987;-1.539063;0.598278;2.699680;7.587820;12.484635;17.389103,102.195274;116.899490;131.129013;129.599106;128.217987;126.965988;125.829720;112.252083;98.601341;99.606560;100.547348;101.419044,npp_d20140716_t1757431_e1803235_b14079,151.356,30.0007,48.6094,98.1832,43.4022,93.7634
1440,VBD_npp_d20140716_t1802530_x1057594E_y034686N_l2796_s1000_v23,2017-05-23 13:09:55,3.468572,105.759384,102.786,2014-07-16 18:02:53,2014-07-17 01:02:53,2796,1000,0.407482,8,18913,1.25235,0.228288,0.899869,0.4,0.969419,0.75,0.0398508,0.0001,5.04361e-13,999999,1.096191e-01,3,Indonesian Exclusive Economic Zone,WPP711,Kepulauan Anambas Marine Nature Recreational Park,SVDNB_npp_d20140716_t1757431_e1803235_b14079_c20140717000324408388_noaa_ops.h5,GDNBO_npp_d20140716_t1757431_e1803235_b14079_c20140717000324408134_noaa_ops.h5,SVI04_npp_d20140716_t1757431_e1803235_b14079_c20140717000324402868_noaa_ops.dspace_rad,VNFF_npp_d20140716_t1757431_e1803235_b14079_v21.csv,World_EEZ_v8_2014.shp,WPP_BFAR_merge.shp,KKP_IDN_merge_20161208.shp,VNF-VBD_npp_20120301-20151231_global_asia-enhanced_c201607211230.bitmask,NCEI_NGA.union.nga_lead2.add_2015ntl.mask,timezone.shp,VBD_platforms-recurring_2015_r20170330.shp,0.277123,VBD_bridges_c20160811.shp,22.302559;20.657581;17.812403;13.013085;8.184108;3.331987;-1.539063;0.598278;2.699680;7.587820;12.484635;17.389103,102.195274;116.899490;131.129013;129.599106;128.217987;126.965988;125.829720;112.252083;98.601341;99.606560;100.547348;101.419044,npp_d20140716_t1757431_e1803235_b14079,151.24,29.985,48.4571,98.2251,43.3595,93.884
1443,VBD_npp_d20140716_t1802281_x1060954E_y049547N_l2567_s1002_v23,2017-05-23 13:09:55,4.954709,106.095406,106.429,2014-07-16 18:02:28,2014-07-17 02:02:28,2567,1002,0.283237,4,100837,1.22388,0.246767,0.865236,0.4,0.962348,0.75,0.0400114,0.0001,5.77432e-13,999999,-2.265521e-04,3,Indonesian Exclusive Economic Zone,WPP711,,SVDNB_npp_d20140716_t1757431_e1803235_b14079_c20140717000324408388_noaa_ops.h5,GDNBO_npp_d20140716_t1757431_e1803235_b14079_c20140717000324408134_noaa_ops.h5,SVI04_npp_d20140716_t1757431_e1803235_b14079_c20140717000324402868_noaa_ops.dspace_rad,VNFF_npp_d20140716_t1757431_e1803235_b14079_v21.csv,World_EEZ_v8_2014.shp,WPP_BFAR_merge.shp,KKP_IDN_merge_20161208.shp,VNF-VBD_npp_20120301-20151231_global_asia-enhanced_c201607211230.bitmask,NCEI_NGA.union.nga_lead2.add_2015ntl.mask,timezone.shp,VBD_platforms-recurring_2015_r20170330.shp,999999,VBD_bridges_c20160811.shp,22.302559;20.657581;17.812403;13.013085;8.184108;3.331987;-1.539063;0.598278;2.699680;7.587820;12.484635;17.389103,102.195274;116.899490;131.129013;129.599106;128.217987;126.965988;125.829720;112.252083;98.601341;99.606560;100.547348;101.419044,npp_d20140716_t1757431_e1803235_b14079,149.833,29.0625,48.3959,98.3357,43.2457,95.5337
1447,VBD_npp_d20140716_t1802299_x1061063E_y048529N_l2582_s1007_v23,2017-05-23 13:09:55,4.852876,106.106255,7.29819,2014-07-16 18:02:29,2014-07-17 01:02:29,2582,1007,0.372899,1,2529,0.372294,0.26096,0.720653,0.4,0.822828,0.75,0.0400498,0.0001,6.77691e-13,999999,-8.459777e-02,3,Indonesian Exclusive Economic Zone,WPP711,,SVDNB_npp_d20140716_t1757431_e1803235_b14079_c20140717000324408388_noaa_ops.h5,GDNBO_npp_d20140716_t1757431_e1803235_b14079_c20140717000324408134_noaa_ops.h5,SVI04_npp_d20140716_t1757431_e1803235_b14079_c20140717000324402868_noaa_ops.dspace_rad,VNFF_npp_d20140716_t1757431_e1803235_b14079_v21.csv,World_EEZ_v8_2014.shp,WPP_BFAR_merge.shp,KKP_IDN_merge_20161208.shp,VNF-VBD_npp_20120301-20151231_global_asia-enhanced_c201607211230.bitmask,NCEI_NGA.union.nga_lead2.add_2015ntl.mask,timezone.shp,VBD_platforms-recurring_2015_r20170330.shp,999999,VBD_bridges_c20160811.shp,22.302559;20.657581;17.812403;13.013085;8.184108;3.331987;-1.539063;0.598278;2.699680;7.587820;12.484635;17.389103,102.195274;116.899490;131.129013;129.599106;128.217987;126.965988;125.829720;112.252083;98.601341;99.606560;100.547348;101.419044,npp_d20140716_t1757431_e1803235_b14079,149.913,29.1768,48.2447,98.4071,43.2177,95.4266
1448,VBD_npp_d20140716_t1802530_x1058123E_y034743N_l2794_s1008_v23,2017-05-23 13:09:55,3.474271,105.812317,63.6727,2014-07-16 18:02:53,2014-07-17 01:02:53,2794,1008,0.410355,1,2529,1.08848,0.230624,0.889563,0.4,0.958466,0.75,0.0398975,0.0001,6.53853e-13,999999,9.573179e-02,3,Indonesian Exclusive Economic Zone,WPP711,Kepulauan Anambas Marine Nature Recreational Park,SVDNB_npp_d20140716_t1757431_e1803235_b14079_c20140717000324408388_noaa_ops.h5,GDNBO_npp_d20140716_t1757431_e1803235_b14079_c20140717000324408134_noaa_ops.h5,SVI04_npp_d20140716_t1757431_e1803235_b14079_c20140717000324402868_noaa_ops.dspace_rad,VNFF_npp_d20140716_t1757431_e1803235_b14079_v21.csv,World_EEZ_v8_2014.shp,WPP_BFAR_merge.shp,KKP_IDN_merge_20161208.shp,VNF-VBD_npp_20120301-20151231_global_asia-enhanced_c201607211230.bitmask,NCEI_NGA.union.nga_lead2.add_2015ntl.mask,timezone.shp,VBD_platforms-recurring_2015_r20170330.shp,999999,VBD_bridges_c20160811.shp,22.302559;20.657581;17.812403;13.013085;8.184108;3.331987;-1.539063;0.598278;2.699680;7.587820;12.484635;17.389103,102.195274;116.899490;131.129013;129.599106;128.217987;126.965988;125.829720;112.252083;98.601341;99.606560;100.547348;101.419044,npp_d20140716_t1757431_e1803235_b14079,151.209,30.0663,48.2189,98.3371,43.3065,93.8973
1449,VBD_npp_d20140716_t1802477_x1058859E_y037782N_l2747_s1009_v23,2017-05-23 13:09:55,3.778185,105.885933,23.3871,2014-07-16 18:02:47,2014-07-17 01:02:47,2747,1009,0.404002,8,18913,0.782575,0.245687,0.853537,0.4,0.921039,0.75,0.0399407,0.0001,6.84326e-13,999999,6.193758e-03,3,Indonesian Exclusive Economic Zone,WPP711,,SVDNB_npp_d20140716_t1757431_e1803235_b14079_c20140717000324408388_noaa_ops.h5,GDNBO_npp_d20140716_t1757431_e1803235_b14079_c20140717000324408134_noaa_ops.h5,SVI04_npp_d20140716_t1757431_e1803235_b14079_c20140717000324402868_noaa_ops.dspace_rad,VNFF_npp_d20140716_t1757431_e1803235_b14079_v21.csv,World_EEZ_v8_2014.shp,WPP_BFAR_merge.shp,KKP_IDN_merge_20161208.shp,VNF-VBD_npp_20120301-20151231_global_asia-enhanced_c201607211230.bitmask,NCEI_NGA.union.nga_lead2.add_2015ntl.mask,timezone.shp,VBD_platforms-recurring_2015_r20170330.shp,0.394568,VBD_bridges_c20160811.shp,22.302559;20.657581;17.812403;13.013085;8.184108;3.331987;-1.539063;0.598278;2.699680;7.587820;12.484635;17.389103,102.195274;116.899490;131.129013;129.599106;128.217987;126.965988;125.829720;112.252083;98.601341;99.606560;100.547348;101.419044,npp_d20140716_t1757431_e1803235_b14079,150.92,29.8753,48.1903,98.245,43.2757,94.2345
1451,VBD_npp_d20140716_t1802566_x1057853E_y032563N_l2827_s1011_v23,2017-05-23 13:09:55,3.256344,105.785271,12.5246,2014-07-16 18:02:56,2014-07-17 01:02:56,2827,1011,0.41378,8,18913,0.560665,0.222181,0.831822,0.4,0.898816,0.75,0.0398865,0.0001,7.12865e-13,999999,1.459222e-01,3,Indonesian Exclusive Economic Zone,WPP711,,SVDNB_npp_d20140716_t1757431_e1803235_b14079_c20140717000324408388_noaa_ops.h5,GDNBO_npp_d20140716_t1757431_e1803235_b14079_c20140717000324408134_noaa_ops.h5,SVI04_npp_d20140716_t1757431_e1803235_b14079_c20140717000324402868_noaa_ops.dspace_rad,VNFF_npp_d20140716_t1757431_e1803235_b14079_v21.csv,World_EEZ_v8_2014.shp,WPP_BFAR_merge.shp,KKP_IDN_merge_20161208.shp,VNF-VBD_npp_20120301-20151231_global_asia-enhanced_c201607211230.bitmask,NCEI_NGA.union.nga_lead2.add_2015ntl.mask,timezone.shp,VBD_platforms-recurring_2015_r20170330.shp,0.323872,VBD_bridges_c20160811.shp,22.302559;20.657581;17.812403;13.013085;8.184108;3.331987;-1.539063;0.598278;2.699680;7.587820;12.484635;17.389103,102.195274;116.899490;131.129013;129.599106;128.217987;126.965988;125.829720;112.252083;98.601341;99.606560;100.547348;101.419044,npp_d20140716_t1757431_e1803235_b14079,151.403,30.2463,48.1261,98.3022,43.3047,93.6591
1454,VBD_npp_d20140716_t1802494_x1058865E_y036426N_l2767_s1013_v23,2017-05-23 13:09:55,3.642559,105.886536,14.5363,2014-07-16 18:02:49,2014-07-17 01:02:49,2767,1013,0.394223,8,18913,0.6022,0.266371,0.833883,0.4,0.909864,0.75,0.0399478,0.0001,7.77066e-13,999999,-1.167654e-01,3,Indonesian Exclusive Economic Zone,WPP711,,SVDNB_npp_d20140716_t1757431_e1803235_b14079_c20140717000324408388_noaa_ops.h5,GDNBO_npp_d20140716_t1757431_e1803235_b14079_c20140717000324408134_noaa_ops.h5,SVI04_npp_d20140716_t1757431_e1803235_b14079_c20140717000324402868_noaa_ops.dspace_rad,VNFF_npp_d20140716_t1757431_e1803235_b14079_v21.csv,World_EEZ_v8_2014.shp,WPP_BFAR_merge.shp,KKP_IDN_merge_20161208.shp,VNF-VBD_npp_20120301-20151231_global_asia-enhanced_c201607211230.bitmask,NCEI_NGA.union.nga_lead2.add_2015ntl.mask,timezone.shp,VBD_platforms-recurring_2015_r20170330.shp,0.145943,VBD_bridges_c20160811.shp,22.302559;20.657581;17.812403;13.013085;8.184108;3.331987;-1.539063;0.598278;2.699680;7.587820;12.484635;17.389103,102.195274;116.899490;131.129013;129.599106;128.217987;126.965988;125.829720;112.252083;98.601341;99.606560;100.547348;101.419044,npp_d20140716_t1757431_e1803235_b14079,151.033,30.0103,48.0617,98.0283,43.2579,94.0883
1455,VBD_npp_d20140716_t1802566_x1058065E_y033021N_l2820_s1013_v23,2017-05-23 13:09:55,3.302118,105.806480,10.6079,2014-07-16 18:02:56,2014-07-17 01:02:56,2820,1013,0.411957,8,18913,0.483184,0.271029,0.852387,0.4,0.880967,0.75,0.0399037,0.0001,7.72803e-13,999999,-1.444539e-01,3,Indonesian Exclusive Economic Zone,WPP711,,SVDNB_npp_d20140716_t1757431_e1803235_b14079_c20140717000324408388_noaa_ops.h5,GDNBO_npp_d20140716_t1757431_e1803235_b14079_c20140717000324408134_noaa_ops.h5,SVI04_npp_d20140716_t1757431_e1803235_b14079_c20140717000324402868_noaa_ops.dspace_rad,VNFF_npp_d20140716_t1757431_e1803235_b14079_v21.csv,World_EEZ_v8_2014.shp,WPP_BFAR_merge.shp,KKP_IDN_merge_20161208.shp,VNF-VBD_npp_20120301-20151231_global_asia-enhanced_c201607211230.bitmask,NCEI_NGA.union.nga_lead2.add_2015ntl.mask,timezone.shp,VBD_platforms-recurring_2015_r20170330.shp,0.754561,VBD_bridges_c20160811.shp,22.302559;20.657581;17.812403;13.013085;8.184108;3.331987;-1.539063;0.598278;2.699680;7.587820;12.484635;17.389103,102.195274;116.899490;131.129013;129.599106;128.217987;126.965988;125.829720;112.252083;98.601341;99.606560;100.547348;101.419044,npp_d20140716_t1757431_e1803235_b14079,151.353,30.2388,48.0599,98.7011,43.2863,93.7114
1456,VBD_npp_d20140716_t1803215_x1054827E_y018412N_l3045_s1013_v23,2017-05-23 13:09:55,1.841210,105.482697,115.33,2014-07-16 18:03:21,2014-07-17 01:03:21,3045,1013,0.415327,1,2529,1.30855,0.223888,0.896568,0.4,0.973576,0.75,0.0397647,0.0001,7.0224e-13,999999,1.357744e-01,3,Indonesian Exclusive Economic Zone,WPP711,,SVDNB_npp_d20140716_t1757431_e1803235_b14079_c20140717000324408388_noaa_ops.h5,GDNBO_npp_d20140716_t1757431_e1803235_b14079_c20140717000324408134_noaa_ops.h5,SVI04_npp_d20140716_t1757431_e1803235_b14079_c20140717000324402868_noaa_ops.dspace_rad,VNFF_npp_d20140716_t1757431_e1803235_b14079_v21.csv,World_EEZ_v8_2014.shp,WPP_BFAR_merge.shp,KKP_IDN_merge_20161208.shp,VNF-VBD_npp_20120301-20151231_global_asia-enhanced_c201607211230.bitmask,NCEI_NGA.union.nga_lead2.add_2015ntl.mask,timezone.shp,VBD_platforms-recurring_2015_r20170330.shp,999999,VBD_bridges_c20160811.shp,22.302559;20.657581;17.812403;13.013085;8.184108;3.331987;-1.539063;0.598278;2.699680;7.587820;12.484635;17.389103,102.195274;116.899490;131.129013;129.599106;128.217987;126.965988;125.829720;112.252083;98.601341;99.606560;100.547348;101.419044,npp_d20140716_t1757431_e1803235_b14079,152.721,31.2806,48.0601,98.8134,43.4372,92.1049
1462,VBD_npp_d20140716_t1801418_x1067629E_y076391N_l2152_s1015_v23,2017-05-23 13:09:55,7.639076,106.762871,35.4207,2014-07-16 18:01:41,2014-07-17 01:01:41,2152,1015,0.413062,1,2529,0.965094,0.247776,0.893906,0.4,0.972945,0.75,0.0401197,0.0001,9.26716e-13,999999,-6.223394e-03,3,Vietnamese Exclusive Economic Zone,,,SVDNB_npp_d20140716_t1757431_e1803235_b14079_c20140717000324408388_noaa_ops.h5,GDNBO_npp_d20140716_t1757431_e1803235_b14079_c20140717000324408134_noaa_ops.h5,SVI04_npp_d20140716_t1757431_e1803235_b14079_c20140717000324402868_noaa_ops.dspace_rad,VNFF_npp_d20140716_t1757431_e1803235_b14079_v21.csv,World_EEZ_v8_2014.shp,WPP_BFAR_merge.shp,KKP_IDN_merge_20161208.shp,VNF-VBD_npp_20120301-20151231_global_asia-enhanced_c201607211230.bitmask,NCEI_NGA.union.nga_lead2.add_2015ntl.mask,timezone.shp,VBD_platforms-recurring_2015_r20170330.shp,999999,VBD_bridges_c20160811.shp,22.302559;20.657581;17.812403;13.013085;8.184108;3.331987;-1.539063;0.598278;2.699680;7.587820;12.484635;17.389103,102.195274;116.899490;131.129013;129.599106;128.217987;126.965988;125.829720;112.252083;98.601341;99.606560;100.547348;101.419044,npp_d20140716_t1757431_e1803235_b14079,147.246,27.7072,47.9879,98.0013,43.0985,98.5629
1478,VBD_npp_d20140716_t1802566_x1058606E_y032869N_l2821_s1021_v23,2017-05-23 13:09:55,3.286858,105.860588,70.7671,2014-07-16 18:02:56,2014-07-17 01:02:56,2821,1021,0.412454,8,18913,1.13034,0.255166,0.890836,0.4,0.963758,0.75,0.0399479,0.0001,1.01665e-12,999999,-5.015465e-02,3,Indonesian Exclusive Economic Zone,WPP711,,SVDNB_npp_d20140716_t1757431_e1803235_b14079_c20140717000324408388_noaa_ops.h5,GDNBO_npp_d20140716_t1757431_e1803235_b14079_c20140717000324408134_noaa_ops.h5,SVI04_npp_d20140716_t1757431_e1803235_b14079_c20140717000324402868_noaa_ops.dspace_rad,VNFF_npp_d20140716_t1757431_e1803235_b14079_v21.csv,World_EEZ_v8_2014.shp,WPP_BFAR_merge.shp,KKP_IDN_merge_20161208.shp,VNF-VBD_npp_20120301-20151231_global_asia-enhanced_c201607211230.bitmask,NCEI_NGA.union.nga_lead2.add_2015ntl.mask,timezone.shp,VBD_platforms-recurring_2015_r20170330.shp,0.260249,VBD_bridges_c20160811.shp,22.302559;20.657581;17.812403;13.013085;8.184108;3.331987;-1.539063;0.598278;2.699680;7.587820;12.484635;17.389103,102.195274;116.899490;131.129013;129.599106;128.217987;126.965988;125.829720;112.252083;98.601341;99.606560;100.547348;101.419044,npp_d20140716_t1757431_e1803235_b14079,151.339,30.3414,47.7992,98.6478,43.2307,93.7018
1487,VBD_npp_d20140716_t1801472_x1067585E_y072699N_l2207_s1025_v23,2017-05-23 13:09:55,7.269924,106.758522,12.2101,2014-07-16 18:01:47,2014-07-17 01:01:47,2207,1025,0.411736,1,2529,0.560056,0.238014,0.905942,0.4,0.90698,0.75,0.040157,0.0001,1.30184e-12,999999,5.180527e-02,3,Vietnamese Exclusive Economic Zone,,,SVDNB_npp_d20140716_t1757431_e1803235_b14079_c20140717000324408388_noaa_ops.h5,GDNBO_npp_d20140716_t1757431_e1803235_b14079_c20140717000324408134_noaa_ops.h5,SVI04_npp_d20140716_t1757431_e1803235_b14079_c20140717000324402868_noaa_ops.dspace_rad,VNFF_npp_d20140716_t1757431_e1803235_b14079_v21.csv,World_EEZ_v8_2014.shp,WPP_BFAR_merge.shp,KKP_IDN_merge_20161208.shp,VNF-VBD_npp_20120301-20151231_global_asia-enhanced_c201607211230.bitmask,NCEI_NGA.union.nga_lead2.add_2015ntl.mask,timezone.shp,VBD_platforms-recurring_2015_r20170330.shp,999999,VBD_bridges_c20160811.shp,22.302559;20.657581;17.812403;13.013085;8.184108;3.331987;-1.539063;0.598278;2.699680;7.587820;12.484635;17.389103,102.195274;116.899490;131.129013;129.599106;128.217987;126.965988;125.829720;112.252083;98.601341;99.606560;100.547348;101.419044,npp_d20140716_t1757431_e1803235_b14079,147.564,28.0038,47.6651,97.6438,43.027,98.1673
1493,VBD_npp_d20140716_t1802494_x1059802E_y036566N_l2763_s1026_v23,2017-05-23 13:09:55,3.656587,105.980186,28.7556,2014-07-16 18:02:49,2014-07-17 01:02:49,2763,1026,0.405769,1,2529,0.812161,0.25866,0.850823,0.4,0.933512,0.75,0.0400241,0.0001,1.22124e-12,999999,-7.092283e-02,3,Indonesian Exclusive Economic Zone,WPP711,,SVDNB_npp_d20140716_t1757431_e1803235_b14079_c20140717000324408388_noaa_ops.h5,GDNBO_npp_d20140716_t1757431_e1803235_b14079_c20140717000324408134_noaa_ops.h5,SVI04_npp_d20140716_t1757431_e1803235_b14079_c20140717000324402868_noaa_ops.dspace_rad,VNFF_npp_d20140716_t1757431_e1803235_b14079_v21.csv,World_EEZ_v8_2014.shp,WPP_BFAR_merge.shp,KKP_IDN_merge_20161208.shp,VNF-VBD_npp_20120301-20151231_global_asia-enhanced_c201607211230.bitmask,NCEI_NGA.union.nga_lead2.add_2015ntl.mask,timezone.shp,VBD_platforms-recurring_2015_r20170330.shp,999999,VBD_bridges_c20160811.shp,22.302559;20.657581;17.812403;13.013085;8.184108;3.331987;-1.539063;0.598278;2.699680;7.587820;12.484635;17.389103,102.195274;116.899490;131.129013;129.599106;128.217987;126.965988;125.829720;112.252083;98.601341;99.606560;100.547348;101.419044,npp_d20140716_t1757431_e1803235_b14079,150.974,30.1495,47.637,98.2602,43.1645,94.1168
1494,VBD_npp_d20140716_t1803144_x1056679E_y022630N_l2978_s1026_v23,2017-05-23 13:09:55,2.263011,105.667908,12.9027,2014-07-16 18:03:14,2014-07-17 01:03:14,2978,1026,0.266112,2,2465,0.323811,0.341943,0.47552,0.4,0.631726,0.75,0.039838,0.0001,1.13883e-12,999999,-5.659976e-01,3,Indonesian Exclusive Economic Zone,WPP711,Kepulauan Anambas Marine Nature Recreational Park,SVDNB_npp_d20140716_t1757431_e1803235_b14079_c20140717000324408388_noaa_ops.h5,GDNBO_npp_d20140716_t1757431_e1803235_b14079_c20140717000324408134_noaa_ops.h5,SVI04_npp_d20140716_t1757431_e1803235_b14079_c20140717000324402868_noaa_ops.dspace_rad,VNFF_npp_d20140716_t1757431_e1803235_b14079_v21.csv,World_EEZ_v8_2014.shp,WPP_BFAR_merge.shp,KKP_IDN_merge_20161208.shp,VNF-VBD_npp_20120301-20151231_global_asia-enhanced_c201607211230.bitmask,NCEI_NGA.union.nga_lead2.add_2015ntl.mask,timezone.shp,VBD_platforms-recurring_2015_r20170330.shp,999999,VBD_bridges_c20160811.shp,22.302559;20.657581;17.812403;13.013085;8.184108;3.331987;-1.539063;0.598278;2.699680;7.587820;12.484635;17.389103,102.195274;116.899490;131.129013;129.599106;128.217987;126.965988;125.829720;112.252083;98.601341;99.606560;100.547348;101.419044,npp_d20140716_t1757431_e1803235_b14079,152.279,31.1219,47.6359,98.9399,43.2963,92.5749
1495,VBD_npp_d20140716_t1801472_x1067713E_y072612N_l2208_s1027_v23,2017-05-23 13:09:55,7.261219,106.771271,45.5582,2014-07-16 18:01:47,2014-07-17 01:01:47,2208,1027,0.411128,1,2529,0.945042,0.248635,0.923617,0.4,0.958957,0.75,0.0401679,0.0001,1.3924e-12,999999,-1.133382e-02,3,Vietnamese Exclusive Economic Zone,,,SVDNB_npp_d20140716_t1757431_e1803235_b14079_c20140717000324408388_noaa_ops.h5,GDNBO_npp_d20140716_t1757431_e1803235_b14079_c20140717000324408134_noaa_ops.h5,SVI04_npp_d20140716_t1757431_e1803235_b14079_c20140717000324402868_noaa_ops.dspace_rad,VNFF_npp_d20140716_t1757431_e1803235_b14079_v21.csv,World_EEZ_v8_2014.shp,WPP_BFAR_merge.shp,KKP_IDN_merge_20161208.shp,VNF-VBD_npp_20120301-20151231_global_asia-enhanced_c201607211230.bitmask,NCEI_NGA.union.nga_lead2.add_2015ntl.mask,timezone.shp,VBD_platforms-recurring_2015_r20170330.shp,999999,VBD_bridges_c20160811.shp,22.302559;20.657581;17.812403;13.013085;8.184108;3.331987;-1.539063;0.598278;2.699680;7.587820;12.484635;17.389103,102.195274;116.899490;131.129013;129.599106;128.217987;126.965988;125.829720;112.252083;98.601341;99.606560;100.547348;101.419044,npp_d20140716_t1757431_e1803235_b14079,147.566,28.0294,47.6005,97.5877,43.0131,98.1614
1496,VBD_npp_d20140716_t1802530_x1059502E_y035019N_l2787_s1027_v23,2017-05-23 13:09:55,3.501892,105.950188,6.81177,2014-07-16 18:02:53,2014-07-17 01:02:53,2787,1027,0.41273,1,2529,0.367217,0.249647,0.728616,0.4,0.840215,0.75,0.0400105,0.0001,1.26847e-12,999999,-1.735039e-02,3,Indonesian Exclusive Economic Zone,WPP711,Kepulauan Anambas Marine Nature Recreational Park,SVDNB_npp_d20140716_t1757431_e1803235_b14079_c20140717000324408388_noaa_ops.h5,GDNBO_npp_d20140716_t1757431_e1803235_b14079_c20140717000324408134_noaa_ops.h5,SVI04_npp_d20140716_t1757431_e1803235_b14079_c20140717000324402868_noaa_ops.dspace_rad,VNFF_npp_d20140716_t1757431_e1803235_b14079_v21.csv,World_EEZ_v8_2014.shp,WPP_BFAR_merge.shp,KKP_IDN_merge_20161208.shp,VNF-VBD_npp_20120301-20151231_global_asia-enhanced_c201607211230.bitmask,NCEI_NGA.union.nga_lead2.add_2015ntl.mask,timezone.shp,VBD_platforms-recurring_2015_r20170330.shp,999999,VBD_bridges_c20160811.shp,22.302559;20.657581;17.812403;13.013085;8.184108;3.331987;-1.539063;0.598278;2.699680;7.587820;12.484635;17.389103,102.195274;116.899490;131.129013;129.599106;128.217987;126.965988;125.829720;112.252083;98.601341;99.606560;100.547348;101.419044,npp_d20140716_t1757431_e1803235_b14079,151.115,30.2656,47.6007,98.742,43.1693,93.9459
1497,VBD_npp_d20140716_t1802566_x1058922E_y032195N_l2830_s1027_v23,2017-05-23 13:09:55,3.219494,105.892227,42.1831,2014-07-16 18:02:56,2014-07-17 01:02:56,2830,1027,0.41378,8,18913,0.990186,0.233361,0.885093,0.4,0.96265,0.75,0.0399741,0.0001,1.22891e-12,999999,7.946564e-02,3,Indonesian Exclusive Economic Zone,WPP711,,SVDNB_npp_d20140716_t1757431_e1803235_b14079_c20140717000324408388_noaa_ops.h5,GDNBO_npp_d20140716_t1757431_e1803235_b14079_c20140717000324408134_noaa_ops.h5,SVI04_npp_d20140716_t1757431_e1803235_b14079_c20140717000324402868_noaa_ops.dspace_rad,VNFF_npp_d20140716_t1757431_e1803235_b14079_v21.csv,World_EEZ_v8_2014.shp,WPP_BFAR_merge.shp,KKP_IDN_merge_20161208.shp,VNF-VBD_npp_20120301-20151231_global_asia-enhanced_c201607211230.bitmask,NCEI_NGA.union.nga_lead2.add_2015ntl.mask,timezone.shp,VBD_platforms-recurring_2015_r20170330.shp,0.161399,VBD_bridges_c20160811.shp,22.302559;20.657581;17.812403;13.013085;8.184108;3.331987;-1.539063;0.598278;2.699680;7.587820;12.484635;17.389103,102.195274;116.899490;131.129013;129.599106;128.217987;126.965988;125.829720;112.252083;98.601341;99.606560;100.547348;101.419044,npp_d20140716_t1757431_e1803235_b14079,151.381,30.4555,47.606,98.1346,43.1944,93.6325
1501,VBD_npp_d20140716_t1801472_x1067791E_y072671N_l2207_s1028_v23,2017-05-23 13:09:55,7.267055,106.779144,17.53,2014-07-16 18:01:47,2014-07-17 01:01:47,2207,1028,0.409968,1,2529,0.571939,0.248112,0.923617,0.4,0.867558,0.75,0.0401739,0.0001,1.44046e-12,999999,-8.225065e-03,3,Vietnamese Exclusive Economic Zone,,,SVDNB_npp_d20140716_t1757431_e1803235_b14079_c20140717000324408388_noaa_ops.h5,GDNBO_npp_d20140716_t1757431_e1803235_b14079_c20140717000324408134_noaa_ops.h5,SVI04_npp_d20140716_t1757431_e1803235_b14079_c20140717000324402868_noaa_ops.dspace_rad,VNFF_npp_d20140716_t1757431_e1803235_b14079_v21.csv,World_EEZ_v8_2014.shp,WPP_BFAR_merge.shp,KKP_IDN_merge_20161208.shp,VNF-VBD_npp_20120301-20151231_global_asia-enhanced_c201607211230.bitmask,NCEI_NGA.union.nga_lead2.add_2015ntl.mask,timezone.shp,VBD_platforms-recurring_2015_r20170330.shp,999999,VBD_bridges_c20160811.shp,22.302559;20.657581;17.812403;13.013085;8.184108;3.331987;-1.539063;0.598278;2.699680;7.587820;12.484635;17.389103,102.195274;116.899490;131.129013;129.599106;128.217987;126.965988;125.829720;112.252083;98.601341;99.606560;100.547348;101.419044,npp_d20140716_t1757431_e1803235_b14079,147.557,28.0369,47.5675,97.6457,43.0061,98.1699
1502,VBD_npp_d20140716_t1801489_x1067708E_y072579N_l2209_s1028_v23,2017-05-23 13:09:55,7.257852,106.770828,16.2261,2014-07-16 18:01:48,2014-07-17 01:01:48,2209,1028,0.411128,1,2529,0.581576,0.235128,0.923617,0.4,0.899157,0.75,0.0401732,0.0001,1.44271e-12,999999,6.896059e-02,3,Vietnamese Exclusive Economic Zone,,,SVDNB_npp_d20140716_t1757431_e1803235_b14079_c20140717000324408388_noaa_ops.h5,GDNBO_npp_d20140716_t1757431_e1803235_b14079_c20140717000324408134_noaa_ops.h5,SVI04_npp_d20140716_t1757431_e1803235_b14079_c20140717000324402868_noaa_ops.dspace_rad,VNFF_npp_d20140716_t1757431_e1803235_b14079_v21.csv,World_EEZ_v8_2014.shp,WPP_BFAR_merge.shp,KKP_IDN_merge_20161208.shp,VNF-VBD_npp_20120301-20151231_global_asia-enhanced_c201607211230.bitmask,NCEI_NGA.union.nga_lead2.add_2015ntl.mask,timezone.shp,VBD_platforms-recurring_2015_r20170330.shp,999999,VBD_bridges_c20160811.shp,22.302559;20.657581;17.812403;13.013085;8.184108;3.331987;-1.539063;0.598278;2.699680;7.587820;12.484635;17.389103,102.195274;116.899490;131.129013;129.599106;128.217987;126.965988;125.829720;112.252083;98.601341;99.606560;100.547348;101.419044,npp_d20140716_t1757431_e1803235_b14079,147.566,28.0424,47.5655,98.4585,43.0059,98.1595
1503,VBD_npp_d20140716_t1801489_x1067688E_y072443N_l2211_s1028_v23,2017-05-23 13:09:55,7.244274,106.768845,33.1524,2014-07-16 18:01:48,2014-07-17 01:01:48,2211,1028,0.409581,1,2529,0.93402,0.220906,0.915639,0.4,0.961305,0.75,0.0401724,0.0001,1.44269e-12,999999,1.535046e-01,3,Vietnamese Exclusive Economic Zone,,,SVDNB_npp_d20140716_t1757431_e1803235_b14079_c20140717000324408388_noaa_ops.h5,GDNBO_npp_d20140716_t1757431_e1803235_b14079_c20140717000324408134_noaa_ops.h5,SVI04_npp_d20140716_t1757431_e1803235_b14079_c20140717000324402868_noaa_ops.dspace_rad,VNFF_npp_d20140716_t1757431_e1803235_b14079_v21.csv,World_EEZ_v8_2014.shp,WPP_BFAR_merge.shp,KKP_IDN_merge_20161208.shp,VNF-VBD_npp_20120301-20151231_global_asia-enhanced_c201607211230.bitmask,NCEI_NGA.union.nga_lead2.add_2015ntl.mask,timezone.shp,VBD_platforms-recurring_2015_r20170330.shp,999999,VBD_bridges_c20160811.shp,22.302559;20.657581;17.812403;13.013085;8.184108;3.331987;-1.539063;0.598278;2.699680;7.587820;12.484635;17.389103,102.195274;116.899490;131.129013;129.599106;128.217987;126.965988;125.829720;112.252083;98.601341;99.606560;100.547348;101.419044,npp_d20140716_t1757431_e1803235_b14079,147.579,28.0495,47.5653,98.3436,43.006,98.1442
1506,VBD_npp_d20140716_t1801472_x1067870E_y072729N_l2206_s1029_v23,2017-05-23 13:09:55,7.272885,106.787003,7.67647,2014-07-16 18:01:47,2014-07-17 01:01:47,2206,1029,0.410852,1,2529,0.352512,0.244683,0.922816,0.4,0.780083,0.75,0.0401799,0.0001,1.49007e-12,999999,1.216222e-02,3,Vietnamese Exclusive Economic Zone,,,SVDNB_npp_d20140716_t1757431_e1803235_b14079_c20140717000324408388_noaa_ops.h5,GDNBO_npp_d20140716_t1757431_e1803235_b14079_c20140717000324408134_noaa_ops.h5,SVI04_npp_d20140716_t1757431_e1803235_b14079_c20140717000324402868_noaa_ops.dspace_rad,VNFF_npp_d20140716_t1757431_e1803235_b14079_v21.csv,World_EEZ_v8_2014.shp,WPP_BFAR_merge.shp,KKP_IDN_merge_20161208.shp,VNF-VBD_npp_20120301-20151231_global_asia-enhanced_c201607211230.bitmask,NCEI_NGA.union.nga_lead2.add_2015ntl.mask,timezone.shp,VBD_platforms-recurring_2015_r20170330.shp,999999,VBD_bridges_c20160811.shp,22.302559;20.657581;17.812403;13.013085;8.184108;3.331987;-1.539063;0.598278;2.699680;7.587820;12.484635;17.389103,102.195274;116.899490;131.129013;129.599106;128.217987;126.965988;125.829720;112.252083;98.601341;99.606560;100.547348;101.419044,npp_d20140716_t1757431_e1803235_b14079,147.549,28.0445,47.5346,97.7038,42.9991,98.1785
1515,VBD_npp_d20140716_t1801472_x1067958E_y072855N_l2204_s1030_v23,2017-05-23 13:09:55,7.285492,106.795845,9.06622,2014-07-16 18:01:47,2014-07-17 01:01:47,2204,1030,0.411957,1,2529,0.417651,0.282593,0.922816,0.4,0.864302,0.75,0.0401863,0.0001,1.54155e-12,999999,-2.131919e-01,3,Vietnamese Exclusive Economic Zone,,,SVDNB_npp_d20140716_t1757431_e1803235_b14079_c20140717000324408388_noaa_ops.h5,GDNBO_npp_d20140716_t1757431_e1803235_b14079_c20140717000324408134_noaa_ops.h5,SVI04_npp_d20140716_t1757431_e1803235_b14079_c20140717000324402868_noaa_ops.dspace_rad,VNFF_npp_d20140716_t1757431_e1803235_b14079_v21.csv,World_EEZ_v8_2014.shp,WPP_BFAR_merge.shp,KKP_IDN_merge_20161208.shp,VNF-VBD_npp_20120301-20151231_global_asia-enhanced_c201607211230.bitmask,NCEI_NGA.union.nga_lead2.add_2015ntl.mask,timezone.shp,VBD_platforms-recurring_2015_r20170330.shp,999999,VBD_bridges_c20160811.shp,22.302559;20.657581;17.812403;13.013085;8.184108;3.331987;-1.539063;0.598278;2.699680;7.587820;12.484635;17.389103,102.195274;116.899490;131.129013;129.599106;128.217987;126.965988;125.829720;112.252083;98.601341;99.606560;100.547348;101.419044,npp_d20140716_t1757431_e1803235_b14079,147.533,28.0484,47.5015,97.8194,42.9922,98.1947
1516,VBD_npp_d20140716_t1801472_x1067928E_y072651N_l2207_s1030_v23,2017-05-23 13:09:55,7.265148,106.792847,19.7463,2014-07-16 18:01:47,2014-07-17 01:01:47,2207,1030,0.391461,1,2529,0.531409,0.256356,0.923617,0.4,0.852954,0.75,0.0401852,0.0001,1.54047e-12,999999,-5.722821e-02,3,Vietnamese Exclusive Economic Zone,,,SVDNB_npp_d20140716_t1757431_e1803235_b14079_c20140717000324408388_noaa_ops.h5,GDNBO_npp_d20140716_t1757431_e1803235_b14079_c20140717000324408134_noaa_ops.h5,SVI04_npp_d20140716_t1757431_e1803235_b14079_c20140717000324402868_noaa_ops.dspace_rad,VNFF_npp_d20140716_t1757431_e1803235_b14079_v21.csv,World_EEZ_v8_2014.shp,WPP_BFAR_merge.shp,KKP_IDN_merge_20161208.shp,VNF-VBD_npp_20120301-20151231_global_asia-enhanced_c201607211230.bitmask,NCEI_NGA.union.nga_lead2.add_2015ntl.mask,timezone.shp,VBD_platforms-recurring_2015_r20170330.shp,999999,VBD_bridges_c20160811.shp,22.302559;20.657581;17.812403;13.013085;8.184108;3.331987;-1.539063;0.598278;2.699680;7.587820;12.484635;17.389103,102.195274;116.899490;131.129013;129.599106;128.217987;126.965988;125.829720;112.252083;98.601341;99.606560;100.547348;101.419044,npp_d20140716_t1757431_e1803235_b14079,147.553,28.059,47.5026,97.6469,42.9922,98.1717
1518,VBD_npp_d20140716_t1801472_x1068037E_y072913N_l2203_s1031_v23,2017-05-23 13:09:55,7.291309,106.803680,37.2186,2014-07-16 18:01:47,2014-07-17 01:01:47,2203,1031,0.415161,8,18913,0.89756,0.255135,0.929688,0.4,0.95694,0.75,0.0401924,0.0001,1.59429e-12,999999,-4.996806e-02,3,Vietnamese Exclusive Economic Zone,,,SVDNB_npp_d20140716_t1757431_e1803235_b14079_c20140717000324408388_noaa_ops.h5,GDNBO_npp_d20140716_t1757431_e1803235_b14079_c20140717000324408134_noaa_ops.h5,SVI04_npp_d20140716_t1757431_e1803235_b14079_c20140717000324402868_noaa_ops.dspace_rad,VNFF_npp_d20140716_t1757431_e1803235_b14079_v21.csv,World_EEZ_v8_2014.shp,WPP_BFAR_merge.shp,KKP_IDN_merge_20161208.shp,VNF-VBD_npp_20120301-20151231_global_asia-enhanced_c201607211230.bitmask,NCEI_NGA.union.nga_lead2.add_2015ntl.mask,timezone.shp,VBD_platforms-recurring_2015_r20170330.shp,0.967858,VBD_bridges_c20160811.shp,22.302559;20.657581;17.812403;13.013085;8.184108;3.331987;-1.539063;0.598278;2.699680;7.587820;12.484635;17.389103,102.195274;116.899490;131.129013;129.599106;128.217987;126.965988;125.829720;112.252083;98.601341;99.606560;100.547348;101.419044,npp_d20140716_t1757431_e1803235_b14079,147.524,28.0559,47.4688,97.8776,42.9852,98.2032
1523,VBD_npp_d20140716_t1801472_x1068075E_y072700N_l2206_s1032_v23,2017-05-23 13:09:55,7.270019,106.807518,24.3412,2014-07-16 18:01:47,2014-07-17 01:01:47,2206,1032,0.404002,2,2465,0.584299,0.237743,0.929688,0.4,0.730917,0.75,0.0401969,0.0001,1.64741e-12,999999,5.341423e-02,3,Vietnamese Exclusive Economic Zone,,,SVDNB_npp_d20140716_t1757431_e1803235_b14079_c20140717000324408388_noaa_ops.h5,GDNBO_npp_d20140716_t1757431_e1803235_b14079_c20140717000324408134_noaa_ops.h5,SVI04_npp_d20140716_t1757431_e1803235_b14079_c20140717000324402868_noaa_ops.dspace_rad,VNFF_npp_d20140716_t1757431_e1803235_b14079_v21.csv,World_EEZ_v8_2014.shp,WPP_BFAR_merge.shp,KKP_IDN_merge_20161208.shp,VNF-VBD_npp_20120301-20151231_global_asia-enhanced_c201607211230.bitmask,NCEI_NGA.union.nga_lead2.add_2015ntl.mask,timezone.shp,VBD_platforms-recurring_2015_r20170330.shp,999999,VBD_bridges_c20160811.shp,22.302559;20.657581;17.812403;13.013085;8.184108;3.331987;-1.539063;0.598278;2.699680;7.587820;12.484635;17.389103,102.195274;116.899490;131.129013;129.599106;128.217987;126.965988;125.829720;112.252083;98.601341;99.606560;100.547348;101.419044,npp_d20140716_t1757431_e1803235_b14079,147.542,28.0774,47.4373,97.7058,42.9783,98.1811
1524,VBD_npp_d20140716_t1801489_x1067962E_y072403N_l2211_s1032_v23,2017-05-23 13:09:55,7.240299,106.796188,21.9025,2014-07-16 18:01:48,2014-07-17 01:01:48,2211,1032,0.404112,1,2529,0.644886,0.246315,0.918441,0.4,0.871039,0.75,0.040195,0.0001,1.64953e-12,999999,2.460806e-03,3,Vietnamese Exclusive Economic Zone,,,SVDNB_npp_d20140716_t1757431_e1803235_b14079_c20140717000324408388_noaa_ops.h5,GDNBO_npp_d20140716_t1757431_e1803235_b14079_c20140717000324408134_noaa_ops.h5,SVI04_npp_d20140716_t1757431_e1803235_b14079_c20140717000324402868_noaa_ops.dspace_rad,VNFF_npp_d20140716_t1757431_e1803235_b14079_v21.csv,World_EEZ_v8_2014.shp,WPP_BFAR_merge.shp,KKP_IDN_merge_20161208.shp,VNF-VBD_npp_20120301-20151231_global_asia-enhanced_c201607211230.bitmask,NCEI_NGA.union.nga_lead2.add_2015ntl.mask,timezone.shp,VBD_platforms-recurring_2015_r20170330.shp,999999,VBD_bridges_c20160811.shp,22.302559;20.657581;17.812403;13.013085;8.184108;3.331987;-1.539063;0.598278;2.699680;7.587820;12.484635;17.389103,102.195274;116.899490;131.129013;129.599106;128.217987;126.965988;125.829720;112.252083;98.601341;99.606560;100.547348;101.419044,npp_d20140716_t1757431_e1803235_b14079,147.57,28.0935,47.4355,98.3476,42.9782,98.1475
1528,VBD_npp_d20140716_t1801489_x1068040E_y072461N_l2210_s1033_v23,2017-05-23 13:09:55,7.246080,106.803993,50.2743,2014-07-16 18:01:48,2014-07-17 01:01:48,2210,1033,0.40251,1,2529,0.865135,0.24484,0.928499,0.4,0.954128,0.75,0.040201,0.0001,1.70548e-12,999999,1.122854e-02,3,Vietnamese Exclusive Economic Zone,,,SVDNB_npp_d20140716_t1757431_e1803235_b14079_c20140717000324408388_noaa_ops.h5,GDNBO_npp_d20140716_t1757431_e1803235_b14079_c20140717000324408134_noaa_ops.h5,SVI04_npp_d20140716_t1757431_e1803235_b14079_c20140717000324402868_noaa_ops.dspace_rad,VNFF_npp_d20140716_t1757431_e1803235_b14079_v21.csv,World_EEZ_v8_2014.shp,WPP_BFAR_merge.shp,KKP_IDN_merge_20161208.shp,VNF-VBD_npp_20120301-20151231_global_asia-enhanced_c201607211230.bitmask,NCEI_NGA.union.nga_lead2.add_2015ntl.mask,timezone.shp,VBD_platforms-recurring_2015_r20170330.shp,999999,VBD_bridges_c20160811.shp,22.302559;20.657581;17.812403;13.013085;8.184108;3.331987;-1.539063;0.598278;2.699680;7.587820;12.484635;17.389103,102.195274;116.899490;131.129013;129.599106;128.217987;126.965988;125.829720;112.252083;98.601341;99.606560;100.547348;101.419044,npp_d20140716_t1757431_e1803235_b14079,147.561,28.101,47.4031,98.4062,42.9712,98.156
1529,VBD_npp_d20140716_t1802548_x1059653E_y033785N_l2805_s1033_v23,2017-05-23 13:09:55,3.378524,105.965340,21.3403,2014-07-16 18:02:54,2014-07-17 01:02:54,2805,1033,0.416597,1,2529,0.736768,0.227588,0.870661,0.4,0.937569,0.75,0.040029,0.0001,1.53446e-12,999999,1.137790e-01,3,Indonesian Exclusive Economic Zone,WPP711,Kepulauan Anambas Marine Nature Recreational Park,SVDNB_npp_d20140716_t1757431_e1803235_b14079_c20140717000324408388_noaa_ops.h5,GDNBO_npp_d20140716_t1757431_e1803235_b14079_c20140717000324408134_noaa_ops.h5,SVI04_npp_d20140716_t1757431_e1803235_b14079_c20140717000324402868_noaa_ops.dspace_rad,VNFF_npp_d20140716_t1757431_e1803235_b14079_v21.csv,World_EEZ_v8_2014.shp,WPP_BFAR_merge.shp,KKP_IDN_merge_20161208.shp,VNF-VBD_npp_20120301-20151231_global_asia-enhanced_c201607211230.bitmask,NCEI_NGA.union.nga_lead2.add_2015ntl.mask,timezone.shp,VBD_platforms-recurring_2015_r20170330.shp,999999,VBD_bridges_c20160811.shp,22.302559;20.657581;17.812403;13.013085;8.184108;3.331987;-1.539063;0.598278;2.699680;7.587820;12.484635;17.389103,102.195274;116.899490;131.129013;129.599106;128.217987;126.965988;125.829720;112.252083;98.601341;99.606560;100.547348;101.419044,npp_d20140716_t1757431_e1803235_b14079,151.211,30.4154,47.4091,98.6437,43.1383,93.8143
1534,VBD_npp_d20140716_t1801472_x1068271E_y073087N_l2200_s1034_v23,2017-05-23 13:09:55,7.308725,106.827133,11.1509,2014-07-16 18:01:47,2014-07-17 01:01:47,2200,1034,0.414222,1,2529,0.524885,0.232669,0.921476,0.4,0.823463,0.75,0.0402104,0.0001,1.76273e-12,999999,8.357953e-02,3,Vietnamese Exclusive Economic Zone,,,SVDNB_npp_d20140716_t1757431_e1803235_b14079_c20140717000324408388_noaa_ops.h5,GDNBO_npp_d20140716_t1757431_e1803235_b14079_c20140717000324408134_noaa_ops.h5,SVI04_npp_d20140716_t1757431_e1803235_b14079_c20140717000324402868_noaa_ops.dspace_rad,VNFF_npp_d20140716_t1757431_e1803235_b14079_v21.csv,World_EEZ_v8_2014.shp,WPP_BFAR_merge.shp,KKP_IDN_merge_20161208.shp,VNF-VBD_npp_20120301-20151231_global_asia-enhanced_c201607211230.bitmask,NCEI_NGA.union.nga_lead2.add_2015ntl.mask,timezone.shp,VBD_platforms-recurring_2015_r20170330.shp,999999,VBD_bridges_c20160811.shp,22.302559;20.657581;17.812403;13.013085;8.184108;3.331987;-1.539063;0.598278;2.699680;7.587820;12.484635;17.389103,102.195274;116.899490;131.129013;129.599106;128.217987;126.965988;125.829720;112.252083;98.601341;99.606560;100.547348;101.419044,npp_d20140716_t1757431_e1803235_b14079,147.498,28.0783,47.3708,98.0527,42.9644,98.2288
1535,VBD_npp_d20140716_t1801472_x1068232E_y072817N_l2204_s1034_v23,2017-05-23 13:09:55,7.281650,106.823158,25.8407,2014-07-16 18:01:47,2014-07-17 01:01:47,2204,1034,0.410134,1,2529,0.680481,0.226387,0.929688,0.4,0.931514,0.75,0.0402089,0.0001,1.76168e-12,999999,1.209227e-01,3,Vietnamese Exclusive Economic Zone,,,SVDNB_npp_d20140716_t1757431_e1803235_b14079_c20140717000324408388_noaa_ops.h5,GDNBO_npp_d20140716_t1757431_e1803235_b14079_c20140717000324408134_noaa_ops.h5,SVI04_npp_d20140716_t1757431_e1803235_b14079_c20140717000324402868_noaa_ops.dspace_rad,VNFF_npp_d20140716_t1757431_e1803235_b14079_v21.csv,World_EEZ_v8_2014.shp,WPP_BFAR_merge.shp,KKP_IDN_merge_20161208.shp,VNF-VBD_npp_20120301-20151231_global_asia-enhanced_c201607211230.bitmask,NCEI_NGA.union.nga_lead2.add_2015ntl.mask,timezone.shp,VBD_platforms-recurring_2015_r20170330.shp,999999,VBD_bridges_c20160811.shp,22.302559;20.657581;17.812403;13.013085;8.184108;3.331987;-1.539063;0.598278;2.699680;7.587820;12.484635;17.389103,102.195274;116.899490;131.129013;129.599106;128.217987;126.965988;125.829720;112.252083;98.601341;99.606560;100.547348;101.419044,npp_d20140716_t1757431_e1803235_b14079,147.524,28.0923,47.3717,97.8223,42.9644,98.1982
1536,VBD_npp_d20140716_t1801472_x1068212E_y072681N_l2206_s1034_v23,2017-05-23 13:09:55,7.268113,106.821159,29.1889,2014-07-16 18:01:47,2014-07-17 01:01:47,2206,1034,0.409968,1,2529,0.715708,0.210303,0.929688,0.4,0.894355,0.75,0.0402081,0.0001,1.76092e-12,999999,2.165336e-01,3,Vietnamese Exclusive Economic Zone,,,SVDNB_npp_d20140716_t1757431_e1803235_b14079_c20140717000324408388_noaa_ops.h5,GDNBO_npp_d20140716_t1757431_e1803235_b14079_c20140717000324408134_noaa_ops.h5,SVI04_npp_d20140716_t1757431_e1803235_b14079_c20140717000324402868_noaa_ops.dspace_rad,VNFF_npp_d20140716_t1757431_e1803235_b14079_v21.csv,World_EEZ_v8_2014.shp,WPP_BFAR_merge.shp,KKP_IDN_merge_20161208.shp,VNF-VBD_npp_20120301-20151231_global_asia-enhanced_c201607211230.bitmask,NCEI_NGA.union.nga_lead2.add_2015ntl.mask,timezone.shp,VBD_platforms-recurring_2015_r20170330.shp,999999,VBD_bridges_c20160811.shp,22.302559;20.657581;17.812403;13.013085;8.184108;3.331987;-1.539063;0.598278;2.699680;7.587820;12.484635;17.389103,102.195274;116.899490;131.129013;129.599106;128.217987;126.965988;125.829720;112.252083;98.601341;99.606560;100.547348;101.419044,npp_d20140716_t1757431_e1803235_b14079,147.537,28.0993,47.3724,97.7071,42.9645,98.1829
1537,VBD_npp_d20140716_t1801489_x1068079E_y072248N_l2213_s1034_v23,2017-05-23 13:09:55,7.224777,106.807854,13.7555,2014-07-16 18:01:48,2014-07-17 01:01:48,2213,1034,0.400134,1,2529,0.552896,0.293575,0.918441,0.4,0.842104,0.75,0.0402055,0.0001,1.76305e-12,999999,-2.784768e-01,3,Vietnamese Exclusive Economic Zone,,,SVDNB_npp_d20140716_t1757431_e1803235_b14079_c20140717000324408388_noaa_ops.h5,GDNBO_npp_d20140716_t1757431_e1803235_b14079_c20140717000324408134_noaa_ops.h5,SVI04_npp_d20140716_t1757431_e1803235_b14079_c20140717000324402868_noaa_ops.dspace_rad,VNFF_npp_d20140716_t1757431_e1803235_b14079_v21.csv,World_EEZ_v8_2014.shp,WPP_BFAR_merge.shp,KKP_IDN_merge_20161208.shp,VNF-VBD_npp_20120301-20151231_global_asia-enhanced_c201607211230.bitmask,NCEI_NGA.union.nga_lead2.add_2015ntl.mask,timezone.shp,VBD_platforms-recurring_2015_r20170330.shp,999999,VBD_bridges_c20160811.shp,22.302559;20.657581;17.812403;13.013085;8.184108;3.331987;-1.539063;0.598278;2.699680;7.587820;12.484635;17.389103,102.195274;116.899490;131.129013;129.599106;128.217987;126.965988;125.829720;112.252083;98.601341;99.606560;100.547348;101.419044,npp_d20140716_t1757431_e1803235_b14079,147.578,28.1226,47.3706,98.2343,42.9644,98.1339
1542,VBD_npp_d20140716_t1801489_x1068176E_y072441N_l2210_s1035_v23,2017-05-23 13:09:55,7.244091,106.817635,31.3809,2014-07-16 18:01:48,2014-07-17 01:01:48,2210,1035,0.408753,1,2529,0.674415,0.263406,0.928191,0.4,0.832036,0.75,0.0402122,0.0001,1.82287e-12,999999,-9.913489e-02,3,Vietnamese Exclusive Economic Zone,,,SVDNB_npp_d20140716_t1757431_e1803235_b14079_c20140717000324408388_noaa_ops.h5,GDNBO_npp_d20140716_t1757431_e1803235_b14079_c20140717000324408134_noaa_ops.h5,SVI04_npp_d20140716_t1757431_e1803235_b14079_c20140717000324402868_noaa_ops.dspace_rad,VNFF_npp_d20140716_t1757431_e1803235_b14079_v21.csv,World_EEZ_v8_2014.shp,WPP_BFAR_merge.shp,KKP_IDN_merge_20161208.shp,VNF-VBD_npp_20120301-20151231_global_asia-enhanced_c201607211230.bitmask,NCEI_NGA.union.nga_lead2.add_2015ntl.mask,timezone.shp,VBD_platforms-recurring_2015_r20170330.shp,999999,VBD_bridges_c20160811.shp,22.302559;20.657581;17.812403;13.013085;8.184108;3.331987;-1.539063;0.598278;2.699680;7.587820;12.484635;17.389103,102.195274;116.899490;131.129013;129.599106;128.217987;126.965988;125.829720;112.252083;98.601341;99.606560;100.547348;101.419044,npp_d20140716_t1757431_e1803235_b14079,147.556,28.1229,47.3381,98.4082,42.9574,98.1577
1543,VBD_npp_d20140716_t1801489_x1068157E_y072306N_l2212_s1035_v23,2017-05-23 13:09:55,7.230559,106.815659,44.3485,2014-07-16 18:01:48,2014-07-17 01:01:48,2212,1035,0.400576,1,2529,0.886446,0.289726,0.917201,0.4,0.935365,0.75,0.0402115,0.0001,1.82277e-12,999999,-2.555951e-01,3,Vietnamese Exclusive Economic Zone,,,SVDNB_npp_d20140716_t1757431_e1803235_b14079_c20140717000324408388_noaa_ops.h5,GDNBO_npp_d20140716_t1757431_e1803235_b14079_c20140717000324408134_noaa_ops.h5,SVI04_npp_d20140716_t1757431_e1803235_b14079_c20140717000324402868_noaa_ops.dspace_rad,VNFF_npp_d20140716_t1757431_e1803235_b14079_v21.csv,World_EEZ_v8_2014.shp,WPP_BFAR_merge.shp,KKP_IDN_merge_20161208.shp,VNF-VBD_npp_20120301-20151231_global_asia-enhanced_c201607211230.bitmask,NCEI_NGA.union.nga_lead2.add_2015ntl.mask,timezone.shp,VBD_platforms-recurring_2015_r20170330.shp,999999,VBD_bridges_c20160811.shp,22.302559;20.657581;17.812403;13.013085;8.184108;3.331987;-1.539063;0.598278;2.699680;7.587820;12.484635;17.389103,102.195274;116.899490;131.129013;129.599106;128.217987;126.965988;125.829720;112.252083;98.601341;99.606560;100.547348;101.419044,npp_d20140716_t1757431_e1803235_b14079,147.569,28.13,47.3381,98.2929,42.9574,98.1424
1546,VBD_npp_d20140716_t1801472_x1068407E_y073068N_l2200_s1036_v23,2017-05-23 13:09:55,7.306782,106.840744,22.0211,2014-07-16 18:01:47,2014-07-17 01:01:47,2200,1036,0.415934,1,2529,0.724035,0.242505,0.917678,0.4,0.895622,0.75,0.0402217,0.0001,1.88376e-12,999999,2.510826e-02,3,Vietnamese Exclusive Economic Zone,,,SVDNB_npp_d20140716_t1757431_e1803235_b14079_c20140717000324408388_noaa_ops.h5,GDNBO_npp_d20140716_t1757431_e1803235_b14079_c20140717000324408134_noaa_ops.h5,SVI04_npp_d20140716_t1757431_e1803235_b14079_c20140717000324402868_noaa_ops.dspace_rad,VNFF_npp_d20140716_t1757431_e1803235_b14079_v21.csv,World_EEZ_v8_2014.shp,WPP_BFAR_merge.shp,KKP_IDN_merge_20161208.shp,VNF-VBD_npp_20120301-20151231_global_asia-enhanced_c201607211230.bitmask,NCEI_NGA.union.nga_lead2.add_2015ntl.mask,timezone.shp,VBD_platforms-recurring_2015_r20170330.shp,999999,VBD_bridges_c20160811.shp,22.302559;20.657581;17.812403;13.013085;8.184108;3.331987;-1.539063;0.598278;2.699680;7.587820;12.484635;17.389103,102.195274;116.899490;131.129013;129.599106;128.217987;126.965988;125.829720;112.252083;98.601341;99.606560;100.547348;101.419044,npp_d20140716_t1757431_e1803235_b14079,147.494,28.1001,47.3059,98.0544,42.9506,98.2305
1547,VBD_npp_d20140716_t1801472_x1068388E_y072933N_l2202_s1036_v23,2017-05-23 13:09:55,7.293258,106.838753,18.84,2014-07-16 18:01:47,2014-07-17 01:01:47,2202,1036,0.411515,1,2529,0.558838,0.257397,0.917678,0.4,0.824547,0.75,0.0402209,0.0001,1.88328e-12,999999,-6.341676e-02,3,Vietnamese Exclusive Economic Zone,,,SVDNB_npp_d20140716_t1757431_e1803235_b14079_c20140717000324408388_noaa_ops.h5,GDNBO_npp_d20140716_t1757431_e1803235_b14079_c20140717000324408134_noaa_ops.h5,SVI04_npp_d20140716_t1757431_e1803235_b14079_c20140717000324402868_noaa_ops.dspace_rad,VNFF_npp_d20140716_t1757431_e1803235_b14079_v21.csv,World_EEZ_v8_2014.shp,WPP_BFAR_merge.shp,KKP_IDN_merge_20161208.shp,VNF-VBD_npp_20120301-20151231_global_asia-enhanced_c201607211230.bitmask,NCEI_NGA.union.nga_lead2.add_2015ntl.mask,timezone.shp,VBD_platforms-recurring_2015_r20170330.shp,999999,VBD_bridges_c20160811.shp,22.302559;20.657581;17.812403;13.013085;8.184108;3.331987;-1.539063;0.598278;2.699680;7.587820;12.484635;17.389103,102.195274;116.899490;131.129013;129.599106;128.217987;126.965988;125.829720;112.252083;98.601341;99.606560;100.547348;101.419044,npp_d20140716_t1757431_e1803235_b14079,147.506,28.1071,47.3063,97.9391,42.9506,98.2152
1548,VBD_npp_d20140716_t1801472_x1068338E_y072594N_l2207_s1036_v23,2017-05-23 13:09:55,7.259448,106.833786,19.2203,2014-07-16 18:01:47,2014-07-17 01:01:47,2207,1036,0.41262,1,2529,0.630219,0.251526,0.928191,0.4,0.86773,0.75,0.040219,0.0001,1.88134e-12,999999,-2.851809e-02,3,Vietnamese Exclusive Economic Zone,,,SVDNB_npp_d20140716_t1757431_e1803235_b14079_c20140717000324408388_noaa_ops.h5,GDNBO_npp_d20140716_t1757431_e1803235_b14079_c20140717000324408134_noaa_ops.h5,SVI04_npp_d20140716_t1757431_e1803235_b14079_c20140717000324402868_noaa_ops.dspace_rad,VNFF_npp_d20140716_t1757431_e1803235_b14079_v21.csv,World_EEZ_v8_2014.shp,WPP_BFAR_merge.shp,KKP_IDN_merge_20161208.shp,VNF-VBD_npp_20120301-20151231_global_asia-enhanced_c201607211230.bitmask,NCEI_NGA.union.nga_lead2.add_2015ntl.mask,timezone.shp,VBD_platforms-recurring_2015_r20170330.shp,999999,VBD_bridges_c20160811.shp,22.302559;20.657581;17.812403;13.013085;8.184108;3.331987;-1.539063;0.598278;2.699680;7.587820;12.484635;17.389103,102.195274;116.899490;131.129013;129.599106;128.217987;126.965988;125.829720;112.252083;98.601341;99.606560;100.547348;101.419044,npp_d20140716_t1757431_e1803235_b14079,147.539,28.1247,47.3079,97.6507,42.9507,98.177
1550,VBD_npp_d20140716_t1801472_x1068416E_y072653N_l2206_s1037_v23,2017-05-23 13:09:55,7.265259,106.841583,22.0081,2014-07-16 18:01:47,2014-07-17 01:01:47,2206,1037,0.411957,1,2529,0.63958,0.224746,0.929205,0.4,0.918472,0.75,0.040225,0.0001,1.94518e-12,999999,1.306727e-01,3,Vietnamese Exclusive Economic Zone,,,SVDNB_npp_d20140716_t1757431_e1803235_b14079_c20140717000324408388_noaa_ops.h5,GDNBO_npp_d20140716_t1757431_e1803235_b14079_c20140717000324408134_noaa_ops.h5,SVI04_npp_d20140716_t1757431_e1803235_b14079_c20140717000324402868_noaa_ops.dspace_rad,VNFF_npp_d20140716_t1757431_e1803235_b14079_v21.csv,World_EEZ_v8_2014.shp,WPP_BFAR_merge.shp,KKP_IDN_merge_20161208.shp,VNF-VBD_npp_20120301-20151231_global_asia-enhanced_c201607211230.bitmask,NCEI_NGA.union.nga_lead2.add_2015ntl.mask,timezone.shp,VBD_platforms-recurring_2015_r20170330.shp,999999,VBD_bridges_c20160811.shp,22.302559;20.657581;17.812403;13.013085;8.184108;3.331987;-1.539063;0.598278;2.699680;7.587820;12.484635;17.389103,102.195274;116.899490;131.129013;129.599106;128.217987;126.965988;125.829720;112.252083;98.601341;99.606560;100.547348;101.419044,npp_d20140716_t1757431_e1803235_b14079,147.53,28.1321,47.2751,97.709,42.9438,98.1856
1551,VBD_npp_d20140716_t1801489_x1068322E_y072489N_l2209_s1037_v23,2017-05-23 13:09:55,7.248867,106.832214,7.26599,2014-07-16 18:01:48,2014-07-17 01:01:48,2209,1037,0.408421,1,2529,0.32598,0.227472,0.928191,0.4,0.772026,0.75,0.0402239,0.0001,1.9478e-12,999999,1.144690e-01,3,Vietnamese Exclusive Economic Zone,,,SVDNB_npp_d20140716_t1757431_e1803235_b14079_c20140717000324408388_noaa_ops.h5,GDNBO_npp_d20140716_t1757431_e1803235_b14079_c20140717000324408134_noaa_ops.h5,SVI04_npp_d20140716_t1757431_e1803235_b14079_c20140717000324402868_noaa_ops.dspace_rad,VNFF_npp_d20140716_t1757431_e1803235_b14079_v21.csv,World_EEZ_v8_2014.shp,WPP_BFAR_merge.shp,KKP_IDN_merge_20161208.shp,VNF-VBD_npp_20120301-20151231_global_asia-enhanced_c201607211230.bitmask,NCEI_NGA.union.nga_lead2.add_2015ntl.mask,timezone.shp,VBD_platforms-recurring_2015_r20170330.shp,999999,VBD_bridges_c20160811.shp,22.302559;20.657581;17.812403;13.013085;8.184108;3.331987;-1.539063;0.598278;2.699680;7.587820;12.484635;17.389103,102.195274;116.899490;131.129013;129.599106;128.217987;126.965988;125.829720;112.252083;98.601341;99.606560;100.547348;101.419044,npp_d20140716_t1757431_e1803235_b14079,147.545,28.1413,47.2733,98.4679,42.9436,98.1669
1554,VBD_npp_d20140716_t1801365_x1069809E_y078887N_l2110_s1038_v23,2017-05-23 13:09:55,7.888684,106.980927,18.9362,2014-07-16 18:01:36,2014-07-17 01:01:36,2110,1038,0.411018,1,2529,0.660878,0.256789,0.871986,0.4,0.899705,0.75,0.0402623,0.0001,2.00303e-12,999999,-5.980280e-02,3,Vietnamese Exclusive Economic Zone,,,SVDNB_npp_d20140716_t1757431_e1803235_b14079_c20140717000324408388_noaa_ops.h5,GDNBO_npp_d20140716_t1757431_e1803235_b14079_c20140717000324408134_noaa_ops.h5,SVI04_npp_d20140716_t1757431_e1803235_b14079_c20140717000324402868_noaa_ops.dspace_rad,VNFF_npp_d20140716_t1757431_e1803235_b14079_v21.csv,World_EEZ_v8_2014.shp,WPP_BFAR_merge.shp,KKP_IDN_merge_20161208.shp,VNF-VBD_npp_20120301-20151231_global_asia-enhanced_c201607211230.bitmask,NCEI_NGA.union.nga_lead2.add_2015ntl.mask,timezone.shp,VBD_platforms-recurring_2015_r20170330.shp,999999,VBD_bridges_c20160811.shp,22.302559;20.657581;17.812403;13.013085;8.184108;3.331987;-1.539063;0.598278;2.699680;7.587820;12.484635;17.389103,102.195274;116.899490;131.129013;129.599106;128.217987;126.965988;125.829720;112.252083;98.601341;99.606560;100.547348;101.419044,npp_d20140716_t1757431_e1803235_b14079,146.935,27.8193,47.245,97.6466,42.9419,98.893
1555,VBD_npp_d20140716_t1801489_x1068350E_y072209N_l2213_s1038_v23,2017-05-23 13:09:55,7.220850,106.835037,11.0718,2014-07-16 18:01:48,2014-07-17 01:01:48,2213,1038,0.409747,1,2529,0.512288,0.283887,0.917201,0.4,0.880942,0.75,0.040228,0.0001,2.01304e-12,999999,-2.208830e-01,3,Vietnamese Exclusive Economic Zone,,,SVDNB_npp_d20140716_t1757431_e1803235_b14079_c20140717000324408388_noaa_ops.h5,GDNBO_npp_d20140716_t1757431_e1803235_b14079_c20140717000324408134_noaa_ops.h5,SVI04_npp_d20140716_t1757431_e1803235_b14079_c20140717000324402868_noaa_ops.dspace_rad,VNFF_npp_d20140716_t1757431_e1803235_b14079_v21.csv,World_EEZ_v8_2014.shp,WPP_BFAR_merge.shp,KKP_IDN_merge_20161208.shp,VNF-VBD_npp_20120301-20151231_global_asia-enhanced_c201607211230.bitmask,NCEI_NGA.union.nga_lead2.add_2015ntl.mask,timezone.shp,VBD_platforms-recurring_2015_r20170330.shp,999999,VBD_bridges_c20160811.shp,22.302559;20.657581;17.812403;13.013085;8.184108;3.331987;-1.539063;0.598278;2.699680;7.587820;12.484635;17.389103,102.195274;116.899490;131.129013;129.599106;128.217987;126.965988;125.829720;112.252083;98.601341;99.606560;100.547348;101.419044,npp_d20140716_t1757431_e1803235_b14079,147.569,28.1663,47.2408,98.238,42.9368,98.1372
1556,VBD_npp_d20140716_t1801507_x1068084E_y070832N_l2234_s1038_v23,2017-05-23 13:09:55,7.083187,106.808365,12.3266,2014-07-16 18:01:50,2014-07-17 01:01:50,2234,1038,0.366325,1,2529,0.554084,0.245265,0.867125,0.4,0.883156,0.75,0.04022,0.0001,2.01619e-12,999999,8.698061e-03,3,Vietnamese Exclusive Economic Zone,,,SVDNB_npp_d20140716_t1757431_e1803235_b14079_c20140717000324408388_noaa_ops.h5,GDNBO_npp_d20140716_t1757431_e1803235_b14079_c20140717000324408134_noaa_ops.h5,SVI04_npp_d20140716_t1757431_e1803235_b14079_c20140717000324402868_noaa_ops.dspace_rad,VNFF_npp_d20140716_t1757431_e1803235_b14079_v21.csv,World_EEZ_v8_2014.shp,WPP_BFAR_merge.shp,KKP_IDN_merge_20161208.shp,VNF-VBD_npp_20120301-20151231_global_asia-enhanced_c201607211230.bitmask,NCEI_NGA.union.nga_lead2.add_2015ntl.mask,timezone.shp,VBD_platforms-recurring_2015_r20170330.shp,999999,VBD_bridges_c20160811.shp,22.302559;20.657581;17.812403;13.013085;8.184108;3.331987;-1.539063;0.598278;2.699680;7.587820;12.484635;17.389103,102.195274;116.899490;131.129013;129.599106;128.217987;126.965988;125.829720;112.252083;98.601341;99.606560;100.547348;101.419044,npp_d20140716_t1757431_e1803235_b14079,147.699,28.24,47.2391,97.962,42.9366,97.9817
1557,VBD_npp_d20140716_t1801507_x1068054E_y070629N_l2237_s1038_v23,2017-05-23 13:09:55,7.062922,106.805374,6.90147,2014-07-16 18:01:50,2014-07-17 01:01:50,2237,1038,0.363231,1,2529,0.376079,0.244356,0.867339,0.4,0.852486,0.75,0.0402189,0.0001,2.01465e-12,999999,1.410488e-02,3,Vietnamese Exclusive Economic Zone,,,SVDNB_npp_d20140716_t1757431_e1803235_b14079_c20140717000324408388_noaa_ops.h5,GDNBO_npp_d20140716_t1757431_e1803235_b14079_c20140717000324408134_noaa_ops.h5,SVI04_npp_d20140716_t1757431_e1803235_b14079_c20140717000324402868_noaa_ops.dspace_rad,VNFF_npp_d20140716_t1757431_e1803235_b14079_v21.csv,World_EEZ_v8_2014.shp,WPP_BFAR_merge.shp,KKP_IDN_merge_20161208.shp,VNF-VBD_npp_20120301-20151231_global_asia-enhanced_c201607211230.bitmask,NCEI_NGA.union.nga_lead2.add_2015ntl.mask,timezone.shp,VBD_platforms-recurring_2015_r20170330.shp,999999,VBD_bridges_c20160811.shp,22.302559;20.657581;17.812403;13.013085;8.184108;3.331987;-1.539063;0.598278;2.699680;7.587820;12.484635;17.389103,102.195274;116.899490;131.129013;129.599106;128.217987;126.965988;125.829720;112.252083;98.601341;99.606560;100.547348;101.419044,npp_d20140716_t1757431_e1803235_b14079,147.718,28.2507,47.2399,97.7888,42.9367,97.9588
1561,VBD_npp_d20140716_t1802014_x1066843E_y064851N_l2326_s1039_v23,2017-05-23 13:09:55,6.485060,106.684273,11.3871,2014-07-16 18:02:01,2014-07-17 01:02:01,2326,1039,0.36859,8,18913,0.513721,0.244895,0.814622,0.4,0.864198,0.75,0.040187,0.0001,2.06731e-12,999999,1.090088e-02,3,Indonesian Exclusive Economic Zone,WPP711,,SVDNB_npp_d20140716_t1757431_e1803235_b14079_c20140717000324408388_noaa_ops.h5,GDNBO_npp_d20140716_t1757431_e1803235_b14079_c20140717000324408134_noaa_ops.h5,SVI04_npp_d20140716_t1757431_e1803235_b14079_c20140717000324402868_noaa_ops.dspace_rad,VNFF_npp_d20140716_t1757431_e1803235_b14079_v21.csv,World_EEZ_v8_2014.shp,WPP_BFAR_merge.shp,KKP_IDN_merge_20161208.shp,VNF-VBD_npp_20120301-20151231_global_asia-enhanced_c201607211230.bitmask,NCEI_NGA.union.nga_lead2.add_2015ntl.mask,timezone.shp,VBD_platforms-recurring_2015_r20170330.shp,0.218304,VBD_bridges_c20160811.shp,22.302559;20.657581;17.812403;13.013085;8.184108;3.331987;-1.539063;0.598278;2.699680;7.587820;12.484635;17.389103,102.195274;116.899490;131.129013;129.599106;128.217987;126.965988;125.829720;112.252083;98.601341;99.606560;100.547348;101.419044,npp_d20140716_t1757431_e1803235_b14079,148.263,28.5744,47.2109,98.2567,42.9368,97.3071
1563,VBD_npp_d20140716_t1801472_x1068619E_y072624N_l2206_s1040_v23,2017-05-23 13:09:55,7.262414,106.861931,15.4818,2014-07-16 18:01:47,2014-07-17 01:01:47,2206,1040,0.411736,1,2529,0.616667,0.237515,0.921969,0.4,0.915452,0.75,0.0402419,0.0001,2.1476e-12,999999,5.477303e-02,3,Vietnamese Exclusive Economic Zone,,,SVDNB_npp_d20140716_t1757431_e1803235_b14079_c20140717000324408388_noaa_ops.h5,GDNBO_npp_d20140716_t1757431_e1803235_b14079_c20140717000324408134_noaa_ops.h5,SVI04_npp_d20140716_t1757431_e1803235_b14079_c20140717000324402868_noaa_ops.dspace_rad,VNFF_npp_d20140716_t1757431_e1803235_b14079_v21.csv,World_EEZ_v8_2014.shp,WPP_BFAR_merge.shp,KKP_IDN_merge_20161208.shp,VNF-VBD_npp_20120301-20151231_global_asia-enhanced_c201607211230.bitmask,NCEI_NGA.union.nga_lead2.add_2015ntl.mask,timezone.shp,VBD_platforms-recurring_2015_r20170330.shp,999999,VBD_bridges_c20160811.shp,22.302559;20.657581;17.812403;13.013085;8.184108;3.331987;-1.539063;0.598278;2.699680;7.587820;12.484635;17.389103,102.195274;116.899490;131.129013;129.599106;128.217987;126.965988;125.829720;112.252083;98.601341;99.606560;100.547348;101.419044,npp_d20140716_t1757431_e1803235_b14079,147.523,28.1647,47.1778,97.711,42.9231,98.1882
1564,VBD_npp_d20140716_t1801472_x1068599E_y072489N_l2208_s1040_v23,2017-05-23 13:09:55,7.248917,106.859932,27.6995,2014-07-16 18:01:47,2014-07-17 01:01:47,2208,1040,0.407537,1,2529,0.825048,0.214609,0.924439,0.4,0.949601,0.75,0.0402412,0.0001,2.14648e-12,999999,1.909327e-01,3,Vietnamese Exclusive Economic Zone,,,SVDNB_npp_d20140716_t1757431_e1803235_b14079_c20140717000324408388_noaa_ops.h5,GDNBO_npp_d20140716_t1757431_e1803235_b14079_c20140717000324408134_noaa_ops.h5,SVI04_npp_d20140716_t1757431_e1803235_b14079_c20140717000324402868_noaa_ops.dspace_rad,VNFF_npp_d20140716_t1757431_e1803235_b14079_v21.csv,World_EEZ_v8_2014.shp,WPP_BFAR_merge.shp,KKP_IDN_merge_20161208.shp,VNF-VBD_npp_20120301-20151231_global_asia-enhanced_c201607211230.bitmask,NCEI_NGA.union.nga_lead2.add_2015ntl.mask,timezone.shp,VBD_platforms-recurring_2015_r20170330.shp,999999,VBD_bridges_c20160811.shp,22.302559;20.657581;17.812403;13.013085;8.184108;3.331987;-1.539063;0.598278;2.699680;7.587820;12.484635;17.389103,102.195274;116.899490;131.129013;129.599106;128.217987;126.965988;125.829720;112.252083;98.601341;99.606560;100.547348;101.419044,npp_d20140716_t1757431_e1803235_b14079,147.536,28.1717,47.1787,97.5954,42.9232,98.1729
1565,VBD_npp_d20140716_t1801507_x1068179E_y070543N_l2238_s1040_v23,2017-05-23 13:09:55,7.054266,106.817932,11.7059,2014-07-16 18:01:50,2014-07-17 01:01:50,2238,1040,0.354668,1,2529,0.538652,0.231156,0.877486,0.4,0.905812,0.75,0.0402298,0.0001,2.15132e-12,999999,9.257342e-02,3,Vietnamese Exclusive Economic Zone,,,SVDNB_npp_d20140716_t1757431_e1803235_b14079_c20140717000324408388_noaa_ops.h5,GDNBO_npp_d20140716_t1757431_e1803235_b14079_c20140717000324408134_noaa_ops.h5,SVI04_npp_d20140716_t1757431_e1803235_b14079_c20140717000324402868_noaa_ops.dspace_rad,VNFF_npp_d20140716_t1757431_e1803235_b14079_v21.csv,World_EEZ_v8_2014.shp,WPP_BFAR_merge.shp,KKP_IDN_merge_20161208.shp,VNF-VBD_npp_20120301-20151231_global_asia-enhanced_c201607211230.bitmask,NCEI_NGA.union.nga_lead2.add_2015ntl.mask,timezone.shp,VBD_platforms-recurring_2015_r20170330.shp,999999,VBD_bridges_c20160811.shp,22.302559;20.657581;17.812403;13.013085;8.184108;3.331987;-1.539063;0.598278;2.699680;7.587820;12.484635;17.389103,102.195274;116.899490;131.129013;129.599106;128.217987;126.965988;125.829720;112.252083;98.601341;99.606560;100.547348;101.419044,npp_d20140716_t1757431_e1803235_b14079,147.72,28.2761,47.1754,97.7323,42.923,97.9528
1566,VBD_npp_d20140716_t1803161_x1057401E_y021445N_l2994_s1040_v23,2017-05-23 13:09:55,2.144455,105.740105,39.7129,2014-07-16 18:03:16,2014-07-17 01:03:16,2994,1040,0.392842,1,2529,0.723863,0.252114,0.808913,0.4,0.836809,0.75,0.0399169,0.0001,1.8148e-12,999999,-3.201546e-02,3,Indonesian Exclusive Economic Zone,WPP711,,SVDNB_npp_d20140716_t1757431_e1803235_b14079_c20140717000324408388_noaa_ops.h5,GDNBO_npp_d20140716_t1757431_e1803235_b14079_c20140717000324408134_noaa_ops.h5,SVI04_npp_d20140716_t1757431_e1803235_b14079_c20140717000324402868_noaa_ops.dspace_rad,VNFF_npp_d20140716_t1757431_e1803235_b14079_v21.csv,World_EEZ_v8_2014.shp,WPP_BFAR_merge.shp,KKP_IDN_merge_20161208.shp,VNF-VBD_npp_20120301-20151231_global_asia-enhanced_c201607211230.bitmask,NCEI_NGA.union.nga_lead2.add_2015ntl.mask,timezone.shp,VBD_platforms-recurring_2015_r20170330.shp,999999,VBD_bridges_c20160811.shp,22.302559;20.657581;17.812403;13.013085;8.184108;3.331987;-1.539063;0.598278;2.699680;7.587820;12.484635;17.389103,102.195274;116.899490;131.129013;129.599106;128.217987;126.965988;125.829720;112.252083;98.601341;99.606560;100.547348;101.419044,npp_d20140716_t1757431_e1803235_b14079,152.34,31.3717,47.1786,98.9599,43.2108,92.4527
1568,VBD_npp_d20140716_t1801365_x1070062E_y079196N_l2105_s1041_v23,2017-05-23 13:09:55,7.919596,107.006218,15.8425,2014-07-16 18:01:36,2014-07-17 01:01:36,2105,1041,0.41052,1,2529,0.66994,0.238102,0.907486,0.4,0.908204,0.75,0.0402807,0.0001,2.21064e-12,999999,5.127925e-02,3,Vietnamese Exclusive Economic Zone,,,SVDNB_npp_d20140716_t1757431_e1803235_b14079_c20140717000324408388_noaa_ops.h5,GDNBO_npp_d20140716_t1757431_e1803235_b14079_c20140717000324408134_noaa_ops.h5,SVI04_npp_d20140716_t1757431_e1803235_b14079_c20140717000324402868_noaa_ops.dspace_rad,VNFF_npp_d20140716_t1757431_e1803235_b14079_v21.csv,World_EEZ_v8_2014.shp,WPP_BFAR_merge.shp,KKP_IDN_merge_20161208.shp,VNF-VBD_npp_20120301-20151231_global_asia-enhanced_c201607211230.bitmask,NCEI_NGA.union.nga_lead2.add_2015ntl.mask,timezone.shp,VBD_platforms-recurring_2015_r20170330.shp,999999,VBD_bridges_c20160811.shp,22.302559;20.657581;17.812403;13.013085;8.184108;3.331987;-1.539063;0.598278;2.699680;7.587820;12.484635;17.389103,102.195274;116.899490;131.129013;129.599106;128.217987;126.965988;125.829720;112.252083;98.601341;99.606560;100.547348;101.419044,npp_d20140716_t1757431_e1803235_b14079,146.896,27.8346,47.1463,97.9379,42.9217,98.9344
1571,VBD_npp_d20140716_t1801472_x1068755E_y072605N_l2206_s1042_v23,2017-05-23 13:09:55,7.260521,106.875450,12.9758,2014-07-16 18:01:47,2014-07-17 01:01:47,2206,1042,0.413725,1,2529,0.577469,0.243994,0.921969,0.4,0.841143,0.75,0.0402532,0.0001,2.29349e-12,999999,1.625410e-02,3,Vietnamese Exclusive Economic Zone,,,SVDNB_npp_d20140716_t1757431_e1803235_b14079_c20140717000324408388_noaa_ops.h5,GDNBO_npp_d20140716_t1757431_e1803235_b14079_c20140717000324408134_noaa_ops.h5,SVI04_npp_d20140716_t1757431_e1803235_b14079_c20140717000324402868_noaa_ops.dspace_rad,VNFF_npp_d20140716_t1757431_e1803235_b14079_v21.csv,World_EEZ_v8_2014.shp,WPP_BFAR_merge.shp,KKP_IDN_merge_20161208.shp,VNF-VBD_npp_20120301-20151231_global_asia-enhanced_c201607211230.bitmask,NCEI_NGA.union.nga_lead2.add_2015ntl.mask,timezone.shp,VBD_platforms-recurring_2015_r20170330.shp,999999,VBD_bridges_c20160811.shp,22.302559;20.657581;17.812403;13.013085;8.184108;3.331987;-1.539063;0.598278;2.699680;7.587820;12.484635;17.389103,102.195274;116.899490;131.129013;129.599106;128.217987;126.965988;125.829720;112.252083;98.601341;99.606560;100.547348;101.419044,npp_d20140716_t1757431_e1803235_b14079,147.518,28.1864,47.113,97.7123,42.9094,98.1899
1572,VBD_npp_d20140716_t1801489_x1068651E_y072372N_l2210_s1042_v23,2017-05-23 13:09:55,7.237169,106.865051,19.5728,2014-07-16 18:01:48,2014-07-17 01:01:48,2210,1042,0.405162,1,2529,0.68888,0.244177,0.924439,0.4,0.927061,0.75,0.0402517,0.0001,2.29645e-12,999999,1.516882e-02,3,Vietnamese Exclusive Economic Zone,,,SVDNB_npp_d20140716_t1757431_e1803235_b14079_c20140717000324408388_noaa_ops.h5,GDNBO_npp_d20140716_t1757431_e1803235_b14079_c20140717000324408134_noaa_ops.h5,SVI04_npp_d20140716_t1757431_e1803235_b14079_c20140717000324402868_noaa_ops.dspace_rad,VNFF_npp_d20140716_t1757431_e1803235_b14079_v21.csv,World_EEZ_v8_2014.shp,WPP_BFAR_merge.shp,KKP_IDN_merge_20161208.shp,VNF-VBD_npp_20120301-20151231_global_asia-enhanced_c201607211230.bitmask,NCEI_NGA.union.nga_lead2.add_2015ntl.mask,timezone.shp,VBD_platforms-recurring_2015_r20170330.shp,999999,VBD_bridges_c20160811.shp,22.302559;20.657581;17.812403;13.013085;8.184108;3.331987;-1.539063;0.598278;2.699680;7.587820;12.484635;17.389103,102.195274;116.899490;131.129013;129.599106;128.217987;126.965988;125.829720;112.252083;98.601341;99.606560;100.547348;101.419044,npp_d20140716_t1757431_e1803235_b14079,147.54,28.1993,47.1113,98.4152,42.9092,98.1634
1573,VBD_npp_d20140716_t1801489_x1068561E_y071765N_l2219_s1042_v23,2017-05-23 13:09:55,7.176487,106.856133,6.75099,2014-07-16 18:01:48,2014-07-17 01:01:48,2219,1042,0.407758,2,2465,0.368794,0.229414,0.825157,0.4,0.656021,0.75,0.0402483,0.0001,2.29424e-12,999999,1.029286e-01,3,Vietnamese Exclusive Economic Zone,,,SVDNB_npp_d20140716_t1757431_e1803235_b14079_c20140717000324408388_noaa_ops.h5,GDNBO_npp_d20140716_t1757431_e1803235_b14079_c20140717000324408134_noaa_ops.h5,SVI04_npp_d20140716_t1757431_e1803235_b14079_c20140717000324402868_noaa_ops.dspace_rad,VNFF_npp_d20140716_t1757431_e1803235_b14079_v21.csv,World_EEZ_v8_2014.shp,WPP_BFAR_merge.shp,KKP_IDN_merge_20161208.shp,VNF-VBD_npp_20120301-20151231_global_asia-enhanced_c201607211230.bitmask,NCEI_NGA.union.nga_lead2.add_2015ntl.mask,timezone.shp,VBD_platforms-recurring_2015_r20170330.shp,999999,VBD_bridges_c20160811.shp,22.302559;20.657581;17.812403;13.013085;8.184108;3.331987;-1.539063;0.598278;2.699680;7.587820;12.484635;17.389103,102.195274;116.899490;131.129013;129.599106;128.217987;126.965988;125.829720;112.252083;98.601341;99.606560;100.547348;101.419044,npp_d20140716_t1757431_e1803235_b14079,147.598,28.231,47.1122,97.8946,42.9094,98.0948
1574,VBD_npp_d20140716_t1801507_x1068374E_y070928N_l2232_s1042_v23,2017-05-23 13:09:55,7.092821,106.837402,6.8653,2014-07-16 18:01:50,2014-07-17 01:01:50,2232,1042,0.375661,1,2529,0.386565,0.24969,0.879038,0.4,0.858089,0.75,0.0402433,0.0001,2.30073e-12,999999,-1.760114e-02,3,Vietnamese Exclusive Economic Zone,,,SVDNB_npp_d20140716_t1757431_e1803235_b14079_c20140717000324408388_noaa_ops.h5,GDNBO_npp_d20140716_t1757431_e1803235_b14079_c20140717000324408134_noaa_ops.h5,SVI04_npp_d20140716_t1757431_e1803235_b14079_c20140717000324402868_noaa_ops.dspace_rad,VNFF_npp_d20140716_t1757431_e1803235_b14079_v21.csv,World_EEZ_v8_2014.shp,WPP_BFAR_merge.shp,KKP_IDN_merge_20161208.shp,VNF-VBD_npp_20120301-20151231_global_asia-enhanced_c201607211230.bitmask,NCEI_NGA.union.nga_lead2.add_2015ntl.mask,timezone.shp,VBD_platforms-recurring_2015_r20170330.shp,999999,VBD_bridges_c20160811.shp,22.302559;20.657581;17.812403;13.013085;8.184108;3.331987;-1.539063;0.598278;2.699680;7.587820;12.484635;17.389103,102.195274;116.899490;131.129013;129.599106;128.217987;126.965988;125.829720;112.252083;98.601341;99.606560;100.547348;101.419044,npp_d20140716_t1757431_e1803235_b14079,147.677,28.2765,47.1091,98.0807,42.9091,98.0002
1577,VBD_npp_d20140716_t1801365_x1070266E_y079649N_l2098_s1043_v23,2017-05-23 13:09:55,7.964868,107.026627,10.2854,2014-07-16 18:01:36,2014-07-17 01:01:36,2098,1043,0.413504,1,2529,0.523697,0.243779,0.90643,0.4,0.900922,0.75,0.0402942,0.0001,2.35764e-12,999999,1.753509e-02,3,Vietnamese Exclusive Economic Zone,,,SVDNB_npp_d20140716_t1757431_e1803235_b14079_c20140717000324408388_noaa_ops.h5,GDNBO_npp_d20140716_t1757431_e1803235_b14079_c20140717000324408134_noaa_ops.h5,SVI04_npp_d20140716_t1757431_e1803235_b14079_c20140717000324402868_noaa_ops.dspace_rad,VNFF_npp_d20140716_t1757431_e1803235_b14079_v21.csv,World_EEZ_v8_2014.shp,WPP_BFAR_merge.shp,KKP_IDN_merge_20161208.shp,VNF-VBD_npp_20120301-20151231_global_asia-enhanced_c201607211230.bitmask,NCEI_NGA.union.nga_lead2.add_2015ntl.mask,timezone.shp,VBD_platforms-recurring_2015_r20170330.shp,999999,VBD_bridges_c20160811.shp,22.302559;20.657581;17.812403;13.013085;8.184108;3.331987;-1.539063;0.598278;2.699680;7.587820;12.484635;17.389103,102.195274;116.899490;131.129013;129.599106;128.217987;126.965988;125.829720;112.252083;98.601341;99.606560;100.547348;101.419044,npp_d20140716_t1757431_e1803235_b14079,146.847,27.8324,47.0811,98.3449,42.9086,98.9899
1578,VBD_npp_d20140716_t1801507_x1068491E_y071255N_l2227_s1043_v23,2017-05-23 13:09:55,7.125550,106.849098,4.4715,2014-07-16 18:01:50,2014-07-17 01:01:50,2227,1043,0.398035,1,2273,0.264664,0.246984,0.808419,0.4,0.765274,0.75,0.0402509,0.0001,2.37871e-12,999999,-1.519611e-03,3,Vietnamese Exclusive Economic Zone,,,SVDNB_npp_d20140716_t1757431_e1803235_b14079_c20140717000324408388_noaa_ops.h5,GDNBO_npp_d20140716_t1757431_e1803235_b14079_c20140717000324408134_noaa_ops.h5,SVI04_npp_d20140716_t1757431_e1803235_b14079_c20140717000324402868_noaa_ops.dspace_rad,VNFF_npp_d20140716_t1757431_e1803235_b14079_v21.csv,World_EEZ_v8_2014.shp,WPP_BFAR_merge.shp,KKP_IDN_merge_20161208.shp,VNF-VBD_npp_20120301-20151231_global_asia-enhanced_c201607211230.bitmask,NCEI_NGA.union.nga_lead2.add_2015ntl.mask,timezone.shp,VBD_platforms-recurring_2015_r20170330.shp,999999,VBD_bridges_c20160811.shp,22.302559;20.657581;17.812403;13.013085;8.184108;3.331987;-1.539063;0.598278;2.699680;7.587820;12.484635;17.389103,102.195274;116.899490;131.129013;129.599106;128.217987;126.965988;125.829720;112.252083;98.601341;99.606560;100.547348;101.419044,npp_d20140716_t1757431_e1803235_b14079,147.642,28.2696,47.0764,98.3709,42.902,98.0391
1579,VBD_npp_d20140716_t1803161_x1057487E_y020672N_l3005_s1043_v23,2017-05-23 13:09:55,2.067222,105.748672,44.239,2014-07-16 18:03:16,2014-07-17 01:03:16,3005,1043,0.409415,1,2529,0.959809,0.254511,0.860767,0.4,0.948321,0.75,0.0399338,0.0001,1.96147e-12,999999,-4.626374e-02,3,Indonesian Exclusive Economic Zone,WPP711,,SVDNB_npp_d20140716_t1757431_e1803235_b14079_c20140717000324408388_noaa_ops.h5,GDNBO_npp_d20140716_t1757431_e1803235_b14079_c20140717000324408134_noaa_ops.h5,SVI04_npp_d20140716_t1757431_e1803235_b14079_c20140717000324402868_noaa_ops.dspace_rad,VNFF_npp_d20140716_t1757431_e1803235_b14079_v21.csv,World_EEZ_v8_2014.shp,WPP_BFAR_merge.shp,KKP_IDN_merge_20161208.shp,VNF-VBD_npp_20120301-20151231_global_asia-enhanced_c201607211230.bitmask,NCEI_NGA.union.nga_lead2.add_2015ntl.mask,timezone.shp,VBD_platforms-recurring_2015_r20170330.shp,999999,VBD_bridges_c20160811.shp,22.302559;20.657581;17.812403;13.013085;8.184108;3.331987;-1.539063;0.598278;2.699680;7.587820;12.484635;17.389103,102.195274;116.899490;131.129013;129.599106;128.217987;126.965988;125.829720;112.252083;98.601341;99.606560;100.547348;101.419044,npp_d20140716_t1757431_e1803235_b14079,152.401,31.4629,47.0829,98.3253,43.1988,92.3693
1582,VBD_npp_d20140716_t1801365_x1070275E_y079235N_l2104_s1044_v23,2017-05-23 13:09:55,7.923471,107.027489,11.7562,2014-07-16 18:01:36,2014-07-17 01:01:36,2104,1044,0.413504,1,2529,0.572577,0.242177,0.905635,0.4,0.921312,0.75,0.0402979,0.0001,2.43881e-12,999999,2.705539e-02,3,Vietnamese Exclusive Economic Zone,,,SVDNB_npp_d20140716_t1757431_e1803235_b14079_c20140717000324408388_noaa_ops.h5,GDNBO_npp_d20140716_t1757431_e1803235_b14079_c20140717000324408134_noaa_ops.h5,SVI04_npp_d20140716_t1757431_e1803235_b14079_c20140717000324402868_noaa_ops.dspace_rad,VNFF_npp_d20140716_t1757431_e1803235_b14079_v21.csv,World_EEZ_v8_2014.shp,WPP_BFAR_merge.shp,KKP_IDN_merge_20161208.shp,VNF-VBD_npp_20120301-20151231_global_asia-enhanced_c201607211230.bitmask,NCEI_NGA.union.nga_lead2.add_2015ntl.mask,timezone.shp,VBD_platforms-recurring_2015_r20170330.shp,999999,VBD_bridges_c20160811.shp,22.302559;20.657581;17.812403;13.013085;8.184108;3.331987;-1.539063;0.598278;2.699680;7.587820;12.484635;17.389103,102.195274;116.899490;131.129013;129.599106;128.217987;126.965988;125.829720;112.252083;98.601341;99.606560;100.547348;101.419044,npp_d20140716_t1757431_e1803235_b14079,146.883,27.8633,47.049,97.9984,42.9012,98.9451
1583,VBD_npp_d20140716_t1801436_x1069378E_y075005N_l2169_s1044_v23,2017-05-23 13:09:55,7.500458,106.937805,12.6006,2014-07-16 18:01:43,2014-07-17 01:01:43,2169,1044,0.414885,1,2529,0.574705,0.261236,0.819449,0.4,0.914927,0.75,0.0402777,0.0001,2.4441e-12,999999,-8.623875e-02,3,Vietnamese Exclusive Economic Zone,,,SVDNB_npp_d20140716_t1757431_e1803235_b14079_c20140717000324408388_noaa_ops.h5,GDNBO_npp_d20140716_t1757431_e1803235_b14079_c20140717000324408134_noaa_ops.h5,SVI04_npp_d20140716_t1757431_e1803235_b14079_c20140717000324402868_noaa_ops.dspace_rad,VNFF_npp_d20140716_t1757431_e1803235_b14079_v21.csv,World_EEZ_v8_2014.shp,WPP_BFAR_merge.shp,KKP_IDN_merge_20161208.shp,VNF-VBD_npp_20120301-20151231_global_asia-enhanced_c201607211230.bitmask,NCEI_NGA.union.nga_lead2.add_2015ntl.mask,timezone.shp,VBD_platforms-recurring_2015_r20170330.shp,999999,VBD_bridges_c20160811.shp,22.302559;20.657581;17.812403;13.013085;8.184108;3.331987;-1.539063;0.598278;2.699680;7.587820;12.484635;17.389103,102.195274;116.899490;131.129013;129.599106;128.217987;126.965988;125.829720;112.252083;98.601341;99.606560;100.547348;101.419044,npp_d20140716_t1757431_e1803235_b14079,147.284,28.0806,47.0493,97.9818,42.8969,98.4656
1585,VBD_npp_d20140716_t1801489_x1068833E_y072208N_l2212_s1045_v23,2017-05-23 13:09:55,7.220750,106.883293,15.0274,2014-07-16 18:01:48,2014-07-17 01:01:48,2212,1045,0.41041,1,2529,0.643935,0.248796,0.906812,0.4,0.863712,0.75,0.0402678,0.0001,2.53306e-12,999999,-1.228855e-02,3,Vietnamese Exclusive Economic Zone,,,SVDNB_npp_d20140716_t1757431_e1803235_b14079_c20140717000324408388_noaa_ops.h5,GDNBO_npp_d20140716_t1757431_e1803235_b14079_c20140717000324408134_noaa_ops.h5,SVI04_npp_d20140716_t1757431_e1803235_b14079_c20140717000324402868_noaa_ops.dspace_rad,VNFF_npp_d20140716_t1757431_e1803235_b14079_v21.csv,World_EEZ_v8_2014.shp,WPP_BFAR_merge.shp,KKP_IDN_merge_20161208.shp,VNF-VBD_npp_20120301-20151231_global_asia-enhanced_c201607211230.bitmask,NCEI_NGA.union.nga_lead2.add_2015ntl.mask,timezone.shp,VBD_platforms-recurring_2015_r20170330.shp,999999,VBD_bridges_c20160811.shp,22.302559;20.657581;17.812403;13.013085;8.184108;3.331987;-1.539063;0.598278;2.699680;7.587820;12.484635;17.389103,102.195274;116.899490;131.129013;129.599106;128.217987;126.965988;125.829720;112.252083;98.601341;99.606560;100.547348;101.419044,npp_d20140716_t1757431_e1803235_b14079,147.546,28.2389,47.0141,98.3024,42.8887,98.1507
1587,VBD_npp_d20140716_t1801365_x1070439E_y079418N_l2101_s1046_v23,2017-05-23 13:09:55,7.941754,107.043915,7.78061,2014-07-16 18:01:36,2014-07-17 01:01:36,2101,1046,0.408421,1,2529,0.439232,0.242674,0.910276,0.4,0.895784,0.75,0.0403101,0.0001,2.60203e-12,999999,2.410594e-02,3,Vietnamese Exclusive Economic Zone,,,SVDNB_npp_d20140716_t1757431_e1803235_b14079_c20140717000324408388_noaa_ops.h5,GDNBO_npp_d20140716_t1757431_e1803235_b14079_c20140717000324408134_noaa_ops.h5,SVI04_npp_d20140716_t1757431_e1803235_b14079_c20140717000324402868_noaa_ops.dspace_rad,VNFF_npp_d20140716_t1757431_e1803235_b14079_v21.csv,World_EEZ_v8_2014.shp,WPP_BFAR_merge.shp,KKP_IDN_merge_20161208.shp,VNF-VBD_npp_20120301-20151231_global_asia-enhanced_c201607211230.bitmask,NCEI_NGA.union.nga_lead2.add_2015ntl.mask,timezone.shp,VBD_platforms-recurring_2015_r20170330.shp,999999,VBD_bridges_c20160811.shp,22.302559;20.657581;17.812403;13.013085;8.184108;3.331987;-1.539063;0.598278;2.699680;7.587820;12.484635;17.389103,102.195274;116.899490;131.129013;129.599106;128.217987;126.965988;125.829720;112.252083;98.601341;99.606560;100.547348;101.419044,npp_d20140716_t1757431_e1803235_b14079,146.859,27.8746,46.984,98.1742,42.8878,98.9701
1588,VBD_npp_d20140716_t1801383_x1070236E_y078509N_l2115_s1046_v23,2017-05-23 13:09:55,7.850874,107.023643,16.1454,2014-07-16 18:01:38,2014-07-17 01:01:38,2115,1046,0.414111,1,2529,0.683344,0.261571,0.829878,0.4,0.945499,0.75,0.0403058,0.0001,2.60271e-12,999999,-8.823007e-02,3,Vietnamese Exclusive Economic Zone,,,SVDNB_npp_d20140716_t1757431_e1803235_b14079_c20140717000324408388_noaa_ops.h5,GDNBO_npp_d20140716_t1757431_e1803235_b14079_c20140717000324408134_noaa_ops.h5,SVI04_npp_d20140716_t1757431_e1803235_b14079_c20140717000324402868_noaa_ops.dspace_rad,VNFF_npp_d20140716_t1757431_e1803235_b14079_v21.csv,World_EEZ_v8_2014.shp,WPP_BFAR_merge.shp,KKP_IDN_merge_20161208.shp,VNF-VBD_npp_20120301-20151231_global_asia-enhanced_c201607211230.bitmask,NCEI_NGA.union.nga_lead2.add_2015ntl.mask,timezone.shp,VBD_platforms-recurring_2015_r20170330.shp,999999,VBD_bridges_c20160811.shp,22.302559;20.657581;17.812403;13.013085;8.184108;3.331987;-1.539063;0.598278;2.699680;7.587820;12.484635;17.389103,102.195274;116.899490;131.129013;129.599106;128.217987;126.965988;125.829720;112.252083;98.601341;99.606560;100.547348;101.419044,npp_d20140716_t1757431_e1803235_b14079,146.945,27.9207,46.9843,98.2981,42.8865,98.867
1591,VBD_npp_d20140716_t1801418_x1069778E_y075811N_l2156_s1047_v23,2017-05-23 13:09:55,7.581088,106.977837,7.08523,2014-07-16 18:01:41,2014-07-17 01:01:41,2156,1047,0.413062,8,18913,0.396802,0.274051,0.799555,0.4,0.867676,0.75,0.0402986,0.0001,2.70237e-12,999999,-1.624174e-01,3,Vietnamese Exclusive Economic Zone,,,SVDNB_npp_d20140716_t1757431_e1803235_b14079_c20140717000324408388_noaa_ops.h5,GDNBO_npp_d20140716_t1757431_e1803235_b14079_c20140717000324408134_noaa_ops.h5,SVI04_npp_d20140716_t1757431_e1803235_b14079_c20140717000324402868_noaa_ops.dspace_rad,VNFF_npp_d20140716_t1757431_e1803235_b14079_v21.csv,World_EEZ_v8_2014.shp,WPP_BFAR_merge.shp,KKP_IDN_merge_20161208.shp,VNF-VBD_npp_20120301-20151231_global_asia-enhanced_c201607211230.bitmask,NCEI_NGA.union.nga_lead2.add_2015ntl.mask,timezone.shp,VBD_platforms-recurring_2015_r20170330.shp,0.259108,VBD_bridges_c20160811.shp,22.302559;20.657581;17.812403;13.013085;8.184108;3.331987;-1.539063;0.598278;2.699680;7.587820;12.484635;17.389103,102.195274;116.899490;131.129013;129.599106;128.217987;126.965988;125.829720;112.252083;98.601341;99.606560;100.547348;101.419044,npp_d20140716_t1757431_e1803235_b14079,147.198,28.0703,46.9498,97.7974,42.8763,98.5632
1593,VBD_npp_d20140716_t1801472_x1069228E_y073019N_l2199_s1048_v23,2017-05-23 13:09:55,7.301927,106.922775,13.1729,2014-07-16 18:01:47,2014-07-17 01:01:47,2199,1048,0.414111,1,2529,0.611716,0.247795,0.876579,0.4,0.918961,0.75,0.0402897,0.0001,2.79227e-12,999999,-6.335568e-03,3,Vietnamese Exclusive Economic Zone,,,SVDNB_npp_d20140716_t1757431_e1803235_b14079_c20140717000324408388_noaa_ops.h5,GDNBO_npp_d20140716_t1757431_e1803235_b14079_c20140717000324408134_noaa_ops.h5,SVI04_npp_d20140716_t1757431_e1803235_b14079_c20140717000324402868_noaa_ops.dspace_rad,VNFF_npp_d20140716_t1757431_e1803235_b14079_v21.csv,World_EEZ_v8_2014.shp,WPP_BFAR_merge.shp,KKP_IDN_merge_20161208.shp,VNF-VBD_npp_20120301-20151231_global_asia-enhanced_c201607211230.bitmask,NCEI_NGA.union.nga_lead2.add_2015ntl.mask,timezone.shp,VBD_platforms-recurring_2015_r20170330.shp,999999,VBD_bridges_c20160811.shp,22.302559;20.657581;17.812403;13.013085;8.184108;3.331987;-1.539063;0.598278;2.699680;7.587820;12.484635;17.389103,102.195274;116.899490;131.129013;129.599106;128.217987;126.965988;125.829720;112.252083;98.601341;99.606560;100.547348;101.419044,npp_d20140716_t1757431_e1803235_b14079,147.459,28.2266,46.9171,98.1225,42.8683,98.2485
1596,VBD_npp_d20140716_t1801489_x1069121E_y072303N_l2210_s1049_v23,2017-05-23 13:09:55,7.230296,106.912102,15.0089,2014-07-16 18:01:48,2014-07-17 01:01:48,2210,1049,0.407869,1,2529,0.602945,0.224323,0.893505,0.4,0.913682,0.75,0.0402911,0.0001,2.88476e-12,999999,1.331892e-01,3,Vietnamese Exclusive Economic Zone,,,SVDNB_npp_d20140716_t1757431_e1803235_b14079_c20140717000324408388_noaa_ops.h5,GDNBO_npp_d20140716_t1757431_e1803235_b14079_c20140717000324408134_noaa_ops.h5,SVI04_npp_d20140716_t1757431_e1803235_b14079_c20140717000324402868_noaa_ops.dspace_rad,VNFF_npp_d20140716_t1757431_e1803235_b14079_v21.csv,World_EEZ_v8_2014.shp,WPP_BFAR_merge.shp,KKP_IDN_merge_20161208.shp,VNF-VBD_npp_20120301-20151231_global_asia-enhanced_c201607211230.bitmask,NCEI_NGA.union.nga_lead2.add_2015ntl.mask,timezone.shp,VBD_platforms-recurring_2015_r20170330.shp,999999,VBD_bridges_c20160811.shp,22.302559;20.657581;17.812403;13.013085;8.184108;3.331987;-1.539063;0.598278;2.699680;7.587820;12.484635;17.389103,102.195274;116.899490;131.129013;129.599106;128.217987;126.965988;125.829720;112.252083;98.601341;99.606560;100.547348;101.419044,npp_d20140716_t1757431_e1803235_b14079,147.524,28.275,46.8848,98.4223,42.8614,98.1692
1597,VBD_npp_d20140716_t1801596_x1067635E_y065120N_l2320_s1049_v23,2017-05-23 13:09:55,6.511999,106.763504,8.09417,2014-07-16 18:01:59,2014-07-17 01:01:59,2320,1049,0.363065,1,2529,0.409772,0.263743,0.836864,0.4,0.857431,0.75,0.0402462,0.0001,2.8518e-12,999999,-1.011428e-01,3,Indonesian Exclusive Economic Zone,WPP711,,SVDNB_npp_d20140716_t1757431_e1803235_b14079_c20140717000324408388_noaa_ops.h5,GDNBO_npp_d20140716_t1757431_e1803235_b14079_c20140717000324408134_noaa_ops.h5,SVI04_npp_d20140716_t1757431_e1803235_b14079_c20140717000324402868_noaa_ops.dspace_rad,VNFF_npp_d20140716_t1757431_e1803235_b14079_v21.csv,World_EEZ_v8_2014.shp,WPP_BFAR_merge.shp,KKP_IDN_merge_20161208.shp,VNF-VBD_npp_20120301-20151231_global_asia-enhanced_c201607211230.bitmask,NCEI_NGA.union.nga_lead2.add_2015ntl.mask,timezone.shp,VBD_platforms-recurring_2015_r20170330.shp,999999,VBD_bridges_c20160811.shp,22.302559;20.657581;17.812403;13.013085;8.184108;3.331987;-1.539063;0.598278;2.699680;7.587820;12.484635;17.389103,102.195274;116.899490;131.129013;129.599106;128.217987;126.965988;125.829720;112.252083;98.601341;99.606560;100.547348;101.419044,npp_d20140716_t1757431_e1803235_b14079,148.205,28.6629,46.8917,97.6719,42.8684,97.3549
1602,VBD_npp_d20140716_t1801347_x1070838E_y079745N_l2095_s1050_v23,2017-05-23 13:09:55,7.974514,107.083801,22.352,2014-07-16 18:01:34,2014-07-17 01:01:34,2095,1050,0.408642,1,2529,0.77997,0.248361,0.912746,0.4,0.950008,0.75,0.0403345,0.0001,2.97321e-12,999999,-9.702827e-03,3,Vietnamese Exclusive Economic Zone,,,SVDNB_npp_d20140716_t1757431_e1803235_b14079_c20140717000324408388_noaa_ops.h5,GDNBO_npp_d20140716_t1757431_e1803235_b14079_c20140717000324408134_noaa_ops.h5,SVI04_npp_d20140716_t1757431_e1803235_b14079_c20140717000324402868_noaa_ops.dspace_rad,VNFF_npp_d20140716_t1757431_e1803235_b14079_v21.csv,World_EEZ_v8_2014.shp,WPP_BFAR_merge.shp,KKP_IDN_merge_20161208.shp,VNF-VBD_npp_20120301-20151231_global_asia-enhanced_c201607211230.bitmask,NCEI_NGA.union.nga_lead2.add_2015ntl.mask,timezone.shp,VBD_platforms-recurring_2015_r20170330.shp,999999,VBD_bridges_c20160811.shp,22.302559;20.657581;17.812403;13.013085;8.184108;3.331987;-1.539063;0.598278;2.699680;7.587820;12.484635;17.389103,102.195274;116.899490;131.129013;129.599106;128.217987;126.965988;125.829720;112.252083;98.601341;99.606560;100.547348;101.419044,npp_d20140716_t1757431_e1803235_b14079,146.815,27.8991,46.8534,97.5852,42.8606,99.016
1603,VBD_npp_d20140716_t1801489_x1069178E_y072226N_l2211_s1050_v23,2017-05-23 13:09:55,7.222600,106.917816,13.8135,2014-07-16 18:01:48,2014-07-17 01:01:48,2211,1050,0.404167,1,2529,0.59361,0.221397,0.89113,0.4,0.913623,0.75,0.0402964,0.0001,2.97958e-12,999999,1.505810e-01,3,Vietnamese Exclusive Economic Zone,,,SVDNB_npp_d20140716_t1757431_e1803235_b14079_c20140717000324408388_noaa_ops.h5,GDNBO_npp_d20140716_t1757431_e1803235_b14079_c20140717000324408134_noaa_ops.h5,SVI04_npp_d20140716_t1757431_e1803235_b14079_c20140717000324402868_noaa_ops.dspace_rad,VNFF_npp_d20140716_t1757431_e1803235_b14079_v21.csv,World_EEZ_v8_2014.shp,WPP_BFAR_merge.shp,KKP_IDN_merge_20161208.shp,VNF-VBD_npp_20120301-20151231_global_asia-enhanced_c201607211230.bitmask,NCEI_NGA.union.nga_lead2.add_2015ntl.mask,timezone.shp,VBD_platforms-recurring_2015_r20170330.shp,999999,VBD_bridges_c20160811.shp,22.302559;20.657581;17.812403;13.013085;8.184108;3.331987;-1.539063;0.598278;2.699680;7.587820;12.484635;17.389103,102.195274;116.899490;131.129013;129.599106;128.217987;126.965988;125.829720;112.252083;98.601341;99.606560;100.547348;101.419044,npp_d20140716_t1757431_e1803235_b14079,147.528,28.2892,46.8524,98.3652,42.8547,98.1624
1604,VBD_npp_d20140716_t1802014_x1067632E_y065079N_l2321_s1050_v23,2017-05-23 13:09:55,6.507876,106.763168,8.3444,2014-07-16 18:02:01,2014-07-17 01:02:01,2321,1050,0.363065,1,2529,0.427108,0.243762,0.836864,0.4,0.864084,0.75,0.0402514,0.0001,2.96507e-12,999999,1.763554e-02,3,Indonesian Exclusive Economic Zone,WPP711,,SVDNB_npp_d20140716_t1757431_e1803235_b14079_c20140717000324408388_noaa_ops.h5,GDNBO_npp_d20140716_t1757431_e1803235_b14079_c20140717000324408134_noaa_ops.h5,SVI04_npp_d20140716_t1757431_e1803235_b14079_c20140717000324402868_noaa_ops.dspace_rad,VNFF_npp_d20140716_t1757431_e1803235_b14079_v21.csv,World_EEZ_v8_2014.shp,WPP_BFAR_merge.shp,KKP_IDN_merge_20161208.shp,VNF-VBD_npp_20120301-20151231_global_asia-enhanced_c201607211230.bitmask,NCEI_NGA.union.nga_lead2.add_2015ntl.mask,timezone.shp,VBD_platforms-recurring_2015_r20170330.shp,999999,VBD_bridges_c20160811.shp,22.302559;20.657581;17.812403;13.013085;8.184108;3.331987;-1.539063;0.598278;2.699680;7.587820;12.484635;17.389103,102.195274;116.899490;131.129013;129.599106;128.217987;126.965988;125.829720;112.252083;98.601341;99.606560;100.547348;101.419044,npp_d20140716_t1757431_e1803235_b14079,148.205,28.6768,46.8549,98.5559,42.861,97.352
1608,VBD_npp_d20140716_t1801365_x1070804E_y079571N_l2098_s1051_v23,2017-05-23 13:09:55,7.957091,107.080429,10.6153,2014-07-16 18:01:36,2014-07-17 01:01:36,2098,1051,0.414387,1,2529,0.54833,0.249429,0.896452,0.4,0.926697,0.75,0.0403392,0.0001,3.05784e-12,999999,-1.605421e-02,3,Vietnamese Exclusive Economic Zone,,,SVDNB_npp_d20140716_t1757431_e1803235_b14079_c20140717000324408388_noaa_ops.h5,GDNBO_npp_d20140716_t1757431_e1803235_b14079_c20140717000324408134_noaa_ops.h5,SVI04_npp_d20140716_t1757431_e1803235_b14079_c20140717000324402868_noaa_ops.dspace_rad,VNFF_npp_d20140716_t1757431_e1803235_b14079_v21.csv,World_EEZ_v8_2014.shp,WPP_BFAR_merge.shp,KKP_IDN_merge_20161208.shp,VNF-VBD_npp_20120301-20151231_global_asia-enhanced_c201607211230.bitmask,NCEI_NGA.union.nga_lead2.add_2015ntl.mask,timezone.shp,VBD_platforms-recurring_2015_r20170330.shp,999999,VBD_bridges_c20160811.shp,22.302559;20.657581;17.812403;13.013085;8.184108;3.331987;-1.539063;0.598278;2.699680;7.587820;12.484635;17.389103,102.195274;116.899490;131.129013;129.599106;128.217987;126.965988;125.829720;112.252083;98.601341;99.606560;100.547348;101.419044,npp_d20140716_t1757431_e1803235_b14079,146.829,27.9175,46.8223,98.3536,42.854,98.9981
1609,VBD_npp_d20140716_t1803144_x1058245E_y021629N_l2989_s1051_v23,2017-05-23 13:09:55,2.162890,105.824486,87.093,2014-07-16 18:03:14,2014-07-17 01:03:14,2989,1051,0.408863,8,18913,1.17824,0.239946,0.860594,0.4,0.956104,0.75,0.0399789,0.0001,2.55957e-12,999999,4.032111e-02,3,Indonesian Exclusive Economic Zone,WPP711,,SVDNB_npp_d20140716_t1757431_e1803235_b14079_c20140717000324408388_noaa_ops.h5,GDNBO_npp_d20140716_t1757431_e1803235_b14079_c20140717000324408134_noaa_ops.h5,SVI04_npp_d20140716_t1757431_e1803235_b14079_c20140717000324402868_noaa_ops.dspace_rad,VNFF_npp_d20140716_t1757431_e1803235_b14079_v21.csv,World_EEZ_v8_2014.shp,WPP_BFAR_merge.shp,KKP_IDN_merge_20161208.shp,VNF-VBD_npp_20120301-20151231_global_asia-enhanced_c201607211230.bitmask,NCEI_NGA.union.nga_lead2.add_2015ntl.mask,timezone.shp,VBD_platforms-recurring_2015_r20170330.shp,0.521943,VBD_bridges_c20160811.shp,22.302559;20.657581;17.812403;13.013085;8.184108;3.331987;-1.539063;0.598278;2.699680;7.587820;12.484635;17.389103,102.195274;116.899490;131.129013;129.599106;128.217987;126.965988;125.829720;112.252083;98.601341;99.606560;100.547348;101.419044,npp_d20140716_t1757431_e1803235_b14079,152.284,31.4814,46.827,98.3119,43.1335,92.4795
1615,VBD_npp_d20140716_t1803144_x1058482E_y022279N_l2979_s1053_v23,2017-05-23 13:09:55,2.227913,105.848175,100.873,2014-07-16 18:03:14,2014-07-17 01:03:14,2979,1053,0.395881,1,2529,1.25159,0.255553,0.889088,0.4,0.962951,0.75,0.0399902,0.0001,2.78376e-12,999999,-5.245352e-02,3,Indonesian Exclusive Economic Zone,WPP711,,SVDNB_npp_d20140716_t1757431_e1803235_b14079_c20140717000324408388_noaa_ops.h5,GDNBO_npp_d20140716_t1757431_e1803235_b14079_c20140717000324408134_noaa_ops.h5,SVI04_npp_d20140716_t1757431_e1803235_b14079_c20140717000324402868_noaa_ops.dspace_rad,VNFF_npp_d20140716_t1757431_e1803235_b14079_v21.csv,World_EEZ_v8_2014.shp,WPP_BFAR_merge.shp,KKP_IDN_merge_20161208.shp,VNF-VBD_npp_20120301-20151231_global_asia-enhanced_c201607211230.bitmask,NCEI_NGA.union.nga_lead2.add_2015ntl.mask,timezone.shp,VBD_platforms-recurring_2015_r20170330.shp,999999,VBD_bridges_c20160811.shp,22.302559;20.657581;17.812403;13.013085;8.184108;3.331987;-1.539063;0.598278;2.699680;7.587820;12.484635;17.389103,102.195274;116.899490;131.129013;129.599106;128.217987;126.965988;125.829720;112.252083;98.601341;99.606560;100.547348;101.419044,npp_d20140716_t1757431_e1803235_b14079,152.216,31.4562,46.7608,98.8931,43.1124,92.5526
1617,VBD_npp_d20140716_t1801596_x1068029E_y065475N_l2314_s1054_v23,2017-05-23 13:09:55,6.547523,106.802879,27.2947,2014-07-16 18:01:59,2014-07-17 01:01:59,2314,1054,0.375385,1,2529,0.86043,0.224402,0.895109,0.4,0.959643,0.75,0.0402771,0.0001,3.36058e-12,999999,1.327200e-01,3,Vietnamese Exclusive Economic Zone,WPP711,,SVDNB_npp_d20140716_t1757431_e1803235_b14079_c20140717000324408388_noaa_ops.h5,GDNBO_npp_d20140716_t1757431_e1803235_b14079_c20140717000324408134_noaa_ops.h5,SVI04_npp_d20140716_t1757431_e1803235_b14079_c20140717000324402868_noaa_ops.dspace_rad,VNFF_npp_d20140716_t1757431_e1803235_b14079_v21.csv,World_EEZ_v8_2014.shp,WPP_BFAR_merge.shp,KKP_IDN_merge_20161208.shp,VNF-VBD_npp_20120301-20151231_global_asia-enhanced_c201607211230.bitmask,NCEI_NGA.union.nga_lead2.add_2015ntl.mask,timezone.shp,VBD_platforms-recurring_2015_r20170330.shp,999999,VBD_bridges_c20160811.shp,22.302559;20.657581;17.812403;13.013085;8.184108;3.331987;-1.539063;0.598278;2.699680;7.587820;12.484635;17.389103,102.195274;116.899490;131.129013;129.599106;128.217987;126.965988;125.829720;112.252083;98.601341;99.606560;100.547348;101.419044,npp_d20140716_t1757431_e1803235_b14079,148.155,28.6952,46.728,98.0236,42.8337,97.4038
1618,VBD_npp_d20140716_t1802370_x1063251E_y043297N_l2655_s1054_v23,2017-05-23 13:09:55,4.329725,106.325089,44.9771,2014-07-16 18:02:37,2014-07-17 01:02:37,2655,1054,0.381959,4,117221,0.833252,0.278493,0.806565,0.4,0.916798,0.75,0.0402631,0.0001,3.17959e-12,999999,-1.888190e-01,3,Indonesian Exclusive Economic Zone,WPP711,,SVDNB_npp_d20140716_t1757431_e1803235_b14079_c20140717000324408388_noaa_ops.h5,GDNBO_npp_d20140716_t1757431_e1803235_b14079_c20140717000324408134_noaa_ops.h5,SVI04_npp_d20140716_t1757431_e1803235_b14079_c20140717000324402868_noaa_ops.dspace_rad,VNFF_npp_d20140716_t1757431_e1803235_b14079_v21.csv,World_EEZ_v8_2014.shp,WPP_BFAR_merge.shp,KKP_IDN_merge_20161208.shp,VNF-VBD_npp_20120301-20151231_global_asia-enhanced_c201607211230.bitmask,NCEI_NGA.union.nga_lead2.add_2015ntl.mask,timezone.shp,VBD_platforms-recurring_2015_r20170330.shp,0.456684,VBD_bridges_c20160811.shp,22.302559;20.657581;17.812403;13.013085;8.184108;3.331987;-1.539063;0.598278;2.699680;7.587820;12.484635;17.389103,102.195274;116.899490;131.129013;129.599106;128.217987;126.965988;125.829720;112.252083;98.601341;99.606560;100.547348;101.419044,npp_d20140716_t1757431_e1803235_b14079,150.245,30.0199,46.7261,97.961,42.9212,94.8994
1620,VBD_npp_d20140716_t1801472_x1069745E_y073287N_l2194_s1055_v23,2017-05-23 13:09:55,7.328720,106.974457,28.1031,2014-07-16 18:01:47,2014-07-17 01:01:47,2194,1055,0.416653,1,2529,0.899768,0.24432,0.902696,0.4,0.970624,0.75,0.040331,0.0001,3.49946e-12,999999,1.431843e-02,3,Vietnamese Exclusive Economic Zone,,,SVDNB_npp_d20140716_t1757431_e1803235_b14079_c20140717000324408388_noaa_ops.h5,GDNBO_npp_d20140716_t1757431_e1803235_b14079_c20140717000324408134_noaa_ops.h5,SVI04_npp_d20140716_t1757431_e1803235_b14079_c20140717000324402868_noaa_ops.dspace_rad,VNFF_npp_d20140716_t1757431_e1803235_b14079_v21.csv,World_EEZ_v8_2014.shp,WPP_BFAR_merge.shp,KKP_IDN_merge_20161208.shp,VNF-VBD_npp_20120301-20151231_global_asia-enhanced_c201607211230.bitmask,NCEI_NGA.union.nga_lead2.add_2015ntl.mask,timezone.shp,VBD_platforms-recurring_2015_r20170330.shp,999999,VBD_bridges_c20160811.shp,22.302559;20.657581;17.812403;13.013085;8.184108;3.331987;-1.539063;0.598278;2.699680;7.587820;12.484635;17.389103,102.195274;116.899490;131.129013;129.599106;128.217987;126.965988;125.829720;112.252083;98.601341;99.606560;100.547348;101.419044,npp_d20140716_t1757431_e1803235_b14079,147.412,28.284,46.6908,98.4198,42.8208,98.2925
1630,VBD_npp_d20140716_t1801596_x1068265E_y065236N_l2317_s1058_v23,2017-05-23 13:09:55,6.523637,106.826462,25.3047,2014-07-16 18:01:59,2014-07-17 01:01:59,2317,1058,0.359585,1,2529,0.819073,0.251759,0.908401,0.4,0.952255,0.75,0.0402983,0.0001,3.81438e-12,999999,-2.990410e-02,3,Indonesian Exclusive Economic Zone,WPP711,,SVDNB_npp_d20140716_t1757431_e1803235_b14079_c20140717000324408388_noaa_ops.h5,GDNBO_npp_d20140716_t1757431_e1803235_b14079_c20140717000324408134_noaa_ops.h5,SVI04_npp_d20140716_t1757431_e1803235_b14079_c20140717000324402868_noaa_ops.dspace_rad,VNFF_npp_d20140716_t1757431_e1803235_b14079_v21.csv,World_EEZ_v8_2014.shp,WPP_BFAR_merge.shp,KKP_IDN_merge_20161208.shp,VNF-VBD_npp_20120301-20151231_global_asia-enhanced_c201607211230.bitmask,NCEI_NGA.union.nga_lead2.add_2015ntl.mask,timezone.shp,VBD_platforms-recurring_2015_r20170330.shp,999999,VBD_bridges_c20160811.shp,22.302559;20.657581;17.812403;13.013085;8.184108;3.331987;-1.539063;0.598278;2.699680;7.587820;12.484635;17.389103,102.195274;116.899490;131.129013;129.599106;128.217987;126.965988;125.829720;112.252083;98.601341;99.606560;100.547348;101.419044,npp_d20140716_t1757431_e1803235_b14079,148.165,28.7495,46.5997,97.8513,42.8071,97.3837
1650,VBD_npp_d20140716_t1802316_x1064713E_y047187N_l2594_s1064_v23,2017-05-23 13:09:55,4.718709,106.471344,7.87124,2014-07-16 18:02:31,2014-07-17 01:02:31,2594,1064,0.410576,1,2529,0.415872,0.233823,0.683102,0.4,0.868393,0.75,0.040362,0.0001,4.46451e-12,999999,7.671952e-02,3,Indonesian Exclusive Economic Zone,WPP711,,SVDNB_npp_d20140716_t1757431_e1803235_b14079_c20140717000324408388_noaa_ops.h5,GDNBO_npp_d20140716_t1757431_e1803235_b14079_c20140717000324408134_noaa_ops.h5,SVI04_npp_d20140716_t1757431_e1803235_b14079_c20140717000324402868_noaa_ops.dspace_rad,VNFF_npp_d20140716_t1757431_e1803235_b14079_v21.csv,World_EEZ_v8_2014.shp,WPP_BFAR_merge.shp,KKP_IDN_merge_20161208.shp,VNF-VBD_npp_20120301-20151231_global_asia-enhanced_c201607211230.bitmask,NCEI_NGA.union.nga_lead2.add_2015ntl.mask,timezone.shp,VBD_platforms-recurring_2015_r20170330.shp,999999,VBD_bridges_c20160811.shp,22.302559;20.657581;17.812403;13.013085;8.184108;3.331987;-1.539063;0.598278;2.699680;7.587820;12.484635;17.389103,102.195274;116.899490;131.129013;129.599106;128.217987;126.965988;125.829720;112.252083;98.601341;99.606560;100.547348;101.419044,npp_d20140716_t1757431_e1803235_b14079,149.846,29.8786,46.4058,98.6891,42.8309,95.3492
1657,VBD_npp_d20140716_t1801436_x1070850E_y074794N_l2169_s1066_v23,2017-05-23 13:09:55,7.479429,107.084976,7.47052,2014-07-16 18:01:43,2014-07-17 01:01:43,2169,1066,0.417592,2,2465,0.410323,0.228669,0.806182,0.4,0.694389,0.75,0.0404016,0.0001,4.96127e-12,999999,1.073552e-01,3,Vietnamese Exclusive Economic Zone,,,SVDNB_npp_d20140716_t1757431_e1803235_b14079_c20140717000324408388_noaa_ops.h5,GDNBO_npp_d20140716_t1757431_e1803235_b14079_c20140717000324408134_noaa_ops.h5,SVI04_npp_d20140716_t1757431_e1803235_b14079_c20140717000324402868_noaa_ops.dspace_rad,VNFF_npp_d20140716_t1757431_e1803235_b14079_v21.csv,World_EEZ_v8_2014.shp,WPP_BFAR_merge.shp,KKP_IDN_merge_20161208.shp,VNF-VBD_npp_20120301-20151231_global_asia-enhanced_c201607211230.bitmask,NCEI_NGA.union.nga_lead2.add_2015ntl.mask,timezone.shp,VBD_platforms-recurring_2015_r20170330.shp,999999,VBD_bridges_c20160811.shp,22.302559;20.657581;17.812403;13.013085;8.184108;3.331987;-1.539063;0.598278;2.699680;7.587820;12.484635;17.389103,102.195274;116.899490;131.129013;129.599106;128.217987;126.965988;125.829720;112.252083;98.601341;99.606560;100.547348;101.419044,npp_d20140716_t1757431_e1803235_b14079,147.234,28.3153,46.3359,97.9989,42.7475,98.4855
1667,VBD_npp_d20140716_t1801418_x1071216E_y075321N_l2160_s1069_v23,2017-05-23 13:09:55,7.532077,107.121643,22.0331,2014-07-16 18:01:41,2014-07-17 01:01:41,2160,1069,0.415437,1,2529,0.791362,0.240342,0.866468,0.4,0.948542,0.75,0.0404213,0.0001,5.49301e-12,999999,3.796345e-02,3,Vietnamese Exclusive Economic Zone,,,SVDNB_npp_d20140716_t1757431_e1803235_b14079_c20140717000324408388_noaa_ops.h5,GDNBO_npp_d20140716_t1757431_e1803235_b14079_c20140717000324408134_noaa_ops.h5,SVI04_npp_d20140716_t1757431_e1803235_b14079_c20140717000324402868_noaa_ops.dspace_rad,VNFF_npp_d20140716_t1757431_e1803235_b14079_v21.csv,World_EEZ_v8_2014.shp,WPP_BFAR_merge.shp,KKP_IDN_merge_20161208.shp,VNF-VBD_npp_20120301-20151231_global_asia-enhanced_c201607211230.bitmask,NCEI_NGA.union.nga_lead2.add_2015ntl.mask,timezone.shp,VBD_platforms-recurring_2015_r20170330.shp,999999,VBD_bridges_c20160811.shp,22.302559;20.657581;17.812403;13.013085;8.184108;3.331987;-1.539063;0.598278;2.699680;7.587820;12.484635;17.389103,102.195274;116.899490;131.129013;129.599106;128.217987;126.965988;125.829720;112.252083;98.601341;99.606560;100.547348;101.419044,npp_d20140716_t1757431_e1803235_b14079,147.174,28.3199,46.2327,97.5646,42.7261,98.552
1668,VBD_npp_d20140716_t1801489_x1070436E_y071914N_l2213_s1069_v23,2017-05-23 13:09:55,7.191429,107.043602,12.8349,2014-07-16 18:01:48,2014-07-17 01:01:48,2213,1069,0.383561,1,2529,0.572406,0.261397,0.846703,0.4,0.915891,0.75,0.0404027,0.0001,5.49739e-12,999999,-8.719469e-02,3,Vietnamese Exclusive Economic Zone,,,SVDNB_npp_d20140716_t1757431_e1803235_b14079_c20140717000324408388_noaa_ops.h5,GDNBO_npp_d20140716_t1757431_e1803235_b14079_c20140717000324408134_noaa_ops.h5,SVI04_npp_d20140716_t1757431_e1803235_b14079_c20140717000324402868_noaa_ops.dspace_rad,VNFF_npp_d20140716_t1757431_e1803235_b14079_v21.csv,World_EEZ_v8_2014.shp,WPP_BFAR_merge.shp,KKP_IDN_merge_20161208.shp,VNF-VBD_npp_20120301-20151231_global_asia-enhanced_c201607211230.bitmask,NCEI_NGA.union.nga_lead2.add_2015ntl.mask,timezone.shp,VBD_platforms-recurring_2015_r20170330.shp,999999,VBD_bridges_c20160811.shp,22.302559;20.657581;17.812403;13.013085;8.184108;3.331987;-1.539063;0.598278;2.699680;7.587820;12.484635;17.389103,102.195274;116.899490;131.129013;129.599106;128.217987;126.965988;125.829720;112.252083;98.601341;99.606560;100.547348;101.419044,npp_d20140716_t1757431_e1803235_b14079,147.496,28.5007,46.2307,98.2728,42.7251,98.1636
1678,VBD_npp_d20140716_t1801489_x1070543E_y071198N_l2223_s1072_v23,2017-05-23 13:09:55,7.119829,107.054291,10.2839,2014-07-16 18:01:48,2014-07-17 01:01:48,2223,1072,0.283514,1,2529,0.456008,0.288923,0.822757,0.4,0.861225,0.75,0.0404158,0.0001,6.05912e-12,999999,-2.508202e-01,3,Vietnamese Exclusive Economic Zone,,,SVDNB_npp_d20140716_t1757431_e1803235_b14079_c20140717000324408388_noaa_ops.h5,GDNBO_npp_d20140716_t1757431_e1803235_b14079_c20140717000324408134_noaa_ops.h5,SVI04_npp_d20140716_t1757431_e1803235_b14079_c20140717000324402868_noaa_ops.dspace_rad,VNFF_npp_d20140716_t1757431_e1803235_b14079_v21.csv,World_EEZ_v8_2014.shp,WPP_BFAR_merge.shp,KKP_IDN_merge_20161208.shp,VNF-VBD_npp_20120301-20151231_global_asia-enhanced_c201607211230.bitmask,NCEI_NGA.union.nga_lead2.add_2015ntl.mask,timezone.shp,VBD_platforms-recurring_2015_r20170330.shp,999999,VBD_bridges_c20160811.shp,22.302559;20.657581;17.812403;13.013085;8.184108;3.331987;-1.539063;0.598278;2.699680;7.587820;12.484635;17.389103,102.195274;116.899490;131.129013;129.599106;128.217987;126.965988;125.829720;112.252083;98.601341;99.606560;100.547348;101.419044,npp_d20140716_t1757431_e1803235_b14079,147.554,28.5704,46.1307,97.6686,42.7042,98.088
1679,VBD_npp_d20140716_t1801507_x1070457E_y071051N_l2226_s1072_v23,2017-05-23 13:09:55,7.105054,107.045670,10.7191,2014-07-16 18:01:50,2014-07-17 01:01:50,2226,1072,0.25114,1,2529,0.471231,0.233147,0.822757,0.4,0.839202,0.75,0.0404146,0.0001,6.08544e-12,999999,8.073744e-02,3,Vietnamese Exclusive Economic Zone,,,SVDNB_npp_d20140716_t1757431_e1803235_b14079_c20140717000324408388_noaa_ops.h5,GDNBO_npp_d20140716_t1757431_e1803235_b14079_c20140717000324408134_noaa_ops.h5,SVI04_npp_d20140716_t1757431_e1803235_b14079_c20140717000324402868_noaa_ops.dspace_rad,VNFF_npp_d20140716_t1757431_e1803235_b14079_v21.csv,World_EEZ_v8_2014.shp,WPP_BFAR_merge.shp,KKP_IDN_merge_20161208.shp,VNF-VBD_npp_20120301-20151231_global_asia-enhanced_c201607211230.bitmask,NCEI_NGA.union.nga_lead2.add_2015ntl.mask,timezone.shp,VBD_platforms-recurring_2015_r20170330.shp,999999,VBD_bridges_c20160811.shp,22.302559;20.657581;17.812403;13.013085;8.184108;3.331987;-1.539063;0.598278;2.699680;7.587820;12.484635;17.389103,102.195274;116.899490;131.129013;129.599106;128.217987;126.965988;125.829720;112.252083;98.601341;99.606560;100.547348;101.419044,npp_d20140716_t1757431_e1803235_b14079,147.568,28.5797,46.1259,98.47,42.7035,98.0713
1680,VBD_npp_d20140716_t1801489_x1070713E_y071874N_l2213_s1073_v23,2017-05-23 13:09:55,7.187405,107.071335,5.05718,2014-07-16 18:01:48,2014-07-17 01:01:48,2213,1073,0.376545,2,2209,0.279961,0.257997,0.837792,0.4,0.656833,0.75,0.0404252,0.0001,6.27351e-12,999999,-6.698093e-02,3,Vietnamese Exclusive Economic Zone,,,SVDNB_npp_d20140716_t1757431_e1803235_b14079_c20140717000324408388_noaa_ops.h5,GDNBO_npp_d20140716_t1757431_e1803235_b14079_c20140717000324408134_noaa_ops.h5,SVI04_npp_d20140716_t1757431_e1803235_b14079_c20140717000324402868_noaa_ops.dspace_rad,VNFF_npp_d20140716_t1757431_e1803235_b14079_v21.csv,World_EEZ_v8_2014.shp,WPP_BFAR_merge.shp,KKP_IDN_merge_20161208.shp,VNF-VBD_npp_20120301-20151231_global_asia-enhanced_c201607211230.bitmask,NCEI_NGA.union.nga_lead2.add_2015ntl.mask,timezone.shp,VBD_platforms-recurring_2015_r20170330.shp,999999,VBD_bridges_c20160811.shp,22.302559;20.657581;17.812403;13.013085;8.184108;3.331987;-1.539063;0.598278;2.699680;7.587820;12.484635;17.389103,102.195274;116.899490;131.129013;129.599106;128.217987;126.965988;125.829720;112.252083;98.601341;99.606560;100.547348;101.419044,npp_d20140716_t1757431_e1803235_b14079,147.487,28.5451,46.0942,98.2766,42.6969,98.167
1682,VBD_npp_d20140716_t1801347_x1072493E_y079712N_l2092_s1074_v23,2017-05-23 13:09:55,7.971185,107.249344,19.9611,2014-07-16 18:01:34,2014-07-17 01:01:34,2092,1074,0.413393,1,2529,0.765001,0.23715,0.897907,0.4,0.946658,0.75,0.0404705,0.0001,6.47005e-12,999999,5.694078e-02,3,Vietnamese Exclusive Economic Zone,,,SVDNB_npp_d20140716_t1757431_e1803235_b14079_c20140717000324408388_noaa_ops.h5,GDNBO_npp_d20140716_t1757431_e1803235_b14079_c20140717000324408134_noaa_ops.h5,SVI04_npp_d20140716_t1757431_e1803235_b14079_c20140717000324402868_noaa_ops.dspace_rad,VNFF_npp_d20140716_t1757431_e1803235_b14079_v21.csv,World_EEZ_v8_2014.shp,WPP_BFAR_merge.shp,KKP_IDN_merge_20161208.shp,VNF-VBD_npp_20120301-20151231_global_asia-enhanced_c201607211230.bitmask,NCEI_NGA.union.nga_lead2.add_2015ntl.mask,timezone.shp,VBD_platforms-recurring_2015_r20170330.shp,999999,VBD_bridges_c20160811.shp,22.302559;20.657581;17.812403;13.013085;8.184108;3.331987;-1.539063;0.598278;2.699680;7.587820;12.484635;17.389103,102.195274;116.899490;131.129013;129.599106;128.217987;126.965988;125.829720;112.252083;98.601341;99.606560;100.547348;101.419044,npp_d20140716_t1757431_e1803235_b14079,146.741,28.1454,46.06,97.7718,42.696,99.0639
1683,VBD_npp_d20140716_t1801454_x1071162E_y073536N_l2187_s1074_v23,2017-05-23 13:09:55,7.353568,107.116173,10.1021,2014-07-16 18:01:45,2014-07-17 01:01:45,2187,1074,0.416597,1,2529,0.520851,0.235046,0.851668,0.4,0.915452,0.75,0.0404407,0.0001,6.46122e-12,999999,6.944926e-02,3,Vietnamese Exclusive Economic Zone,,,SVDNB_npp_d20140716_t1757431_e1803235_b14079_c20140717000324408388_noaa_ops.h5,GDNBO_npp_d20140716_t1757431_e1803235_b14079_c20140717000324408134_noaa_ops.h5,SVI04_npp_d20140716_t1757431_e1803235_b14079_c20140717000324402868_noaa_ops.dspace_rad,VNFF_npp_d20140716_t1757431_e1803235_b14079_v21.csv,World_EEZ_v8_2014.shp,WPP_BFAR_merge.shp,KKP_IDN_merge_20161208.shp,VNF-VBD_npp_20120301-20151231_global_asia-enhanced_c201607211230.bitmask,NCEI_NGA.union.nga_lead2.add_2015ntl.mask,timezone.shp,VBD_platforms-recurring_2015_r20170330.shp,999999,VBD_bridges_c20160811.shp,22.302559;20.657581;17.812403;13.013085;8.184108;3.331987;-1.539063;0.598278;2.699680;7.587820;12.484635;17.389103,102.195274;116.899490;131.129013;129.599106;128.217987;126.965988;125.829720;112.252083;98.601341;99.606560;100.547348;101.419044,npp_d20140716_t1757431_e1803235_b14079,147.326,28.4658,46.0639,97.8927,42.6907,98.3585
1684,VBD_npp_d20140716_t1802494_x1063095E_y036490N_l2757_s1074_v23,2017-05-23 13:09:55,3.648953,106.309525,72.7913,2014-07-16 18:02:49,2014-07-17 01:02:49,2757,1074,0.416653,1,2529,1.18255,0.243079,0.889262,0.4,0.969298,0.75,0.040299,0.0001,5.95754e-12,999999,2.169842e-02,3,Indonesian Exclusive Economic Zone,WPP711,,SVDNB_npp_d20140716_t1757431_e1803235_b14079_c20140717000324408388_noaa_ops.h5,GDNBO_npp_d20140716_t1757431_e1803235_b14079_c20140717000324408134_noaa_ops.h5,SVI04_npp_d20140716_t1757431_e1803235_b14079_c20140717000324402868_noaa_ops.dspace_rad,VNFF_npp_d20140716_t1757431_e1803235_b14079_v21.csv,World_EEZ_v8_2014.shp,WPP_BFAR_merge.shp,KKP_IDN_merge_20161208.shp,VNF-VBD_npp_20120301-20151231_global_asia-enhanced_c201607211230.bitmask,NCEI_NGA.union.nga_lead2.add_2015ntl.mask,timezone.shp,VBD_platforms-recurring_2015_r20170330.shp,999999,VBD_bridges_c20160811.shp,22.302559;20.657581;17.812403;13.013085;8.184108;3.331987;-1.539063;0.598278;2.699680;7.587820;12.484635;17.389103,102.195274;116.899490;131.129013;129.599106;128.217987;126.965988;125.829720;112.252083;98.601341;99.606560;100.547348;101.419044,npp_d20140716_t1757431_e1803235_b14079,150.814,30.6865,46.0656,98.6345,42.8319,94.1555
1688,VBD_npp_d20140716_t1801418_x1071742E_y075527N_l2156_s1076_v23,2017-05-23 13:09:55,7.552718,107.174248,11.8917,2014-07-16 18:01:41,2014-07-17 01:01:41,2156,1076,0.395383,1,2529,0.5395,0.29005,0.887488,0.4,0.907151,0.75,0.0404619,0.0001,6.92116e-12,999999,-2.575191e-01,3,Vietnamese Exclusive Economic Zone,,,SVDNB_npp_d20140716_t1757431_e1803235_b14079_c20140717000324408388_noaa_ops.h5,GDNBO_npp_d20140716_t1757431_e1803235_b14079_c20140717000324408134_noaa_ops.h5,SVI04_npp_d20140716_t1757431_e1803235_b14079_c20140717000324402868_noaa_ops.dspace_rad,VNFF_npp_d20140716_t1757431_e1803235_b14079_v21.csv,World_EEZ_v8_2014.shp,WPP_BFAR_merge.shp,KKP_IDN_merge_20161208.shp,VNF-VBD_npp_20120301-20151231_global_asia-enhanced_c201607211230.bitmask,NCEI_NGA.union.nga_lead2.add_2015ntl.mask,timezone.shp,VBD_platforms-recurring_2015_r20170330.shp,999999,VBD_bridges_c20160811.shp,22.302559;20.657581;17.812403;13.013085;8.184108;3.331987;-1.539063;0.598278;2.699680;7.587820;12.484635;17.389103,102.195274;116.899490;131.129013;129.599106;128.217987;126.965988;125.829720;112.252083;98.601341;99.606560;100.547348;101.419044,npp_d20140716_t1757431_e1803235_b14079,147.131,28.3827,45.9922,97.8122,42.677,98.5902
1694,VBD_npp_d20140716_t1801472_x1071183E_y072672N_l2200_s1077_v23,2017-05-23 13:09:55,7.267174,107.118294,17.2497,2014-07-16 18:01:47,2014-07-17 01:01:47,2200,1077,0.385771,1,2529,0.688307,0.244,0.897813,0.4,0.939344,0.75,0.0404527,0.0001,7.15157e-12,999999,1.622049e-02,3,Vietnamese Exclusive Economic Zone,,,SVDNB_npp_d20140716_t1757431_e1803235_b14079_c20140717000324408388_noaa_ops.h5,GDNBO_npp_d20140716_t1757431_e1803235_b14079_c20140717000324408134_noaa_ops.h5,SVI04_npp_d20140716_t1757431_e1803235_b14079_c20140717000324402868_noaa_ops.dspace_rad,VNFF_npp_d20140716_t1757431_e1803235_b14079_v21.csv,World_EEZ_v8_2014.shp,WPP_BFAR_merge.shp,KKP_IDN_merge_20161208.shp,VNF-VBD_npp_20120301-20151231_global_asia-enhanced_c201607211230.bitmask,NCEI_NGA.union.nga_lead2.add_2015ntl.mask,timezone.shp,VBD_platforms-recurring_2015_r20170330.shp,999999,VBD_bridges_c20160811.shp,22.302559;20.657581;17.812403;13.013085;8.184108;3.331987;-1.539063;0.598278;2.699680;7.587820;12.484635;17.389103,102.195274;116.899490;131.129013;129.599106;128.217987;126.965988;125.829720;112.252083;98.601341;99.606560;100.547348;101.419044,npp_d20140716_t1757431_e1803235_b14079,147.398,28.5443,45.958,98.0895,42.6689,98.2661
1705,VBD_npp_d20140716_t1801347_x1072839E_y079663N_l2092_s1079_v23,2017-05-23 13:09:55,7.966349,107.283897,22.5466,2014-07-16 18:01:34,2014-07-17 01:01:34,2092,1079,0.406322,1,2529,0.802416,0.255318,0.891038,0.4,0.950138,0.75,0.0404987,0.0001,7.61918e-12,999999,-5.106144e-02,3,Vietnamese Exclusive Economic Zone,,,SVDNB_npp_d20140716_t1757431_e1803235_b14079_c20140717000324408388_noaa_ops.h5,GDNBO_npp_d20140716_t1757431_e1803235_b14079_c20140717000324408134_noaa_ops.h5,SVI04_npp_d20140716_t1757431_e1803235_b14079_c20140717000324402868_noaa_ops.dspace_rad,VNFF_npp_d20140716_t1757431_e1803235_b14079_v21.csv,World_EEZ_v8_2014.shp,WPP_BFAR_merge.shp,KKP_IDN_merge_20161208.shp,VNF-VBD_npp_20120301-20151231_global_asia-enhanced_c201607211230.bitmask,NCEI_NGA.union.nga_lead2.add_2015ntl.mask,timezone.shp,VBD_platforms-recurring_2015_r20170330.shp,999999,VBD_bridges_c20160811.shp,22.302559;20.657581;17.812403;13.013085;8.184108;3.331987;-1.539063;0.598278;2.699680;7.587820;12.484635;17.389103,102.195274;116.899490;131.129013;129.599106;128.217987;126.965988;125.829720;112.252083;98.601341;99.606560;100.547348;101.419044,npp_d20140716_t1757431_e1803235_b14079,146.729,28.1997,45.8896,97.7758,42.661,99.0693
1706,VBD_npp_d20140716_t1801472_x1071361E_y072925N_l2196_s1079_v23,2017-05-23 13:09:55,7.292538,107.136078,14.5138,2014-07-16 18:01:47,2014-07-17 01:01:47,2196,1079,0.378202,1,2529,0.623922,0.261125,0.903619,0.4,0.925187,0.75,0.0404654,0.0001,7.63496e-12,999999,-8.557767e-02,3,Vietnamese Exclusive Economic Zone,,,SVDNB_npp_d20140716_t1757431_e1803235_b14079_c20140717000324408388_noaa_ops.h5,GDNBO_npp_d20140716_t1757431_e1803235_b14079_c20140717000324408134_noaa_ops.h5,SVI04_npp_d20140716_t1757431_e1803235_b14079_c20140717000324402868_noaa_ops.dspace_rad,VNFF_npp_d20140716_t1757431_e1803235_b14079_v21.csv,World_EEZ_v8_2014.shp,WPP_BFAR_merge.shp,KKP_IDN_merge_20161208.shp,VNF-VBD_npp_20120301-20151231_global_asia-enhanced_c201607211230.bitmask,NCEI_NGA.union.nga_lead2.add_2015ntl.mask,timezone.shp,VBD_platforms-recurring_2015_r20170330.shp,999999,VBD_bridges_c20160811.shp,22.302559;20.657581;17.812403;13.013085;8.184108;3.331987;-1.539063;0.598278;2.699680;7.587820;12.484635;17.389103,102.195274;116.899490;131.129013;129.599106;128.217987;126.965988;125.829720;112.252083;98.601341;99.606560;100.547348;101.419044,npp_d20140716_t1757431_e1803235_b14079,147.367,28.5519,45.8895,98.335,42.6549,98.299
1707,VBD_npp_d20140716_t1801472_x1071260E_y072242N_l2206_s1079_v23,2017-05-23 13:09:55,7.224192,107.125999,17.0183,2014-07-16 18:01:47,2014-07-17 01:01:47,2206,1079,0.332902,1,2529,0.669799,0.279025,0.907857,0.4,0.924675,0.75,0.0404616,0.0001,7.62584e-12,999999,-1.919836e-01,3,Vietnamese Exclusive Economic Zone,,,SVDNB_npp_d20140716_t1757431_e1803235_b14079_c20140717000324408388_noaa_ops.h5,GDNBO_npp_d20140716_t1757431_e1803235_b14079_c20140717000324408134_noaa_ops.h5,SVI04_npp_d20140716_t1757431_e1803235_b14079_c20140717000324402868_noaa_ops.dspace_rad,VNFF_npp_d20140716_t1757431_e1803235_b14079_v21.csv,World_EEZ_v8_2014.shp,WPP_BFAR_merge.shp,KKP_IDN_merge_20161208.shp,VNF-VBD_npp_20120301-20151231_global_asia-enhanced_c201607211230.bitmask,NCEI_NGA.union.nga_lead2.add_2015ntl.mask,timezone.shp,VBD_platforms-recurring_2015_r20170330.shp,999999,VBD_bridges_c20160811.shp,22.302559;20.657581;17.812403;13.013085;8.184108;3.331987;-1.539063;0.598278;2.699680;7.587820;12.484635;17.389103,102.195274;116.899490;131.129013;129.599106;128.217987;126.965988;125.829720;112.252083;98.601341;99.606560;100.547348;101.419044,npp_d20140716_t1757431_e1803235_b14079,147.432,28.588,45.8915,97.7255,42.6549,98.221
1712,VBD_npp_d20140716_t1801454_x1071535E_y073204N_l2191_s1080_v23,2017-05-23 13:09:55,7.320375,107.153526,7.76833,2014-07-16 18:01:45,2014-07-17 01:01:45,2191,1080,0.408145,1,2529,0.435292,0.243281,0.89829,0.4,0.883461,0.75,0.040473,0.0001,7.85495e-12,999999,2.049553e-02,3,Vietnamese Exclusive Economic Zone,,,SVDNB_npp_d20140716_t1757431_e1803235_b14079_c20140717000324408388_noaa_ops.h5,GDNBO_npp_d20140716_t1757431_e1803235_b14079_c20140717000324408134_noaa_ops.h5,SVI04_npp_d20140716_t1757431_e1803235_b14079_c20140717000324402868_noaa_ops.dspace_rad,VNFF_npp_d20140716_t1757431_e1803235_b14079_v21.csv,World_EEZ_v8_2014.shp,WPP_BFAR_merge.shp,KKP_IDN_merge_20161208.shp,VNF-VBD_npp_20120301-20151231_global_asia-enhanced_c201607211230.bitmask,NCEI_NGA.union.nga_lead2.add_2015ntl.mask,timezone.shp,VBD_platforms-recurring_2015_r20170330.shp,999999,VBD_bridges_c20160811.shp,22.302559;20.657581;17.812403;13.013085;8.184108;3.331987;-1.539063;0.598278;2.699680;7.587820;12.484635;17.389103,102.195274;116.899490;131.129013;129.599106;128.217987;126.965988;125.829720;112.252083;98.601341;99.606560;100.547348;101.419044,npp_d20140716_t1757431_e1803235_b14079,147.338,28.546,45.8608,97.6533,42.6487,98.3327
1713,VBD_npp_d20140716_t1802459_x1063867E_y037823N_l2735_s1080_v23,2017-05-23 13:09:55,3.782339,106.386703,5.70276,2014-07-16 18:02:45,2014-07-17 01:02:45,2735,1080,0.416376,8,18913,0.319356,0.273378,0.73235,0.4,0.789088,0.75,0.0403496,0.0001,7.24687e-12,999999,-1.584155e-01,3,Indonesian Exclusive Economic Zone,WPP711,,SVDNB_npp_d20140716_t1757431_e1803235_b14079_c20140717000324408388_noaa_ops.h5,GDNBO_npp_d20140716_t1757431_e1803235_b14079_c20140717000324408134_noaa_ops.h5,SVI04_npp_d20140716_t1757431_e1803235_b14079_c20140717000324402868_noaa_ops.dspace_rad,VNFF_npp_d20140716_t1757431_e1803235_b14079_v21.csv,World_EEZ_v8_2014.shp,WPP_BFAR_merge.shp,KKP_IDN_merge_20161208.shp,VNF-VBD_npp_20120301-20151231_global_asia-enhanced_c201607211230.bitmask,NCEI_NGA.union.nga_lead2.add_2015ntl.mask,timezone.shp,VBD_platforms-recurring_2015_r20170330.shp,0.363678,VBD_bridges_c20160811.shp,22.302559;20.657581;17.812403;13.013085;8.184108;3.331987;-1.539063;0.598278;2.699680;7.587820;12.484635;17.389103,102.195274;116.899490;131.129013;129.599106;128.217987;126.965988;125.829720;112.252083;98.601341;99.606560;100.547348;101.419044,npp_d20140716_t1757431_e1803235_b14079,150.668,30.6646,45.8595,98.0069,42.7785,94.312
1723,VBD_npp_d20140716_t1801401_x1072349E_y076796N_l2136_s1081_v23,2017-05-23 13:09:55,7.679560,107.234909,10.9612,2014-07-16 18:01:40,2014-07-17 01:01:40,2136,1081,0.411681,1,2529,0.505097,0.263241,0.802087,0.4,0.877068,0.75,0.0404963,0.0001,8.13948e-12,999999,-9.815786e-02,3,Vietnamese Exclusive Economic Zone,,,SVDNB_npp_d20140716_t1757431_e1803235_b14079_c20140717000324408388_noaa_ops.h5,GDNBO_npp_d20140716_t1757431_e1803235_b14079_c20140717000324408134_noaa_ops.h5,SVI04_npp_d20140716_t1757431_e1803235_b14079_c20140717000324402868_noaa_ops.dspace_rad,VNFF_npp_d20140716_t1757431_e1803235_b14079_v21.csv,World_EEZ_v8_2014.shp,WPP_BFAR_merge.shp,KKP_IDN_merge_20161208.shp,VNF-VBD_npp_20120301-20151231_global_asia-enhanced_c201607211230.bitmask,NCEI_NGA.union.nga_lead2.add_2015ntl.mask,timezone.shp,VBD_platforms-recurring_2015_r20170330.shp,999999,VBD_bridges_c20160811.shp,22.302559;20.657581;17.812403;13.013085;8.184108;3.331987;-1.539063;0.598278;2.699680;7.587820;12.484635;17.389103,102.195274;116.899490;131.129013;129.599106;128.217987;126.965988;125.829720;112.252083;98.601341;99.606560;100.547348;101.419044,npp_d20140716_t1757431_e1803235_b14079,146.994,28.3684,45.8213,98.0524,42.6433,98.7456
1724,VBD_npp_d20140716_t1801418_x1072127E_y075752N_l2152_s1081_v23,2017-05-23 13:09:55,7.575180,107.212700,22.2132,2014-07-16 18:01:41,2014-07-17 01:01:41,2152,1081,0.41389,1,2529,0.767153,0.244451,0.897961,0.4,0.939721,0.75,0.0404913,0.0001,8.14639e-12,999999,1.354122e-02,3,Vietnamese Exclusive Economic Zone,,,SVDNB_npp_d20140716_t1757431_e1803235_b14079_c20140717000324408388_noaa_ops.h5,GDNBO_npp_d20140716_t1757431_e1803235_b14079_c20140717000324408134_noaa_ops.h5,SVI04_npp_d20140716_t1757431_e1803235_b14079_c20140717000324402868_noaa_ops.dspace_rad,VNFF_npp_d20140716_t1757431_e1803235_b14079_v21.csv,World_EEZ_v8_2014.shp,WPP_BFAR_merge.shp,KKP_IDN_merge_20161208.shp,VNF-VBD_npp_20120301-20151231_global_asia-enhanced_c201607211230.bitmask,NCEI_NGA.union.nga_lead2.add_2015ntl.mask,timezone.shp,VBD_platforms-recurring_2015_r20170330.shp,999999,VBD_bridges_c20160811.shp,22.302559;20.657581;17.812403;13.013085;8.184108;3.331987;-1.539063;0.598278;2.699680;7.587820;12.484635;17.389103,102.195274;116.899490;131.129013;129.599106;128.217987;126.965988;125.829720;112.252083;98.601341;99.606560;100.547348;101.419044,npp_d20140716_t1757431_e1803235_b14079,147.093,28.4231,45.8209,98.06,42.6422,98.6263
1725,VBD_npp_d20140716_t1801436_x1071939E_y074988N_l2164_s1081_v23,2017-05-23 13:09:55,7.498774,107.193871,23.2763,2014-07-16 18:01:43,2014-07-17 01:01:43,2164,1081,0.357541,1,2529,0.827926,0.278278,0.931191,0.4,0.958114,0.75,0.0404876,0.0001,8.12414e-12,999999,-1.875439e-01,3,Vietnamese Exclusive Economic Zone,,,SVDNB_npp_d20140716_t1757431_e1803235_b14079_c20140717000324408388_noaa_ops.h5,GDNBO_npp_d20140716_t1757431_e1803235_b14079_c20140717000324408134_noaa_ops.h5,SVI04_npp_d20140716_t1757431_e1803235_b14079_c20140717000324402868_noaa_ops.dspace_rad,VNFF_npp_d20140716_t1757431_e1803235_b14079_v21.csv,World_EEZ_v8_2014.shp,WPP_BFAR_merge.shp,KKP_IDN_merge_20161208.shp,VNF-VBD_npp_20120301-20151231_global_asia-enhanced_c201607211230.bitmask,NCEI_NGA.union.nga_lead2.add_2015ntl.mask,timezone.shp,VBD_platforms-recurring_2015_r20170330.shp,999999,VBD_bridges_c20160811.shp,22.302559;20.657581;17.812403;13.013085;8.184108;3.331987;-1.539063;0.598278;2.699680;7.587820;12.484635;17.389103,102.195274;116.899490;131.129013;129.599106;128.217987;126.965988;125.829720;112.252083;98.601341;99.606560;100.547348;101.419044,npp_d20140716_t1757431_e1803235_b14079,147.166,28.4626,45.8238,98.3166,42.6423,98.5387
1738,VBD_npp_d20140716_t1801401_x1072516E_y076981N_l2133_s1083_v23,2017-05-23 13:09:55,7.698065,107.251648,6.45007,2014-07-16 18:01:40,2014-07-17 01:01:40,2133,1083,0.381296,1,2529,0.351582,0.282215,0.881246,0.4,0.849767,0.75,0.0405085,0.0001,8.682e-12,999999,-2.109448e-01,3,Vietnamese Exclusive Economic Zone,,,SVDNB_npp_d20140716_t1757431_e1803235_b14079_c20140717000324408388_noaa_ops.h5,GDNBO_npp_d20140716_t1757431_e1803235_b14079_c20140717000324408134_noaa_ops.h5,SVI04_npp_d20140716_t1757431_e1803235_b14079_c20140717000324402868_noaa_ops.dspace_rad,VNFF_npp_d20140716_t1757431_e1803235_b14079_v21.csv,World_EEZ_v8_2014.shp,WPP_BFAR_merge.shp,KKP_IDN_merge_20161208.shp,VNF-VBD_npp_20120301-20151231_global_asia-enhanced_c201607211230.bitmask,NCEI_NGA.union.nga_lead2.add_2015ntl.mask,timezone.shp,VBD_platforms-recurring_2015_r20170330.shp,999999,VBD_bridges_c20160811.shp,22.302559;20.657581;17.812403;13.013085;8.184108;3.331987;-1.539063;0.598278;2.699680;7.587820;12.484635;17.389103,102.195274;116.899490;131.129013;129.599106;128.217987;126.965988;125.829720;112.252083;98.601341;99.606560;100.547348;101.419044,npp_d20140716_t1757431_e1803235_b14079,146.97,28.3796,45.7529,98.2375,42.6295,98.771
1739,VBD_npp_d20140716_t1801454_x1071812E_y073652N_l2184_s1083_v23,2017-05-23 13:09:55,7.365247,107.181168,13.255,2014-07-16 18:01:45,2014-07-17 01:01:45,2184,1083,0.405548,1,2529,0.611401,0.283941,0.874557,0.4,0.937107,0.75,0.0404925,0.0001,8.66557e-12,999999,-2.212046e-01,3,Vietnamese Exclusive Economic Zone,,,SVDNB_npp_d20140716_t1757431_e1803235_b14079_c20140717000324408388_noaa_ops.h5,GDNBO_npp_d20140716_t1757431_e1803235_b14079_c20140717000324408134_noaa_ops.h5,SVI04_npp_d20140716_t1757431_e1803235_b14079_c20140717000324402868_noaa_ops.dspace_rad,VNFF_npp_d20140716_t1757431_e1803235_b14079_v21.csv,World_EEZ_v8_2014.shp,WPP_BFAR_merge.shp,KKP_IDN_merge_20161208.shp,VNF-VBD_npp_20120301-20151231_global_asia-enhanced_c201607211230.bitmask,NCEI_NGA.union.nga_lead2.add_2015ntl.mask,timezone.shp,VBD_platforms-recurring_2015_r20170330.shp,999999,VBD_bridges_c20160811.shp,22.302559;20.657581;17.812403;13.013085;8.184108;3.331987;-1.539063;0.598278;2.699680;7.587820;12.484635;17.389103,102.195274;116.899490;131.129013;129.599106;128.217987;126.965988;125.829720;112.252083;98.601341;99.606560;100.547348;101.419044,npp_d20140716_t1757431_e1803235_b14079,147.285,28.5537,45.7566,98.0827,42.6279,98.3901
1747,VBD_npp_d20140716_t1801436_x1072124E_y074822N_l2166_s1084_v23,2017-05-23 13:09:55,7.482152,107.212440,24.9969,2014-07-16 18:01:43,2014-07-17 01:01:43,2166,1084,0.416266,1,2529,0.843942,0.324299,0.944643,0.4,0.96275,0.75,0.0405039,0.0001,8.95317e-12,999999,-4.611156e-01,3,Vietnamese Exclusive Economic Zone,,,SVDNB_npp_d20140716_t1757431_e1803235_b14079_c20140717000324408388_noaa_ops.h5,GDNBO_npp_d20140716_t1757431_e1803235_b14079_c20140717000324408134_noaa_ops.h5,SVI04_npp_d20140716_t1757431_e1803235_b14079_c20140717000324402868_noaa_ops.dspace_rad,VNFF_npp_d20140716_t1757431_e1803235_b14079_v21.csv,World_EEZ_v8_2014.shp,WPP_BFAR_merge.shp,KKP_IDN_merge_20161208.shp,VNF-VBD_npp_20120301-20151231_global_asia-enhanced_c201607211230.bitmask,NCEI_NGA.union.nga_lead2.add_2015ntl.mask,timezone.shp,VBD_platforms-recurring_2015_r20170330.shp,999999,VBD_bridges_c20160811.shp,22.302559;20.657581;17.812403;13.013085;8.184108;3.331987;-1.539063;0.598278;2.699680;7.587820;12.484635;17.389103,102.195274;116.899490;131.129013;129.599106;128.217987;126.965988;125.829720;112.252083;98.601341;99.606560;100.547348;101.419044,npp_d20140716_t1757431_e1803235_b14079,147.171,28.5023,45.7217,98.1973,42.6213,98.5259
1748,VBD_npp_d20140716_t1801454_x1071800E_y073097N_l2192_s1084_v23,2017-05-23 13:09:55,7.309720,107.179955,19.7884,2014-07-16 18:01:45,2014-07-17 01:01:45,2192,1084,0.385881,1,2529,0.725041,0.244084,0.909834,0.4,0.917631,0.75,0.0404951,0.0001,8.93883e-12,999999,1.572079e-02,3,Vietnamese Exclusive Economic Zone,,,SVDNB_npp_d20140716_t1757431_e1803235_b14079_c20140717000324408388_noaa_ops.h5,GDNBO_npp_d20140716_t1757431_e1803235_b14079_c20140717000324408134_noaa_ops.h5,SVI04_npp_d20140716_t1757431_e1803235_b14079_c20140717000324402868_noaa_ops.dspace_rad,VNFF_npp_d20140716_t1757431_e1803235_b14079_v21.csv,World_EEZ_v8_2014.shp,WPP_BFAR_merge.shp,KKP_IDN_merge_20161208.shp,VNF-VBD_npp_20120301-20151231_global_asia-enhanced_c201607211230.bitmask,NCEI_NGA.union.nga_lead2.add_2015ntl.mask,timezone.shp,VBD_platforms-recurring_2015_r20170330.shp,999999,VBD_bridges_c20160811.shp,22.302559;20.657581;17.812403;13.013085;8.184108;3.331987;-1.539063;0.598278;2.699680;7.587820;12.484635;17.389103,102.195274;116.899490;131.129013;129.599106;128.217987;126.965988;125.829720;112.252083;98.601341;99.606560;100.547348;101.419044,npp_d20140716_t1757431_e1803235_b14079,147.335,28.5933,45.7251,97.5945,42.6209,98.3286
1749,VBD_npp_d20140716_t1801472_x1071613E_y072262N_l2205_s1084_v23,2017-05-23 13:09:55,7.226186,107.161324,18.9393,2014-07-16 18:01:47,2014-07-17 01:01:47,2205,1084,0.337377,1,2529,0.688779,0.249769,0.906837,0.4,0.927584,0.75,0.0404902,0.0001,8.96936e-12,999999,-1.807494e-02,3,Vietnamese Exclusive Economic Zone,,,SVDNB_npp_d20140716_t1757431_e1803235_b14079_c20140717000324408388_noaa_ops.h5,GDNBO_npp_d20140716_t1757431_e1803235_b14079_c20140717000324408134_noaa_ops.h5,SVI04_npp_d20140716_t1757431_e1803235_b14079_c20140717000324402868_noaa_ops.dspace_rad,VNFF_npp_d20140716_t1757431_e1803235_b14079_v21.csv,World_EEZ_v8_2014.shp,WPP_BFAR_merge.shp,KKP_IDN_merge_20161208.shp,VNF-VBD_npp_20120301-20151231_global_asia-enhanced_c201607211230.bitmask,NCEI_NGA.union.nga_lead2.add_2015ntl.mask,timezone.shp,VBD_platforms-recurring_2015_r20170330.shp,999999,VBD_bridges_c20160811.shp,22.302559;20.657581;17.812403;13.013085;8.184108;3.331987;-1.539063;0.598278;2.699680;7.587820;12.484635;17.389103,102.195274;116.899490;131.129013;129.599106;128.217987;126.965988;125.829720;112.252083;98.601341;99.606560;100.547348;101.419044,npp_d20140716_t1757431_e1803235_b14079,147.413,28.6391,45.7208,97.7898,42.6201,98.2332
1754,VBD_npp_d20140716_t1801436_x1072153E_y074539N_l2170_s1085_v23,2017-05-23 13:09:55,7.453906,107.215271,29.0629,2014-07-16 18:01:43,2014-07-17 01:01:43,2170,1085,0.414222,1,2529,0.910695,0.292348,0.942796,0.4,0.96285,0.75,0.0405083,0.0001,9.24558e-12,999999,-2.711819e-01,3,Vietnamese Exclusive Economic Zone,,,SVDNB_npp_d20140716_t1757431_e1803235_b14079_c20140717000324408388_noaa_ops.h5,GDNBO_npp_d20140716_t1757431_e1803235_b14079_c20140717000324408134_noaa_ops.h5,SVI04_npp_d20140716_t1757431_e1803235_b14079_c20140717000324402868_noaa_ops.dspace_rad,VNFF_npp_d20140716_t1757431_e1803235_b14079_v21.csv,World_EEZ_v8_2014.shp,WPP_BFAR_merge.shp,KKP_IDN_merge_20161208.shp,VNF-VBD_npp_20120301-20151231_global_asia-enhanced_c201607211230.bitmask,NCEI_NGA.union.nga_lead2.add_2015ntl.mask,timezone.shp,VBD_platforms-recurring_2015_r20170330.shp,999999,VBD_bridges_c20160811.shp,22.302559;20.657581;17.812403;13.013085;8.184108;3.331987;-1.539063;0.598278;2.699680;7.587820;12.484635;17.389103,102.195274;116.899490;131.129013;129.599106;128.217987;126.965988;125.829720;112.252083;98.601341;99.606560;100.547348;101.419044,npp_d20140716_t1757431_e1803235_b14079,147.195,28.5274,45.6883,97.9536,42.6143,98.4956
1755,VBD_npp_d20140716_t1801472_x1071802E_y073070N_l2193_s1085_v23,2017-05-23 13:09:55,7.306998,107.180206,21.6875,2014-07-16 18:01:47,2014-07-17 01:01:47,2193,1085,0.385881,1,2529,0.691999,0.2221,0.909834,0.4,0.919898,0.75,0.0405004,0.0001,9.27113e-12,999999,1.464057e-01,3,Vietnamese Exclusive Economic Zone,,,SVDNB_npp_d20140716_t1757431_e1803235_b14079_c20140717000324408388_noaa_ops.h5,GDNBO_npp_d20140716_t1757431_e1803235_b14079_c20140717000324408134_noaa_ops.h5,SVI04_npp_d20140716_t1757431_e1803235_b14079_c20140717000324402868_noaa_ops.dspace_rad,VNFF_npp_d20140716_t1757431_e1803235_b14079_v21.csv,World_EEZ_v8_2014.shp,WPP_BFAR_merge.shp,KKP_IDN_merge_20161208.shp,VNF-VBD_npp_20120301-20151231_global_asia-enhanced_c201607211230.bitmask,NCEI_NGA.union.nga_lead2.add_2015ntl.mask,timezone.shp,VBD_platforms-recurring_2015_r20170330.shp,999999,VBD_bridges_c20160811.shp,22.302559;20.657581;17.812403;13.013085;8.184108;3.331987;-1.539063;0.598278;2.699680;7.587820;12.484635;17.389103,102.195274;116.899490;131.129013;129.599106;128.217987;126.965988;125.829720;112.252083;98.601341;99.606560;100.547348;101.419044,npp_d20140716_t1757431_e1803235_b14079,147.333,28.6067,45.6854,98.5244,42.6131,98.3276
1764,VBD_npp_d20140716_t1801418_x1072399E_y075226N_l2159_s1086_v23,2017-05-23 13:09:55,7.522605,107.239922,41.7142,2014-07-16 18:01:41,2014-07-17 01:01:41,2159,1086,0.414387,1,2529,1.04062,0.233664,0.939179,0.4,0.967174,0.75,0.0405173,0.0001,9.56884e-12,999999,7.766153e-02,3,Vietnamese Exclusive Economic Zone,,,SVDNB_npp_d20140716_t1757431_e1803235_b14079_c20140717000324408388_noaa_ops.h5,GDNBO_npp_d20140716_t1757431_e1803235_b14079_c20140717000324408134_noaa_ops.h5,SVI04_npp_d20140716_t1757431_e1803235_b14079_c20140717000324402868_noaa_ops.dspace_rad,VNFF_npp_d20140716_t1757431_e1803235_b14079_v21.csv,World_EEZ_v8_2014.shp,WPP_BFAR_merge.shp,KKP_IDN_merge_20161208.shp,VNF-VBD_npp_20120301-20151231_global_asia-enhanced_c201607211230.bitmask,NCEI_NGA.union.nga_lead2.add_2015ntl.mask,timezone.shp,VBD_platforms-recurring_2015_r20170330.shp,999999,VBD_bridges_c20160811.shp,22.302559;20.657581;17.812403;13.013085;8.184108;3.331987;-1.539063;0.598278;2.699680;7.587820;12.484635;17.389103,102.195274;116.899490;131.129013;129.599106;128.217987;126.965988;125.829720;112.252083;98.601341;99.606560;100.547348;101.419044,npp_d20140716_t1757431_e1803235_b14079,147.126,28.5021,45.6529,97.6359,42.6073,98.5765
1765,VBD_npp_d20140716_t1801454_x1071936E_y073078N_l2192_s1086_v23,2017-05-23 13:09:55,7.307813,107.193634,20.1034,2014-07-16 18:01:45,2014-07-17 01:01:45,2192,1086,0.383174,1,2529,0.670178,0.225059,0.909834,0.4,0.92834,0.75,0.0405064,0.0001,9.5334e-12,999999,1.288122e-01,3,Vietnamese Exclusive Economic Zone,,,SVDNB_npp_d20140716_t1757431_e1803235_b14079_c20140717000324408388_noaa_ops.h5,GDNBO_npp_d20140716_t1757431_e1803235_b14079_c20140717000324408134_noaa_ops.h5,SVI04_npp_d20140716_t1757431_e1803235_b14079_c20140717000324402868_noaa_ops.dspace_rad,VNFF_npp_d20140716_t1757431_e1803235_b14079_v21.csv,World_EEZ_v8_2014.shp,WPP_BFAR_merge.shp,KKP_IDN_merge_20161208.shp,VNF-VBD_npp_20120301-20151231_global_asia-enhanced_c201607211230.bitmask,NCEI_NGA.union.nga_lead2.add_2015ntl.mask,timezone.shp,VBD_platforms-recurring_2015_r20170330.shp,999999,VBD_bridges_c20160811.shp,22.302559;20.657581;17.812403;13.013085;8.184108;3.331987;-1.539063;0.598278;2.699680;7.587820;12.484635;17.389103,102.195274;116.899490;131.129013;129.599106;128.217987;126.965988;125.829720;112.252083;98.601341;99.606560;100.547348;101.419044,npp_d20140716_t1757431_e1803235_b14079,147.33,28.615,45.6571,97.5956,42.607,98.3304
1769,VBD_npp_d20140716_t1801383_x1072976E_y077777N_l2120_s1087_v23,2017-05-23 13:09:55,7.777681,107.297585,24.1451,2014-07-16 18:01:38,2014-07-17 01:01:38,2120,1087,0.41831,1,2529,0.823671,0.253093,0.899048,0.4,0.961982,0.75,0.040535,0.0001,9.84277e-12,999999,-3.782971e-02,3,Vietnamese Exclusive Economic Zone,,,SVDNB_npp_d20140716_t1757431_e1803235_b14079_c20140717000324408388_noaa_ops.h5,GDNBO_npp_d20140716_t1757431_e1803235_b14079_c20140717000324408134_noaa_ops.h5,SVI04_npp_d20140716_t1757431_e1803235_b14079_c20140717000324402868_noaa_ops.dspace_rad,VNFF_npp_d20140716_t1757431_e1803235_b14079_v21.csv,World_EEZ_v8_2014.shp,WPP_BFAR_merge.shp,KKP_IDN_merge_20161208.shp,VNF-VBD_npp_20120301-20151231_global_asia-enhanced_c201607211230.bitmask,NCEI_NGA.union.nga_lead2.add_2015ntl.mask,timezone.shp,VBD_platforms-recurring_2015_r20170330.shp,999999,VBD_bridges_c20160811.shp,22.302559;20.657581;17.812403;13.013085;8.184108;3.331987;-1.539063;0.598278;2.699680;7.587820;12.484635;17.389103,102.195274;116.899490;131.129013;129.599106;128.217987;126.965988;125.829720;112.252083;98.601341;99.606560;100.547348;101.419044,npp_d20140716_t1757431_e1803235_b14079,146.882,28.3783,45.6202,98.0458,42.6035,98.8705
1770,VBD_npp_d20140716_t1801436_x1072359E_y074996N_l2163_s1087_v23,2017-05-23 13:09:55,7.499625,107.235931,24.0756,2014-07-16 18:01:43,2014-07-17 01:01:43,2163,1087,0.381572,1,2529,0.822757,0.248547,0.939454,0.4,0.955439,0.75,0.0405217,0.0001,9.85835e-12,999999,-1.080598e-02,3,Vietnamese Exclusive Economic Zone,,,SVDNB_npp_d20140716_t1757431_e1803235_b14079_c20140717000324408388_noaa_ops.h5,GDNBO_npp_d20140716_t1757431_e1803235_b14079_c20140717000324408134_noaa_ops.h5,SVI04_npp_d20140716_t1757431_e1803235_b14079_c20140717000324402868_noaa_ops.dspace_rad,VNFF_npp_d20140716_t1757431_e1803235_b14079_v21.csv,World_EEZ_v8_2014.shp,WPP_BFAR_merge.shp,KKP_IDN_merge_20161208.shp,VNF-VBD_npp_20120301-20151231_global_asia-enhanced_c201607211230.bitmask,NCEI_NGA.union.nga_lead2.add_2015ntl.mask,timezone.shp,VBD_platforms-recurring_2015_r20170330.shp,999999,VBD_bridges_c20160811.shp,22.302559;20.657581;17.812403;13.013085;8.184108;3.331987;-1.539063;0.598278;2.699680;7.587820;12.484635;17.389103,102.195274;116.899490;131.129013;129.599106;128.217987;126.965988;125.829720;112.252083;98.601341;99.606560;100.547348;101.419044,npp_d20140716_t1757431_e1803235_b14079,147.145,28.5242,45.6196,98.3839,42.6006,98.552
1771,VBD_npp_d20140716_t1801472_x1071939E_y073050N_l2193_s1087_v23,2017-05-23 13:09:55,7.304991,107.193855,21.3471,2014-07-16 18:01:47,2014-07-17 01:01:47,2193,1087,0.386765,1,2529,0.745807,0.222472,0.920181,0.4,0.938951,0.75,0.0405116,0.0001,9.88644e-12,999999,1.441946e-01,3,Vietnamese Exclusive Economic Zone,,,SVDNB_npp_d20140716_t1757431_e1803235_b14079_c20140717000324408388_noaa_ops.h5,GDNBO_npp_d20140716_t1757431_e1803235_b14079_c20140717000324408134_noaa_ops.h5,SVI04_npp_d20140716_t1757431_e1803235_b14079_c20140717000324402868_noaa_ops.dspace_rad,VNFF_npp_d20140716_t1757431_e1803235_b14079_v21.csv,World_EEZ_v8_2014.shp,WPP_BFAR_merge.shp,KKP_IDN_merge_20161208.shp,VNF-VBD_npp_20120301-20151231_global_asia-enhanced_c201607211230.bitmask,NCEI_NGA.union.nga_lead2.add_2015ntl.mask,timezone.shp,VBD_platforms-recurring_2015_r20170330.shp,999999,VBD_bridges_c20160811.shp,22.302559;20.657581;17.812403;13.013085;8.184108;3.331987;-1.539063;0.598278;2.699680;7.587820;12.484635;17.389103,102.195274;116.899490;131.129013;129.599106;128.217987;126.965988;125.829720;112.252083;98.601341;99.606560;100.547348;101.419044,npp_d20140716_t1757431_e1803235_b14079,147.329,28.6285,45.6174,98.5266,42.5993,98.3293
1772,VBD_npp_d20140716_t1801472_x1071838E_y072369N_l2203_s1087_v23,2017-05-23 13:09:55,7.236910,107.183838,12.5088,2014-07-16 18:01:47,2014-07-17 01:01:47,2203,1087,0.319643,1,2529,0.549907,0.249125,0.901994,0.4,0.889947,0.75,0.0405079,0.0001,9.88166e-12,999999,-1.424434e-02,3,Vietnamese Exclusive Economic Zone,,,SVDNB_npp_d20140716_t1757431_e1803235_b14079_c20140717000324408388_noaa_ops.h5,GDNBO_npp_d20140716_t1757431_e1803235_b14079_c20140717000324408134_noaa_ops.h5,SVI04_npp_d20140716_t1757431_e1803235_b14079_c20140717000324402868_noaa_ops.dspace_rad,VNFF_npp_d20140716_t1757431_e1803235_b14079_v21.csv,World_EEZ_v8_2014.shp,WPP_BFAR_merge.shp,KKP_IDN_merge_20161208.shp,VNF-VBD_npp_20120301-20151231_global_asia-enhanced_c201607211230.bitmask,NCEI_NGA.union.nga_lead2.add_2015ntl.mask,timezone.shp,VBD_platforms-recurring_2015_r20170330.shp,999999,VBD_bridges_c20160811.shp,22.302559;20.657581;17.812403;13.013085;8.184108;3.331987;-1.539063;0.598278;2.699680;7.587820;12.484635;17.389103,102.195274;116.899490;131.129013;129.599106;128.217987;126.965988;125.829720;112.252083;98.601341;99.606560;100.547348;101.419044,npp_d20140716_t1757431_e1803235_b14079,147.393,28.6645,45.6181,97.9142,42.5993,98.2514
1777,VBD_npp_d20140716_t1801383_x1072964E_y077223N_l2128_s1088_v23,2017-05-23 13:09:55,7.722267,107.296394,28.3293,2014-07-16 18:01:38,2014-07-17 01:01:38,2128,1088,0.412841,1,2529,0.727932,0.251387,0.913742,0.4,0.897048,0.75,0.0405382,0.0001,1.01628e-11,999999,-2.769385e-02,3,Vietnamese Exclusive Economic Zone,,,SVDNB_npp_d20140716_t1757431_e1803235_b14079_c20140717000324408388_noaa_ops.h5,GDNBO_npp_d20140716_t1757431_e1803235_b14079_c20140717000324408134_noaa_ops.h5,SVI04_npp_d20140716_t1757431_e1803235_b14079_c20140717000324402868_noaa_ops.dspace_rad,VNFF_npp_d20140716_t1757431_e1803235_b14079_v21.csv,World_EEZ_v8_2014.shp,WPP_BFAR_merge.shp,KKP_IDN_merge_20161208.shp,VNF-VBD_npp_20120301-20151231_global_asia-enhanced_c201607211230.bitmask,NCEI_NGA.union.nga_lead2.add_2015ntl.mask,timezone.shp,VBD_platforms-recurring_2015_r20170330.shp,999999,VBD_bridges_c20160811.shp,22.302559;20.657581;17.812403;13.013085;8.184108;3.331987;-1.539063;0.598278;2.699680;7.587820;12.484635;17.389103,102.195274;116.899490;131.129013;129.599106;128.217987;126.965988;125.829720;112.252083;98.601341;99.606560;100.547348;101.419044,npp_d20140716_t1757431_e1803235_b14079,146.931,28.4169,45.5888,97.5564,42.596,98.8091
1778,VBD_npp_d20140716_t1801401_x1072858E_y076931N_l2133_s1088_v23,2017-05-23 13:09:55,7.693138,107.285812,16.8513,2014-07-16 18:01:40,2014-07-17 01:01:40,2133,1088,0.275669,1,2529,0.552853,0.332274,0.919297,0.4,0.878792,0.75,0.0405366,0.0001,1.01966e-11,999999,-5.085213e-01,3,Vietnamese Exclusive Economic Zone,,,SVDNB_npp_d20140716_t1757431_e1803235_b14079_c20140717000324408388_noaa_ops.h5,GDNBO_npp_d20140716_t1757431_e1803235_b14079_c20140717000324408134_noaa_ops.h5,SVI04_npp_d20140716_t1757431_e1803235_b14079_c20140717000324402868_noaa_ops.dspace_rad,VNFF_npp_d20140716_t1757431_e1803235_b14079_v21.csv,World_EEZ_v8_2014.shp,WPP_BFAR_merge.shp,KKP_IDN_merge_20161208.shp,VNF-VBD_npp_20120301-20151231_global_asia-enhanced_c201607211230.bitmask,NCEI_NGA.union.nga_lead2.add_2015ntl.mask,timezone.shp,VBD_platforms-recurring_2015_r20170330.shp,999999,VBD_bridges_c20160811.shp,22.302559;20.657581;17.812403;13.013085;8.184108;3.331987;-1.539063;0.598278;2.699680;7.587820;12.484635;17.389103,102.195274;116.899490;131.129013;129.599106;128.217987;126.965988;125.829720;112.252083;98.601341;99.606560;100.547348;101.419044,npp_d20140716_t1757431_e1803235_b14079,146.958,28.4336,45.5828,98.2424,42.5949,98.7759
1779,VBD_npp_d20140716_t1801436_x1072327E_y074306N_l2173_s1088_v23,2017-05-23 13:09:55,7.430580,107.232727,13.3983,2014-07-16 18:01:43,2014-07-17 01:01:43,2173,1088,0.406819,1,2529,0.601326,0.254198,0.919943,0.4,0.902058,0.75,0.0405243,0.0001,1.0177e-11,999999,-4.439960e-02,3,Vietnamese Exclusive Economic Zone,,,SVDNB_npp_d20140716_t1757431_e1803235_b14079_c20140717000324408388_noaa_ops.h5,GDNBO_npp_d20140716_t1757431_e1803235_b14079_c20140717000324408134_noaa_ops.h5,SVI04_npp_d20140716_t1757431_e1803235_b14079_c20140717000324402868_noaa_ops.dspace_rad,VNFF_npp_d20140716_t1757431_e1803235_b14079_v21.csv,World_EEZ_v8_2014.shp,WPP_BFAR_merge.shp,KKP_IDN_merge_20161208.shp,VNF-VBD_npp_20120301-20151231_global_asia-enhanced_c201607211230.bitmask,NCEI_NGA.union.nga_lead2.add_2015ntl.mask,timezone.shp,VBD_platforms-recurring_2015_r20170330.shp,999999,VBD_bridges_c20160811.shp,22.302559;20.657581;17.812403;13.013085;8.184108;3.331987;-1.539063;0.598278;2.699680;7.587820;12.484635;17.389103,102.195274;116.899490;131.129013;129.599106;128.217987;126.965988;125.829720;112.252083;98.601341;99.606560;100.547348;101.419044,npp_d20140716_t1757431_e1803235_b14079,147.207,28.5706,45.5872,97.7721,42.5935,98.475
1780,VBD_npp_d20140716_t1801472_x1071977E_y072836N_l2196_s1088_v23,2017-05-23 13:09:55,7.283575,107.197670,25.5354,2014-07-16 18:01:47,2014-07-17 01:01:47,2196,1088,0.372844,1,2529,0.77128,0.20077,0.927069,0.4,0.935253,0.75,0.0405161,0.0001,1.02093e-11,999999,2.731979e-01,3,Vietnamese Exclusive Economic Zone,,,SVDNB_npp_d20140716_t1757431_e1803235_b14079_c20140717000324408388_noaa_ops.h5,GDNBO_npp_d20140716_t1757431_e1803235_b14079_c20140717000324408134_noaa_ops.h5,SVI04_npp_d20140716_t1757431_e1803235_b14079_c20140717000324402868_noaa_ops.dspace_rad,VNFF_npp_d20140716_t1757431_e1803235_b14079_v21.csv,World_EEZ_v8_2014.shp,WPP_BFAR_merge.shp,KKP_IDN_merge_20161208.shp,VNF-VBD_npp_20120301-20151231_global_asia-enhanced_c201607211230.bitmask,NCEI_NGA.union.nga_lead2.add_2015ntl.mask,timezone.shp,VBD_platforms-recurring_2015_r20170330.shp,999999,VBD_bridges_c20160811.shp,22.302559;20.657581;17.812403;13.013085;8.184108;3.331987;-1.539063;0.598278;2.699680;7.587820;12.484635;17.389103,102.195274;116.899490;131.129013;129.599106;128.217987;126.965988;125.829720;112.252083;98.601341;99.606560;100.547348;101.419044,npp_d20140716_t1757431_e1803235_b14079,147.346,28.6501,45.5832,98.3439,42.5923,98.3068
1781,VBD_npp_d20140716_t1801472_x1071957E_y072700N_l2198_s1088_v23,2017-05-23 13:09:55,7.269965,107.195663,13.6993,2014-07-16 18:01:47,2014-07-17 01:01:47,2198,1088,0.360469,1,2529,0.56991,0.23947,0.927069,0.4,0.874326,0.75,0.0405154,0.0001,1.02088e-11,999999,4.314768e-02,3,Vietnamese Exclusive Economic Zone,,,SVDNB_npp_d20140716_t1757431_e1803235_b14079_c20140717000324408388_noaa_ops.h5,GDNBO_npp_d20140716_t1757431_e1803235_b14079_c20140717000324408134_noaa_ops.h5,SVI04_npp_d20140716_t1757431_e1803235_b14079_c20140717000324402868_noaa_ops.dspace_rad,VNFF_npp_d20140716_t1757431_e1803235_b14079_v21.csv,World_EEZ_v8_2014.shp,WPP_BFAR_merge.shp,KKP_IDN_merge_20161208.shp,VNF-VBD_npp_20120301-20151231_global_asia-enhanced_c201607211230.bitmask,NCEI_NGA.union.nga_lead2.add_2015ntl.mask,timezone.shp,VBD_platforms-recurring_2015_r20170330.shp,999999,VBD_bridges_c20160811.shp,22.302559;20.657581;17.812403;13.013085;8.184108;3.331987;-1.539063;0.598278;2.699680;7.587820;12.484635;17.389103,102.195274;116.899490;131.129013;129.599106;128.217987;126.965988;125.829720;112.252083;98.601341;99.606560;100.547348;101.419044,npp_d20140716_t1757431_e1803235_b14079,147.359,28.6573,45.5832,98.2213,42.5923,98.2912
1782,VBD_npp_d20140716_t1802512_x1063858E_y035509N_l2770_s1088_v23,2017-05-23 13:09:55,3.550868,106.385788,20.5977,2014-07-16 18:02:51,2014-07-17 01:02:51,2770,1088,0.412841,1,2529,0.73631,0.273111,0.861537,0.4,0.931763,0.75,0.0403679,0.0001,9.41563e-12,999999,-1.568281e-01,3,Indonesian Exclusive Economic Zone,WPP711,,SVDNB_npp_d20140716_t1757431_e1803235_b14079_c20140717000324408388_noaa_ops.h5,GDNBO_npp_d20140716_t1757431_e1803235_b14079_c20140717000324408134_noaa_ops.h5,SVI04_npp_d20140716_t1757431_e1803235_b14079_c20140717000324402868_noaa_ops.dspace_rad,VNFF_npp_d20140716_t1757431_e1803235_b14079_v21.csv,World_EEZ_v8_2014.shp,WPP_BFAR_merge.shp,KKP_IDN_merge_20161208.shp,VNF-VBD_npp_20120301-20151231_global_asia-enhanced_c201607211230.bitmask,NCEI_NGA.union.nga_lead2.add_2015ntl.mask,timezone.shp,VBD_platforms-recurring_2015_r20170330.shp,999999,VBD_bridges_c20160811.shp,22.302559;20.657581;17.812403;13.013085;8.184108;3.331987;-1.539063;0.598278;2.699680;7.587820;12.484635;17.389103,102.195274;116.899490;131.129013;129.599106;128.217987;126.965988;125.829720;112.252083;98.601341;99.606560;100.547348;101.419044,npp_d20140716_t1757431_e1803235_b14079,150.856,30.9103,45.586,98.8375,42.7407,94.059
1788,VBD_npp_d20140716_t1801418_x1072664E_y075606N_l2153_s1089_v23,2017-05-23 13:09:55,7.560557,107.266411,30.9334,2014-07-16 18:01:41,2014-07-17 01:01:41,2153,1089,0.412343,1,2529,0.912822,0.240413,0.890437,0.4,0.962894,0.75,0.0405361,0.0001,1.05398e-11,999999,3.754529e-02,3,Vietnamese Exclusive Economic Zone,,,SVDNB_npp_d20140716_t1757431_e1803235_b14079_c20140717000324408388_noaa_ops.h5,GDNBO_npp_d20140716_t1757431_e1803235_b14079_c20140717000324408134_noaa_ops.h5,SVI04_npp_d20140716_t1757431_e1803235_b14079_c20140717000324402868_noaa_ops.dspace_rad,VNFF_npp_d20140716_t1757431_e1803235_b14079_v21.csv,World_EEZ_v8_2014.shp,WPP_BFAR_merge.shp,KKP_IDN_merge_20161208.shp,VNF-VBD_npp_20120301-20151231_global_asia-enhanced_c201607211230.bitmask,NCEI_NGA.union.nga_lead2.add_2015ntl.mask,timezone.shp,VBD_platforms-recurring_2015_r20170330.shp,999999,VBD_bridges_c20160811.shp,22.302559;20.657581;17.812403;13.013085;8.184108;3.331987;-1.539063;0.598278;2.699680;7.587820;12.484635;17.389103,102.195274;116.899490;131.129013;129.599106;128.217987;126.965988;125.829720;112.252083;98.601341;99.606560;100.547348;101.419044,npp_d20140716_t1757431_e1803235_b14079,147.08,28.5133,45.5489,98.0057,42.5867,98.6261
1793,VBD_npp_d20140716_t1801401_x1072904E_y076300N_l2142_s1090_v23,2017-05-23 13:09:55,7.629987,107.290428,28.935,2014-07-16 18:01:40,2014-07-17 01:01:40,2142,1090,0.409195,1,2529,0.892334,0.251655,0.910407,0.4,0.967671,0.75,0.0405451,0.0001,1.08711e-11,999999,-2.928390e-02,3,Vietnamese Exclusive Economic Zone,,,SVDNB_npp_d20140716_t1757431_e1803235_b14079_c20140717000324408388_noaa_ops.h5,GDNBO_npp_d20140716_t1757431_e1803235_b14079_c20140717000324408134_noaa_ops.h5,SVI04_npp_d20140716_t1757431_e1803235_b14079_c20140717000324402868_noaa_ops.dspace_rad,VNFF_npp_d20140716_t1757431_e1803235_b14079_v21.csv,World_EEZ_v8_2014.shp,WPP_BFAR_merge.shp,KKP_IDN_merge_20161208.shp,VNF-VBD_npp_20120301-20151231_global_asia-enhanced_c201607211230.bitmask,NCEI_NGA.union.nga_lead2.add_2015ntl.mask,timezone.shp,VBD_platforms-recurring_2015_r20170330.shp,999999,VBD_bridges_c20160811.shp,22.302559;20.657581;17.812403;13.013085;8.184108;3.331987;-1.539063;0.598278;2.699680;7.587820;12.484635;17.389103,102.195274;116.899490;131.129013;129.599106;128.217987;126.965988;125.829720;112.252083;98.601341;99.606560;100.547348;101.419044,npp_d20140716_t1757431_e1803235_b14079,147.012,28.4867,45.5168,97.6922,42.5806,98.7078
1794,VBD_npp_d20140716_t1801418_x1072662E_y075120N_l2160_s1090_v23,2017-05-23 13:09:55,7.512002,107.266190,16.6596,2014-07-16 18:01:41,2014-07-17 01:01:41,2160,1090,0.413393,1,2529,0.677071,0.288164,0.935923,0.4,0.93777,0.75,0.0405396,0.0001,1.08746e-11,999999,-2.463092e-01,3,Vietnamese Exclusive Economic Zone,,,SVDNB_npp_d20140716_t1757431_e1803235_b14079_c20140717000324408388_noaa_ops.h5,GDNBO_npp_d20140716_t1757431_e1803235_b14079_c20140717000324408134_noaa_ops.h5,SVI04_npp_d20140716_t1757431_e1803235_b14079_c20140717000324402868_noaa_ops.dspace_rad,VNFF_npp_d20140716_t1757431_e1803235_b14079_v21.csv,World_EEZ_v8_2014.shp,WPP_BFAR_merge.shp,KKP_IDN_merge_20161208.shp,VNF-VBD_npp_20120301-20151231_global_asia-enhanced_c201607211230.bitmask,NCEI_NGA.union.nga_lead2.add_2015ntl.mask,timezone.shp,VBD_platforms-recurring_2015_r20170330.shp,999999,VBD_bridges_c20160811.shp,22.302559;20.657581;17.812403;13.013085;8.184108;3.331987;-1.539063;0.598278;2.699680;7.587820;12.484635;17.389103,102.195274;116.899490;131.129013;129.599106;128.217987;126.965988;125.829720;112.252083;98.601341;99.606560;100.547348;101.419044,npp_d20140716_t1757431_e1803235_b14079,147.123,28.5488,45.5173,97.577,42.5796,98.5726
1795,VBD_npp_d20140716_t1801436_x1072543E_y074831N_l2165_s1090_v23,2017-05-23 13:09:55,7.483052,107.254349,20.1106,2014-07-16 18:01:43,2014-07-17 01:01:43,2165,1090,0.417592,8,18913,0.741657,0.283593,0.939454,0.4,0.94631,0.75,0.040538,0.0001,1.08526e-11,999999,-2.191383e-01,3,Vietnamese Exclusive Economic Zone,,,SVDNB_npp_d20140716_t1757431_e1803235_b14079_c20140717000324408388_noaa_ops.h5,GDNBO_npp_d20140716_t1757431_e1803235_b14079_c20140717000324408134_noaa_ops.h5,SVI04_npp_d20140716_t1757431_e1803235_b14079_c20140717000324402868_noaa_ops.dspace_rad,VNFF_npp_d20140716_t1757431_e1803235_b14079_v21.csv,World_EEZ_v8_2014.shp,WPP_BFAR_merge.shp,KKP_IDN_merge_20161208.shp,VNF-VBD_npp_20120301-20151231_global_asia-enhanced_c201607211230.bitmask,NCEI_NGA.union.nga_lead2.add_2015ntl.mask,timezone.shp,VBD_platforms-recurring_2015_r20170330.shp,0.494988,VBD_bridges_c20160811.shp,22.302559;20.657581;17.812403;13.013085;8.184108;3.331987;-1.539063;0.598278;2.699680;7.587820;12.484635;17.389103,102.195274;116.899490;131.129013;129.599106;128.217987;126.965988;125.829720;112.252083;98.601341;99.606560;100.547348;101.419044,npp_d20140716_t1757431_e1803235_b14079,147.151,28.5637,45.5176,98.2643,42.5798,98.5392
1796,VBD_npp_d20140716_t1801436_x1072524E_y074695N_l2167_s1090_v23,2017-05-23 13:09:55,7.469455,107.252357,19.6092,2014-07-16 18:01:43,2014-07-17 01:01:43,2167,1090,0.378368,1,2529,0.725917,0.265724,0.935124,0.4,0.917669,0.75,0.0405374,0.0001,1.08531e-11,999999,-1.129160e-01,3,Vietnamese Exclusive Economic Zone,,,SVDNB_npp_d20140716_t1757431_e1803235_b14079_c20140717000324408388_noaa_ops.h5,GDNBO_npp_d20140716_t1757431_e1803235_b14079_c20140717000324408134_noaa_ops.h5,SVI04_npp_d20140716_t1757431_e1803235_b14079_c20140717000324402868_noaa_ops.dspace_rad,VNFF_npp_d20140716_t1757431_e1803235_b14079_v21.csv,World_EEZ_v8_2014.shp,WPP_BFAR_merge.shp,KKP_IDN_merge_20161208.shp,VNF-VBD_npp_20120301-20151231_global_asia-enhanced_c201607211230.bitmask,NCEI_NGA.union.nga_lead2.add_2015ntl.mask,timezone.shp,VBD_platforms-recurring_2015_r20170330.shp,999999,VBD_bridges_c20160811.shp,22.302559;20.657581;17.812403;13.013085;8.184108;3.331987;-1.539063;0.598278;2.699680;7.587820;12.484635;17.389103,102.195274;116.899490;131.129013;129.599106;128.217987;126.965988;125.829720;112.252083;98.601341;99.606560;100.547348;101.419044,npp_d20140716_t1757431_e1803235_b14079,147.164,28.5708,45.5178,98.1416,42.5798,98.5236
1797,VBD_npp_d20140716_t1801454_x1072209E_y073040N_l2192_s1090_v23,2017-05-23 13:09:55,7.304010,107.220894,16.2061,2014-07-16 18:01:45,2014-07-17 01:01:45,2192,1090,0.342625,1,2529,0.644279,0.251338,0.920181,0.4,0.919824,0.75,0.0405289,0.0001,1.08363e-11,999999,-2.739892e-02,3,Vietnamese Exclusive Economic Zone,,,SVDNB_npp_d20140716_t1757431_e1803235_b14079_c20140717000324408388_noaa_ops.h5,GDNBO_npp_d20140716_t1757431_e1803235_b14079_c20140717000324408134_noaa_ops.h5,SVI04_npp_d20140716_t1757431_e1803235_b14079_c20140717000324402868_noaa_ops.dspace_rad,VNFF_npp_d20140716_t1757431_e1803235_b14079_v21.csv,World_EEZ_v8_2014.shp,WPP_BFAR_merge.shp,KKP_IDN_merge_20161208.shp,VNF-VBD_npp_20120301-20151231_global_asia-enhanced_c201607211230.bitmask,NCEI_NGA.union.nga_lead2.add_2015ntl.mask,timezone.shp,VBD_platforms-recurring_2015_r20170330.shp,999999,VBD_bridges_c20160811.shp,22.302559;20.657581;17.812403;13.013085;8.184108;3.331987;-1.539063;0.598278;2.699680;7.587820;12.484635;17.389103,102.195274;116.899490;131.129013;129.599106;128.217987;126.965988;125.829720;112.252083;98.601341;99.606560;100.547348;101.419044,npp_d20140716_t1757431_e1803235_b14079,147.32,28.6583,45.5211,97.5979,42.5794,98.3341
1803,VBD_npp_d20140716_t1801454_x1072327E_y073370N_l2187_s1091_v23,2017-05-23 13:09:55,7.337037,107.232719,12.7145,2014-07-16 18:01:45,2014-07-17 01:01:45,2187,1091,0.380578,1,2529,0.530715,0.28306,0.913103,0.4,0.895292,0.75,0.0405364,0.0001,1.11977e-11,999999,-2.159673e-01,3,Vietnamese Exclusive Economic Zone,,,SVDNB_npp_d20140716_t1757431_e1803235_b14079_c20140717000324408388_noaa_ops.h5,GDNBO_npp_d20140716_t1757431_e1803235_b14079_c20140717000324408134_noaa_ops.h5,SVI04_npp_d20140716_t1757431_e1803235_b14079_c20140717000324402868_noaa_ops.dspace_rad,VNFF_npp_d20140716_t1757431_e1803235_b14079_v21.csv,World_EEZ_v8_2014.shp,WPP_BFAR_merge.shp,KKP_IDN_merge_20161208.shp,VNF-VBD_npp_20120301-20151231_global_asia-enhanced_c201607211230.bitmask,NCEI_NGA.union.nga_lead2.add_2015ntl.mask,timezone.shp,VBD_platforms-recurring_2015_r20170330.shp,999999,VBD_bridges_c20160811.shp,22.302559;20.657581;17.812403;13.013085;8.184108;3.331987;-1.539063;0.598278;2.699680;7.587820;12.484635;17.389103,102.195274;116.899490;131.129013;129.599106;128.217987;126.965988;125.829720;112.252083;98.601341;99.606560;100.547348;101.419044,npp_d20140716_t1757431_e1803235_b14079,147.286,28.6512,45.4852,97.9053,42.5725,98.3739
1804,VBD_npp_d20140716_t1801454_x1072307E_y073234N_l2189_s1091_v23,2017-05-23 13:09:55,7.323448,107.230713,6.55168,2014-07-16 18:01:45,2014-07-17 01:01:45,2189,1091,0.372402,1,2273,0.30886,0.26855,0.913103,0.4,0.756549,0.75,0.0405357,0.0001,1.11943e-11,999999,-1.297161e-01,3,Vietnamese Exclusive Economic Zone,,,SVDNB_npp_d20140716_t1757431_e1803235_b14079_c20140717000324408388_noaa_ops.h5,GDNBO_npp_d20140716_t1757431_e1803235_b14079_c20140717000324408134_noaa_ops.h5,SVI04_npp_d20140716_t1757431_e1803235_b14079_c20140717000324402868_noaa_ops.dspace_rad,VNFF_npp_d20140716_t1757431_e1803235_b14079_v21.csv,World_EEZ_v8_2014.shp,WPP_BFAR_merge.shp,KKP_IDN_merge_20161208.shp,VNF-VBD_npp_20120301-20151231_global_asia-enhanced_c201607211230.bitmask,NCEI_NGA.union.nga_lead2.add_2015ntl.mask,timezone.shp,VBD_platforms-recurring_2015_r20170330.shp,999999,VBD_bridges_c20160811.shp,22.302559;20.657581;17.812403;13.013085;8.184108;3.331987;-1.539063;0.598278;2.699680;7.587820;12.484635;17.389103,102.195274;116.899490;131.129013;129.599106;128.217987;126.965988;125.829720;112.252083;98.601341;99.606560;100.547348;101.419044,npp_d20140716_t1757431_e1803235_b14079,147.299,28.6584,45.4858,97.7826,42.5725,98.3583
1805,VBD_npp_d20140716_t1801472_x1072210E_y073010N_l2193_s1091_v23,2017-05-23 13:09:55,7.300992,107.221046,15.0892,2014-07-16 18:01:47,2014-07-17 01:01:47,2193,1091,0.348205,1,2529,0.607409,0.243251,0.926709,0.4,0.910183,0.75,0.0405342,0.0001,1.12344e-11,999999,2.067212e-02,3,Vietnamese Exclusive Economic Zone,,,SVDNB_npp_d20140716_t1757431_e1803235_b14079_c20140717000324408388_noaa_ops.h5,GDNBO_npp_d20140716_t1757431_e1803235_b14079_c20140717000324408134_noaa_ops.h5,SVI04_npp_d20140716_t1757431_e1803235_b14079_c20140717000324402868_noaa_ops.dspace_rad,VNFF_npp_d20140716_t1757431_e1803235_b14079_v21.csv,World_EEZ_v8_2014.shp,WPP_BFAR_merge.shp,KKP_IDN_merge_20161208.shp,VNF-VBD_npp_20120301-20151231_global_asia-enhanced_c201607211230.bitmask,NCEI_NGA.union.nga_lead2.add_2015ntl.mask,timezone.shp,VBD_platforms-recurring_2015_r20170330.shp,999999,VBD_bridges_c20160811.shp,22.302559;20.657581;17.812403;13.013085;8.184108;3.331987;-1.539063;0.598278;2.699680;7.587820;12.484635;17.389103,102.195274;116.899490;131.129013;129.599106;128.217987;126.965988;125.829720;112.252083;98.601341;99.606560;100.547348;101.419044,npp_d20140716_t1757431_e1803235_b14079,147.319,28.6718,45.4814,98.531,42.5716,98.3327
1806,VBD_npp_d20140716_t1801472_x1072141E_y072534N_l2200_s1091_v23,2017-05-23 13:09:55,7.253425,107.214050,14.7225,2014-07-16 18:01:47,2014-07-17 01:01:47,2200,1091,0.330747,1,2529,0.580391,0.217012,0.923758,0.4,0.892045,0.75,0.0405315,0.0001,1.12333e-11,999999,1.766481e-01,3,Vietnamese Exclusive Economic Zone,,,SVDNB_npp_d20140716_t1757431_e1803235_b14079_c20140717000324408388_noaa_ops.h5,GDNBO_npp_d20140716_t1757431_e1803235_b14079_c20140717000324408134_noaa_ops.h5,SVI04_npp_d20140716_t1757431_e1803235_b14079_c20140717000324402868_noaa_ops.dspace_rad,VNFF_npp_d20140716_t1757431_e1803235_b14079_v21.csv,World_EEZ_v8_2014.shp,WPP_BFAR_merge.shp,KKP_IDN_merge_20161208.shp,VNF-VBD_npp_20120301-20151231_global_asia-enhanced_c201607211230.bitmask,NCEI_NGA.union.nga_lead2.add_2015ntl.mask,timezone.shp,VBD_platforms-recurring_2015_r20170330.shp,999999,VBD_bridges_c20160811.shp,22.302559;20.657581;17.812403;13.013085;8.184108;3.331987;-1.539063;0.598278;2.699680;7.587820;12.484635;17.389103,102.195274;116.899490;131.129013;129.599106;128.217987;126.965988;125.829720;112.252083;98.601341;99.606560;100.547348;101.419044,npp_d20140716_t1757431_e1803235_b14079,147.364,28.6971,45.4815,98.1013,42.5716,98.2783
1807,VBD_npp_d20140716_t1801489_x1071877E_y071219N_l2220_s1091_v23,2017-05-23 13:09:55,7.121929,107.187653,13.9251,2014-07-16 18:01:48,2014-07-17 01:01:48,2220,1091,0.240754,1,2529,0.530484,0.255113,0.845365,0.4,0.864766,0.75,0.040524,0.0001,1.12232e-11,999999,-4.983864e-02,3,Vietnamese Exclusive Economic Zone,,,SVDNB_npp_d20140716_t1757431_e1803235_b14079_c20140717000324408388_noaa_ops.h5,GDNBO_npp_d20140716_t1757431_e1803235_b14079_c20140717000324408134_noaa_ops.h5,SVI04_npp_d20140716_t1757431_e1803235_b14079_c20140717000324402868_noaa_ops.dspace_rad,VNFF_npp_d20140716_t1757431_e1803235_b14079_v21.csv,World_EEZ_v8_2014.shp,WPP_BFAR_merge.shp,KKP_IDN_merge_20161208.shp,VNF-VBD_npp_20120301-20151231_global_asia-enhanced_c201607211230.bitmask,NCEI_NGA.union.nga_lead2.add_2015ntl.mask,timezone.shp,VBD_platforms-recurring_2015_r20170330.shp,999999,VBD_bridges_c20160811.shp,22.302559;20.657581;17.812403;13.013085;8.184108;3.331987;-1.539063;0.598278;2.699680;7.587820;12.484635;17.389103,102.195274;116.899490;131.129013;129.599106;128.217987;126.965988;125.829720;112.252083;98.601341;99.606560;100.547348;101.419044,npp_d20140716_t1757431_e1803235_b14079,147.489,28.7678,45.4826,97.8637,42.5717,98.1276
1818,VBD_npp_d20140716_t1801401_x1073150E_y077028N_l2131_s1092_v23,2017-05-23 13:09:55,7.702796,107.315002,23.8614,2014-07-16 18:01:40,2014-07-17 01:01:40,2131,1092,0.403339,1,2529,0.753383,0.252748,0.937026,0.4,0.927688,0.75,0.0405597,0.0001,1.15811e-11,999999,-3.577996e-02,3,Vietnamese Exclusive Economic Zone,,,SVDNB_npp_d20140716_t1757431_e1803235_b14079_c20140717000324408388_noaa_ops.h5,GDNBO_npp_d20140716_t1757431_e1803235_b14079_c20140717000324408134_noaa_ops.h5,SVI04_npp_d20140716_t1757431_e1803235_b14079_c20140717000324402868_noaa_ops.dspace_rad,VNFF_npp_d20140716_t1757431_e1803235_b14079_v21.csv,World_EEZ_v8_2014.shp,WPP_BFAR_merge.shp,KKP_IDN_merge_20161208.shp,VNF-VBD_npp_20120301-20151231_global_asia-enhanced_c201607211230.bitmask,NCEI_NGA.union.nga_lead2.add_2015ntl.mask,timezone.shp,VBD_platforms-recurring_2015_r20170330.shp,999999,VBD_bridges_c20160811.shp,22.302559;20.657581;17.812403;13.013085;8.184108;3.331987;-1.539063;0.598278;2.699680;7.587820;12.484635;17.389103,102.195274;116.899490;131.129013;129.599106;128.217987;126.965988;125.829720;112.252083;98.601341;99.606560;100.547348;101.419044,npp_d20140716_t1757431_e1803235_b14079,146.936,28.4695,45.4469,98.3693,42.5674,98.7954
1819,VBD_npp_d20140716_t1801401_x1073120E_y076824N_l2134_s1092_v23,2017-05-23 13:09:55,7.682419,107.312019,10.8802,2014-07-16 18:01:40,2014-07-17 01:01:40,2134,1092,0.369198,1,2529,0.382475,0.265193,0.937026,0.4,0.82934,0.75,0.0405588,0.0001,1.15856e-11,999999,-1.097597e-01,3,Vietnamese Exclusive Economic Zone,,,SVDNB_npp_d20140716_t1757431_e1803235_b14079_c20140717000324408388_noaa_ops.h5,GDNBO_npp_d20140716_t1757431_e1803235_b14079_c20140717000324408134_noaa_ops.h5,SVI04_npp_d20140716_t1757431_e1803235_b14079_c20140717000324402868_noaa_ops.dspace_rad,VNFF_npp_d20140716_t1757431_e1803235_b14079_v21.csv,World_EEZ_v8_2014.shp,WPP_BFAR_merge.shp,KKP_IDN_merge_20161208.shp,VNF-VBD_npp_20120301-20151231_global_asia-enhanced_c201607211230.bitmask,NCEI_NGA.union.nga_lead2.add_2015ntl.mask,timezone.shp,VBD_platforms-recurring_2015_r20170330.shp,999999,VBD_bridges_c20160811.shp,22.302559;20.657581;17.812403;13.013085;8.184108;3.331987;-1.539063;0.598278;2.699680;7.587820;12.484635;17.389103,102.195274;116.899490;131.129013;129.599106;128.217987;126.965988;125.829720;112.252083;98.601341;99.606560;100.547348;101.419044,npp_d20140716_t1757431_e1803235_b14079,146.955,28.48,45.4469,98.185,42.5672,98.772
1820,VBD_npp_d20140716_t1801401_x1073070E_y076485N_l2139_s1092_v23,2017-05-23 13:09:55,7.648459,107.307030,26.6397,2014-07-16 18:01:40,2014-07-17 01:01:40,2139,1092,0.415713,1,2529,0.760772,0.2333,0.924183,0.4,0.938317,0.75,0.0405572,0.0001,1.15879e-11,999999,7.982582e-02,3,Vietnamese Exclusive Economic Zone,,,SVDNB_npp_d20140716_t1757431_e1803235_b14079_c20140717000324408388_noaa_ops.h5,GDNBO_npp_d20140716_t1757431_e1803235_b14079_c20140717000324408134_noaa_ops.h5,SVI04_npp_d20140716_t1757431_e1803235_b14079_c20140717000324402868_noaa_ops.dspace_rad,VNFF_npp_d20140716_t1757431_e1803235_b14079_v21.csv,World_EEZ_v8_2014.shp,WPP_BFAR_merge.shp,KKP_IDN_merge_20161208.shp,VNF-VBD_npp_20120301-20151231_global_asia-enhanced_c201607211230.bitmask,NCEI_NGA.union.nga_lead2.add_2015ntl.mask,timezone.shp,VBD_platforms-recurring_2015_r20170330.shp,999999,VBD_bridges_c20160811.shp,22.302559;20.657581;17.812403;13.013085;8.184108;3.331987;-1.539063;0.598278;2.699680;7.587820;12.484635;17.389103,102.195274;116.899490;131.129013;129.599106;128.217987;126.965988;125.829720;112.252083;98.601341;99.606560;100.547348;101.419044,npp_d20140716_t1757431_e1803235_b14079,146.987,28.4976,45.4478,97.8778,42.5669,98.7331
1821,VBD_npp_d20140716_t1801472_x1072228E_y072660N_l2198_s1092_v23,2017-05-23 13:09:55,7.266034,107.222839,21.9259,2014-07-16 18:01:47,2014-07-17 01:01:47,2198,1092,0.343785,1,2529,0.731634,0.245515,0.931338,0.4,0.927887,0.75,0.0405378,0.0001,1.15981e-11,999999,7.217346e-03,3,Vietnamese Exclusive Economic Zone,,,SVDNB_npp_d20140716_t1757431_e1803235_b14079_c20140717000324408388_noaa_ops.h5,GDNBO_npp_d20140716_t1757431_e1803235_b14079_c20140717000324408134_noaa_ops.h5,SVI04_npp_d20140716_t1757431_e1803235_b14079_c20140717000324402868_noaa_ops.dspace_rad,VNFF_npp_d20140716_t1757431_e1803235_b14079_v21.csv,World_EEZ_v8_2014.shp,WPP_BFAR_merge.shp,KKP_IDN_merge_20161208.shp,VNF-VBD_npp_20120301-20151231_global_asia-enhanced_c201607211230.bitmask,NCEI_NGA.union.nga_lead2.add_2015ntl.mask,timezone.shp,VBD_platforms-recurring_2015_r20170330.shp,999999,VBD_bridges_c20160811.shp,22.302559;20.657581;17.812403;13.013085;8.184108;3.331987;-1.539063;0.598278;2.699680;7.587820;12.484635;17.389103,102.195274;116.899490;131.129013;129.599106;128.217987;126.965988;125.829720;112.252083;98.601341;99.606560;100.547348;101.419044,npp_d20140716_t1757431_e1803235_b14079,147.349,28.7006,45.4473,98.2249,42.5647,98.2947
1830,VBD_npp_d20140716_t1801383_x1073432E_y077573N_l2122_s1094_v23,2017-05-23 13:09:55,7.757321,107.343193,17.4517,2014-07-16 18:01:38,2014-07-17 01:01:38,2122,1094,0.414222,1,2529,0.675495,0.258161,0.917929,0.4,0.934099,0.75,0.0405735,0.0001,1.23047e-11,999999,-6.795627e-02,3,Vietnamese Exclusive Economic Zone,,,SVDNB_npp_d20140716_t1757431_e1803235_b14079_c20140717000324408388_noaa_ops.h5,GDNBO_npp_d20140716_t1757431_e1803235_b14079_c20140717000324408134_noaa_ops.h5,SVI04_npp_d20140716_t1757431_e1803235_b14079_c20140717000324402868_noaa_ops.dspace_rad,VNFF_npp_d20140716_t1757431_e1803235_b14079_v21.csv,World_EEZ_v8_2014.shp,WPP_BFAR_merge.shp,KKP_IDN_merge_20161208.shp,VNF-VBD_npp_20120301-20151231_global_asia-enhanced_c201607211230.bitmask,NCEI_NGA.union.nga_lead2.add_2015ntl.mask,timezone.shp,VBD_platforms-recurring_2015_r20170330.shp,999999,VBD_bridges_c20160811.shp,22.302559;20.657581;17.812403;13.013085;8.184108;3.331987;-1.539063;0.598278;2.699680;7.587820;12.484635;17.389103,102.195274;116.899490;131.129013;129.599106;128.217987;126.965988;125.829720;112.252083;98.601341;99.606560;100.547348;101.419044,npp_d20140716_t1757431_e1803235_b14079,146.878,28.4602,45.3827,97.9291,42.555,98.862
1831,VBD_npp_d20140716_t1801401_x1073216E_y076533N_l2138_s1094_v23,2017-05-23 13:09:55,7.653327,107.321594,12.0634,2014-07-16 18:01:40,2014-07-17 01:01:40,2138,1094,0.41378,1,2529,0.529892,0.242891,0.937228,0.4,0.835455,0.75,0.0405686,0.0001,1.23473e-11,999999,2.281242e-02,3,Vietnamese Exclusive Economic Zone,,,SVDNB_npp_d20140716_t1757431_e1803235_b14079_c20140717000324408388_noaa_ops.h5,GDNBO_npp_d20140716_t1757431_e1803235_b14079_c20140717000324408134_noaa_ops.h5,SVI04_npp_d20140716_t1757431_e1803235_b14079_c20140717000324402868_noaa_ops.dspace_rad,VNFF_npp_d20140716_t1757431_e1803235_b14079_v21.csv,World_EEZ_v8_2014.shp,WPP_BFAR_merge.shp,KKP_IDN_merge_20161208.shp,VNF-VBD_npp_20120301-20151231_global_asia-enhanced_c201607211230.bitmask,NCEI_NGA.union.nga_lead2.add_2015ntl.mask,timezone.shp,VBD_platforms-recurring_2015_r20170330.shp,999999,VBD_bridges_c20160811.shp,22.302559;20.657581;17.812403;13.013085;8.184108;3.331987;-1.539063;0.598278;2.699680;7.587820;12.484635;17.389103,102.195274;116.899490;131.129013;129.599106;128.217987;126.965988;125.829720;112.252083;98.601341;99.606560;100.547348;101.419044,npp_d20140716_t1757431_e1803235_b14079,146.976,28.5155,45.3796,97.9409,42.5532,98.7429
1832,VBD_npp_d20140716_t1801401_x1073166E_y076194N_l2143_s1094_v23,2017-05-23 13:09:55,7.619402,107.316589,14.4838,2014-07-16 18:01:40,2014-07-17 01:01:40,2143,1094,0.416708,1,2529,0.612828,0.238359,0.901612,0.4,0.913928,0.75,0.040567,0.0001,1.23441e-11,999999,4.975267e-02,3,Vietnamese Exclusive Economic Zone,,,SVDNB_npp_d20140716_t1757431_e1803235_b14079_c20140717000324408388_noaa_ops.h5,GDNBO_npp_d20140716_t1757431_e1803235_b14079_c20140717000324408134_noaa_ops.h5,SVI04_npp_d20140716_t1757431_e1803235_b14079_c20140717000324402868_noaa_ops.dspace_rad,VNFF_npp_d20140716_t1757431_e1803235_b14079_v21.csv,World_EEZ_v8_2014.shp,WPP_BFAR_merge.shp,KKP_IDN_merge_20161208.shp,VNF-VBD_npp_20120301-20151231_global_asia-enhanced_c201607211230.bitmask,NCEI_NGA.union.nga_lead2.add_2015ntl.mask,timezone.shp,VBD_platforms-recurring_2015_r20170330.shp,999999,VBD_bridges_c20160811.shp,22.302559;20.657581;17.812403;13.013085;8.184108;3.331987;-1.539063;0.598278;2.699680;7.587820;12.484635;17.389103,102.195274;116.899490;131.129013;129.599106;128.217987;126.965988;125.829720;112.252083;98.601341;99.606560;100.547348;101.419044,npp_d20140716_t1757431_e1803235_b14079,147.008,28.5331,45.3813,97.6334,42.553,98.7039
1833,VBD_npp_d20140716_t1801436_x1072805E_y074723N_l2166_s1094_v23,2017-05-23 13:09:55,7.472338,107.280487,12.2948,2014-07-16 18:01:43,2014-07-17 01:01:43,2166,1094,0.418144,1,2529,0.543603,0.259363,0.917164,0.4,0.776384,0.75,0.0405599,0.0001,1.23249e-11,999999,-7.510552e-02,3,Vietnamese Exclusive Economic Zone,,,SVDNB_npp_d20140716_t1757431_e1803235_b14079_c20140717000324408388_noaa_ops.h5,GDNBO_npp_d20140716_t1757431_e1803235_b14079_c20140717000324408134_noaa_ops.h5,SVI04_npp_d20140716_t1757431_e1803235_b14079_c20140717000324402868_noaa_ops.dspace_rad,VNFF_npp_d20140716_t1757431_e1803235_b14079_v21.csv,World_EEZ_v8_2014.shp,WPP_BFAR_merge.shp,KKP_IDN_merge_20161208.shp,VNF-VBD_npp_20120301-20151231_global_asia-enhanced_c201607211230.bitmask,NCEI_NGA.union.nga_lead2.add_2015ntl.mask,timezone.shp,VBD_platforms-recurring_2015_r20170330.shp,999999,VBD_bridges_c20160811.shp,22.302559;20.657581;17.812403;13.013085;8.184108;3.331987;-1.539063;0.598278;2.699680;7.587820;12.484635;17.389103,102.195274;116.899490;131.129013;129.599106;128.217987;126.965988;125.829720;112.252083;98.601341;99.606560;100.547348;101.419044,npp_d20140716_t1757431_e1803235_b14079,147.148,28.6103,45.3818,98.2066,42.5523,98.5351
1834,VBD_npp_d20140716_t1801454_x1072561E_y073545N_l2184_s1094_v23,2017-05-23 13:09:55,7.354504,107.256073,8.77317,2014-07-16 18:01:45,2014-07-17 01:01:45,2184,1094,0.310694,1,2529,0.448759,0.274939,0.887414,0.4,0.871836,0.75,0.0405542,0.0001,1.23209e-11,999999,-1.676958e-01,3,Vietnamese Exclusive Economic Zone,,,SVDNB_npp_d20140716_t1757431_e1803235_b14079_c20140717000324408388_noaa_ops.h5,GDNBO_npp_d20140716_t1757431_e1803235_b14079_c20140717000324408134_noaa_ops.h5,SVI04_npp_d20140716_t1757431_e1803235_b14079_c20140717000324402868_noaa_ops.dspace_rad,VNFF_npp_d20140716_t1757431_e1803235_b14079_v21.csv,World_EEZ_v8_2014.shp,WPP_BFAR_merge.shp,KKP_IDN_merge_20161208.shp,VNF-VBD_npp_20120301-20151231_global_asia-enhanced_c201607211230.bitmask,NCEI_NGA.union.nga_lead2.add_2015ntl.mask,timezone.shp,VBD_platforms-recurring_2015_r20170330.shp,999999,VBD_bridges_c20160811.shp,22.302559;20.657581;17.812403;13.013085;8.184108;3.331987;-1.539063;0.598278;2.699680;7.587820;12.484635;17.389103,102.195274;116.899490;131.129013;129.599106;128.217987;126.965988;125.829720;112.252083;98.601341;99.606560;100.547348;101.419044,npp_d20140716_t1757431_e1803235_b14079,147.259,28.6728,45.3826,98.092,42.5518,98.3999
1836,VBD_npp_d20140716_t1801401_x1073363E_y077066N_l2130_s1095_v23,2017-05-23 13:09:55,7.706625,107.336319,28.3502,2014-07-16 18:01:40,2014-07-17 01:01:40,2130,1095,0.397925,1,2529,0.78872,0.242097,0.939313,0.4,0.855769,0.75,0.0405766,0.0001,1.27344e-11,999999,2.753523e-02,3,Vietnamese Exclusive Economic Zone,,,SVDNB_npp_d20140716_t1757431_e1803235_b14079_c20140717000324408388_noaa_ops.h5,GDNBO_npp_d20140716_t1757431_e1803235_b14079_c20140717000324408134_noaa_ops.h5,SVI04_npp_d20140716_t1757431_e1803235_b14079_c20140717000324402868_noaa_ops.dspace_rad,VNFF_npp_d20140716_t1757431_e1803235_b14079_v21.csv,World_EEZ_v8_2014.shp,WPP_BFAR_merge.shp,KKP_IDN_merge_20161208.shp,VNF-VBD_npp_20120301-20151231_global_asia-enhanced_c201607211230.bitmask,NCEI_NGA.union.nga_lead2.add_2015ntl.mask,timezone.shp,VBD_platforms-recurring_2015_r20170330.shp,999999,VBD_bridges_c20160811.shp,22.302559;20.657581;17.812403;13.013085;8.184108;3.331987;-1.539063;0.598278;2.699680;7.587820;12.484635;17.389103,102.195274;116.899490;131.129013;129.599106;128.217987;126.965988;125.829720;112.252083;98.601341;99.606560;100.547348;101.419044,npp_d20140716_t1757431_e1803235_b14079,146.922,28.4981,45.3451,98.434,42.5469,98.806
1837,VBD_npp_d20140716_t1801401_x1073264E_y076388N_l2140_s1095_v23,2017-05-23 13:09:55,7.638803,107.326363,31.7146,2014-07-16 18:01:40,2014-07-17 01:01:40,2140,1095,0.417481,1,2529,0.902918,0.239343,0.92125,0.4,0.960416,0.75,0.0405735,0.0001,1.27438e-11,999999,4.390448e-02,3,Vietnamese Exclusive Economic Zone,,,SVDNB_npp_d20140716_t1757431_e1803235_b14079_c20140717000324408388_noaa_ops.h5,GDNBO_npp_d20140716_t1757431_e1803235_b14079_c20140717000324408134_noaa_ops.h5,SVI04_npp_d20140716_t1757431_e1803235_b14079_c20140717000324402868_noaa_ops.dspace_rad,VNFF_npp_d20140716_t1757431_e1803235_b14079_v21.csv,World_EEZ_v8_2014.shp,WPP_BFAR_merge.shp,KKP_IDN_merge_20161208.shp,VNF-VBD_npp_20120301-20151231_global_asia-enhanced_c201607211230.bitmask,NCEI_NGA.union.nga_lead2.add_2015ntl.mask,timezone.shp,VBD_platforms-recurring_2015_r20170330.shp,999999,VBD_bridges_c20160811.shp,22.302559;20.657581;17.812403;13.013085;8.184108;3.331987;-1.539063;0.598278;2.699680;7.587820;12.484635;17.389103,102.195274;116.899490;131.129013;129.599106;128.217987;126.965988;125.829720;112.252083;98.601341;99.606560;100.547348;101.419044,npp_d20140716_t1757431_e1803235_b14079,146.987,28.5332,45.3462,97.8186,42.5463,98.7283
1844,VBD_npp_d20140716_t1801365_x1073860E_y079073N_l2099_s1096_v23,2017-05-23 13:09:55,7.907250,107.386032,18.0869,2014-07-16 18:01:36,2014-07-17 01:01:36,2099,1096,0.3845,1,2529,0.647648,0.277449,0.908862,0.4,0.91437,0.75,0.0405916,0.0001,1.3089e-11,999999,-1.826142e-01,3,Vietnamese Exclusive Economic Zone,,,SVDNB_npp_d20140716_t1757431_e1803235_b14079_c20140717000324408388_noaa_ops.h5,GDNBO_npp_d20140716_t1757431_e1803235_b14079_c20140717000324408134_noaa_ops.h5,SVI04_npp_d20140716_t1757431_e1803235_b14079_c20140717000324402868_noaa_ops.dspace_rad,VNFF_npp_d20140716_t1757431_e1803235_b14079_v21.csv,World_EEZ_v8_2014.shp,WPP_BFAR_merge.shp,KKP_IDN_merge_20161208.shp,VNF-VBD_npp_20120301-20151231_global_asia-enhanced_c201607211230.bitmask,NCEI_NGA.union.nga_lead2.add_2015ntl.mask,timezone.shp,VBD_platforms-recurring_2015_r20170330.shp,999999,VBD_bridges_c20160811.shp,22.302559;20.657581;17.812403;13.013085;8.184108;3.331987;-1.539063;0.598278;2.699680;7.587820;12.484635;17.389103,102.195274;116.899490;131.129013;129.599106;128.217987;126.965988;125.829720;112.252083;98.601341;99.606560;100.547348;101.419044,npp_d20140716_t1757431_e1803235_b14079,146.73,28.4031,45.3138,98.3545,42.5433,99.0383
1845,VBD_npp_d20140716_t1801454_x1072666E_y073322N_l2187_s1096_v23,2017-05-23 13:09:55,7.332226,107.266602,8.30086,2014-07-16 18:01:45,2014-07-17 01:01:45,2187,1096,0.367098,2,2465,0.40988,0.250079,0.919929,0.4,0.626232,0.75,0.0405641,0.0001,1.31219e-11,999999,-1.991271e-02,3,Vietnamese Exclusive Economic Zone,,,SVDNB_npp_d20140716_t1757431_e1803235_b14079_c20140717000324408388_noaa_ops.h5,GDNBO_npp_d20140716_t1757431_e1803235_b14079_c20140717000324408134_noaa_ops.h5,SVI04_npp_d20140716_t1757431_e1803235_b14079_c20140717000324402868_noaa_ops.dspace_rad,VNFF_npp_d20140716_t1757431_e1803235_b14079_v21.csv,World_EEZ_v8_2014.shp,WPP_BFAR_merge.shp,KKP_IDN_merge_20161208.shp,VNF-VBD_npp_20120301-20151231_global_asia-enhanced_c201607211230.bitmask,NCEI_NGA.union.nga_lead2.add_2015ntl.mask,timezone.shp,VBD_platforms-recurring_2015_r20170330.shp,999999,VBD_bridges_c20160811.shp,22.302559;20.657581;17.812403;13.013085;8.184108;3.331987;-1.539063;0.598278;2.699680;7.587820;12.484635;17.389103,102.195274;116.899490;131.129013;129.599106;128.217987;126.965988;125.829720;112.252083;98.601341;99.606560;100.547348;101.419044,npp_d20140716_t1757431_e1803235_b14079,147.274,28.705,45.3153,97.909,42.5381,98.3784
1846,VBD_npp_d20140716_t1801472_x1072539E_y072892N_l2194_s1096_v23,2017-05-23 13:09:55,7.289233,107.253883,14.7451,2014-07-16 18:01:47,2014-07-17 01:01:47,2194,1096,0.360911,1,2529,0.58768,0.25166,0.929898,0.4,0.90105,0.75,0.0405614,0.0001,1.31645e-11,999999,-2.931106e-02,3,Vietnamese Exclusive Economic Zone,,,SVDNB_npp_d20140716_t1757431_e1803235_b14079_c20140717000324408388_noaa_ops.h5,GDNBO_npp_d20140716_t1757431_e1803235_b14079_c20140717000324408134_noaa_ops.h5,SVI04_npp_d20140716_t1757431_e1803235_b14079_c20140717000324402868_noaa_ops.dspace_rad,VNFF_npp_d20140716_t1757431_e1803235_b14079_v21.csv,World_EEZ_v8_2014.shp,WPP_BFAR_merge.shp,KKP_IDN_merge_20161208.shp,VNF-VBD_npp_20120301-20151231_global_asia-enhanced_c201607211230.bitmask,NCEI_NGA.union.nga_lead2.add_2015ntl.mask,timezone.shp,VBD_platforms-recurring_2015_r20170330.shp,999999,VBD_bridges_c20160811.shp,22.302559;20.657581;17.812403;13.013085;8.184108;3.331987;-1.539063;0.598278;2.699680;7.587820;12.484635;17.389103,102.195274;116.899490;131.129013;129.599106;128.217987;126.965988;125.829720;112.252083;98.601341;99.606560;100.547348;101.419044,npp_d20140716_t1757431_e1803235_b14079,147.314,28.7293,45.3115,98.4748,42.5373,98.3292
1847,VBD_npp_d20140716_t1801472_x1072449E_y072282N_l2203_s1096_v23,2017-05-23 13:09:55,7.228225,107.244896,9.62248,2014-07-16 18:01:47,2014-07-17 01:01:47,2203,1096,0.295336,1,2529,0.408026,0.243601,0.905405,0.4,0.825597,0.75,0.040558,0.0001,1.31576e-11,999999,1.859283e-02,3,Vietnamese Exclusive Economic Zone,,,SVDNB_npp_d20140716_t1757431_e1803235_b14079_c20140717000324408388_noaa_ops.h5,GDNBO_npp_d20140716_t1757431_e1803235_b14079_c20140717000324408134_noaa_ops.h5,SVI04_npp_d20140716_t1757431_e1803235_b14079_c20140717000324402868_noaa_ops.dspace_rad,VNFF_npp_d20140716_t1757431_e1803235_b14079_v21.csv,World_EEZ_v8_2014.shp,WPP_BFAR_merge.shp,KKP_IDN_merge_20161208.shp,VNF-VBD_npp_20120301-20151231_global_asia-enhanced_c201607211230.bitmask,NCEI_NGA.union.nga_lead2.add_2015ntl.mask,timezone.shp,VBD_platforms-recurring_2015_r20170330.shp,999999,VBD_bridges_c20160811.shp,22.302559;20.657581;17.812403;13.013085;8.184108;3.331987;-1.539063;0.598278;2.699680;7.587820;12.484635;17.389103,102.195274;116.899490;131.129013;129.599106;128.217987;126.965988;125.829720;112.252083;98.601341;99.606560;100.547348;101.419044,npp_d20140716_t1757431_e1803235_b14079,147.372,28.7618,45.3124,97.9207,42.5373,98.2592
1848,VBD_npp_d20140716_t1801489_x1072235E_y071307N_l2218_s1096_v23,2017-05-23 13:09:55,7.130680,107.223511,7.06821,2014-07-16 18:01:48,2014-07-17 01:01:48,2218,1096,0.282795,2,2209,0.302355,0.223409,0.812233,0.4,0.739833,0.75,0.0405524,0.0001,1.31566e-11,999999,1.386251e-01,3,Vietnamese Exclusive Economic Zone,,,SVDNB_npp_d20140716_t1757431_e1803235_b14079_c20140717000324408388_noaa_ops.h5,GDNBO_npp_d20140716_t1757431_e1803235_b14079_c20140717000324408134_noaa_ops.h5,SVI04_npp_d20140716_t1757431_e1803235_b14079_c20140717000324402868_noaa_ops.dspace_rad,VNFF_npp_d20140716_t1757431_e1803235_b14079_v21.csv,World_EEZ_v8_2014.shp,WPP_BFAR_merge.shp,KKP_IDN_merge_20161208.shp,VNF-VBD_npp_20120301-20151231_global_asia-enhanced_c201607211230.bitmask,NCEI_NGA.union.nga_lead2.add_2015ntl.mask,timezone.shp,VBD_platforms-recurring_2015_r20170330.shp,999999,VBD_bridges_c20160811.shp,22.302559;20.657581;17.812403;13.013085;8.184108;3.331987;-1.539063;0.598278;2.699680;7.587820;12.484635;17.389103,102.195274;116.899490;131.129013;129.599106;128.217987;126.965988;125.829720;112.252083;98.601341;99.606560;100.547348;101.419044,npp_d20140716_t1757431_e1803235_b14079,147.464,28.8145,45.3123,97.9902,42.5373,98.1474
1849,VBD_npp_d20140716_t1801507_x1072097E_y070809N_l2226_s1096_v23,2017-05-23 13:09:55,7.080949,107.209679,12.0716,2014-07-16 18:01:50,2014-07-17 01:01:50,2226,1096,0.235838,1,2529,0.468885,0.228551,0.820827,0.4,0.835291,0.75,0.0405493,0.0001,1.31956e-11,999999,1.080561e-01,3,Vietnamese Exclusive Economic Zone,WPP711,,SVDNB_npp_d20140716_t1757431_e1803235_b14079_c20140717000324408388_noaa_ops.h5,GDNBO_npp_d20140716_t1757431_e1803235_b14079_c20140717000324408134_noaa_ops.h5,SVI04_npp_d20140716_t1757431_e1803235_b14079_c20140717000324402868_noaa_ops.dspace_rad,VNFF_npp_d20140716_t1757431_e1803235_b14079_v21.csv,World_EEZ_v8_2014.shp,WPP_BFAR_merge.shp,KKP_IDN_merge_20161208.shp,VNF-VBD_npp_20120301-20151231_global_asia-enhanced_c201607211230.bitmask,NCEI_NGA.union.nga_lead2.add_2015ntl.mask,timezone.shp,VBD_platforms-recurring_2015_r20170330.shp,999999,VBD_bridges_c20160811.shp,22.302559;20.657581;17.812403;13.013085;8.184108;3.331987;-1.539063;0.598278;2.699680;7.587820;12.484635;17.389103,102.195274;116.899490;131.129013;129.599106;128.217987;126.965988;125.829720;112.252083;98.601341;99.606560;100.547348;101.419044,npp_d20140716_t1757431_e1803235_b14079,147.511,28.8426,45.3092,98.4947,42.5368,98.0904
1854,VBD_npp_d20140716_t1801383_x1073625E_y077477N_l2123_s1097_v23,2017-05-23 13:09:55,7.747668,107.362495,45.7047,2014-07-16 18:01:38,2014-07-17 01:01:38,2123,1097,0.408697,1,2529,1.0342,0.244801,0.936781,0.4,0.972078,0.75,0.0405897,0.0001,1.3529e-11,999999,1.146014e-02,3,Vietnamese Exclusive Economic Zone,,,SVDNB_npp_d20140716_t1757431_e1803235_b14079_c20140717000324408388_noaa_ops.h5,GDNBO_npp_d20140716_t1757431_e1803235_b14079_c20140717000324408134_noaa_ops.h5,SVI04_npp_d20140716_t1757431_e1803235_b14079_c20140717000324402868_noaa_ops.dspace_rad,VNFF_npp_d20140716_t1757431_e1803235_b14079_v21.csv,World_EEZ_v8_2014.shp,WPP_BFAR_merge.shp,KKP_IDN_merge_20161208.shp,VNF-VBD_npp_20120301-20151231_global_asia-enhanced_c201607211230.bitmask,NCEI_NGA.union.nga_lead2.add_2015ntl.mask,timezone.shp,VBD_platforms-recurring_2015_r20170330.shp,999999,VBD_bridges_c20160811.shp,22.302559;20.657581;17.812403;13.013085;8.184108;3.331987;-1.539063;0.598278;2.699680;7.587820;12.484635;17.389103,102.195274;116.899490;131.129013;129.599106;128.217987;126.965988;125.829720;112.252083;98.601341;99.606560;100.547348;101.419044,npp_d20140716_t1757431_e1803235_b14079,146.878,28.4956,45.2811,97.8699,42.5344,98.8572
1855,VBD_npp_d20140716_t1801383_x1073595E_y077273N_l2126_s1097_v23,2017-05-23 13:09:55,7.727341,107.359497,13.2646,2014-07-16 18:01:38,2014-07-17 01:01:38,2126,1097,0.414167,1,2529,0.574948,0.238432,0.936781,0.4,0.914527,0.75,0.0405888,0.0001,1.35283e-11,999999,4.931924e-02,3,Vietnamese Exclusive Economic Zone,,,SVDNB_npp_d20140716_t1757431_e1803235_b14079_c20140717000324408388_noaa_ops.h5,GDNBO_npp_d20140716_t1757431_e1803235_b14079_c20140717000324408134_noaa_ops.h5,SVI04_npp_d20140716_t1757431_e1803235_b14079_c20140717000324402868_noaa_ops.dspace_rad,VNFF_npp_d20140716_t1757431_e1803235_b14079_v21.csv,World_EEZ_v8_2014.shp,WPP_BFAR_merge.shp,KKP_IDN_merge_20161208.shp,VNF-VBD_npp_20120301-20151231_global_asia-enhanced_c201607211230.bitmask,NCEI_NGA.union.nga_lead2.add_2015ntl.mask,timezone.shp,VBD_platforms-recurring_2015_r20170330.shp,999999,VBD_bridges_c20160811.shp,22.302559;20.657581;17.812403;13.013085;8.184108;3.331987;-1.539063;0.598278;2.699680;7.587820;12.484635;17.389103,102.195274;116.899490;131.129013;129.599106;128.217987;126.965988;125.829720;112.252083;98.601341;99.606560;100.547348;101.419044,npp_d20140716_t1757431_e1803235_b14079,146.897,28.5061,45.2822,97.685,42.5342,98.8339
1856,VBD_npp_d20140716_t1801401_x1073469E_y076843N_l2133_s1097_v23,2017-05-23 13:09:55,7.684326,107.346855,26.3038,2014-07-16 18:01:40,2014-07-17 01:01:40,2133,1097,0.400466,1,2529,0.758073,0.276714,0.940113,0.4,0.930176,0.75,0.0405867,0.0001,1.35702e-11,999999,-1.782432e-01,3,Vietnamese Exclusive Economic Zone,,,SVDNB_npp_d20140716_t1757431_e1803235_b14079_c20140717000324408388_noaa_ops.h5,GDNBO_npp_d20140716_t1757431_e1803235_b14079_c20140717000324408134_noaa_ops.h5,SVI04_npp_d20140716_t1757431_e1803235_b14079_c20140717000324402868_noaa_ops.dspace_rad,VNFF_npp_d20140716_t1757431_e1803235_b14079_v21.csv,World_EEZ_v8_2014.shp,WPP_BFAR_merge.shp,KKP_IDN_merge_20161208.shp,VNF-VBD_npp_20120301-20151231_global_asia-enhanced_c201607211230.bitmask,NCEI_NGA.union.nga_lead2.add_2015ntl.mask,timezone.shp,VBD_platforms-recurring_2015_r20170330.shp,999999,VBD_bridges_c20160811.shp,22.302559;20.657581;17.812403;13.013085;8.184108;3.331987;-1.539063;0.598278;2.699680;7.587820;12.484635;17.389103,102.195274;116.899490;131.129013;129.599106;128.217987;126.965988;125.829720;112.252083;98.601341;99.606560;100.547348;101.419044,npp_d20140716_t1757431_e1803235_b14079,146.937,28.5299,45.2771,98.2513,42.533,98.7847
1857,VBD_npp_d20140716_t1801418_x1073266E_y075935N_l2147_s1097_v23,2017-05-23 13:09:55,7.593477,107.326622,11.8963,2014-07-16 18:01:41,2014-07-17 01:01:41,2147,1097,0.259537,7,2209,0.27477,0.269721,0.850728,0.4,0.72035,0.75,0.0405823,0.0001,1.3581e-11,999999,-1.366787e-01,3,,,,SVDNB_npp_d20140716_t1757431_e1803235_b14079_c20140717000324408388_noaa_ops.h5,GDNBO_npp_d20140716_t1757431_e1803235_b14079_c20140717000324408134_noaa_ops.h5,SVI04_npp_d20140716_t1757431_e1803235_b14079_c20140717000324402868_noaa_ops.dspace_rad,VNFF_npp_d20140716_t1757431_e1803235_b14079_v21.csv,World_EEZ_v8_2014.shp,WPP_BFAR_merge.shp,KKP_IDN_merge_20161208.shp,VNF-VBD_npp_20120301-20151231_global_asia-enhanced_c201607211230.bitmask,NCEI_NGA.union.nga_lead2.add_2015ntl.mask,timezone.shp,VBD_platforms-recurring_2015_r20170330.shp,999999,VBD_bridges_c20160811.shp,22.302559;20.657581;17.812403;13.013085;8.184108;3.331987;-1.539063;0.598278;2.699680;7.587820;12.484635;17.389103,102.195274;116.899490;131.129013;129.599106;128.217987;126.965988;125.829720;112.252083;98.601341;99.606560;100.547348;101.419044,npp_d20140716_t1757431_e1803235_b14079,147.023,28.5779,45.2767,98.3819,42.5319,98.6804
1858,VBD_npp_d20140716_t1801454_x1072683E_y072974N_l2192_s1097_v23,2017-05-23 13:09:55,7.297390,107.268333,9.22722,2014-07-16 18:01:45,2014-07-17 01:01:45,2192,1097,0.325831,1,2529,0.42599,0.247499,0.929898,0.4,0.834747,0.75,0.0405677,0.0001,1.35301e-11,999999,-4.576558e-03,3,Vietnamese Exclusive Economic Zone,,,SVDNB_npp_d20140716_t1757431_e1803235_b14079_c20140717000324408388_noaa_ops.h5,GDNBO_npp_d20140716_t1757431_e1803235_b14079_c20140717000324408134_noaa_ops.h5,SVI04_npp_d20140716_t1757431_e1803235_b14079_c20140717000324402868_noaa_ops.dspace_rad,VNFF_npp_d20140716_t1757431_e1803235_b14079_v21.csv,World_EEZ_v8_2014.shp,WPP_BFAR_merge.shp,KKP_IDN_merge_20161208.shp,VNF-VBD_npp_20120301-20151231_global_asia-enhanced_c201607211230.bitmask,NCEI_NGA.union.nga_lead2.add_2015ntl.mask,timezone.shp,VBD_platforms-recurring_2015_r20170330.shp,999999,VBD_bridges_c20160811.shp,22.302559;20.657581;17.812403;13.013085;8.184108;3.331987;-1.539063;0.598278;2.699680;7.587820;12.484635;17.389103,102.195274;116.899490;131.129013;129.599106;128.217987;126.965988;125.829720;112.252083;98.601341;99.606560;100.547348;101.419044,npp_d20140716_t1757431_e1803235_b14079,147.303,28.7336,45.2833,97.6017,42.5312,98.3404
1859,VBD_npp_d20140716_t1801489_x1072333E_y071500N_l2215_s1097_v23,2017-05-23 13:09:55,7.150040,107.233261,7.39286,2014-07-16 18:01:48,2014-07-17 01:01:48,2215,1097,0.28959,1,2529,0.3185,0.232501,0.812233,0.4,0.76805,0.75,0.040559,0.0001,1.35839e-11,999999,8.457660e-02,3,Vietnamese Exclusive Economic Zone,,,SVDNB_npp_d20140716_t1757431_e1803235_b14079_c20140717000324408388_noaa_ops.h5,GDNBO_npp_d20140716_t1757431_e1803235_b14079_c20140717000324408134_noaa_ops.h5,SVI04_npp_d20140716_t1757431_e1803235_b14079_c20140717000324402868_noaa_ops.dspace_rad,VNFF_npp_d20140716_t1757431_e1803235_b14079_v21.csv,World_EEZ_v8_2014.shp,WPP_BFAR_merge.shp,KKP_IDN_merge_20161208.shp,VNF-VBD_npp_20120301-20151231_global_asia-enhanced_c201607211230.bitmask,NCEI_NGA.union.nga_lead2.add_2015ntl.mask,timezone.shp,VBD_platforms-recurring_2015_r20170330.shp,999999,VBD_bridges_c20160811.shp,22.302559;20.657581;17.812403;13.013085;8.184108;3.331987;-1.539063;0.598278;2.699680;7.587820;12.484635;17.389103,102.195274;116.899490;131.129013;129.599106;128.217987;126.965988;125.829720;112.252083;98.601341;99.606560;100.547348;101.419044,npp_d20140716_t1757431_e1803235_b14079,147.442,28.8144,45.2778,98.1757,42.5304,98.1715
1860,VBD_npp_d20140716_t1802352_x1066414E_y044101N_l2636_s1097_v23,2017-05-23 13:09:55,4.410056,106.641403,83.4841,2014-07-16 18:02:35,2014-07-17 01:02:35,2636,1097,0.46361,4,51685,1.25231,0.18146,0.864174,0.4,0.97738,0.75,0.0405177,0.0001,1.28515e-11,999999,3.879880e-01,3,Indonesian Exclusive Economic Zone,WPP711,,SVDNB_npp_d20140716_t1757431_e1803235_b14079_c20140717000324408388_noaa_ops.h5,GDNBO_npp_d20140716_t1757431_e1803235_b14079_c20140717000324408134_noaa_ops.h5,SVI04_npp_d20140716_t1757431_e1803235_b14079_c20140717000324402868_noaa_ops.dspace_rad,VNFF_npp_d20140716_t1757431_e1803235_b14079_v21.csv,World_EEZ_v8_2014.shp,WPP_BFAR_merge.shp,KKP_IDN_merge_20161208.shp,VNF-VBD_npp_20120301-20151231_global_asia-enhanced_c201607211230.bitmask,NCEI_NGA.union.nga_lead2.add_2015ntl.mask,timezone.shp,VBD_platforms-recurring_2015_r20170330.shp,0.273278,VBD_bridges_c20160811.shp,22.302559;20.657581;17.812403;13.013085;8.184108;3.331987;-1.539063;0.598278;2.699680;7.587820;12.484635;17.389103,102.195274;116.899490;131.129013;129.599106;128.217987;126.965988;125.829720;112.252083;98.601341;99.606560;100.547348;101.419044,npp_d20140716_t1757431_e1803235_b14079,150.021,30.4364,45.2823,98.1314,42.6172,95.0413
1865,VBD_npp_d20140716_t1801383_x1073752E_y077873N_l2117_s1098_v23,2017-05-23 13:09:55,7.787350,107.375221,14.7742,2014-07-16 18:01:38,2014-07-17 01:01:38,2117,1098,0.414608,1,2529,0.643438,0.26933,0.902561,0.4,0.939391,0.75,0.0405971,0.0001,1.39548e-11,999999,-1.343529e-01,3,Vietnamese Exclusive Economic Zone,,,SVDNB_npp_d20140716_t1757431_e1803235_b14079_c20140717000324408388_noaa_ops.h5,GDNBO_npp_d20140716_t1757431_e1803235_b14079_c20140717000324408134_noaa_ops.h5,SVI04_npp_d20140716_t1757431_e1803235_b14079_c20140717000324402868_noaa_ops.dspace_rad,VNFF_npp_d20140716_t1757431_e1803235_b14079_v21.csv,World_EEZ_v8_2014.shp,WPP_BFAR_merge.shp,KKP_IDN_merge_20161208.shp,VNF-VBD_npp_20120301-20151231_global_asia-enhanced_c201607211230.bitmask,NCEI_NGA.union.nga_lead2.add_2015ntl.mask,timezone.shp,VBD_platforms-recurring_2015_r20170330.shp,999999,VBD_bridges_c20160811.shp,22.302559;20.657581;17.812403;13.013085;8.184108;3.331987;-1.539063;0.598278;2.699680;7.587820;12.484635;17.389103,102.195274;116.899490;131.129013;129.599106;128.217987;126.965988;125.829720;112.252083;98.601341;99.606560;100.547348;101.419044,npp_d20140716_t1757431_e1803235_b14079,146.837,28.4853,45.2462,98.2405,42.528,98.9049
1866,VBD_npp_d20140716_t1801383_x1073712E_y077603N_l2121_s1098_v23,2017-05-23 13:09:55,7.760259,107.371246,7.5073,2014-07-16 18:01:38,2014-07-17 01:01:38,2121,1098,0.418089,1,2529,0.365386,0.261717,0.92472,0.4,0.832724,0.75,0.0405959,0.0001,1.39608e-11,999999,-8.909782e-02,3,Vietnamese Exclusive Economic Zone,,,SVDNB_npp_d20140716_t1757431_e1803235_b14079_c20140717000324408388_noaa_ops.h5,GDNBO_npp_d20140716_t1757431_e1803235_b14079_c20140717000324408134_noaa_ops.h5,SVI04_npp_d20140716_t1757431_e1803235_b14079_c20140717000324402868_noaa_ops.dspace_rad,VNFF_npp_d20140716_t1757431_e1803235_b14079_v21.csv,World_EEZ_v8_2014.shp,WPP_BFAR_merge.shp,KKP_IDN_merge_20161208.shp,VNF-VBD_npp_20120301-20151231_global_asia-enhanced_c201607211230.bitmask,NCEI_NGA.union.nga_lead2.add_2015ntl.mask,timezone.shp,VBD_platforms-recurring_2015_r20170330.shp,999999,VBD_bridges_c20160811.shp,22.302559;20.657581;17.812403;13.013085;8.184108;3.331987;-1.539063;0.598278;2.699680;7.587820;12.484635;17.389103,102.195274;116.899490;131.129013;129.599106;128.217987;126.965988;125.829720;112.252083;98.601341;99.606560;100.547348;101.419044,npp_d20140716_t1757431_e1803235_b14079,146.862,28.4993,45.2467,97.9939,42.5277,98.8738
1867,VBD_npp_d20140716_t1801401_x1073426E_y076089N_l2144_s1098_v23,2017-05-23 13:09:55,7.608858,107.342628,23.9289,2014-07-16 18:01:40,2014-07-17 01:01:40,2144,1098,0.407482,1,2529,0.778846,0.278444,0.894952,0.4,0.939009,0.75,0.0405888,0.0001,1.40034e-11,999999,-1.885292e-01,3,Vietnamese Exclusive Economic Zone,,,SVDNB_npp_d20140716_t1757431_e1803235_b14079_c20140717000324408388_noaa_ops.h5,GDNBO_npp_d20140716_t1757431_e1803235_b14079_c20140717000324408134_noaa_ops.h5,SVI04_npp_d20140716_t1757431_e1803235_b14079_c20140717000324402868_noaa_ops.dspace_rad,VNFF_npp_d20140716_t1757431_e1803235_b14079_v21.csv,World_EEZ_v8_2014.shp,WPP_BFAR_merge.shp,KKP_IDN_merge_20161208.shp,VNF-VBD_npp_20120301-20151231_global_asia-enhanced_c201607211230.bitmask,NCEI_NGA.union.nga_lead2.add_2015ntl.mask,timezone.shp,VBD_platforms-recurring_2015_r20170330.shp,999999,VBD_bridges_c20160811.shp,22.302559;20.657581;17.812403;13.013085;8.184108;3.331987;-1.539063;0.598278;2.699680;7.587820;12.484635;17.389103,102.195274;116.899490;131.129013;129.599106;128.217987;126.965988;125.829720;112.252083;98.601341;99.606560;100.547348;101.419044,npp_d20140716_t1757431_e1803235_b14079,147.005,28.5792,45.246,97.5742,42.5255,98.7001
1868,VBD_npp_d20140716_t1801472_x1072684E_y072940N_l2193_s1098_v23,2017-05-23 13:09:55,7.294026,107.268364,11.4593,2014-07-16 18:01:47,2014-07-17 01:01:47,2193,1098,0.325831,1,2529,0.467015,0.247136,0.929898,0.4,0.829178,0.75,0.0405728,0.0001,1.40199e-11,999999,-2.421655e-03,3,Vietnamese Exclusive Economic Zone,,,SVDNB_npp_d20140716_t1757431_e1803235_b14079_c20140717000324408388_noaa_ops.h5,GDNBO_npp_d20140716_t1757431_e1803235_b14079_c20140717000324408134_noaa_ops.h5,SVI04_npp_d20140716_t1757431_e1803235_b14079_c20140717000324402868_noaa_ops.dspace_rad,VNFF_npp_d20140716_t1757431_e1803235_b14079_v21.csv,World_EEZ_v8_2014.shp,WPP_BFAR_merge.shp,KKP_IDN_merge_20161208.shp,VNF-VBD_npp_20120301-20151231_global_asia-enhanced_c201607211230.bitmask,NCEI_NGA.union.nga_lead2.add_2015ntl.mask,timezone.shp,VBD_platforms-recurring_2015_r20170330.shp,999999,VBD_bridges_c20160811.shp,22.302559;20.657581;17.812403;13.013085;8.184108;3.331987;-1.539063;0.598278;2.699680;7.587820;12.484635;17.389103,102.195274;116.899490;131.129013;129.599106;128.217987;126.965988;125.829720;112.252083;98.601341;99.606560;100.547348;101.419044,npp_d20140716_t1757431_e1803235_b14079,147.303,28.7472,45.2438,98.5386,42.5236,98.3386
1869,VBD_npp_d20140716_t1801472_x1072644E_y072669N_l2197_s1098_v23,2017-05-23 13:09:55,7.266937,107.264381,6.09168,2014-07-16 18:01:47,2014-07-17 01:01:47,2197,1098,0.302849,7,2209,0.273103,0.197981,0.927204,0.4,0.732666,0.75,0.0405713,0.0001,1.40211e-11,999999,2.897773e-01,3,,,,SVDNB_npp_d20140716_t1757431_e1803235_b14079_c20140717000324408388_noaa_ops.h5,GDNBO_npp_d20140716_t1757431_e1803235_b14079_c20140717000324408134_noaa_ops.h5,SVI04_npp_d20140716_t1757431_e1803235_b14079_c20140717000324402868_noaa_ops.dspace_rad,VNFF_npp_d20140716_t1757431_e1803235_b14079_v21.csv,World_EEZ_v8_2014.shp,WPP_BFAR_merge.shp,KKP_IDN_merge_20161208.shp,VNF-VBD_npp_20120301-20151231_global_asia-enhanced_c201607211230.bitmask,NCEI_NGA.union.nga_lead2.add_2015ntl.mask,timezone.shp,VBD_platforms-recurring_2015_r20170330.shp,999999,VBD_bridges_c20160811.shp,22.302559;20.657581;17.812403;13.013085;8.184108;3.331987;-1.539063;0.598278;2.699680;7.587820;12.484635;17.389103,102.195274;116.899490;131.129013;129.599106;128.217987;126.965988;125.829720;112.252083;98.601341;99.606560;100.547348;101.419044,npp_d20140716_t1757431_e1803235_b14079,147.329,28.7616,45.2436,98.292,42.5236,98.3076
1870,VBD_npp_d20140716_t1801489_x1072350E_y071152N_l2220_s1098_v23,2017-05-23 13:09:55,7.115208,107.234985,7.85575,2014-07-16 18:01:48,2014-07-17 01:01:48,2220,1098,0.266388,1,2529,0.331658,0.287045,0.828945,0.4,0.757257,0.75,0.0405626,0.0001,1.40066e-11,999999,-2.396559e-01,3,Vietnamese Exclusive Economic Zone,WPP711,,SVDNB_npp_d20140716_t1757431_e1803235_b14079_c20140717000324408388_noaa_ops.h5,GDNBO_npp_d20140716_t1757431_e1803235_b14079_c20140717000324408134_noaa_ops.h5,SVI04_npp_d20140716_t1757431_e1803235_b14079_c20140717000324402868_noaa_ops.dspace_rad,VNFF_npp_d20140716_t1757431_e1803235_b14079_v21.csv,World_EEZ_v8_2014.shp,WPP_BFAR_merge.shp,KKP_IDN_merge_20161208.shp,VNF-VBD_npp_20120301-20151231_global_asia-enhanced_c201607211230.bitmask,NCEI_NGA.union.nga_lead2.add_2015ntl.mask,timezone.shp,VBD_platforms-recurring_2015_r20170330.shp,999999,VBD_bridges_c20160811.shp,22.302559;20.657581;17.812403;13.013085;8.184108;3.331987;-1.539063;0.598278;2.699680;7.587820;12.484635;17.389103,102.195274;116.899490;131.129013;129.599106;128.217987;126.965988;125.829720;112.252083;98.601341;99.606560;100.547348;101.419044,npp_d20140716_t1757431_e1803235_b14079,147.472,28.8433,45.245,97.8684,42.5237,98.1335
1871,VBD_npp_d20140716_t1801596_x1071069E_y065380N_l2309_s1098_v23,2017-05-23 13:09:55,6.538023,107.106918,16.5583,2014-07-16 18:01:59,2014-07-17 01:01:59,2309,1098,0.362679,1,2529,0.643401,0.274882,0.805981,0.4,0.917774,0.75,0.0405267,0.0001,1.39338e-11,999999,-1.673574e-01,3,Indonesian Exclusive Economic Zone,WPP711,,SVDNB_npp_d20140716_t1757431_e1803235_b14079_c20140717000324408388_noaa_ops.h5,GDNBO_npp_d20140716_t1757431_e1803235_b14079_c20140717000324408134_noaa_ops.h5,SVI04_npp_d20140716_t1757431_e1803235_b14079_c20140717000324402868_noaa_ops.dspace_rad,VNFF_npp_d20140716_t1757431_e1803235_b14079_v21.csv,World_EEZ_v8_2014.shp,WPP_BFAR_merge.shp,KKP_IDN_merge_20161208.shp,VNF-VBD_npp_20120301-20151231_global_asia-enhanced_c201607211230.bitmask,NCEI_NGA.union.nga_lead2.add_2015ntl.mask,timezone.shp,VBD_platforms-recurring_2015_r20170330.shp,999999,VBD_bridges_c20160811.shp,22.302559;20.657581;17.812403;13.013085;8.184108;3.331987;-1.539063;0.598278;2.699680;7.587820;12.484635;17.389103,102.195274;116.899490;131.129013;129.599106;128.217987;126.965988;125.829720;112.252083;98.601341;99.606560;100.547348;101.419044,npp_d20140716_t1757431_e1803235_b14079,148.017,29.1617,45.2478,98.3587,42.5291,97.4714
1872,VBD_npp_d20140716_t1803037_x1062904E_y028057N_l2883_s1098_v23,2017-05-23 13:09:55,2.805670,106.290352,85.2329,2014-07-16 18:03:03,2014-07-17 01:03:03,2883,1098,0.396986,1,2529,1.23264,0.250165,0.874811,0.4,0.967951,0.75,0.0403278,0.0001,1.24357e-11,999999,-2.042732e-02,3,Indonesian Exclusive Economic Zone,WPP711,Kepulauan Anambas Marine Nature Recreational Park,SVDNB_npp_d20140716_t1757431_e1803235_b14079_c20140717000324408388_noaa_ops.h5,GDNBO_npp_d20140716_t1757431_e1803235_b14079_c20140717000324408134_noaa_ops.h5,SVI04_npp_d20140716_t1757431_e1803235_b14079_c20140717000324402868_noaa_ops.dspace_rad,VNFF_npp_d20140716_t1757431_e1803235_b14079_v21.csv,World_EEZ_v8_2014.shp,WPP_BFAR_merge.shp,KKP_IDN_merge_20161208.shp,VNF-VBD_npp_20120301-20151231_global_asia-enhanced_c201607211230.bitmask,NCEI_NGA.union.nga_lead2.add_2015ntl.mask,timezone.shp,VBD_platforms-recurring_2015_r20170330.shp,999999,VBD_bridges_c20160811.shp,22.302559;20.657581;17.812403;13.013085;8.184108;3.331987;-1.539063;0.598278;2.699680;7.587820;12.484635;17.389103,102.195274;116.899490;131.129013;129.599106;128.217987;126.965988;125.829720;112.252083;98.601341;99.606560;100.547348;101.419044,npp_d20140716_t1757431_e1803235_b14079,151.516,31.5426,45.2501,98.8565,42.7384,93.2283
1875,VBD_npp_d20140716_t1801365_x1074023E_y078772N_l2103_s1099_v23,2017-05-23 13:09:55,7.877236,107.402313,30.5282,2014-07-16 18:01:36,2014-07-17 01:01:36,2103,1099,0.409084,1,2529,0.795088,0.265454,0.910389,0.4,0.924939,0.75,0.0406069,0.0001,1.43964e-11,999999,-1.113124e-01,3,Vietnamese Exclusive Economic Zone,,,SVDNB_npp_d20140716_t1757431_e1803235_b14079_c20140717000324408388_noaa_ops.h5,GDNBO_npp_d20140716_t1757431_e1803235_b14079_c20140717000324408134_noaa_ops.h5,SVI04_npp_d20140716_t1757431_e1803235_b14079_c20140717000324402868_noaa_ops.dspace_rad,VNFF_npp_d20140716_t1757431_e1803235_b14079_v21.csv,World_EEZ_v8_2014.shp,WPP_BFAR_merge.shp,KKP_IDN_merge_20161208.shp,VNF-VBD_npp_20120301-20151231_global_asia-enhanced_c201607211230.bitmask,NCEI_NGA.union.nga_lead2.add_2015ntl.mask,timezone.shp,VBD_platforms-recurring_2015_r20170330.shp,999999,VBD_bridges_c20160811.shp,22.302559;20.657581;17.812403;13.013085;8.184108;3.331987;-1.539063;0.598278;2.699680;7.587820;12.484635;17.389103,102.195274;116.899490;131.129013;129.599106;128.217987;126.965988;125.829720;112.252083;98.601341;99.606560;100.547348;101.419044,npp_d20140716_t1757431_e1803235_b14079,146.748,28.4487,45.2121,98.111,42.5224,99.0103
1876,VBD_npp_d20140716_t1801365_x1073933E_y078163N_l2112_s1099_v23,2017-05-23 13:09:55,7.816313,107.393349,13.8763,2014-07-16 18:01:36,2014-07-17 01:01:36,2112,1099,0.288706,1,2529,0.458939,0.342759,0.906717,0.4,0.787219,0.75,0.0406042,0.0001,1.44021e-11,999999,-5.708489e-01,3,Vietnamese Exclusive Economic Zone,,,SVDNB_npp_d20140716_t1757431_e1803235_b14079_c20140717000324408388_noaa_ops.h5,GDNBO_npp_d20140716_t1757431_e1803235_b14079_c20140717000324408134_noaa_ops.h5,SVI04_npp_d20140716_t1757431_e1803235_b14079_c20140717000324402868_noaa_ops.dspace_rad,VNFF_npp_d20140716_t1757431_e1803235_b14079_v21.csv,World_EEZ_v8_2014.shp,WPP_BFAR_merge.shp,KKP_IDN_merge_20161208.shp,VNF-VBD_npp_20120301-20151231_global_asia-enhanced_c201607211230.bitmask,NCEI_NGA.union.nga_lead2.add_2015ntl.mask,timezone.shp,VBD_platforms-recurring_2015_r20170330.shp,999999,VBD_bridges_c20160811.shp,22.302559;20.657581;17.812403;13.013085;8.184108;3.331987;-1.539063;0.598278;2.699680;7.587820;12.484635;17.389103,102.195274;116.899490;131.129013;129.599106;128.217987;126.965988;125.829720;112.252083;98.601341;99.606560;100.547348;101.419044,npp_d20140716_t1757431_e1803235_b14079,146.806,28.4799,45.2149,97.5558,42.5217,98.9403
1877,VBD_npp_d20140716_t1801418_x1073421E_y076051N_l2145_s1099_v23,2017-05-23 13:09:55,7.605054,107.342079,25.6837,2014-07-16 18:01:41,2014-07-17 01:01:41,2145,1099,0.416155,1,2529,0.756534,0.273909,0.866068,0.4,0.937254,0.75,0.040594,0.0001,1.44577e-11,999999,-1.615714e-01,3,Vietnamese Exclusive Economic Zone,,,SVDNB_npp_d20140716_t1757431_e1803235_b14079_c20140717000324408388_noaa_ops.h5,GDNBO_npp_d20140716_t1757431_e1803235_b14079_c20140717000324408134_noaa_ops.h5,SVI04_npp_d20140716_t1757431_e1803235_b14079_c20140717000324402868_noaa_ops.dspace_rad,VNFF_npp_d20140716_t1757431_e1803235_b14079_v21.csv,World_EEZ_v8_2014.shp,WPP_BFAR_merge.shp,KKP_IDN_merge_20161208.shp,VNF-VBD_npp_20120301-20151231_global_asia-enhanced_c201607211230.bitmask,NCEI_NGA.union.nga_lead2.add_2015ntl.mask,timezone.shp,VBD_platforms-recurring_2015_r20170330.shp,999999,VBD_bridges_c20160811.shp,22.302559;20.657581;17.812403;13.013085;8.184108;3.331987;-1.539063;0.598278;2.699680;7.587820;12.484635;17.389103,102.195274;116.899490;131.129013;129.599106;128.217987;126.965988;125.829720;112.252083;98.601341;99.606560;100.547348;101.419044,npp_d20140716_t1757431_e1803235_b14079,147.005,28.5921,45.209,98.5074,42.5184,98.6978
1878,VBD_npp_d20140716_t1801472_x1072661E_y072321N_l2202_s1099_v23,2017-05-23 13:09:55,7.232115,107.266129,27.3892,2014-07-16 18:01:47,2014-07-17 01:01:47,2202,1099,0.275337,1,2529,0.784625,0.23134,0.907751,0.4,0.92691,0.75,0.040575,0.0001,1.44629e-11,999999,9.147909e-02,3,Vietnamese Exclusive Economic Zone,,,SVDNB_npp_d20140716_t1757431_e1803235_b14079_c20140717000324408388_noaa_ops.h5,GDNBO_npp_d20140716_t1757431_e1803235_b14079_c20140717000324408134_noaa_ops.h5,SVI04_npp_d20140716_t1757431_e1803235_b14079_c20140717000324402868_noaa_ops.dspace_rad,VNFF_npp_d20140716_t1757431_e1803235_b14079_v21.csv,World_EEZ_v8_2014.shp,WPP_BFAR_merge.shp,KKP_IDN_merge_20161208.shp,VNF-VBD_npp_20120301-20151231_global_asia-enhanced_c201607211230.bitmask,NCEI_NGA.union.nga_lead2.add_2015ntl.mask,timezone.shp,VBD_platforms-recurring_2015_r20170330.shp,999999,VBD_bridges_c20160811.shp,22.302559;20.657581;17.812403;13.013085;8.184108;3.331987;-1.539063;0.598278;2.699680;7.587820;12.484635;17.389103,102.195274;116.899490;131.129013;129.599106;128.217987;126.965988;125.829720;112.252083;98.601341;99.606560;100.547348;101.419044,npp_d20140716_t1757431_e1803235_b14079,147.358,28.7903,45.2103,97.9845,42.5167,98.2696
1879,VBD_npp_d20140716_t1801472_x1072601E_y071915N_l2208_s1099_v23,2017-05-23 13:09:55,7.191504,107.260109,6.12333,2014-07-16 18:01:47,2014-07-17 01:01:47,2208,1099,0.295888,2,2209,0.283793,0.230957,0.877958,0.4,0.747741,0.75,0.0405727,0.0001,1.4445e-11,999999,9.375313e-02,3,Vietnamese Exclusive Economic Zone,,,SVDNB_npp_d20140716_t1757431_e1803235_b14079_c20140717000324408388_noaa_ops.h5,GDNBO_npp_d20140716_t1757431_e1803235_b14079_c20140717000324408134_noaa_ops.h5,SVI04_npp_d20140716_t1757431_e1803235_b14079_c20140717000324402868_noaa_ops.dspace_rad,VNFF_npp_d20140716_t1757431_e1803235_b14079_v21.csv,World_EEZ_v8_2014.shp,WPP_BFAR_merge.shp,KKP_IDN_merge_20161208.shp,VNF-VBD_npp_20120301-20151231_global_asia-enhanced_c201607211230.bitmask,NCEI_NGA.union.nga_lead2.add_2015ntl.mask,timezone.shp,VBD_platforms-recurring_2015_r20170330.shp,999999,VBD_bridges_c20160811.shp,22.302559;20.657581;17.812403;13.013085;8.184108;3.331987;-1.539063;0.598278;2.699680;7.587820;12.484635;17.389103,102.195274;116.899490;131.129013;129.599106;128.217987;126.965988;125.829720;112.252083;98.601341;99.606560;100.547348;101.419044,npp_d20140716_t1757431_e1803235_b14079,147.397,28.812,45.2125,97.6144,42.5168,98.223
1880,VBD_npp_d20140716_t1801507_x1072229E_y070306N_l2233_s1099_v23,2017-05-23 13:09:55,7.030594,107.222916,9.46755,2014-07-16 18:01:50,2014-07-17 01:01:50,2233,1099,0.189488,2,2465,0.348493,0.282532,0.671762,0.4,0.736989,0.75,0.0405632,0.0001,1.44918e-11,999999,-2.128280e-01,3,Vietnamese Exclusive Economic Zone,WPP711,,SVDNB_npp_d20140716_t1757431_e1803235_b14079_c20140717000324408388_noaa_ops.h5,GDNBO_npp_d20140716_t1757431_e1803235_b14079_c20140717000324408134_noaa_ops.h5,SVI04_npp_d20140716_t1757431_e1803235_b14079_c20140717000324402868_noaa_ops.dspace_rad,VNFF_npp_d20140716_t1757431_e1803235_b14079_v21.csv,World_EEZ_v8_2014.shp,WPP_BFAR_merge.shp,KKP_IDN_merge_20161208.shp,VNF-VBD_npp_20120301-20151231_global_asia-enhanced_c201607211230.bitmask,NCEI_NGA.union.nga_lead2.add_2015ntl.mask,timezone.shp,VBD_platforms-recurring_2015_r20170330.shp,999999,VBD_bridges_c20160811.shp,22.302559;20.657581;17.812403;13.013085;8.184108;3.331987;-1.539063;0.598278;2.699680;7.587820;12.484635;17.389103,102.195274;116.899490;131.129013;129.599106;128.217987;126.965988;125.829720;112.252083;98.601341;99.606560;100.547348;101.419044,npp_d20140716_t1757431_e1803235_b14079,147.548,28.9005,45.2078,98.066,42.5165,98.0384
1881,VBD_npp_d20140716_t1801401_x1073691E_y076949N_l2131_s1100_v23,2017-05-23 13:09:55,7.694937,107.369057,40.1363,2014-07-16 18:01:40,2014-07-17 01:01:40,2131,1100,0.395991,1,2529,0.971859,0.271162,0.929764,0.4,0.963387,0.75,0.0406038,0.0001,1.49075e-11,999999,-1.452445e-01,3,Vietnamese Exclusive Economic Zone,,,SVDNB_npp_d20140716_t1757431_e1803235_b14079_c20140717000324408388_noaa_ops.h5,GDNBO_npp_d20140716_t1757431_e1803235_b14079_c20140717000324408134_noaa_ops.h5,SVI04_npp_d20140716_t1757431_e1803235_b14079_c20140717000324402868_noaa_ops.dspace_rad,VNFF_npp_d20140716_t1757431_e1803235_b14079_v21.csv,World_EEZ_v8_2014.shp,WPP_BFAR_merge.shp,KKP_IDN_merge_20161208.shp,VNF-VBD_npp_20120301-20151231_global_asia-enhanced_c201607211230.bitmask,NCEI_NGA.union.nga_lead2.add_2015ntl.mask,timezone.shp,VBD_platforms-recurring_2015_r20170330.shp,999999,VBD_bridges_c20160811.shp,22.302559;20.657581;17.812403;13.013085;8.184108;3.331987;-1.539063;0.598278;2.699680;7.587820;12.484635;17.389103,102.195274;116.899490;131.129013;129.599106;128.217987;126.965988;125.829720;112.252083;98.601341;99.606560;100.547348;101.419044,npp_d20140716_t1757431_e1803235_b14079,146.917,28.5548,45.1753,98.3777,42.5126,98.8031
1882,VBD_npp_d20140716_t1801401_x1073661E_y076746N_l2134_s1100_v23,2017-05-23 13:09:55,7.674639,107.366081,21.8258,2014-07-16 18:01:40,2014-07-17 01:01:40,2134,1100,0.374446,1,2529,0.706004,0.280577,0.929764,0.4,0.913695,0.75,0.0406029,0.0001,1.49134e-11,999999,-2.012101e-01,3,Vietnamese Exclusive Economic Zone,,,SVDNB_npp_d20140716_t1757431_e1803235_b14079_c20140717000324408388_noaa_ops.h5,GDNBO_npp_d20140716_t1757431_e1803235_b14079_c20140717000324408134_noaa_ops.h5,SVI04_npp_d20140716_t1757431_e1803235_b14079_c20140717000324402868_noaa_ops.dspace_rad,VNFF_npp_d20140716_t1757431_e1803235_b14079_v21.csv,World_EEZ_v8_2014.shp,WPP_BFAR_merge.shp,KKP_IDN_merge_20161208.shp,VNF-VBD_npp_20120301-20151231_global_asia-enhanced_c201607211230.bitmask,NCEI_NGA.union.nga_lead2.add_2015ntl.mask,timezone.shp,VBD_platforms-recurring_2015_r20170330.shp,999999,VBD_bridges_c20160811.shp,22.302559;20.657581;17.812403;13.013085;8.184108;3.331987;-1.539063;0.598278;2.699680;7.587820;12.484635;17.389103,102.195274;116.899490;131.129013;129.599106;128.217987;126.965988;125.829720;112.252083;98.601341;99.606560;100.547348;101.419044,npp_d20140716_t1757431_e1803235_b14079,146.937,28.5653,45.1754,98.1926,42.5124,98.7798
1883,VBD_npp_d20140716_t1801454_x1073035E_y073961N_l2177_s1100_v23,2017-05-23 13:09:55,7.396054,107.303513,11.6846,2014-07-16 18:01:45,2014-07-17 01:01:45,2177,1100,0.406267,1,2529,0.553977,0.245097,0.839426,0.4,0.905753,0.75,0.0405896,0.0001,1.48829e-11,999999,9.697029e-03,3,Vietnamese Exclusive Economic Zone,,,SVDNB_npp_d20140716_t1757431_e1803235_b14079_c20140717000324408388_noaa_ops.h5,GDNBO_npp_d20140716_t1757431_e1803235_b14079_c20140717000324408134_noaa_ops.h5,SVI04_npp_d20140716_t1757431_e1803235_b14079_c20140717000324402868_noaa_ops.dspace_rad,VNFF_npp_d20140716_t1757431_e1803235_b14079_v21.csv,World_EEZ_v8_2014.shp,WPP_BFAR_merge.shp,KKP_IDN_merge_20161208.shp,VNF-VBD_npp_20120301-20151231_global_asia-enhanced_c201607211230.bitmask,NCEI_NGA.union.nga_lead2.add_2015ntl.mask,timezone.shp,VBD_platforms-recurring_2015_r20170330.shp,999999,VBD_bridges_c20160811.shp,22.302559;20.657581;17.812403;13.013085;8.184108;3.331987;-1.539063;0.598278;2.699680;7.587820;12.484635;17.389103,102.195274;116.899490;131.129013;129.599106;128.217987;126.965988;125.829720;112.252083;98.601341;99.606560;100.547348;101.419044,npp_d20140716_t1757431_e1803235_b14079,147.2,28.712,45.1789,98.529,42.5109,98.4596
1884,VBD_npp_d20140716_t1801489_x1072594E_y071877N_l2209_s1100_v23,2017-05-23 13:09:55,7.187716,107.259430,6.94028,2014-07-16 18:01:48,2014-07-17 01:01:48,2209,1100,0.303954,2,2209,0.306815,0.237423,0.877958,0.4,0.725915,0.75,0.0405778,0.0001,1.49299e-11,999999,5.531551e-02,3,Vietnamese Exclusive Economic Zone,,,SVDNB_npp_d20140716_t1757431_e1803235_b14079_c20140717000324408388_noaa_ops.h5,GDNBO_npp_d20140716_t1757431_e1803235_b14079_c20140717000324408134_noaa_ops.h5,SVI04_npp_d20140716_t1757431_e1803235_b14079_c20140717000324402868_noaa_ops.dspace_rad,VNFF_npp_d20140716_t1757431_e1803235_b14079_v21.csv,World_EEZ_v8_2014.shp,WPP_BFAR_merge.shp,KKP_IDN_merge_20161208.shp,VNF-VBD_npp_20120301-20151231_global_asia-enhanced_c201607211230.bitmask,NCEI_NGA.union.nga_lead2.add_2015ntl.mask,timezone.shp,VBD_platforms-recurring_2015_r20170330.shp,999999,VBD_bridges_c20160811.shp,22.302559;20.657581;17.812403;13.013085;8.184108;3.331987;-1.539063;0.598278;2.699680;7.587820;12.484635;17.389103,102.195274;116.899490;131.129013;129.599106;128.217987;126.965988;125.829720;112.252083;98.601341;99.606560;100.547348;101.419044,npp_d20140716_t1757431_e1803235_b14079,147.397,28.8248,45.176,98.5486,42.5098,98.2205
1890,VBD_npp_d20140716_t1801365_x1074217E_y079159N_l2097_s1101_v23,2017-05-23 13:09:55,7.915889,107.421715,13.436,2014-07-16 18:01:36,2014-07-17 01:01:36,2097,1101,0.388312,1,2529,0.529535,0.307594,0.902539,0.4,0.8345,0.75,0.0406198,0.0001,1.53079e-11,999999,-3.618084e-01,3,Vietnamese Exclusive Economic Zone,,,SVDNB_npp_d20140716_t1757431_e1803235_b14079_c20140717000324408388_noaa_ops.h5,GDNBO_npp_d20140716_t1757431_e1803235_b14079_c20140717000324408134_noaa_ops.h5,SVI04_npp_d20140716_t1757431_e1803235_b14079_c20140717000324402868_noaa_ops.dspace_rad,VNFF_npp_d20140716_t1757431_e1803235_b14079_v21.csv,World_EEZ_v8_2014.shp,WPP_BFAR_merge.shp,KKP_IDN_merge_20161208.shp,VNF-VBD_npp_20120301-20151231_global_asia-enhanced_c201607211230.bitmask,NCEI_NGA.union.nga_lead2.add_2015ntl.mask,timezone.shp,VBD_platforms-recurring_2015_r20170330.shp,999999,VBD_bridges_c20160811.shp,22.302559;20.657581;17.812403;13.013085;8.184108;3.331987;-1.539063;0.598278;2.699680;7.587820;12.484635;17.389103,102.195274;116.899490;131.129013;129.599106;128.217987;126.965988;125.829720;112.252083;98.601341;99.606560;100.547348;101.419044,npp_d20140716_t1757431_e1803235_b14079,146.705,28.4491,45.1444,98.4834,42.5093,99.0589
1891,VBD_npp_d20140716_t1801454_x1072963E_y073004N_l2191_s1101_v23,2017-05-23 13:09:55,7.300391,107.296265,23.7444,2014-07-16 18:01:45,2014-07-17 01:01:45,2191,1101,0.308429,1,2529,0.744995,0.239626,0.927175,0.4,0.912642,0.75,0.0405901,0.0001,1.53434e-11,999999,4.222349e-02,3,Vietnamese Exclusive Economic Zone,,,SVDNB_npp_d20140716_t1757431_e1803235_b14079_c20140717000324408388_noaa_ops.h5,GDNBO_npp_d20140716_t1757431_e1803235_b14079_c20140717000324408134_noaa_ops.h5,SVI04_npp_d20140716_t1757431_e1803235_b14079_c20140717000324402868_noaa_ops.dspace_rad,VNFF_npp_d20140716_t1757431_e1803235_b14079_v21.csv,World_EEZ_v8_2014.shp,WPP_BFAR_merge.shp,KKP_IDN_merge_20161208.shp,VNF-VBD_npp_20120301-20151231_global_asia-enhanced_c201607211230.bitmask,NCEI_NGA.union.nga_lead2.add_2015ntl.mask,timezone.shp,VBD_platforms-recurring_2015_r20170330.shp,999999,VBD_bridges_c20160811.shp,22.302559;20.657581;17.812403;13.013085;8.184108;3.331987;-1.539063;0.598278;2.699680;7.587820;12.484635;17.389103,102.195274;116.899490;131.129013;129.599106;128.217987;126.965988;125.829720;112.252083;98.601341;99.606560;100.547348;101.419044,npp_d20140716_t1757431_e1803235_b14079,147.287,28.7728,45.1472,97.6656,42.5039,98.3518
1896,VBD_npp_d20140716_t1801454_x1073100E_y073468N_l2184_s1102_v23,2017-05-23 13:09:55,7.346763,107.309982,10.2005,2014-07-16 18:01:45,2014-07-17 01:01:45,2184,1102,0.318704,1,2529,0.441664,0.287696,0.905638,0.4,0.82406,0.75,0.0405983,0.0001,1.58459e-11,999999,-2.435254e-01,3,Vietnamese Exclusive Economic Zone,,,SVDNB_npp_d20140716_t1757431_e1803235_b14079_c20140717000324408388_noaa_ops.h5,GDNBO_npp_d20140716_t1757431_e1803235_b14079_c20140717000324408134_noaa_ops.h5,SVI04_npp_d20140716_t1757431_e1803235_b14079_c20140717000324402868_noaa_ops.dspace_rad,VNFF_npp_d20140716_t1757431_e1803235_b14079_v21.csv,World_EEZ_v8_2014.shp,WPP_BFAR_merge.shp,KKP_IDN_merge_20161208.shp,VNF-VBD_npp_20120301-20151231_global_asia-enhanced_c201607211230.bitmask,NCEI_NGA.union.nga_lead2.add_2015ntl.mask,timezone.shp,VBD_platforms-recurring_2015_r20170330.shp,999999,VBD_bridges_c20160811.shp,22.302559;20.657581;17.812403;13.013085;8.184108;3.331987;-1.539063;0.598278;2.699680;7.587820;12.484635;17.389103,102.195274;116.899490;131.129013;129.599106;128.217987;126.965988;125.829720;112.252083;98.601341;99.606560;100.547348;101.419044,npp_d20140716_t1757431_e1803235_b14079,147.24,28.7584,45.1112,98.0987,42.4971,98.407
1897,VBD_npp_d20140716_t1801454_x1073060E_y073197N_l2188_s1102_v23,2017-05-23 13:09:55,7.319726,107.305984,8.0563,2014-07-16 18:01:45,2014-07-17 01:01:45,2188,1102,0.321798,1,2529,0.329007,0.265888,0.922646,0.4,0.756205,0.75,0.0405968,0.0001,1.58393e-11,999999,-1.138936e-01,3,Vietnamese Exclusive Economic Zone,,,SVDNB_npp_d20140716_t1757431_e1803235_b14079_c20140717000324408388_noaa_ops.h5,GDNBO_npp_d20140716_t1757431_e1803235_b14079_c20140717000324408134_noaa_ops.h5,SVI04_npp_d20140716_t1757431_e1803235_b14079_c20140717000324402868_noaa_ops.dspace_rad,VNFF_npp_d20140716_t1757431_e1803235_b14079_v21.csv,World_EEZ_v8_2014.shp,WPP_BFAR_merge.shp,KKP_IDN_merge_20161208.shp,VNF-VBD_npp_20120301-20151231_global_asia-enhanced_c201607211230.bitmask,NCEI_NGA.union.nga_lead2.add_2015ntl.mask,timezone.shp,VBD_platforms-recurring_2015_r20170330.shp,999999,VBD_bridges_c20160811.shp,22.302559;20.657581;17.812403;13.013085;8.184108;3.331987;-1.539063;0.598278;2.699680;7.587820;12.484635;17.389103,102.195274;116.899490;131.129013;129.599106;128.217987;126.965988;125.829720;112.252083;98.601341;99.606560;100.547348;101.419044,npp_d20140716_t1757431_e1803235_b14079,147.266,28.7727,45.1121,97.8515,42.4971,98.3759
1898,VBD_npp_d20140716_t1801472_x1072843E_y072157N_l2204_s1102_v23,2017-05-23 13:09:55,7.215717,107.284279,20.4223,2014-07-16 18:01:47,2014-07-17 01:01:47,2204,1102,0.310639,1,2529,0.678933,0.243914,0.902143,0.4,0.91349,0.75,0.0405908,0.0001,1.58819e-11,999999,1.672982e-02,3,Vietnamese Exclusive Economic Zone,,,SVDNB_npp_d20140716_t1757431_e1803235_b14079_c20140717000324408388_noaa_ops.h5,GDNBO_npp_d20140716_t1757431_e1803235_b14079_c20140717000324408134_noaa_ops.h5,SVI04_npp_d20140716_t1757431_e1803235_b14079_c20140717000324402868_noaa_ops.dspace_rad,VNFF_npp_d20140716_t1757431_e1803235_b14079_v21.csv,World_EEZ_v8_2014.shp,WPP_BFAR_merge.shp,KKP_IDN_merge_20161208.shp,VNF-VBD_npp_20120301-20151231_global_asia-enhanced_c201607211230.bitmask,NCEI_NGA.union.nga_lead2.add_2015ntl.mask,timezone.shp,VBD_platforms-recurring_2015_r20170330.shp,999999,VBD_bridges_c20160811.shp,22.302559;20.657581;17.812403;13.013085;8.184108;3.331987;-1.539063;0.598278;2.699680;7.587820;12.484635;17.389103,102.195274;116.899490;131.129013;129.599106;128.217987;126.965988;125.829720;112.252083;98.601341;99.606560;100.547348;101.419044,npp_d20140716_t1757431_e1803235_b14079,147.364,28.8296,45.1092,97.8632,42.4963,98.2566
1899,VBD_npp_d20140716_t1802477_x1065210E_y037176N_l2742_s1102_v23,2017-05-23 13:09:55,3.717580,106.520973,44.6301,2014-07-16 18:02:47,2014-07-17 01:02:47,2742,1102,0.415548,1,2529,1.03765,0.28896,0.897052,0.4,0.966391,0.75,0.0404669,0.0001,1.47065e-11,999999,-2.510419e-01,3,Indonesian Exclusive Economic Zone,WPP711,,SVDNB_npp_d20140716_t1757431_e1803235_b14079_c20140717000324408388_noaa_ops.h5,GDNBO_npp_d20140716_t1757431_e1803235_b14079_c20140717000324408134_noaa_ops.h5,SVI04_npp_d20140716_t1757431_e1803235_b14079_c20140717000324402868_noaa_ops.dspace_rad,VNFF_npp_d20140716_t1757431_e1803235_b14079_v21.csv,World_EEZ_v8_2014.shp,WPP_BFAR_merge.shp,KKP_IDN_merge_20161208.shp,VNF-VBD_npp_20120301-20151231_global_asia-enhanced_c201607211230.bitmask,NCEI_NGA.union.nga_lead2.add_2015ntl.mask,timezone.shp,VBD_platforms-recurring_2015_r20170330.shp,999999,VBD_bridges_c20160811.shp,22.302559;20.657581;17.812403;13.013085;8.184108;3.331987;-1.539063;0.598278;2.699680;7.587820;12.484635;17.389103,102.195274;116.899490;131.129013;129.599106;128.217987;126.965988;125.829720;112.252083;98.601341;99.606560;100.547348;101.419044,npp_d20140716_t1757431_e1803235_b14079,150.651,30.9489,45.113,98.5786,42.6311,94.2612
1902,VBD_npp_d20140716_t1801383_x1074108E_y077960N_l2115_s1103_v23,2017-05-23 13:09:55,7.796010,107.410828,9.51604,2014-07-16 18:01:38,2014-07-17 01:01:38,2115,1103,0.359585,2,2465,0.390395,0.313705,0.918064,0.4,0.608623,0.75,0.0406253,0.0001,1.63141e-11,999999,-3.981379e-01,3,Vietnamese Exclusive Economic Zone,,,SVDNB_npp_d20140716_t1757431_e1803235_b14079_c20140717000324408388_noaa_ops.h5,GDNBO_npp_d20140716_t1757431_e1803235_b14079_c20140717000324408134_noaa_ops.h5,SVI04_npp_d20140716_t1757431_e1803235_b14079_c20140717000324402868_noaa_ops.dspace_rad,VNFF_npp_d20140716_t1757431_e1803235_b14079_v21.csv,World_EEZ_v8_2014.shp,WPP_BFAR_merge.shp,KKP_IDN_merge_20161208.shp,VNF-VBD_npp_20120301-20151231_global_asia-enhanced_c201607211230.bitmask,NCEI_NGA.union.nga_lead2.add_2015ntl.mask,timezone.shp,VBD_platforms-recurring_2015_r20170330.shp,999999,VBD_bridges_c20160811.shp,22.302559;20.657581;17.812403;13.013085;8.184108;3.331987;-1.539063;0.598278;2.699680;7.587820;12.484635;17.389103,102.195274;116.899490;131.129013;129.599106;128.217987;126.965988;125.829720;112.252083;98.601341;99.606560;100.547348;101.419044,npp_d20140716_t1757431_e1803235_b14079,146.812,28.5313,45.0767,98.3692,42.494,98.9253
1903,VBD_npp_d20140716_t1801383_x1074049E_y077555N_l2121_s1103_v23,2017-05-23 13:09:55,7.755472,107.404884,9.81555,2014-07-16 18:01:38,2014-07-17 01:01:38,2121,1103,0.412509,1,2529,0.488079,0.253636,0.913024,0.4,0.86789,0.75,0.0406234,0.0001,1.63268e-11,999999,-4.105833e-02,3,Vietnamese Exclusive Economic Zone,,,SVDNB_npp_d20140716_t1757431_e1803235_b14079_c20140717000324408388_noaa_ops.h5,GDNBO_npp_d20140716_t1757431_e1803235_b14079_c20140717000324408134_noaa_ops.h5,SVI04_npp_d20140716_t1757431_e1803235_b14079_c20140717000324402868_noaa_ops.dspace_rad,VNFF_npp_d20140716_t1757431_e1803235_b14079_v21.csv,World_EEZ_v8_2014.shp,WPP_BFAR_merge.shp,KKP_IDN_merge_20161208.shp,VNF-VBD_npp_20120301-20151231_global_asia-enhanced_c201607211230.bitmask,NCEI_NGA.union.nga_lead2.add_2015ntl.mask,timezone.shp,VBD_platforms-recurring_2015_r20170330.shp,999999,VBD_bridges_c20160811.shp,22.302559;20.657581;17.812403;13.013085;8.184108;3.331987;-1.539063;0.598278;2.699680;7.587820;12.484635;17.389103,102.195274;116.899490;131.129013;129.599106;128.217987;126.965988;125.829720;112.252083;98.601341;99.606560;100.547348;101.419044,npp_d20140716_t1757431_e1803235_b14079,146.851,28.5522,45.0771,97.9982,42.4936,98.8788
1904,VBD_npp_d20140716_t1801472_x1072970E_y072553N_l2198_s1103_v23,2017-05-23 13:09:55,7.255300,107.296974,9.59378,2014-07-16 18:01:47,2014-07-17 01:01:47,2198,1103,0.226225,2,2465,0.352697,0.324374,0.89976,0.4,0.743132,0.75,0.0405985,0.0001,1.63963e-11,999999,-4.615567e-01,3,Vietnamese Exclusive Economic Zone,,,SVDNB_npp_d20140716_t1757431_e1803235_b14079_c20140717000324408388_noaa_ops.h5,GDNBO_npp_d20140716_t1757431_e1803235_b14079_c20140717000324408134_noaa_ops.h5,SVI04_npp_d20140716_t1757431_e1803235_b14079_c20140717000324402868_noaa_ops.dspace_rad,VNFF_npp_d20140716_t1757431_e1803235_b14079_v21.csv,World_EEZ_v8_2014.shp,WPP_BFAR_merge.shp,KKP_IDN_merge_20161208.shp,VNF-VBD_npp_20120301-20151231_global_asia-enhanced_c201607211230.bitmask,NCEI_NGA.union.nga_lead2.add_2015ntl.mask,timezone.shp,VBD_platforms-recurring_2015_r20170330.shp,999999,VBD_bridges_c20160811.shp,22.302559;20.657581;17.812403;13.013085;8.184108;3.331987;-1.539063;0.598278;2.699680;7.587820;12.484635;17.389103,102.195274;116.899490;131.129013;129.599106;128.217987;126.965988;125.829720;112.252083;98.601341;99.606560;100.547348;101.419044,npp_d20140716_t1757431_e1803235_b14079,147.323,28.8186,45.0741,98.2348,42.4895,98.304
1907,VBD_npp_d20140716_t1801365_x1074339E_y078589N_l2105_s1104_v23,2017-05-23 13:09:55,7.858918,107.433937,16.5544,2014-07-16 18:01:36,2014-07-17 01:01:36,2105,1104,0.372567,2,2465,0.398142,0.332656,0.91538,0.4,0.744383,0.75,0.0406339,0.0001,1.68361e-11,999999,-5.107923e-01,3,Vietnamese Exclusive Economic Zone,,,SVDNB_npp_d20140716_t1757431_e1803235_b14079_c20140717000324408388_noaa_ops.h5,GDNBO_npp_d20140716_t1757431_e1803235_b14079_c20140717000324408134_noaa_ops.h5,SVI04_npp_d20140716_t1757431_e1803235_b14079_c20140717000324402868_noaa_ops.dspace_rad,VNFF_npp_d20140716_t1757431_e1803235_b14079_v21.csv,World_EEZ_v8_2014.shp,WPP_BFAR_merge.shp,KKP_IDN_merge_20161208.shp,VNF-VBD_npp_20120301-20151231_global_asia-enhanced_c201607211230.bitmask,NCEI_NGA.union.nga_lead2.add_2015ntl.mask,timezone.shp,VBD_platforms-recurring_2015_r20170330.shp,999999,VBD_bridges_c20160811.shp,22.302559;20.657581;17.812403;13.013085;8.184108;3.331987;-1.539063;0.598278;2.699680;7.587820;12.484635;17.389103,102.195274;116.899490;131.129013;129.599106;128.217987;126.965988;125.829720;112.252083;98.601341;99.606560;100.547348;101.419044,npp_d20140716_t1757431_e1803235_b14079,146.75,28.5084,45.0429,97.9919,42.4882,98.9998
1908,VBD_npp_d20140716_t1801383_x1074046E_y077072N_l2128_s1104_v23,2017-05-23 13:09:55,7.707247,107.404610,19.9867,2014-07-16 18:01:38,2014-07-17 01:01:38,2128,1104,0.407869,1,2529,0.699864,0.266643,0.915457,0.4,0.888451,0.75,0.0406268,0.0001,1.6841e-11,999999,-1.183807e-01,3,Vietnamese Exclusive Economic Zone,,,SVDNB_npp_d20140716_t1757431_e1803235_b14079_c20140717000324408388_noaa_ops.h5,GDNBO_npp_d20140716_t1757431_e1803235_b14079_c20140717000324408134_noaa_ops.h5,SVI04_npp_d20140716_t1757431_e1803235_b14079_c20140717000324402868_noaa_ops.dspace_rad,VNFF_npp_d20140716_t1757431_e1803235_b14079_v21.csv,World_EEZ_v8_2014.shp,WPP_BFAR_merge.shp,KKP_IDN_merge_20161208.shp,VNF-VBD_npp_20120301-20151231_global_asia-enhanced_c201607211230.bitmask,NCEI_NGA.union.nga_lead2.add_2015ntl.mask,timezone.shp,VBD_platforms-recurring_2015_r20170330.shp,999999,VBD_bridges_c20160811.shp,22.302559;20.657581;17.812403;13.013085;8.184108;3.331987;-1.539063;0.598278;2.699680;7.587820;12.484635;17.389103,102.195274;116.899490;131.129013;129.599106;128.217987;126.965988;125.829720;112.252083;98.601341;99.606560;100.547348;101.419044,npp_d20140716_t1757431_e1803235_b14079,146.893,28.5871,45.0457,97.5659,42.4863,98.8254
1910,VBD_npp_d20140716_t1801454_x1073291E_y073371N_l2185_s1105_v23,2017-05-23 13:09:55,7.337125,107.329086,20.1509,2014-07-16 18:01:45,2014-07-17 01:01:45,2185,1105,0.297435,1,2529,0.662508,0.245595,0.902312,0.4,0.906576,0.75,0.0406145,0.0001,1.73967e-11,999999,6.738487e-03,3,Vietnamese Exclusive Economic Zone,,,SVDNB_npp_d20140716_t1757431_e1803235_b14079_c20140717000324408388_noaa_ops.h5,GDNBO_npp_d20140716_t1757431_e1803235_b14079_c20140717000324408134_noaa_ops.h5,SVI04_npp_d20140716_t1757431_e1803235_b14079_c20140717000324402868_noaa_ops.dspace_rad,VNFF_npp_d20140716_t1757431_e1803235_b14079_v21.csv,World_EEZ_v8_2014.shp,WPP_BFAR_merge.shp,KKP_IDN_merge_20161208.shp,VNF-VBD_npp_20120301-20151231_global_asia-enhanced_c201607211230.bitmask,NCEI_NGA.union.nga_lead2.add_2015ntl.mask,timezone.shp,VBD_platforms-recurring_2015_r20170330.shp,999999,VBD_bridges_c20160811.shp,22.302559;20.657581;17.812403;13.013085;8.184108;3.331987;-1.539063;0.598278;2.699680;7.587820;12.484635;17.389103,102.195274;116.899490;131.129013;129.599106;128.217987;126.965988;125.829720;112.252083;98.601341;99.606560;100.547348;101.419044,npp_d20140716_t1757431_e1803235_b14079,147.24,28.7938,45.0097,98.0393,42.4767,98.4019
1911,VBD_npp_d20140716_t1801454_x1073251E_y073101N_l2189_s1105_v23,2017-05-23 13:09:55,7.310127,107.325089,15.8094,2014-07-16 18:01:45,2014-07-17 01:01:45,2189,1105,0.283293,1,2529,0.580487,0.237615,0.922395,0.4,0.88781,0.75,0.040613,0.0001,1.73879e-11,999999,5.417722e-02,3,Vietnamese Exclusive Economic Zone,,,SVDNB_npp_d20140716_t1757431_e1803235_b14079_c20140717000324408388_noaa_ops.h5,GDNBO_npp_d20140716_t1757431_e1803235_b14079_c20140717000324408134_noaa_ops.h5,SVI04_npp_d20140716_t1757431_e1803235_b14079_c20140717000324402868_noaa_ops.dspace_rad,VNFF_npp_d20140716_t1757431_e1803235_b14079_v21.csv,World_EEZ_v8_2014.shp,WPP_BFAR_merge.shp,KKP_IDN_merge_20161208.shp,VNF-VBD_npp_20120301-20151231_global_asia-enhanced_c201607211230.bitmask,NCEI_NGA.union.nga_lead2.add_2015ntl.mask,timezone.shp,VBD_platforms-recurring_2015_r20170330.shp,999999,VBD_bridges_c20160811.shp,22.302559;20.657581;17.812403;13.013085;8.184108;3.331987;-1.539063;0.598278;2.699680;7.587820;12.484635;17.389103,102.195274;116.899490;131.129013;129.599106;128.217987;126.965988;125.829720;112.252083;98.601341;99.606560;100.547348;101.419044,npp_d20140716_t1757431_e1803235_b14079,147.265,28.8081,45.0108,97.7917,42.4767,98.3708
1912,VBD_npp_d20140716_t1801472_x1073133E_y072736N_l2195_s1105_v23,2017-05-23 13:09:55,7.273611,107.313339,9.47039,2014-07-16 18:01:47,2014-07-17 01:01:47,2195,1105,0.229761,2,2465,0.340096,0.282964,0.89976,0.4,0.724609,0.75,0.0406107,0.0001,1.7449e-11,999999,-2.153992e-01,3,Vietnamese Exclusive Economic Zone,,,SVDNB_npp_d20140716_t1757431_e1803235_b14079_c20140717000324408388_noaa_ops.h5,GDNBO_npp_d20140716_t1757431_e1803235_b14079_c20140717000324408134_noaa_ops.h5,SVI04_npp_d20140716_t1757431_e1803235_b14079_c20140717000324402868_noaa_ops.dspace_rad,VNFF_npp_d20140716_t1757431_e1803235_b14079_v21.csv,World_EEZ_v8_2014.shp,WPP_BFAR_merge.shp,KKP_IDN_merge_20161208.shp,VNF-VBD_npp_20120301-20151231_global_asia-enhanced_c201607211230.bitmask,NCEI_NGA.union.nga_lead2.add_2015ntl.mask,timezone.shp,VBD_platforms-recurring_2015_r20170330.shp,999999,VBD_bridges_c20160811.shp,22.302559;20.657581;17.812403;13.013085;8.184108;3.331987;-1.539063;0.598278;2.699680;7.587820;12.484635;17.389103,102.195274;116.899490;131.129013;129.599106;128.217987;126.965988;125.829720;112.252083;98.601341;99.606560;100.547348;101.419044,npp_d20140716_t1757431_e1803235_b14079,147.299,28.8291,45.0063,98.4223,42.4759,98.329
1913,VBD_npp_d20140716_t1801525_x1072376E_y069071N_l2251_s1105_v23,2017-05-23 13:09:55,6.907087,107.237625,21.3275,2014-07-16 18:01:52,2014-07-17 01:01:52,2251,1105,0.406653,1,2529,0.765235,0.246339,0.906759,0.4,0.943904,0.75,0.0405896,0.0001,1.73727e-11,999999,2.316214e-03,3,Vietnamese Exclusive Economic Zone,WPP711,,SVDNB_npp_d20140716_t1757431_e1803235_b14079_c20140717000324408388_noaa_ops.h5,GDNBO_npp_d20140716_t1757431_e1803235_b14079_c20140717000324408134_noaa_ops.h5,SVI04_npp_d20140716_t1757431_e1803235_b14079_c20140717000324402868_noaa_ops.dspace_rad,VNFF_npp_d20140716_t1757431_e1803235_b14079_v21.csv,World_EEZ_v8_2014.shp,WPP_BFAR_merge.shp,KKP_IDN_merge_20161208.shp,VNF-VBD_npp_20120301-20151231_global_asia-enhanced_c201607211230.bitmask,NCEI_NGA.union.nga_lead2.add_2015ntl.mask,timezone.shp,VBD_platforms-recurring_2015_r20170330.shp,999999,VBD_bridges_c20160811.shp,22.302559;20.657581;17.812403;13.013085;8.184108;3.331987;-1.539063;0.598278;2.699680;7.587820;12.484635;17.389103,102.195274;116.899490;131.129013;129.599106;128.217987;126.965988;125.829720;112.252083;98.601341;99.606560;100.547348;101.419044,npp_d20140716_t1757431_e1803235_b14079,147.646,29.0277,45.0105,97.954,42.4774,97.9077
1917,VBD_npp_d20140716_t1801365_x1074434E_y078300N_l2109_s1106_v23,2017-05-23 13:09:55,7.830027,107.443359,48.3468,2014-07-16 18:01:36,2014-07-17 01:01:36,2109,1106,0.407592,1,2529,0.942633,0.248341,0.925753,0.4,0.954742,0.75,0.0406437,0.0001,1.79191e-11,999999,-9.581588e-03,3,Vietnamese Exclusive Economic Zone,,,SVDNB_npp_d20140716_t1757431_e1803235_b14079_c20140717000324408388_noaa_ops.h5,GDNBO_npp_d20140716_t1757431_e1803235_b14079_c20140717000324408134_noaa_ops.h5,SVI04_npp_d20140716_t1757431_e1803235_b14079_c20140717000324402868_noaa_ops.dspace_rad,VNFF_npp_d20140716_t1757431_e1803235_b14079_v21.csv,World_EEZ_v8_2014.shp,WPP_BFAR_merge.shp,KKP_IDN_merge_20161208.shp,VNF-VBD_npp_20120301-20151231_global_asia-enhanced_c201607211230.bitmask,NCEI_NGA.union.nga_lead2.add_2015ntl.mask,timezone.shp,VBD_platforms-recurring_2015_r20170330.shp,999999,VBD_bridges_c20160811.shp,22.302559;20.657581;17.812403;13.013085;8.184108;3.331987;-1.539063;0.598278;2.699680;7.587820;12.484635;17.389103,102.195274;116.899490;131.129013;129.599106;128.217987;126.965988;125.829720;112.252083;98.601341;99.606560;100.547348;101.419044,npp_d20140716_t1757431_e1803235_b14079,146.77,28.5432,44.9763,97.7458,42.4743,98.9709
1918,VBD_npp_d20140716_t1801401_x1074113E_y077026N_l2129_s1106_v23,2017-05-23 13:09:55,7.702579,107.411255,13.0242,2014-07-16 18:01:40,2014-07-17 01:01:40,2129,1106,0.380578,8,18913,0.483502,0.271685,0.915457,0.4,0.85026,0.75,0.0406375,0.0001,1.79653e-11,999999,-1.483488e-01,3,Vietnamese Exclusive Economic Zone,,,SVDNB_npp_d20140716_t1757431_e1803235_b14079_c20140717000324408388_noaa_ops.h5,GDNBO_npp_d20140716_t1757431_e1803235_b14079_c20140717000324408134_noaa_ops.h5,SVI04_npp_d20140716_t1757431_e1803235_b14079_c20140717000324402868_noaa_ops.dspace_rad,VNFF_npp_d20140716_t1757431_e1803235_b14079_v21.csv,World_EEZ_v8_2014.shp,WPP_BFAR_merge.shp,KKP_IDN_merge_20161208.shp,VNF-VBD_npp_20120301-20151231_global_asia-enhanced_c201607211230.bitmask,NCEI_NGA.union.nga_lead2.add_2015ntl.mask,timezone.shp,VBD_platforms-recurring_2015_r20170330.shp,0.317898,VBD_bridges_c20160811.shp,22.302559;20.657581;17.812403;13.013085;8.184108;3.331987;-1.539063;0.598278;2.699680;7.587820;12.484635;17.389103,102.195274;116.899490;131.129013;129.599106;128.217987;126.965988;125.829720;112.252083;98.601341;99.606560;100.547348;101.419044,npp_d20140716_t1757431_e1803235_b14079,146.891,28.6112,44.9722,98.5079,42.4719,98.8243
1919,VBD_npp_d20140716_t1801418_x1073791E_y075307N_l2155_s1106_v23,2017-05-23 13:09:55,7.530704,107.379105,18.2297,2014-07-16 18:01:41,2014-07-17 01:01:41,2155,1106,0.293844,1,2529,0.574864,0.307313,0.757513,0.4,0.848667,0.75,0.0406295,0.0001,1.79962e-11,999999,-3.601410e-01,3,Vietnamese Exclusive Economic Zone,,,SVDNB_npp_d20140716_t1757431_e1803235_b14079_c20140717000324408388_noaa_ops.h5,GDNBO_npp_d20140716_t1757431_e1803235_b14079_c20140717000324408134_noaa_ops.h5,SVI04_npp_d20140716_t1757431_e1803235_b14079_c20140717000324402868_noaa_ops.dspace_rad,VNFF_npp_d20140716_t1757431_e1803235_b14079_v21.csv,World_EEZ_v8_2014.shp,WPP_BFAR_merge.shp,KKP_IDN_merge_20161208.shp,VNF-VBD_npp_20120301-20151231_global_asia-enhanced_c201607211230.bitmask,NCEI_NGA.union.nga_lead2.add_2015ntl.mask,timezone.shp,VBD_platforms-recurring_2015_r20170330.shp,999999,VBD_bridges_c20160811.shp,22.302559;20.657581;17.812403;13.013085;8.184108;3.331987;-1.539063;0.598278;2.699680;7.587820;12.484635;17.389103,102.195274;116.899490;131.129013;129.599106;128.217987;126.965988;125.829720;112.252083;98.601341;99.606560;100.547348;101.419044,npp_d20140716_t1757431_e1803235_b14079,147.053,28.7016,44.9726,97.8957,42.4703,98.6267
1920,VBD_npp_d20140716_t1801472_x1073081E_y071917N_l2207_s1106_v23,2017-05-23 13:09:55,7.191679,107.308052,13.1065,2014-07-16 18:01:47,2014-07-17 01:01:47,2207,1106,0.345498,1,2529,0.534669,0.243453,0.850946,0.4,0.862973,0.75,0.0406117,0.0001,1.79746e-11,999999,1.947336e-02,3,Vietnamese Exclusive Economic Zone,,,SVDNB_npp_d20140716_t1757431_e1803235_b14079_c20140717000324408388_noaa_ops.h5,GDNBO_npp_d20140716_t1757431_e1803235_b14079_c20140717000324408134_noaa_ops.h5,SVI04_npp_d20140716_t1757431_e1803235_b14079_c20140717000324402868_noaa_ops.dspace_rad,VNFF_npp_d20140716_t1757431_e1803235_b14079_v21.csv,World_EEZ_v8_2014.shp,WPP_BFAR_merge.shp,KKP_IDN_merge_20161208.shp,VNF-VBD_npp_20120301-20151231_global_asia-enhanced_c201607211230.bitmask,NCEI_NGA.union.nga_lead2.add_2015ntl.mask,timezone.shp,VBD_platforms-recurring_2015_r20170330.shp,999999,VBD_bridges_c20160811.shp,22.302559;20.657581;17.812403;13.013085;8.184108;3.331987;-1.539063;0.598278;2.699680;7.587820;12.484635;17.389103,102.195274;116.899490;131.129013;129.599106;128.217987;126.965988;125.829720;112.252083;98.601341;99.606560;100.547348;101.419044,npp_d20140716_t1757431_e1803235_b14079,147.374,28.883,44.9748,97.68,42.4692,98.2368
1921,VBD_npp_d20140716_t1801543_x1072183E_y067751N_l2271_s1106_v23,2017-05-23 13:09:55,6.775131,107.218346,15.5764,2014-07-16 18:01:54,2014-07-17 01:01:54,2271,1106,0.33362,1,2529,0.599145,0.269001,0.889181,0.4,0.899429,0.75,0.0405875,0.0001,1.79209e-11,999999,-1.323959e-01,3,Vietnamese Exclusive Economic Zone,WPP711,,SVDNB_npp_d20140716_t1757431_e1803235_b14079_c20140717000324408388_noaa_ops.h5,GDNBO_npp_d20140716_t1757431_e1803235_b14079_c20140717000324408134_noaa_ops.h5,SVI04_npp_d20140716_t1757431_e1803235_b14079_c20140717000324402868_noaa_ops.dspace_rad,VNFF_npp_d20140716_t1757431_e1803235_b14079_v21.csv,World_EEZ_v8_2014.shp,WPP_BFAR_merge.shp,KKP_IDN_merge_20161208.shp,VNF-VBD_npp_20120301-20151231_global_asia-enhanced_c201607211230.bitmask,NCEI_NGA.union.nga_lead2.add_2015ntl.mask,timezone.shp,VBD_platforms-recurring_2015_r20170330.shp,999999,VBD_bridges_c20160811.shp,22.302559;20.657581;17.812403;13.013085;8.184108;3.331987;-1.539063;0.598278;2.699680;7.587820;12.484635;17.389103,102.195274;116.899490;131.129013;129.599106;128.217987;126.965988;125.829720;112.252083;98.601341;99.606560;100.547348;101.419044,npp_d20140716_t1757431_e1803235_b14079,147.767,29.1114,44.9759,97.7183,42.4712,97.7581
1924,VBD_npp_d20140716_t1801543_x1072390E_y068686N_l2257_s1107_v23,2017-05-23 13:09:55,6.868587,107.239006,28.9374,2014-07-16 18:01:54,2014-07-17 01:01:54,2257,1107,0.386047,1,2529,0.807054,0.274438,0.92455,0.4,0.933043,0.75,0.0405983,0.0001,1.85456e-11,999999,-1.647182e-01,3,Vietnamese Exclusive Economic Zone,WPP711,,SVDNB_npp_d20140716_t1757431_e1803235_b14079_c20140717000324408388_noaa_ops.h5,GDNBO_npp_d20140716_t1757431_e1803235_b14079_c20140717000324408134_noaa_ops.h5,SVI04_npp_d20140716_t1757431_e1803235_b14079_c20140717000324402868_noaa_ops.dspace_rad,VNFF_npp_d20140716_t1757431_e1803235_b14079_v21.csv,World_EEZ_v8_2014.shp,WPP_BFAR_merge.shp,KKP_IDN_merge_20161208.shp,VNF-VBD_npp_20120301-20151231_global_asia-enhanced_c201607211230.bitmask,NCEI_NGA.union.nga_lead2.add_2015ntl.mask,timezone.shp,VBD_platforms-recurring_2015_r20170330.shp,999999,VBD_bridges_c20160811.shp,22.302559;20.657581;17.812403;13.013085;8.184108;3.331987;-1.539063;0.598278;2.699680;7.587820;12.484635;17.389103,102.195274;116.899490;131.129013;129.599106;128.217987;126.965988;125.829720;112.252083;98.601341;99.606560;100.547348;101.419044,npp_d20140716_t1757431_e1803235_b14079,147.675,29.0703,44.9399,98.5864,42.4635,97.8672
1925,VBD_npp_d20140716_t1801383_x1074462E_y078046N_l2113_s1108_v23,2017-05-23 13:09:55,7.804633,107.446243,15.0823,2014-07-16 18:01:38,2014-07-17 01:01:38,2113,1108,0.415603,1,2529,0.531884,0.243321,0.927203,0.4,0.850215,0.75,0.0406535,0.0001,1.90434e-11,999999,2.025636e-02,3,Vietnamese Exclusive Economic Zone,,,SVDNB_npp_d20140716_t1757431_e1803235_b14079_c20140717000324408388_noaa_ops.h5,GDNBO_npp_d20140716_t1757431_e1803235_b14079_c20140717000324408134_noaa_ops.h5,SVI04_npp_d20140716_t1757431_e1803235_b14079_c20140717000324402868_noaa_ops.dspace_rad,VNFF_npp_d20140716_t1757431_e1803235_b14079_v21.csv,World_EEZ_v8_2014.shp,WPP_BFAR_merge.shp,KKP_IDN_merge_20161208.shp,VNF-VBD_npp_20120301-20151231_global_asia-enhanced_c201607211230.bitmask,NCEI_NGA.union.nga_lead2.add_2015ntl.mask,timezone.shp,VBD_platforms-recurring_2015_r20170330.shp,999999,VBD_bridges_c20160811.shp,22.302559;20.657581;17.812403;13.013085;8.184108;3.331987;-1.539063;0.598278;2.699680;7.587820;12.484635;17.389103,102.195274;116.899490;131.129013;129.599106;128.217987;126.965988;125.829720;112.252083;98.601341;99.606560;100.547348;101.419044,npp_d20140716_t1757431_e1803235_b14079,146.788,28.5769,44.9075,98.4985,42.4603,98.9458
1926,VBD_npp_d20140716_t1801383_x1074413E_y077709N_l2118_s1108_v23,2017-05-23 13:09:55,7.770929,107.441307,27.1201,2014-07-16 18:01:38,2014-07-17 01:01:38,2118,1108,0.415437,1,2529,0.861549,0.248807,0.922547,0.4,0.959526,0.75,0.0406519,0.0001,1.90611e-11,999999,-1.235623e-02,3,Vietnamese Exclusive Economic Zone,,,SVDNB_npp_d20140716_t1757431_e1803235_b14079_c20140717000324408388_noaa_ops.h5,GDNBO_npp_d20140716_t1757431_e1803235_b14079_c20140717000324408134_noaa_ops.h5,SVI04_npp_d20140716_t1757431_e1803235_b14079_c20140717000324402868_noaa_ops.dspace_rad,VNFF_npp_d20140716_t1757431_e1803235_b14079_v21.csv,World_EEZ_v8_2014.shp,WPP_BFAR_merge.shp,KKP_IDN_merge_20161208.shp,VNF-VBD_npp_20120301-20151231_global_asia-enhanced_c201607211230.bitmask,NCEI_NGA.union.nga_lead2.add_2015ntl.mask,timezone.shp,VBD_platforms-recurring_2015_r20170330.shp,999999,VBD_bridges_c20160811.shp,22.302559;20.657581;17.812403;13.013085;8.184108;3.331987;-1.539063;0.598278;2.699680;7.587820;12.484635;17.389103,102.195274;116.899490;131.129013;129.599106;128.217987;126.965988;125.829720;112.252083;98.601341;99.606560;100.547348;101.419044,npp_d20140716_t1757431_e1803235_b14079,146.82,28.5943,44.9074,98.1884,42.4599,98.907
1927,VBD_npp_d20140716_t1801472_x1073343E_y072774N_l2194_s1108_v23,2017-05-23 13:09:55,7.277421,107.334343,12.2789,2014-07-16 18:01:47,2014-07-17 01:01:47,2194,1108,0.256609,1,2529,0.450949,0.274226,0.89037,0.4,0.823069,0.75,0.0406276,0.0001,1.91476e-11,999999,-1.634551e-01,3,Vietnamese Exclusive Economic Zone,,,SVDNB_npp_d20140716_t1757431_e1803235_b14079_c20140717000324408388_noaa_ops.h5,GDNBO_npp_d20140716_t1757431_e1803235_b14079_c20140717000324408134_noaa_ops.h5,SVI04_npp_d20140716_t1757431_e1803235_b14079_c20140717000324402868_noaa_ops.dspace_rad,VNFF_npp_d20140716_t1757431_e1803235_b14079_v21.csv,World_EEZ_v8_2014.shp,WPP_BFAR_merge.shp,KKP_IDN_merge_20161208.shp,VNF-VBD_npp_20120301-20151231_global_asia-enhanced_c201607211230.bitmask,NCEI_NGA.union.nga_lead2.add_2015ntl.mask,timezone.shp,VBD_platforms-recurring_2015_r20170330.shp,999999,VBD_bridges_c20160811.shp,22.302559;20.657581;17.812403;13.013085;8.184108;3.331987;-1.539063;0.598278;2.699680;7.587820;12.484635;17.389103,102.195274;116.899490;131.129013;129.599106;128.217987;126.965988;125.829720;112.252083;98.601341;99.606560;100.547348;101.419044,npp_d20140716_t1757431_e1803235_b14079,147.286,28.8573,44.9048,98.4873,42.4555,98.3392
1928,VBD_npp_d20140716_t1801525_x1072536E_y068773N_l2255_s1108_v23,2017-05-23 13:09:55,6.877264,107.253624,23.866,2014-07-16 18:01:52,2014-07-17 01:01:52,2255,1108,0.387042,1,2529,0.73854,0.252867,0.92455,0.4,0.934436,0.75,0.0406046,0.0001,1.90411e-11,999999,-3.649095e-02,3,Vietnamese Exclusive Economic Zone,WPP711,,SVDNB_npp_d20140716_t1757431_e1803235_b14079_c20140717000324408388_noaa_ops.h5,GDNBO_npp_d20140716_t1757431_e1803235_b14079_c20140717000324408134_noaa_ops.h5,SVI04_npp_d20140716_t1757431_e1803235_b14079_c20140717000324402868_noaa_ops.dspace_rad,VNFF_npp_d20140716_t1757431_e1803235_b14079_v21.csv,World_EEZ_v8_2014.shp,WPP_BFAR_merge.shp,KKP_IDN_merge_20161208.shp,VNF-VBD_npp_20120301-20151231_global_asia-enhanced_c201607211230.bitmask,NCEI_NGA.union.nga_lead2.add_2015ntl.mask,timezone.shp,VBD_platforms-recurring_2015_r20170330.shp,999999,VBD_bridges_c20160811.shp,22.302559;20.657581;17.812403;13.013085;8.184108;3.331987;-1.539063;0.598278;2.699680;7.587820;12.484635;17.389103,102.195274;116.899490;131.129013;129.599106;128.217987;126.965988;125.829720;112.252083;98.601341;99.606560;100.547348;101.419044,npp_d20140716_t1757431_e1803235_b14079,147.664,29.0744,44.9104,97.708,42.4573,97.879
1929,VBD_npp_d20140716_t1801543_x1072417E_y068406N_l2261_s1108_v23,2017-05-23 13:09:55,6.840640,107.241684,21.4583,2014-07-16 18:01:54,2014-07-17 01:01:54,2261,1108,0.371131,1,2529,0.720019,0.272067,0.91989,0.4,0.920386,0.75,0.0406024,0.0001,1.91188e-11,999999,-1.506230e-01,3,Vietnamese Exclusive Economic Zone,WPP711,,SVDNB_npp_d20140716_t1757431_e1803235_b14079_c20140717000324408388_noaa_ops.h5,GDNBO_npp_d20140716_t1757431_e1803235_b14079_c20140717000324408134_noaa_ops.h5,SVI04_npp_d20140716_t1757431_e1803235_b14079_c20140717000324402868_noaa_ops.dspace_rad,VNFF_npp_d20140716_t1757431_e1803235_b14079_v21.csv,World_EEZ_v8_2014.shp,WPP_BFAR_merge.shp,KKP_IDN_merge_20161208.shp,VNF-VBD_npp_20120301-20151231_global_asia-enhanced_c201607211230.bitmask,NCEI_NGA.union.nga_lead2.add_2015ntl.mask,timezone.shp,VBD_platforms-recurring_2015_r20170330.shp,999999,VBD_bridges_c20160811.shp,22.302559;20.657581;17.812403;13.013085;8.184108;3.331987;-1.539063;0.598278;2.699680;7.587820;12.484635;17.389103,102.195274;116.899490;131.129013;129.599106;128.217987;126.965988;125.829720;112.252083;98.601341;99.606560;100.547348;101.419044,npp_d20140716_t1757431_e1803235_b14079,147.698,29.0958,44.9058,98.3394,42.457,97.8369
1930,VBD_npp_d20140716_t1801543_x1072397E_y068272N_l2263_s1108_v23,2017-05-23 13:09:55,6.827161,107.239685,27.5569,2014-07-16 18:01:54,2014-07-17 01:01:54,2263,1108,0.370302,1,2529,0.833007,0.251673,0.906685,0.4,0.936466,0.75,0.0406016,0.0001,1.91115e-11,999999,-2.939376e-02,3,Vietnamese Exclusive Economic Zone,WPP711,,SVDNB_npp_d20140716_t1757431_e1803235_b14079_c20140717000324408388_noaa_ops.h5,GDNBO_npp_d20140716_t1757431_e1803235_b14079_c20140717000324408134_noaa_ops.h5,SVI04_npp_d20140716_t1757431_e1803235_b14079_c20140717000324402868_noaa_ops.dspace_rad,VNFF_npp_d20140716_t1757431_e1803235_b14079_v21.csv,World_EEZ_v8_2014.shp,WPP_BFAR_merge.shp,KKP_IDN_merge_20161208.shp,VNF-VBD_npp_20120301-20151231_global_asia-enhanced_c201607211230.bitmask,NCEI_NGA.union.nga_lead2.add_2015ntl.mask,timezone.shp,VBD_platforms-recurring_2015_r20170330.shp,999999,VBD_bridges_c20160811.shp,22.302559;20.657581;17.812403;13.013085;8.184108;3.331987;-1.539063;0.598278;2.699680;7.587820;12.484635;17.389103,102.195274;116.899490;131.129013;129.599106;128.217987;126.965988;125.829720;112.252083;98.601341;99.606560;100.547348;101.419044,npp_d20140716_t1757431_e1803235_b14079,147.711,29.1032,44.906,98.2153,42.4571,97.8215
1931,VBD_npp_d20140716_t1801543_x1072377E_y068137N_l2265_s1108_v23,2017-05-23 13:09:55,6.813682,107.237694,5.05966,2014-07-16 18:01:54,2014-07-17 01:01:54,2265,1108,0.368479,7,2209,0.248752,0.226285,0.906685,0.4,0.737944,0.75,0.0406008,0.0001,1.91027e-11,999999,1.215267e-01,3,,,,SVDNB_npp_d20140716_t1757431_e1803235_b14079_c20140717000324408388_noaa_ops.h5,GDNBO_npp_d20140716_t1757431_e1803235_b14079_c20140717000324408134_noaa_ops.h5,SVI04_npp_d20140716_t1757431_e1803235_b14079_c20140717000324402868_noaa_ops.dspace_rad,VNFF_npp_d20140716_t1757431_e1803235_b14079_v21.csv,World_EEZ_v8_2014.shp,WPP_BFAR_merge.shp,KKP_IDN_merge_20161208.shp,VNF-VBD_npp_20120301-20151231_global_asia-enhanced_c201607211230.bitmask,NCEI_NGA.union.nga_lead2.add_2015ntl.mask,timezone.shp,VBD_platforms-recurring_2015_r20170330.shp,999999,VBD_bridges_c20160811.shp,22.302559;20.657581;17.812403;13.013085;8.184108;3.331987;-1.539063;0.598278;2.699680;7.587820;12.484635;17.389103,102.195274;116.899490;131.129013;129.599106;128.217987;126.965988;125.829720;112.252083;98.601341;99.606560;100.547348;101.419044,npp_d20140716_t1757431_e1803235_b14079,147.724,29.1106,44.9063,98.0913,42.4572,97.806
1932,VBD_npp_d20140716_t1801561_x1072193E_y067363N_l2277_s1108_v23,2017-05-23 13:09:55,6.736311,107.219276,40.7979,2014-07-16 18:01:56,2014-07-17 01:01:56,2277,1108,0.321632,1,2529,0.946632,0.257382,0.919501,0.4,0.955547,0.75,0.0405963,0.0001,1.91126e-11,999999,-6.332666e-02,3,Vietnamese Exclusive Economic Zone,WPP711,,SVDNB_npp_d20140716_t1757431_e1803235_b14079_c20140717000324408388_noaa_ops.h5,GDNBO_npp_d20140716_t1757431_e1803235_b14079_c20140717000324408134_noaa_ops.h5,SVI04_npp_d20140716_t1757431_e1803235_b14079_c20140717000324402868_noaa_ops.dspace_rad,VNFF_npp_d20140716_t1757431_e1803235_b14079_v21.csv,World_EEZ_v8_2014.shp,WPP_BFAR_merge.shp,KKP_IDN_merge_20161208.shp,VNF-VBD_npp_20120301-20151231_global_asia-enhanced_c201607211230.bitmask,NCEI_NGA.union.nga_lead2.add_2015ntl.mask,timezone.shp,VBD_platforms-recurring_2015_r20170330.shp,999999,VBD_bridges_c20160811.shp,22.302559;20.657581;17.812403;13.013085;8.184108;3.331987;-1.539063;0.598278;2.699680;7.587820;12.484635;17.389103,102.195274;116.899490;131.129013;129.599106;128.217987;126.965988;125.829720;112.252083;98.601341;99.606560;100.547348;101.419044,npp_d20140716_t1757431_e1803235_b14079,147.797,29.1539,44.9057,98.3473,42.4578,97.7171
1935,VBD_npp_d20140716_t1801365_x1074703E_y078744N_l2102_s1109_v23,2017-05-23 13:09:55,7.874377,107.470329,18.164,2014-07-16 18:01:36,2014-07-17 01:01:36,2102,1109,0.336217,1,2529,0.521259,0.320454,0.890681,0.4,0.853457,0.75,0.0406624,0.0001,1.96481e-11,999999,-4.382542e-01,3,Vietnamese Exclusive Economic Zone,,,SVDNB_npp_d20140716_t1757431_e1803235_b14079_c20140717000324408388_noaa_ops.h5,GDNBO_npp_d20140716_t1757431_e1803235_b14079_c20140717000324408134_noaa_ops.h5,SVI04_npp_d20140716_t1757431_e1803235_b14079_c20140717000324402868_noaa_ops.dspace_rad,VNFF_npp_d20140716_t1757431_e1803235_b14079_v21.csv,World_EEZ_v8_2014.shp,WPP_BFAR_merge.shp,KKP_IDN_merge_20161208.shp,VNF-VBD_npp_20120301-20151231_global_asia-enhanced_c201607211230.bitmask,NCEI_NGA.union.nga_lead2.add_2015ntl.mask,timezone.shp,VBD_platforms-recurring_2015_r20170330.shp,999999,VBD_bridges_c20160811.shp,22.302559;20.657581;17.812403;13.013085;8.184108;3.331987;-1.539063;0.598278;2.699680;7.587820;12.484635;17.389103,102.195274;116.899490;131.129013;129.599106;128.217987;126.965988;125.829720;112.252083;98.601341;99.606560;100.547348;101.419044,npp_d20140716_t1757431_e1803235_b14079,146.719,28.5504,44.8732,98.1823,42.4546,99.0282
1936,VBD_npp_d20140716_t1801365_x1074614E_y078137N_l2111_s1109_v23,2017-05-23 13:09:55,7.813743,107.461411,31.5993,2014-07-16 18:01:36,2014-07-17 01:01:36,2111,1109,0.415327,1,2529,0.771849,0.265177,0.927203,0.4,0.91821,0.75,0.0406596,0.0001,1.966e-11,999999,-1.096674e-01,3,Vietnamese Exclusive Economic Zone,,,SVDNB_npp_d20140716_t1757431_e1803235_b14079_c20140717000324408388_noaa_ops.h5,GDNBO_npp_d20140716_t1757431_e1803235_b14079_c20140717000324408134_noaa_ops.h5,SVI04_npp_d20140716_t1757431_e1803235_b14079_c20140717000324402868_noaa_ops.dspace_rad,VNFF_npp_d20140716_t1757431_e1803235_b14079_v21.csv,World_EEZ_v8_2014.shp,WPP_BFAR_merge.shp,KKP_IDN_merge_20161208.shp,VNF-VBD_npp_20120301-20151231_global_asia-enhanced_c201607211230.bitmask,NCEI_NGA.union.nga_lead2.add_2015ntl.mask,timezone.shp,VBD_platforms-recurring_2015_r20170330.shp,999999,VBD_bridges_c20160811.shp,22.302559;20.657581;17.812403;13.013085;8.184108;3.331987;-1.539063;0.598278;2.699680;7.587820;12.484635;17.389103,102.195274;116.899490;131.129013;129.599106;128.217987;126.965988;125.829720;112.252083;98.601341;99.606560;100.547348;101.419044,npp_d20140716_t1757431_e1803235_b14079,146.776,28.5816,44.8756,97.6238,42.4538,98.9584
1937,VBD_npp_d20140716_t1801454_x1073538E_y073198N_l2187_s1109_v23,2017-05-23 13:09:55,7.319829,107.353775,15.8509,2014-07-16 18:01:45,2014-07-17 01:01:45,2187,1109,0.285171,1,2529,0.554566,0.254442,0.901106,0.4,0.866505,0.75,0.0406358,0.0001,1.96843e-11,999999,-4.585268e-02,3,Vietnamese Exclusive Economic Zone,,,SVDNB_npp_d20140716_t1757431_e1803235_b14079_c20140717000324408388_noaa_ops.h5,GDNBO_npp_d20140716_t1757431_e1803235_b14079_c20140717000324408134_noaa_ops.h5,SVI04_npp_d20140716_t1757431_e1803235_b14079_c20140717000324402868_noaa_ops.dspace_rad,VNFF_npp_d20140716_t1757431_e1803235_b14079_v21.csv,World_EEZ_v8_2014.shp,WPP_BFAR_merge.shp,KKP_IDN_merge_20161208.shp,VNF-VBD_npp_20120301-20151231_global_asia-enhanced_c201607211230.bitmask,NCEI_NGA.union.nga_lead2.add_2015ntl.mask,timezone.shp,VBD_platforms-recurring_2015_r20170330.shp,999999,VBD_bridges_c20160811.shp,22.302559;20.657581;17.812403;13.013085;8.184108;3.331987;-1.539063;0.598278;2.699680;7.587820;12.484635;17.389103,102.195274;116.899490;131.129013;129.599106;128.217987;126.965988;125.829720;112.252083;98.601341;99.606560;100.547348;101.419044,npp_d20140716_t1757431_e1803235_b14079,147.243,28.8433,44.8748,97.9183,42.4496,98.3899
1938,VBD_npp_d20140716_t1801454_x1073518E_y073064N_l2189_s1109_v23,2017-05-23 13:09:55,7.306356,107.351784,14.1224,2014-07-16 18:01:45,2014-07-17 01:01:45,2189,1109,0.277381,1,2529,0.505007,0.2566,0.901106,0.4,0.841826,0.75,0.040635,0.0001,1.96785e-11,999999,-5.867719e-02,3,Vietnamese Exclusive Economic Zone,,,SVDNB_npp_d20140716_t1757431_e1803235_b14079_c20140717000324408388_noaa_ops.h5,GDNBO_npp_d20140716_t1757431_e1803235_b14079_c20140717000324408134_noaa_ops.h5,SVI04_npp_d20140716_t1757431_e1803235_b14079_c20140717000324402868_noaa_ops.dspace_rad,VNFF_npp_d20140716_t1757431_e1803235_b14079_v21.csv,World_EEZ_v8_2014.shp,WPP_BFAR_merge.shp,KKP_IDN_merge_20161208.shp,VNF-VBD_npp_20120301-20151231_global_asia-enhanced_c201607211230.bitmask,NCEI_NGA.union.nga_lead2.add_2015ntl.mask,timezone.shp,VBD_platforms-recurring_2015_r20170330.shp,999999,VBD_bridges_c20160811.shp,22.302559;20.657581;17.812403;13.013085;8.184108;3.331987;-1.539063;0.598278;2.699680;7.587820;12.484635;17.389103,102.195274;116.899490;131.129013;129.599106;128.217987;126.965988;125.829720;112.252083;98.601341;99.606560;100.547348;101.419044,npp_d20140716_t1757431_e1803235_b14079,147.256,28.8504,44.8754,97.7942,42.4496,98.3744
1939,VBD_npp_d20140716_t1801507_x1072968E_y070681N_l2226_s1109_v23,2017-05-23 13:09:55,7.068127,107.296768,14.9502,2014-07-16 18:01:50,2014-07-17 01:01:50,2226,1109,0.187333,1,2529,0.482564,0.286041,0.751614,0.4,0.828376,0.75,0.0406211,0.0001,1.9794e-11,999999,-2.336920e-01,3,Vietnamese Exclusive Economic Zone,WPP711,,SVDNB_npp_d20140716_t1757431_e1803235_b14079_c20140717000324408388_noaa_ops.h5,GDNBO_npp_d20140716_t1757431_e1803235_b14079_c20140717000324408134_noaa_ops.h5,SVI04_npp_d20140716_t1757431_e1803235_b14079_c20140717000324402868_noaa_ops.dspace_rad,VNFF_npp_d20140716_t1757431_e1803235_b14079_v21.csv,World_EEZ_v8_2014.shp,WPP_BFAR_merge.shp,KKP_IDN_merge_20161208.shp,VNF-VBD_npp_20120301-20151231_global_asia-enhanced_c201607211230.bitmask,NCEI_NGA.union.nga_lead2.add_2015ntl.mask,timezone.shp,VBD_platforms-recurring_2015_r20170330.shp,999999,VBD_bridges_c20160811.shp,22.302559;20.657581;17.812403;13.013085;8.184108;3.331987;-1.539063;0.598278;2.699680;7.587820;12.484635;17.389103,102.195274;116.899490;131.129013;129.599106;128.217987;126.965988;125.829720;112.252083;98.601341;99.606560;100.547348;101.419044,npp_d20140716_t1757431_e1803235_b14079,147.48,28.9818,44.8686,98.5079,42.4483,98.1006
1940,VBD_npp_d20140716_t1801543_x1072503E_y068531N_l2259_s1109_v23,2017-05-23 13:09:55,6.853140,107.250328,31.0112,2014-07-16 18:01:54,2014-07-17 01:01:54,2259,1109,0.377263,1,2529,0.808282,0.249534,0.91989,0.4,0.928196,0.75,0.0406086,0.0001,1.97238e-11,999999,-1.667503e-02,3,Vietnamese Exclusive Economic Zone,WPP711,,SVDNB_npp_d20140716_t1757431_e1803235_b14079_c20140717000324408388_noaa_ops.h5,GDNBO_npp_d20140716_t1757431_e1803235_b14079_c20140717000324408134_noaa_ops.h5,SVI04_npp_d20140716_t1757431_e1803235_b14079_c20140717000324402868_noaa_ops.dspace_rad,VNFF_npp_d20140716_t1757431_e1803235_b14079_v21.csv,World_EEZ_v8_2014.shp,WPP_BFAR_merge.shp,KKP_IDN_merge_20161208.shp,VNF-VBD_npp_20120301-20151231_global_asia-enhanced_c201607211230.bitmask,NCEI_NGA.union.nga_lead2.add_2015ntl.mask,timezone.shp,VBD_platforms-recurring_2015_r20170330.shp,999999,VBD_bridges_c20160811.shp,22.302559;20.657581;17.812403;13.013085;8.184108;3.331987;-1.539063;0.598278;2.699680;7.587820;12.484635;17.389103,102.195274;116.899490;131.129013;129.599106;128.217987;126.965988;125.829720;112.252083;98.601341;99.606560;100.547348;101.419044,npp_d20140716_t1757431_e1803235_b14079,147.683,29.0991,44.872,98.4643,42.4501,97.8531
1943,VBD_npp_d20140716_t1801472_x1073447E_y072553N_l2197_s1110_v23,2017-05-23 13:09:55,7.255263,107.344681,9.99063,2014-07-16 18:01:47,2014-07-17 01:01:47,2197,1110,0.267935,1,2529,0.386272,0.267313,0.862722,0.4,0.777206,0.75,0.0406375,0.0001,2.03661e-11,999999,-1.223643e-01,3,Vietnamese Exclusive Economic Zone,,,SVDNB_npp_d20140716_t1757431_e1803235_b14079_c20140717000324408388_noaa_ops.h5,GDNBO_npp_d20140716_t1757431_e1803235_b14079_c20140717000324408134_noaa_ops.h5,SVI04_npp_d20140716_t1757431_e1803235_b14079_c20140717000324402868_noaa_ops.dspace_rad,VNFF_npp_d20140716_t1757431_e1803235_b14079_v21.csv,World_EEZ_v8_2014.shp,WPP_BFAR_merge.shp,KKP_IDN_merge_20161208.shp,VNF-VBD_npp_20120301-20151231_global_asia-enhanced_c201607211230.bitmask,NCEI_NGA.union.nga_lead2.add_2015ntl.mask,timezone.shp,VBD_platforms-recurring_2015_r20170330.shp,999999,VBD_bridges_c20160811.shp,22.302559;20.657581;17.812403;13.013085;8.184108;3.331987;-1.539063;0.598278;2.699680;7.587820;12.484635;17.389103,102.195274;116.899490;131.129013;129.599106;128.217987;126.965988;125.829720;112.252083;98.601341;99.606560;100.547348;101.419044,npp_d20140716_t1757431_e1803235_b14079,147.3,28.8893,44.837,98.3031,42.442,98.3177
1944,VBD_npp_d20140716_t1801489_x1073193E_y071307N_l2216_s1110_v23,2017-05-23 13:09:55,7.130721,107.319313,23.8949,2014-07-16 18:01:48,2014-07-17 01:01:48,2216,1110,0.317434,1,2529,0.64475,0.257302,0.790821,0.4,0.886012,0.75,0.0406304,0.0001,2.03606e-11,999999,-6.285086e-02,3,Vietnamese Exclusive Economic Zone,WPP711,,SVDNB_npp_d20140716_t1757431_e1803235_b14079_c20140717000324408388_noaa_ops.h5,GDNBO_npp_d20140716_t1757431_e1803235_b14079_c20140717000324408134_noaa_ops.h5,SVI04_npp_d20140716_t1757431_e1803235_b14079_c20140717000324402868_noaa_ops.dspace_rad,VNFF_npp_d20140716_t1757431_e1803235_b14079_v21.csv,World_EEZ_v8_2014.shp,WPP_BFAR_merge.shp,KKP_IDN_merge_20161208.shp,VNF-VBD_npp_20120301-20151231_global_asia-enhanced_c201607211230.bitmask,NCEI_NGA.union.nga_lead2.add_2015ntl.mask,timezone.shp,VBD_platforms-recurring_2015_r20170330.shp,999999,VBD_bridges_c20160811.shp,22.302559;20.657581;17.812403;13.013085;8.184108;3.331987;-1.539063;0.598278;2.699680;7.587820;12.484635;17.389103,102.195274;116.899490;131.129013;129.599106;128.217987;126.965988;125.829720;112.252083;98.601341;99.606560;100.547348;101.419044,npp_d20140716_t1757431_e1803235_b14079,147.418,28.9567,44.8374,98.1246,42.442,98.1744
1945,VBD_npp_d20140716_t1801525_x1072719E_y069091N_l2250_s1110_v23,2017-05-23 13:09:55,6.909050,107.271950,13.7688,2014-07-16 18:01:52,2014-07-17 01:01:52,2250,1110,0.38903,1,2529,0.542234,0.244493,0.894032,0.4,0.883246,0.75,0.0406175,0.0001,2.02838e-11,999999,1.329108e-02,3,Vietnamese Exclusive Economic Zone,WPP711,,SVDNB_npp_d20140716_t1757431_e1803235_b14079_c20140717000324408388_noaa_ops.h5,GDNBO_npp_d20140716_t1757431_e1803235_b14079_c20140717000324408134_noaa_ops.h5,SVI04_npp_d20140716_t1757431_e1803235_b14079_c20140717000324402868_noaa_ops.dspace_rad,VNFF_npp_d20140716_t1757431_e1803235_b14079_v21.csv,World_EEZ_v8_2014.shp,WPP_BFAR_merge.shp,KKP_IDN_merge_20161208.shp,VNF-VBD_npp_20120301-20151231_global_asia-enhanced_c201607211230.bitmask,NCEI_NGA.union.nga_lead2.add_2015ntl.mask,timezone.shp,VBD_platforms-recurring_2015_r20170330.shp,999999,VBD_bridges_c20160811.shp,22.302559;20.657581;17.812403;13.013085;8.184108;3.331987;-1.539063;0.598278;2.699680;7.587820;12.484635;17.389103,102.195274;116.899490;131.129013;129.599106;128.217987;126.965988;125.829720;112.252083;98.601341;99.606560;100.547348;101.419044,npp_d20140716_t1757431_e1803235_b14079,147.627,29.0773,44.8409,98.0194,42.4435,97.9192
1946,VBD_npp_d20140716_t1801525_x1072680E_y068821N_l2254_s1110_v23,2017-05-23 13:09:55,6.882118,107.267952,20.5179,2014-07-16 18:01:52,2014-07-17 01:01:52,2254,1110,0.369253,1,2529,0.673633,0.219371,0.918199,0.4,0.913346,0.75,0.040616,0.0001,2.02602e-11,999999,1.626280e-01,3,Vietnamese Exclusive Economic Zone,WPP711,,SVDNB_npp_d20140716_t1757431_e1803235_b14079_c20140717000324408388_noaa_ops.h5,GDNBO_npp_d20140716_t1757431_e1803235_b14079_c20140717000324408134_noaa_ops.h5,SVI04_npp_d20140716_t1757431_e1803235_b14079_c20140717000324402868_noaa_ops.dspace_rad,VNFF_npp_d20140716_t1757431_e1803235_b14079_v21.csv,World_EEZ_v8_2014.shp,WPP_BFAR_merge.shp,KKP_IDN_merge_20161208.shp,VNF-VBD_npp_20120301-20151231_global_asia-enhanced_c201607211230.bitmask,NCEI_NGA.union.nga_lead2.add_2015ntl.mask,timezone.shp,VBD_platforms-recurring_2015_r20170330.shp,999999,VBD_bridges_c20160811.shp,22.302559;20.657581;17.812403;13.013085;8.184108;3.331987;-1.539063;0.598278;2.699680;7.587820;12.484635;17.389103,102.195274;116.899490;131.129013;129.599106;128.217987;126.965988;125.829720;112.252083;98.601341;99.606560;100.547348;101.419044,npp_d20140716_t1757431_e1803235_b14079,147.653,29.092,44.8422,97.7711,42.4437,97.8883
1947,VBD_npp_d20140716_t1801561_x1072346E_y067478N_l2275_s1110_v23,2017-05-23 13:09:55,6.747828,107.234581,8.4307,2014-07-16 18:01:56,2014-07-17 01:01:56,2275,1110,0.289811,1,2529,0.358891,0.246947,0.919501,0.4,0.803399,0.75,0.0406081,0.0001,2.03362e-11,999999,-1.299894e-03,3,Vietnamese Exclusive Economic Zone,WPP711,,SVDNB_npp_d20140716_t1757431_e1803235_b14079_c20140717000324408388_noaa_ops.h5,GDNBO_npp_d20140716_t1757431_e1803235_b14079_c20140717000324408134_noaa_ops.h5,SVI04_npp_d20140716_t1757431_e1803235_b14079_c20140717000324402868_noaa_ops.dspace_rad,VNFF_npp_d20140716_t1757431_e1803235_b14079_v21.csv,World_EEZ_v8_2014.shp,WPP_BFAR_merge.shp,KKP_IDN_merge_20161208.shp,VNF-VBD_npp_20120301-20151231_global_asia-enhanced_c201607211230.bitmask,NCEI_NGA.union.nga_lead2.add_2015ntl.mask,timezone.shp,VBD_platforms-recurring_2015_r20170330.shp,999999,VBD_bridges_c20160811.shp,22.302559;20.657581;17.812403;13.013085;8.184108;3.331987;-1.539063;0.598278;2.699680;7.587820;12.484635;17.389103,102.195274;116.899490;131.129013;129.599106;128.217987;126.965988;125.829720;112.252083;98.601341;99.606560;100.547348;101.419044,npp_d20140716_t1757431_e1803235_b14079,147.779,29.1678,44.838,98.4732,42.4442,97.7339
1948,VBD_npp_d20140716_t1801561_x1072266E_y066940N_l2283_s1110_v23,2017-05-23 13:09:55,6.693964,107.226593,27.215,2014-07-16 18:01:56,2014-07-17 01:01:56,2283,1110,0.325334,1,2529,0.815575,0.265077,0.892934,0.4,0.924603,0.75,0.0406049,0.0001,2.02956e-11,999999,-1.090696e-01,3,Vietnamese Exclusive Economic Zone,WPP711,,SVDNB_npp_d20140716_t1757431_e1803235_b14079_c20140717000324408388_noaa_ops.h5,GDNBO_npp_d20140716_t1757431_e1803235_b14079_c20140717000324408134_noaa_ops.h5,SVI04_npp_d20140716_t1757431_e1803235_b14079_c20140717000324402868_noaa_ops.dspace_rad,VNFF_npp_d20140716_t1757431_e1803235_b14079_v21.csv,World_EEZ_v8_2014.shp,WPP_BFAR_merge.shp,KKP_IDN_merge_20161208.shp,VNF-VBD_npp_20120301-20151231_global_asia-enhanced_c201607211230.bitmask,NCEI_NGA.union.nga_lead2.add_2015ntl.mask,timezone.shp,VBD_platforms-recurring_2015_r20170330.shp,999999,VBD_bridges_c20160811.shp,22.302559;20.657581;17.812403;13.013085;8.184108;3.331987;-1.539063;0.598278;2.699680;7.587820;12.484635;17.389103,102.195274;116.899490;131.129013;129.599106;128.217987;126.965988;125.829720;112.252083;98.601341;99.606560;100.547348;101.419044,npp_d20140716_t1757431_e1803235_b14079,147.83,29.1976,44.8389,97.9765,42.4448,97.672
1949,VBD_npp_d20140716_t1802477_x1065720E_y036961N_l2744_s1110_v23,2017-05-23 13:09:55,3.696052,106.572006,204.502,2014-07-16 18:02:47,2014-07-17 01:02:47,2744,1110,0.418089,1,2529,1.52733,0.239126,0.90929,0.4,0.980905,0.75,0.0405095,0.0001,1.88136e-11,999999,4.519444e-02,3,Indonesian Exclusive Economic Zone,WPP711,,SVDNB_npp_d20140716_t1757431_e1803235_b14079_c20140717000324408388_noaa_ops.h5,GDNBO_npp_d20140716_t1757431_e1803235_b14079_c20140717000324408134_noaa_ops.h5,SVI04_npp_d20140716_t1757431_e1803235_b14079_c20140717000324402868_noaa_ops.dspace_rad,VNFF_npp_d20140716_t1757431_e1803235_b14079_v21.csv,World_EEZ_v8_2014.shp,WPP_BFAR_merge.shp,KKP_IDN_merge_20161208.shp,VNF-VBD_npp_20120301-20151231_global_asia-enhanced_c201607211230.bitmask,NCEI_NGA.union.nga_lead2.add_2015ntl.mask,timezone.shp,VBD_platforms-recurring_2015_r20170330.shp,999999,VBD_bridges_c20160811.shp,22.302559;20.657581;17.812403;13.013085;8.184108;3.331987;-1.539063;0.598278;2.699680;7.587820;12.484635;17.389103,102.195274;116.899490;131.129013;129.599106;128.217987;126.965988;125.829720;112.252083;98.601341;99.606560;100.547348;101.419044,npp_d20140716_t1757431_e1803235_b14079,150.643,31.0496,44.8422,98.4584,42.578,94.2448
1952,VBD_npp_d20140716_t1801436_x1073955E_y074626N_l2165_s1111_v23,2017-05-23 13:09:55,7.462597,107.395515,28.5269,2014-07-16 18:01:43,2014-07-17 01:01:43,2165,1111,0.40367,1,2529,0.897391,0.256673,0.880091,0.4,0.959542,0.75,0.040654,0.0001,2.09471e-11,999999,-5.911200e-02,3,Vietnamese Exclusive Economic Zone,,,SVDNB_npp_d20140716_t1757431_e1803235_b14079_c20140717000324408388_noaa_ops.h5,GDNBO_npp_d20140716_t1757431_e1803235_b14079_c20140717000324408134_noaa_ops.h5,SVI04_npp_d20140716_t1757431_e1803235_b14079_c20140717000324402868_noaa_ops.dspace_rad,VNFF_npp_d20140716_t1757431_e1803235_b14079_v21.csv,World_EEZ_v8_2014.shp,WPP_BFAR_merge.shp,KKP_IDN_merge_20161208.shp,VNF-VBD_npp_20120301-20151231_global_asia-enhanced_c201607211230.bitmask,NCEI_NGA.union.nga_lead2.add_2015ntl.mask,timezone.shp,VBD_platforms-recurring_2015_r20170330.shp,999999,VBD_bridges_c20160811.shp,22.302559;20.657581;17.812403;13.013085;8.184108;3.331987;-1.539063;0.598278;2.699680;7.587820;12.484635;17.389103,102.195274;116.899490;131.129013;129.599106;128.217987;126.965988;125.829720;112.252083;98.601341;99.606560;100.547348;101.419044,npp_d20140716_t1757431_e1803235_b14079,147.101,28.7873,44.8055,98.2844,42.4366,98.5582
1953,VBD_npp_d20140716_t1801507_x1073011E_y070056N_l2235_s1111_v23,2017-05-23 13:09:55,7.005600,107.301102,11.5145,2014-07-16 18:01:50,2014-07-17 01:01:50,2235,1111,0.203464,2,2465,0.382644,0.232371,0.718715,0.4,0.744677,0.75,0.0406287,0.0001,2.10266e-11,999999,8.535103e-02,3,Vietnamese Exclusive Economic Zone,WPP711,,SVDNB_npp_d20140716_t1757431_e1803235_b14079_c20140717000324408388_noaa_ops.h5,GDNBO_npp_d20140716_t1757431_e1803235_b14079_c20140717000324408134_noaa_ops.h5,SVI04_npp_d20140716_t1757431_e1803235_b14079_c20140717000324402868_noaa_ops.dspace_rad,VNFF_npp_d20140716_t1757431_e1803235_b14079_v21.csv,World_EEZ_v8_2014.shp,WPP_BFAR_merge.shp,KKP_IDN_merge_20161208.shp,VNF-VBD_npp_20120301-20151231_global_asia-enhanced_c201607211230.bitmask,NCEI_NGA.union.nga_lead2.add_2015ntl.mask,timezone.shp,VBD_platforms-recurring_2015_r20170330.shp,999999,VBD_bridges_c20160811.shp,22.302559;20.657581;17.812403;13.013085;8.184108;3.331987;-1.539063;0.598278;2.699680;7.587820;12.484635;17.389103,102.195274;116.899490;131.129013;129.599106;128.217987;126.965988;125.829720;112.252083;98.601341;99.606560;100.547348;101.419044,npp_d20140716_t1757431_e1803235_b14079,147.533,29.0358,44.8018,97.9508,42.4351,98.0325
1954,VBD_npp_d20140716_t1801543_x1072636E_y068512N_l2259_s1111_v23,2017-05-23 13:09:55,6.851183,107.263611,19.7358,2014-07-16 18:01:54,2014-07-17 01:01:54,2259,1111,0.367209,1,2529,0.63326,0.223645,0.921481,0.4,0.893133,0.75,0.0406197,0.0001,2.09763e-11,999999,1.372222e-01,3,Vietnamese Exclusive Economic Zone,WPP711,,SVDNB_npp_d20140716_t1757431_e1803235_b14079_c20140717000324408388_noaa_ops.h5,GDNBO_npp_d20140716_t1757431_e1803235_b14079_c20140717000324408134_noaa_ops.h5,SVI04_npp_d20140716_t1757431_e1803235_b14079_c20140717000324402868_noaa_ops.dspace_rad,VNFF_npp_d20140716_t1757431_e1803235_b14079_v21.csv,World_EEZ_v8_2014.shp,WPP_BFAR_merge.shp,KKP_IDN_merge_20161208.shp,VNF-VBD_npp_20120301-20151231_global_asia-enhanced_c201607211230.bitmask,NCEI_NGA.union.nga_lead2.add_2015ntl.mask,timezone.shp,VBD_platforms-recurring_2015_r20170330.shp,999999,VBD_bridges_c20160811.shp,22.302559;20.657581;17.812403;13.013085;8.184108;3.331987;-1.539063;0.598278;2.699680;7.587820;12.484635;17.389103,102.195274;116.899490;131.129013;129.599106;128.217987;126.965988;125.829720;112.252083;98.601341;99.606560;100.547348;101.419044,npp_d20140716_t1757431_e1803235_b14079,147.678,29.1204,44.8043,98.4662,42.4366,97.8546
1955,VBD_npp_d20140716_t1801543_x1072596E_y068243N_l2263_s1111_v23,2017-05-23 13:09:55,6.824263,107.259628,12.6609,2014-07-16 18:01:54,2014-07-17 01:01:54,2263,1111,0.364115,7,2465,0.453788,0.204802,0.910653,0.4,0.73658,0.75,0.0406182,0.0001,2.09624e-11,999999,2.492307e-01,3,,,,SVDNB_npp_d20140716_t1757431_e1803235_b14079_c20140717000324408388_noaa_ops.h5,GDNBO_npp_d20140716_t1757431_e1803235_b14079_c20140717000324408134_noaa_ops.h5,SVI04_npp_d20140716_t1757431_e1803235_b14079_c20140717000324402868_noaa_ops.dspace_rad,VNFF_npp_d20140716_t1757431_e1803235_b14079_v21.csv,World_EEZ_v8_2014.shp,WPP_BFAR_merge.shp,KKP_IDN_merge_20161208.shp,VNF-VBD_npp_20120301-20151231_global_asia-enhanced_c201607211230.bitmask,NCEI_NGA.union.nga_lead2.add_2015ntl.mask,timezone.shp,VBD_platforms-recurring_2015_r20170330.shp,999999,VBD_bridges_c20160811.shp,22.302559;20.657581;17.812403;13.013085;8.184108;3.331987;-1.539063;0.598278;2.699680;7.587820;12.484635;17.389103,102.195274;116.899490;131.129013;129.599106;128.217987;126.965988;125.829720;112.252083;98.601341;99.606560;100.547348;101.419044,npp_d20140716_t1757431_e1803235_b14079,147.704,29.1351,44.8044,98.2177,42.4368,97.8236
1956,VBD_npp_d20140716_t1801561_x1072432E_y067603N_l2273_s1111_v23,2017-05-23 13:09:55,6.760310,107.243210,19.0356,2014-07-16 18:01:56,2014-07-17 01:01:56,2273,1111,0.316494,1,2529,0.669601,0.239931,0.906716,0.4,0.902845,0.75,0.0406144,0.0001,2.0977e-11,999999,4.040801e-02,3,Vietnamese Exclusive Economic Zone,WPP711,,SVDNB_npp_d20140716_t1757431_e1803235_b14079_c20140717000324408388_noaa_ops.h5,GDNBO_npp_d20140716_t1757431_e1803235_b14079_c20140717000324408134_noaa_ops.h5,SVI04_npp_d20140716_t1757431_e1803235_b14079_c20140717000324402868_noaa_ops.dspace_rad,VNFF_npp_d20140716_t1757431_e1803235_b14079_v21.csv,World_EEZ_v8_2014.shp,WPP_BFAR_merge.shp,KKP_IDN_merge_20161208.shp,VNF-VBD_npp_20120301-20151231_global_asia-enhanced_c201607211230.bitmask,NCEI_NGA.union.nga_lead2.add_2015ntl.mask,timezone.shp,VBD_platforms-recurring_2015_r20170330.shp,999999,VBD_bridges_c20160811.shp,22.302559;20.657581;17.812403;13.013085;8.184108;3.331987;-1.539063;0.598278;2.699680;7.587820;12.484635;17.389103,102.195274;116.899490;131.129013;129.599106;128.217987;126.965988;125.829720;112.252083;98.601341;99.606560;100.547348;101.419044,npp_d20140716_t1757431_e1803235_b14079,147.764,29.171,44.8043,98.5983,42.4373,97.7501
1958,VBD_npp_d20140716_t1801365_x1074834E_y078244N_l2109_s1112_v23,2017-05-23 13:09:55,7.824413,107.483376,31.0132,2014-07-16 18:01:36,2014-07-17 01:01:36,2109,1112,0.276221,1,2529,0.737636,0.277322,0.908438,0.4,0.906558,0.75,0.0406768,0.0001,2.15609e-11,999999,-1.818580e-01,3,Vietnamese Exclusive Economic Zone,,,SVDNB_npp_d20140716_t1757431_e1803235_b14079_c20140717000324408388_noaa_ops.h5,GDNBO_npp_d20140716_t1757431_e1803235_b14079_c20140717000324408134_noaa_ops.h5,SVI04_npp_d20140716_t1757431_e1803235_b14079_c20140717000324402868_noaa_ops.dspace_rad,VNFF_npp_d20140716_t1757431_e1803235_b14079_v21.csv,World_EEZ_v8_2014.shp,WPP_BFAR_merge.shp,KKP_IDN_merge_20161208.shp,VNF-VBD_npp_20120301-20151231_global_asia-enhanced_c201607211230.bitmask,NCEI_NGA.union.nga_lead2.add_2015ntl.mask,timezone.shp,VBD_platforms-recurring_2015_r20170330.shp,999999,VBD_bridges_c20160811.shp,22.302559;20.657581;17.812403;13.013085;8.184108;3.331987;-1.539063;0.598278;2.699680;7.587820;12.484635;17.389103,102.195274;116.899490;131.129013;129.599106;128.217987;126.965988;125.829720;112.252083;98.601341;99.606560;100.547348;101.419044,npp_d20140716_t1757431_e1803235_b14079,146.756,28.6059,44.7733,97.75,42.4337,98.977
1959,VBD_npp_d20140716_t1801454_x1073737E_y073170N_l2187_s1112_v23,2017-05-23 13:09:55,7.316988,107.373734,16.87,2014-07-16 18:01:45,2014-07-17 01:01:45,2187,1112,0.240091,1,2529,0.523091,0.215587,0.861276,0.4,0.843131,0.75,0.0406523,0.0001,2.15878e-11,999999,1.851208e-01,3,Vietnamese Exclusive Economic Zone,,,SVDNB_npp_d20140716_t1757431_e1803235_b14079_c20140717000324408388_noaa_ops.h5,GDNBO_npp_d20140716_t1757431_e1803235_b14079_c20140717000324408134_noaa_ops.h5,SVI04_npp_d20140716_t1757431_e1803235_b14079_c20140717000324402868_noaa_ops.dspace_rad,VNFF_npp_d20140716_t1757431_e1803235_b14079_v21.csv,World_EEZ_v8_2014.shp,WPP_BFAR_merge.shp,KKP_IDN_merge_20161208.shp,VNF-VBD_npp_20120301-20151231_global_asia-enhanced_c201607211230.bitmask,NCEI_NGA.union.nga_lead2.add_2015ntl.mask,timezone.shp,VBD_platforms-recurring_2015_r20170330.shp,999999,VBD_bridges_c20160811.shp,22.302559;20.657581;17.812403;13.013085;8.184108;3.331987;-1.539063;0.598278;2.699680;7.587820;12.484635;17.389103,102.195274;116.899490;131.129013;129.599106;128.217987;126.965988;125.829720;112.252083;98.601341;99.606560;100.547348;101.419044,npp_d20140716_t1757431_e1803235_b14079,147.236,28.8749,44.7733,97.9204,42.4293,98.3925
1960,VBD_npp_d20140716_t1801543_x1072722E_y068637N_l2257_s1112_v23,2017-05-23 13:09:55,6.863661,107.272232,20.3851,2014-07-16 18:01:54,2014-07-17 01:01:54,2257,1112,0.36522,1,2529,0.641611,0.207862,0.925149,0.4,0.874913,0.75,0.0406259,0.0001,2.16346e-11,999999,2.310424e-01,3,Vietnamese Exclusive Economic Zone,WPP711,,SVDNB_npp_d20140716_t1757431_e1803235_b14079_c20140717000324408388_noaa_ops.h5,GDNBO_npp_d20140716_t1757431_e1803235_b14079_c20140717000324408134_noaa_ops.h5,SVI04_npp_d20140716_t1757431_e1803235_b14079_c20140717000324402868_noaa_ops.dspace_rad,VNFF_npp_d20140716_t1757431_e1803235_b14079_v21.csv,World_EEZ_v8_2014.shp,WPP_BFAR_merge.shp,KKP_IDN_merge_20161208.shp,VNF-VBD_npp_20120301-20151231_global_asia-enhanced_c201607211230.bitmask,NCEI_NGA.union.nga_lead2.add_2015ntl.mask,timezone.shp,VBD_platforms-recurring_2015_r20170330.shp,999999,VBD_bridges_c20160811.shp,22.302559;20.657581;17.812403;13.013085;8.184108;3.331987;-1.539063;0.598278;2.699680;7.587820;12.484635;17.389103,102.195274;116.899490;131.129013;129.599106;128.217987;126.965988;125.829720;112.252083;98.601341;99.606560;100.547348;101.419044,npp_d20140716_t1757431_e1803235_b14079,147.663,29.1236,44.7706,98.5915,42.4297,97.8708
1961,VBD_npp_d20140716_t1801561_x1072468E_y067391N_l2276_s1112_v23,2017-05-23 13:09:55,6.739145,107.246849,25.8665,2014-07-16 18:01:56,2014-07-17 01:01:56,2276,1112,0.335554,1,2529,0.745114,0.239044,0.917715,0.4,0.918534,0.75,0.0406188,0.0001,2.16213e-11,999999,4.567925e-02,3,Vietnamese Exclusive Economic Zone,WPP711,,SVDNB_npp_d20140716_t1757431_e1803235_b14079_c20140717000324408388_noaa_ops.h5,GDNBO_npp_d20140716_t1757431_e1803235_b14079_c20140717000324408134_noaa_ops.h5,SVI04_npp_d20140716_t1757431_e1803235_b14079_c20140717000324402868_noaa_ops.dspace_rad,VNFF_npp_d20140716_t1757431_e1803235_b14079_v21.csv,World_EEZ_v8_2014.shp,WPP_BFAR_merge.shp,KKP_IDN_merge_20161208.shp,VNF-VBD_npp_20120301-20151231_global_asia-enhanced_c201607211230.bitmask,NCEI_NGA.union.nga_lead2.add_2015ntl.mask,timezone.shp,VBD_platforms-recurring_2015_r20170330.shp,999999,VBD_bridges_c20160811.shp,22.302559;20.657581;17.812403;13.013085;8.184108;3.331987;-1.539063;0.598278;2.699680;7.587820;12.484635;17.389103,102.195274;116.899490;131.129013;129.599106;128.217987;126.965988;125.829720;112.252083;98.601341;99.606560;100.547348;101.419044,npp_d20140716_t1757431_e1803235_b14079,147.781,29.1928,44.7703,98.4129,42.4308,97.7276
1965,VBD_npp_d20140716_t1801347_x1075099E_y079072N_l2096_s1113_v23,2017-05-23 13:09:55,7.907169,107.509941,11.4493,2014-07-16 18:01:34,2014-07-17 01:01:34,2096,1113,0.364723,1,2529,0.541361,0.31714,0.881285,0.4,0.908504,0.75,0.0406863,0.0001,2.22872e-11,999999,-4.185569e-01,3,Vietnamese Exclusive Economic Zone,,,SVDNB_npp_d20140716_t1757431_e1803235_b14079_c20140717000324408388_noaa_ops.h5,GDNBO_npp_d20140716_t1757431_e1803235_b14079_c20140717000324408134_noaa_ops.h5,SVI04_npp_d20140716_t1757431_e1803235_b14079_c20140717000324402868_noaa_ops.dspace_rad,VNFF_npp_d20140716_t1757431_e1803235_b14079_v21.csv,World_EEZ_v8_2014.shp,WPP_BFAR_merge.shp,KKP_IDN_merge_20161208.shp,VNF-VBD_npp_20120301-20151231_global_asia-enhanced_c201607211230.bitmask,NCEI_NGA.union.nga_lead2.add_2015ntl.mask,timezone.shp,VBD_platforms-recurring_2015_r20170330.shp,999999,VBD_bridges_c20160811.shp,22.302559;20.657581;17.812403;13.013085;8.184108;3.331987;-1.539063;0.598278;2.699680;7.587820;12.484635;17.389103,102.195274;116.899490;131.129013;129.599106;128.217987;126.965988;125.829720;112.252083;98.601341;99.606560;100.547348;101.419044,npp_d20140716_t1757431_e1803235_b14079,146.675,28.5736,44.7373,97.5528,42.4276,99.0747
1966,VBD_npp_d20140716_t1801383_x1074765E_y077796N_l2116_s1113_v23,2017-05-23 13:09:55,7.779589,107.476547,15.4574,2014-07-16 18:01:38,2014-07-17 01:01:38,2116,1113,0.380799,1,2529,0.584933,0.32009,0.914494,0.4,0.868985,0.75,0.0406801,0.0001,2.22231e-11,999999,-4.360925e-01,3,Vietnamese Exclusive Economic Zone,,,SVDNB_npp_d20140716_t1757431_e1803235_b14079_c20140717000324408388_noaa_ops.h5,GDNBO_npp_d20140716_t1757431_e1803235_b14079_c20140717000324408134_noaa_ops.h5,SVI04_npp_d20140716_t1757431_e1803235_b14079_c20140717000324402868_noaa_ops.dspace_rad,VNFF_npp_d20140716_t1757431_e1803235_b14079_v21.csv,World_EEZ_v8_2014.shp,WPP_BFAR_merge.shp,KKP_IDN_merge_20161208.shp,VNF-VBD_npp_20120301-20151231_global_asia-enhanced_c201607211230.bitmask,NCEI_NGA.union.nga_lead2.add_2015ntl.mask,timezone.shp,VBD_platforms-recurring_2015_r20170330.shp,999999,VBD_bridges_c20160811.shp,22.302559;20.657581;17.812403;13.013085;8.184108;3.331987;-1.539063;0.598278;2.699680;7.587820;12.484635;17.389103,102.195274;116.899490;131.129013;129.599106;128.217987;126.965988;125.829720;112.252083;98.601341;99.606560;100.547348;101.419044,npp_d20140716_t1757431_e1803235_b14079,146.795,28.6396,44.7382,98.3175,42.4263,98.9274
1967,VBD_npp_d20140716_t1801543_x1072679E_y067887N_l2268_s1113_v23,2017-05-23 13:09:55,6.788717,107.267914,12.9853,2014-07-16 18:01:54,2014-07-17 01:01:54,2268,1113,0.324947,1,2529,0.533954,0.253899,0.903089,0.4,0.863071,0.75,0.0406273,0.0001,2.22592e-11,999999,-4.262456e-02,3,Vietnamese Exclusive Economic Zone,WPP711,,SVDNB_npp_d20140716_t1757431_e1803235_b14079_c20140717000324408388_noaa_ops.h5,GDNBO_npp_d20140716_t1757431_e1803235_b14079_c20140717000324408134_noaa_ops.h5,SVI04_npp_d20140716_t1757431_e1803235_b14079_c20140717000324402868_noaa_ops.dspace_rad,VNFF_npp_d20140716_t1757431_e1803235_b14079_v21.csv,World_EEZ_v8_2014.shp,WPP_BFAR_merge.shp,KKP_IDN_merge_20161208.shp,VNF-VBD_npp_20120301-20151231_global_asia-enhanced_c201607211230.bitmask,NCEI_NGA.union.nga_lead2.add_2015ntl.mask,timezone.shp,VBD_platforms-recurring_2015_r20170330.shp,999999,VBD_bridges_c20160811.shp,22.302559;20.657581;17.812403;13.013085;8.184108;3.331987;-1.539063;0.598278;2.699680;7.587820;12.484635;17.389103,102.195274;116.899490;131.129013;129.599106;128.217987;126.965988;125.829720;112.252083;98.601341;99.606560;100.547348;101.419044,npp_d20140716_t1757431_e1803235_b14079,147.731,29.1749,44.7379,97.9084,42.4237,97.7864
1969,VBD_npp_d20140716_t1801365_x1075085E_y079032N_l2097_s1114_v23,2017-05-23 13:09:55,7.903205,107.508499,7.66736,2014-07-16 18:01:36,2014-07-17 01:01:36,2097,1114,0.412509,1,2273,0.287411,0.264173,0.881285,0.4,0.810998,0.75,0.0406915,0.0001,2.28829e-11,999999,-1.036956e-01,3,Vietnamese Exclusive Economic Zone,,,SVDNB_npp_d20140716_t1757431_e1803235_b14079_c20140717000324408388_noaa_ops.h5,GDNBO_npp_d20140716_t1757431_e1803235_b14079_c20140717000324408134_noaa_ops.h5,SVI04_npp_d20140716_t1757431_e1803235_b14079_c20140717000324402868_noaa_ops.dspace_rad,VNFF_npp_d20140716_t1757431_e1803235_b14079_v21.csv,World_EEZ_v8_2014.shp,WPP_BFAR_merge.shp,KKP_IDN_merge_20161208.shp,VNF-VBD_npp_20120301-20151231_global_asia-enhanced_c201607211230.bitmask,NCEI_NGA.union.nga_lead2.add_2015ntl.mask,timezone.shp,VBD_platforms-recurring_2015_r20170330.shp,999999,VBD_bridges_c20160811.shp,22.302559;20.657581;17.812403;13.013085;8.184108;3.331987;-1.539063;0.598278;2.699680;7.587820;12.484635;17.389103,102.195274;116.899490;131.129013;129.599106;128.217987;126.965988;125.829720;112.252083;98.601341;99.606560;100.547348;101.419044,npp_d20140716_t1757431_e1803235_b14079,146.675,28.5852,44.7042,98.4983,42.4213,99.072
1970,VBD_npp_d20140716_t1801365_x1074977E_y078293N_l2108_s1114_v23,2017-05-23 13:09:55,7.829269,107.497650,18.7837,2014-07-16 18:01:36,2014-07-17 01:01:36,2108,1114,0.404664,1,2529,0.543198,0.314591,0.908438,0.4,0.831297,0.75,0.0406881,0.0001,2.29224e-11,999999,-4.034048e-01,3,Vietnamese Exclusive Economic Zone,,,SVDNB_npp_d20140716_t1757431_e1803235_b14079_c20140717000324408388_noaa_ops.h5,GDNBO_npp_d20140716_t1757431_e1803235_b14079_c20140717000324408134_noaa_ops.h5,SVI04_npp_d20140716_t1757431_e1803235_b14079_c20140717000324402868_noaa_ops.dspace_rad,VNFF_npp_d20140716_t1757431_e1803235_b14079_v21.csv,World_EEZ_v8_2014.shp,WPP_BFAR_merge.shp,KKP_IDN_merge_20161208.shp,VNF-VBD_npp_20120301-20151231_global_asia-enhanced_c201607211230.bitmask,NCEI_NGA.union.nga_lead2.add_2015ntl.mask,timezone.shp,VBD_platforms-recurring_2015_r20170330.shp,999999,VBD_bridges_c20160811.shp,22.302559;20.657581;17.812403;13.013085;8.184108;3.331987;-1.539063;0.598278;2.699680;7.587820;12.484635;17.389103,102.195274;116.899490;131.129013;129.599106;128.217987;126.965988;125.829720;112.252083;98.601341;99.606560;100.547348;101.419044,npp_d20140716_t1757431_e1803235_b14079,146.745,28.6232,44.7053,97.8136,42.4203,98.9868
1971,VBD_npp_d20140716_t1801543_x1072855E_y068617N_l2257_s1114_v23,2017-05-23 13:09:55,6.861697,107.285477,5.34189,2014-07-16 18:01:54,2014-07-17 01:01:54,2257,1114,0.350912,7,2209,0.201598,0.199815,0.925149,0.4,0.610069,0.75,0.040637,0.0001,2.30012e-11,999999,2.788774e-01,3,,,,SVDNB_npp_d20140716_t1757431_e1803235_b14079_c20140717000324408388_noaa_ops.h5,GDNBO_npp_d20140716_t1757431_e1803235_b14079_c20140717000324408134_noaa_ops.h5,SVI04_npp_d20140716_t1757431_e1803235_b14079_c20140717000324402868_noaa_ops.dspace_rad,VNFF_npp_d20140716_t1757431_e1803235_b14079_v21.csv,World_EEZ_v8_2014.shp,WPP_BFAR_merge.shp,KKP_IDN_merge_20161208.shp,VNF-VBD_npp_20120301-20151231_global_asia-enhanced_c201607211230.bitmask,NCEI_NGA.union.nga_lead2.add_2015ntl.mask,timezone.shp,VBD_platforms-recurring_2015_r20170330.shp,999999,VBD_bridges_c20160811.shp,22.302559;20.657581;17.812403;13.013085;8.184108;3.331987;-1.539063;0.598278;2.699680;7.587820;12.484635;17.389103,102.195274;116.899490;131.129013;129.599106;128.217987;126.965988;125.829720;112.252083;98.601341;99.606560;100.547348;101.419044,npp_d20140716_t1757431_e1803235_b14079,147.659,29.1448,44.703,98.5935,42.4162,97.8722
1972,VBD_npp_d20140716_t1801561_x1072551E_y067036N_l2281_s1114_v23,2017-05-23 13:09:55,6.703597,107.255112,17.6274,2014-07-16 18:01:56,2014-07-17 01:01:56,2281,1114,0.331687,1,2529,0.642699,0.255124,0.915599,0.4,0.900369,0.75,0.0406279,0.0001,2.29593e-11,999999,-4.990410e-02,3,Vietnamese Exclusive Economic Zone,WPP711,,SVDNB_npp_d20140716_t1757431_e1803235_b14079_c20140717000324408388_noaa_ops.h5,GDNBO_npp_d20140716_t1757431_e1803235_b14079_c20140717000324408134_noaa_ops.h5,SVI04_npp_d20140716_t1757431_e1803235_b14079_c20140717000324402868_noaa_ops.dspace_rad,VNFF_npp_d20140716_t1757431_e1803235_b14079_v21.csv,World_EEZ_v8_2014.shp,WPP_BFAR_merge.shp,KKP_IDN_merge_20161208.shp,VNF-VBD_npp_20120301-20151231_global_asia-enhanced_c201607211230.bitmask,NCEI_NGA.union.nga_lead2.add_2015ntl.mask,timezone.shp,VBD_platforms-recurring_2015_r20170330.shp,999999,VBD_bridges_c20160811.shp,22.302559;20.657581;17.812403;13.013085;8.184108;3.331987;-1.539063;0.598278;2.699680;7.587820;12.484635;17.389103,102.195274;116.899490;131.129013;129.599106;128.217987;126.965988;125.829720;112.252083;98.601341;99.606560;100.547348;101.419044,npp_d20140716_t1757431_e1803235_b14079,147.808,29.2327,44.7032,98.1035,42.4177,97.6903
1979,VBD_npp_d20140716_t1801454_x1073976E_y073410N_l2183_s1115_v23,2017-05-23 13:09:55,7.341028,107.397591,11.3744,2014-07-16 18:01:45,2014-07-17 01:01:45,2183,1115,0.22501,2,2465,0.328992,0.221069,0.764649,0.4,0.688525,0.75,0.0406704,0.0001,2.36708e-11,999999,1.525321e-01,3,Vietnamese Exclusive Economic Zone,,,SVDNB_npp_d20140716_t1757431_e1803235_b14079_c20140717000324408388_noaa_ops.h5,GDNBO_npp_d20140716_t1757431_e1803235_b14079_c20140717000324408134_noaa_ops.h5,SVI04_npp_d20140716_t1757431_e1803235_b14079_c20140717000324402868_noaa_ops.dspace_rad,VNFF_npp_d20140716_t1757431_e1803235_b14079_v21.csv,World_EEZ_v8_2014.shp,WPP_BFAR_merge.shp,KKP_IDN_merge_20161208.shp,VNF-VBD_npp_20120301-20151231_global_asia-enhanced_c201607211230.bitmask,NCEI_NGA.union.nga_lead2.add_2015ntl.mask,timezone.shp,VBD_platforms-recurring_2015_r20170330.shp,999999,VBD_bridges_c20160811.shp,22.302559;20.657581;17.812403;13.013085;8.184108;3.331987;-1.539063;0.598278;2.699680;7.587820;12.484635;17.389103,102.195274;116.899490;131.129013;129.599106;128.217987;126.965988;125.829720;112.252083;98.601341;99.606560;100.547348;101.419044,npp_d20140716_t1757431_e1803235_b14079,147.203,28.8921,44.671,98.1717,42.4092,98.4261
1980,VBD_npp_d20140716_t1801525_x1073041E_y068976N_l2251_s1115_v23,2017-05-23 13:09:55,6.897570,107.304100,22.5004,2014-07-16 18:01:52,2014-07-17 01:01:52,2251,1115,0.34931,1,2529,0.702132,0.225216,0.923517,0.4,0.910245,0.75,0.0406448,0.0001,2.36376e-11,999999,1.278784e-01,3,Vietnamese Exclusive Economic Zone,WPP711,,SVDNB_npp_d20140716_t1757431_e1803235_b14079_c20140717000324408388_noaa_ops.h5,GDNBO_npp_d20140716_t1757431_e1803235_b14079_c20140717000324408134_noaa_ops.h5,SVI04_npp_d20140716_t1757431_e1803235_b14079_c20140717000324402868_noaa_ops.dspace_rad,VNFF_npp_d20140716_t1757431_e1803235_b14079_v21.csv,World_EEZ_v8_2014.shp,WPP_BFAR_merge.shp,KKP_IDN_merge_20161208.shp,VNF-VBD_npp_20120301-20151231_global_asia-enhanced_c201607211230.bitmask,NCEI_NGA.union.nga_lead2.add_2015ntl.mask,timezone.shp,VBD_platforms-recurring_2015_r20170330.shp,999999,VBD_bridges_c20160811.shp,22.302559;20.657581;17.812403;13.013085;8.184108;3.331987;-1.539063;0.598278;2.699680;7.587820;12.484635;17.389103,102.195274;116.899490;131.129013;129.599106;128.217987;126.965988;125.829720;112.252083;98.601341;99.606560;100.547348;101.419044,npp_d20140716_t1757431_e1803235_b14079,147.622,29.134,44.6721,97.9606,42.4098,97.9153
1981,VBD_npp_d20140716_t1801543_x1072871E_y068271N_l2262_s1115_v23,2017-05-23 13:09:55,6.827127,107.287140,18.6848,2014-07-16 18:01:54,2014-07-17 01:01:54,2262,1115,0.333233,1,2529,0.635878,0.248058,0.920753,0.4,0.889276,0.75,0.0406406,0.0001,2.36992e-11,999999,-7.899882e-03,3,Vietnamese Exclusive Economic Zone,WPP711,,SVDNB_npp_d20140716_t1757431_e1803235_b14079_c20140717000324408388_noaa_ops.h5,GDNBO_npp_d20140716_t1757431_e1803235_b14079_c20140717000324408134_noaa_ops.h5,SVI04_npp_d20140716_t1757431_e1803235_b14079_c20140717000324402868_noaa_ops.dspace_rad,VNFF_npp_d20140716_t1757431_e1803235_b14079_v21.csv,World_EEZ_v8_2014.shp,WPP_BFAR_merge.shp,KKP_IDN_merge_20161208.shp,VNF-VBD_npp_20120301-20151231_global_asia-enhanced_c201607211230.bitmask,NCEI_NGA.union.nga_lead2.add_2015ntl.mask,timezone.shp,VBD_platforms-recurring_2015_r20170330.shp,999999,VBD_bridges_c20160811.shp,22.302559;20.657581;17.812403;13.013085;8.184108;3.331987;-1.539063;0.598278;2.699680;7.587820;12.484635;17.389103,102.195274;116.899490;131.129013;129.599106;128.217987;126.965988;125.829720;112.252083;98.601341;99.606560;100.547348;101.419044,npp_d20140716_t1757431_e1803235_b14079,147.688,29.1739,44.669,98.2832,42.4098,97.8343
1982,VBD_npp_d20140716_t1801543_x1072851E_y068137N_l2264_s1115_v23,2017-05-23 13:09:55,6.813693,107.285149,15.7754,2014-07-16 18:01:54,2014-07-17 01:01:54,2264,1115,0.329035,1,2529,0.607542,0.239581,0.909029,0.4,0.885853,0.75,0.0406399,0.0001,2.36893e-11,999999,4.248841e-02,3,Vietnamese Exclusive Economic Zone,WPP711,,SVDNB_npp_d20140716_t1757431_e1803235_b14079_c20140717000324408388_noaa_ops.h5,GDNBO_npp_d20140716_t1757431_e1803235_b14079_c20140717000324408134_noaa_ops.h5,SVI04_npp_d20140716_t1757431_e1803235_b14079_c20140717000324402868_noaa_ops.dspace_rad,VNFF_npp_d20140716_t1757431_e1803235_b14079_v21.csv,World_EEZ_v8_2014.shp,WPP_BFAR_merge.shp,KKP_IDN_merge_20161208.shp,VNF-VBD_npp_20120301-20151231_global_asia-enhanced_c201607211230.bitmask,NCEI_NGA.union.nga_lead2.add_2015ntl.mask,timezone.shp,VBD_platforms-recurring_2015_r20170330.shp,999999,VBD_bridges_c20160811.shp,22.302559;20.657581;17.812403;13.013085;8.184108;3.331987;-1.539063;0.598278;2.699680;7.587820;12.484635;17.389103,102.195274;116.899490;131.129013;129.599106;128.217987;126.965988;125.829720;112.252083;98.601341;99.606560;100.547348;101.419044,npp_d20140716_t1757431_e1803235_b14079,147.701,29.1813,44.6693,98.1587,42.41,97.8188
1988,VBD_npp_d20140716_t1801365_x1075069E_y078005N_l2112_s1116_v23,2017-05-23 13:09:55,7.800542,107.506935,30.7891,2014-07-16 18:01:36,2014-07-17 01:01:36,2112,1116,0.416597,1,2529,0.846213,0.276609,0.897982,0.4,0.924454,0.75,0.0406979,0.0001,2.43641e-11,999999,-1.776220e-01,3,Vietnamese Exclusive Economic Zone,,,SVDNB_npp_d20140716_t1757431_e1803235_b14079_c20140717000324408388_noaa_ops.h5,GDNBO_npp_d20140716_t1757431_e1803235_b14079_c20140717000324408134_noaa_ops.h5,SVI04_npp_d20140716_t1757431_e1803235_b14079_c20140717000324402868_noaa_ops.dspace_rad,VNFF_npp_d20140716_t1757431_e1803235_b14079_v21.csv,World_EEZ_v8_2014.shp,WPP_BFAR_merge.shp,KKP_IDN_merge_20161208.shp,VNF-VBD_npp_20120301-20151231_global_asia-enhanced_c201607211230.bitmask,NCEI_NGA.union.nga_lead2.add_2015ntl.mask,timezone.shp,VBD_platforms-recurring_2015_r20170330.shp,999999,VBD_bridges_c20160811.shp,22.302559;20.657581;17.812403;13.013085;8.184108;3.331987;-1.539063;0.598278;2.699680;7.587820;12.484635;17.389103,102.195274;116.899490;131.129013;129.599106;128.217987;126.965988;125.829720;112.252083;98.601341;99.606560;100.547348;101.419044,npp_d20140716_t1757431_e1803235_b14079,146.766,28.6578,44.6393,97.5658,42.4066,98.9579
1989,VBD_npp_d20140716_t1801436_x1074296E_y074645N_l2164_s1116_v23,2017-05-23 13:09:55,7.464503,107.429642,40.9116,2014-07-16 18:01:43,2014-07-17 01:01:43,2164,1116,0.384003,1,2529,0.903161,0.257758,0.858954,0.4,0.94479,0.75,0.0406819,0.0001,2.44078e-11,999999,-6.556228e-02,3,Vietnamese Exclusive Economic Zone,,,SVDNB_npp_d20140716_t1757431_e1803235_b14079_c20140717000324408388_noaa_ops.h5,GDNBO_npp_d20140716_t1757431_e1803235_b14079_c20140717000324408134_noaa_ops.h5,SVI04_npp_d20140716_t1757431_e1803235_b14079_c20140717000324402868_noaa_ops.dspace_rad,VNFF_npp_d20140716_t1757431_e1803235_b14079_v21.csv,World_EEZ_v8_2014.shp,WPP_BFAR_merge.shp,KKP_IDN_merge_20161208.shp,VNF-VBD_npp_20120301-20151231_global_asia-enhanced_c201607211230.bitmask,NCEI_NGA.union.nga_lead2.add_2015ntl.mask,timezone.shp,VBD_platforms-recurring_2015_r20170330.shp,999999,VBD_bridges_c20160811.shp,22.302559;20.657581;17.812403;13.013085;8.184108;3.331987;-1.539063;0.598278;2.699680;7.587820;12.484635;17.389103,102.195274;116.899490;131.129013;129.599106;128.217987;126.965988;125.829720;112.252083;98.601341;99.606560;100.547348;101.419044,npp_d20140716_t1757431_e1803235_b14079,147.084,28.8361,44.6364,98.3514,42.403,98.5704
1999,VBD_npp_d20140716_t1801365_x1075274E_y078936N_l2098_s1117_v23,2017-05-23 13:09:55,7.893587,107.527382,33.7793,2014-07-16 18:01:36,2014-07-17 01:01:36,2098,1117,0.408974,1,2529,0.893239,0.248034,0.87765,0.4,0.951775,0.75,0.0407077,0.0001,2.50816e-11,999999,-7.761533e-03,3,Vietnamese Exclusive Economic Zone,,,SVDNB_npp_d20140716_t1757431_e1803235_b14079_c20140717000324408388_noaa_ops.h5,GDNBO_npp_d20140716_t1757431_e1803235_b14079_c20140717000324408134_noaa_ops.h5,SVI04_npp_d20140716_t1757431_e1803235_b14079_c20140717000324402868_noaa_ops.dspace_rad,VNFF_npp_d20140716_t1757431_e1803235_b14079_v21.csv,World_EEZ_v8_2014.shp,WPP_BFAR_merge.shp,KKP_IDN_merge_20161208.shp,VNF-VBD_npp_20120301-20151231_global_asia-enhanced_c201607211230.bitmask,NCEI_NGA.union.nga_lead2.add_2015ntl.mask,timezone.shp,VBD_platforms-recurring_2015_r20170330.shp,999999,VBD_bridges_c20160811.shp,22.302559;20.657581;17.812403;13.013085;8.184108;3.331987;-1.539063;0.598278;2.699680;7.587820;12.484635;17.389103,102.195274;116.899490;131.129013;129.599106;128.217987;126.965988;125.829720;112.252083;98.601341;99.606560;100.547348;101.419044,npp_d20140716_t1757431_e1803235_b14079,146.675,28.6198,44.6027,98.4394,42.4011,99.0673
2000,VBD_npp_d20140716_t1801525_x1073183E_y069024N_l2250_s1117_v23,2017-05-23 13:09:55,6.902390,107.318306,23.5618,2014-07-16 18:01:52,2014-07-17 01:01:52,2250,1117,0.352569,1,2529,0.721274,0.238071,0.91011,0.4,0.914733,0.75,0.0406562,0.0001,2.51287e-11,999999,5.146711e-02,3,Vietnamese Exclusive Economic Zone,WPP711,,SVDNB_npp_d20140716_t1757431_e1803235_b14079_c20140717000324408388_noaa_ops.h5,GDNBO_npp_d20140716_t1757431_e1803235_b14079_c20140717000324408134_noaa_ops.h5,SVI04_npp_d20140716_t1757431_e1803235_b14079_c20140717000324402868_noaa_ops.dspace_rad,VNFF_npp_d20140716_t1757431_e1803235_b14079_v21.csv,World_EEZ_v8_2014.shp,WPP_BFAR_merge.shp,KKP_IDN_merge_20161208.shp,VNF-VBD_npp_20120301-20151231_global_asia-enhanced_c201607211230.bitmask,NCEI_NGA.union.nga_lead2.add_2015ntl.mask,timezone.shp,VBD_platforms-recurring_2015_r20170330.shp,999999,VBD_bridges_c20160811.shp,22.302559;20.657581;17.812403;13.013085;8.184108;3.331987;-1.539063;0.598278;2.699680;7.587820;12.484635;17.389103,102.195274;116.899490;131.129013;129.599106;128.217987;126.965988;125.829720;112.252083;98.601341;99.606560;100.547348;101.419044,npp_d20140716_t1757431_e1803235_b14079,147.611,29.1514,44.6042,98.0243,42.3963,97.9245
2003,VBD_npp_d20140716_t1802050_x1071765E_y062263N_l2354_s1118_v23,2017-05-23 13:09:55,6.226325,107.176514,22.1139,2014-07-16 18:02:05,2014-07-17 02:02:05,2354,1118,0.39113,1,2529,0.661163,0.265229,0.897039,0.4,0.88745,0.75,0.0406166,0.0001,2.59151e-11,999999,-1.099733e-01,3,Indonesian Exclusive Economic Zone,WPP711,,SVDNB_npp_d20140716_t1757431_e1803235_b14079_c20140717000324408388_noaa_ops.h5,GDNBO_npp_d20140716_t1757431_e1803235_b14079_c20140717000324408134_noaa_ops.h5,SVI04_npp_d20140716_t1757431_e1803235_b14079_c20140717000324402868_noaa_ops.dspace_rad,VNFF_npp_d20140716_t1757431_e1803235_b14079_v21.csv,World_EEZ_v8_2014.shp,WPP_BFAR_merge.shp,KKP_IDN_merge_20161208.shp,VNF-VBD_npp_20120301-20151231_global_asia-enhanced_c201607211230.bitmask,NCEI_NGA.union.nga_lead2.add_2015ntl.mask,timezone.shp,VBD_platforms-recurring_2015_r20170330.shp,999999,VBD_bridges_c20160811.shp,22.302559;20.657581;17.812403;13.013085;8.184108;3.331987;-1.539063;0.598278;2.699680;7.587820;12.484635;17.389103,102.195274;116.899490;131.129013;129.599106;128.217987;126.965988;125.829720;112.252083;98.601341;99.606560;100.547348;101.419044,npp_d20140716_t1757431_e1803235_b14079,148.244,29.5456,44.566,98.5941,42.3979,97.1482
2004,VBD_npp_d20140716_t1802050_x1071645E_y061458N_l2366_s1118_v23,2017-05-23 13:09:55,6.145839,107.164505,7.70852,2014-07-16 18:02:05,2014-07-17 02:02:05,2366,1118,0.40356,1,2273,0.303646,0.2454,0.891041,0.4,0.757212,0.75,0.0406111,0.0001,2.57776e-11,999999,7.897180e-03,3,Indonesian Exclusive Economic Zone,WPP711,,SVDNB_npp_d20140716_t1757431_e1803235_b14079_c20140717000324408388_noaa_ops.h5,GDNBO_npp_d20140716_t1757431_e1803235_b14079_c20140717000324408134_noaa_ops.h5,SVI04_npp_d20140716_t1757431_e1803235_b14079_c20140717000324402868_noaa_ops.dspace_rad,VNFF_npp_d20140716_t1757431_e1803235_b14079_v21.csv,World_EEZ_v8_2014.shp,WPP_BFAR_merge.shp,KKP_IDN_merge_20161208.shp,VNF-VBD_npp_20120301-20151231_global_asia-enhanced_c201607211230.bitmask,NCEI_NGA.union.nga_lead2.add_2015ntl.mask,timezone.shp,VBD_platforms-recurring_2015_r20170330.shp,999999,VBD_bridges_c20160811.shp,22.302559;20.657581;17.812403;13.013085;8.184108;3.331987;-1.539063;0.598278;2.699680;7.587820;12.484635;17.389103,102.195274;116.899490;131.129013;129.599106;128.217987;126.965988;125.829720;112.252083;98.601341;99.606560;100.547348;101.419044,npp_d20140716_t1757431_e1803235_b14079,148.32,29.5918,44.5679,97.8456,42.3999,97.0557
2006,VBD_npp_d20140716_t1801543_x1073175E_y068501N_l2258_s1119_v23,2017-05-23 13:09:55,6.850099,107.317474,16.9812,2014-07-16 18:01:54,2014-07-17 01:01:54,2258,1119,0.33688,8,18913,0.611993,0.241599,0.935894,0.4,0.887237,0.75,0.0406642,0.0001,2.67791e-11,999999,3.049491e-02,3,Vietnamese Exclusive Economic Zone,WPP711,,SVDNB_npp_d20140716_t1757431_e1803235_b14079_c20140717000324408388_noaa_ops.h5,GDNBO_npp_d20140716_t1757431_e1803235_b14079_c20140717000324408134_noaa_ops.h5,SVI04_npp_d20140716_t1757431_e1803235_b14079_c20140717000324402868_noaa_ops.dspace_rad,VNFF_npp_d20140716_t1757431_e1803235_b14079_v21.csv,World_EEZ_v8_2014.shp,WPP_BFAR_merge.shp,KKP_IDN_merge_20161208.shp,VNF-VBD_npp_20120301-20151231_global_asia-enhanced_c201607211230.bitmask,NCEI_NGA.union.nga_lead2.add_2015ntl.mask,timezone.shp,VBD_platforms-recurring_2015_r20170330.shp,0.956714,VBD_bridges_c20160811.shp,22.302559;20.657581;17.812403;13.013085;8.184108;3.331987;-1.539063;0.598278;2.699680;7.587820;12.484635;17.389103,102.195274;116.899490;131.129013;129.599106;128.217987;126.965988;125.829720;112.252083;98.601341;99.606560;100.547348;101.419044,npp_d20140716_t1757431_e1803235_b14079,147.653,29.2014,44.5339,98.5362,42.3828,97.868
2007,VBD_npp_d20140716_t1801543_x1073085E_y067898N_l2267_s1119_v23,2017-05-23 13:09:55,6.789756,107.308533,10.451,2014-07-16 18:01:54,2014-07-17 01:01:54,2267,1119,0.276939,1,2529,0.437672,0.292817,0.887455,0.4,0.829158,0.75,0.0406608,0.0001,2.67317e-11,999999,-2.739715e-01,3,Vietnamese Exclusive Economic Zone,WPP711,,SVDNB_npp_d20140716_t1757431_e1803235_b14079_c20140717000324408388_noaa_ops.h5,GDNBO_npp_d20140716_t1757431_e1803235_b14079_c20140717000324408134_noaa_ops.h5,SVI04_npp_d20140716_t1757431_e1803235_b14079_c20140717000324402868_noaa_ops.dspace_rad,VNFF_npp_d20140716_t1757431_e1803235_b14079_v21.csv,World_EEZ_v8_2014.shp,WPP_BFAR_merge.shp,KKP_IDN_merge_20161208.shp,VNF-VBD_npp_20120301-20151231_global_asia-enhanced_c201607211230.bitmask,NCEI_NGA.union.nga_lead2.add_2015ntl.mask,timezone.shp,VBD_platforms-recurring_2015_r20170330.shp,999999,VBD_bridges_c20160811.shp,22.302559;20.657581;17.812403;13.013085;8.184108;3.331987;-1.539063;0.598278;2.699680;7.587820;12.484635;17.389103,102.195274;116.899490;131.129013;129.599106;128.217987;126.965988;125.829720;112.252083;98.601341;99.606560;100.547348;101.419044,npp_d20140716_t1757431_e1803235_b14079,147.71,29.2346,44.5348,97.9744,42.3833,97.7985
2008,VBD_npp_d20140716_t1802050_x1071801E_y062052N_l2357_s1119_v23,2017-05-23 13:09:55,6.205232,107.180099,15.1734,2014-07-16 18:02:05,2014-07-17 02:02:05,2357,1119,0.344006,1,2529,0.464524,0.292513,0.912441,0.4,0.816217,0.75,0.0406207,0.0001,2.66858e-11,999999,-2.721616e-01,3,Indonesian Exclusive Economic Zone,WPP711,,SVDNB_npp_d20140716_t1757431_e1803235_b14079_c20140717000324408388_noaa_ops.h5,GDNBO_npp_d20140716_t1757431_e1803235_b14079_c20140717000324408134_noaa_ops.h5,SVI04_npp_d20140716_t1757431_e1803235_b14079_c20140717000324402868_noaa_ops.dspace_rad,VNFF_npp_d20140716_t1757431_e1803235_b14079_v21.csv,World_EEZ_v8_2014.shp,WPP_BFAR_merge.shp,KKP_IDN_merge_20161208.shp,VNF-VBD_npp_20120301-20151231_global_asia-enhanced_c201607211230.bitmask,NCEI_NGA.union.nga_lead2.add_2015ntl.mask,timezone.shp,VBD_platforms-recurring_2015_r20170330.shp,999999,VBD_bridges_c20160811.shp,22.302559;20.657581;17.812403;13.013085;8.184108;3.331987;-1.539063;0.598278;2.699680;7.587820;12.484635;17.389103,102.195274;116.899490;131.129013;129.599106;128.217987;126.965988;125.829720;112.252083;98.601341;99.606560;100.547348;101.419044,npp_d20140716_t1757431_e1803235_b14079,148.261,29.5679,44.5321,98.4078,42.3917,97.1256
2009,VBD_npp_d20140716_t1802050_x1071761E_y061784N_l2361_s1119_v23,2017-05-23 13:09:55,6.178415,107.176102,28.3981,2014-07-16 18:02:05,2014-07-17 02:02:05,2361,1119,0.384169,1,2529,0.750888,0.232742,0.912171,0.4,0.933629,0.75,0.0406189,0.0001,2.6641e-11,999999,8.314166e-02,3,Indonesian Exclusive Economic Zone,WPP711,,SVDNB_npp_d20140716_t1757431_e1803235_b14079_c20140717000324408388_noaa_ops.h5,GDNBO_npp_d20140716_t1757431_e1803235_b14079_c20140717000324408134_noaa_ops.h5,SVI04_npp_d20140716_t1757431_e1803235_b14079_c20140717000324402868_noaa_ops.dspace_rad,VNFF_npp_d20140716_t1757431_e1803235_b14079_v21.csv,World_EEZ_v8_2014.shp,WPP_BFAR_merge.shp,KKP_IDN_merge_20161208.shp,VNF-VBD_npp_20120301-20151231_global_asia-enhanced_c201607211230.bitmask,NCEI_NGA.union.nga_lead2.add_2015ntl.mask,timezone.shp,VBD_platforms-recurring_2015_r20170330.shp,999999,VBD_bridges_c20160811.shp,22.302559;20.657581;17.812403;13.013085;8.184108;3.331987;-1.539063;0.598278;2.699680;7.587820;12.484635;17.389103,102.195274;116.899490;131.129013;129.599106;128.217987;126.965988;125.829720;112.252083;98.601341;99.606560;100.547348;101.419044,npp_d20140716_t1757431_e1803235_b14079,148.286,29.5832,44.5326,98.1581,42.3923,97.0948
2016,VBD_npp_d20140716_t1801489_x1073900E_y071068N_l2218_s1121_v23,2017-05-23 13:09:55,7.106831,107.390045,10.1659,2014-07-16 18:01:48,2014-07-17 01:01:48,2218,1121,0.207718,1,2529,0.373119,0.282573,0.642942,0.4,0.7565,0.75,0.0406903,0.0001,2.84648e-11,999999,-2.130726e-01,3,Vietnamese Exclusive Economic Zone,WPP711,,SVDNB_npp_d20140716_t1757431_e1803235_b14079_c20140717000324408388_noaa_ops.h5,GDNBO_npp_d20140716_t1757431_e1803235_b14079_c20140717000324408134_noaa_ops.h5,SVI04_npp_d20140716_t1757431_e1803235_b14079_c20140717000324402868_noaa_ops.dspace_rad,VNFF_npp_d20140716_t1757431_e1803235_b14079_v21.csv,World_EEZ_v8_2014.shp,WPP_BFAR_merge.shp,KKP_IDN_merge_20161208.shp,VNF-VBD_npp_20120301-20151231_global_asia-enhanced_c201607211230.bitmask,NCEI_NGA.union.nga_lead2.add_2015ntl.mask,timezone.shp,VBD_platforms-recurring_2015_r20170330.shp,999999,VBD_bridges_c20160811.shp,22.302559;20.657581;17.812403;13.013085;8.184108;3.331987;-1.539063;0.598278;2.699680;7.587820;12.484635;17.389103,102.195274;116.899490;131.129013;129.599106;128.217987;126.965988;125.829720;112.252083;98.601341;99.606560;100.547348;101.419044,npp_d20140716_t1757431_e1803235_b14079,147.405,29.0796,44.4659,98.0083,42.3682,98.1678
2017,VBD_npp_d20140716_t1801525_x1073397E_y068651N_l2255_s1121_v23,2017-05-23 13:09:55,6.865108,107.339684,16.5755,2014-07-16 18:01:52,2014-07-17 01:01:52,2255,1121,0.324394,1,2529,0.590151,0.257173,0.935894,0.4,0.874723,0.75,0.0406764,0.0001,2.83257e-11,999999,-6.208698e-02,3,Vietnamese Exclusive Economic Zone,WPP711,,SVDNB_npp_d20140716_t1757431_e1803235_b14079_c20140717000324408388_noaa_ops.h5,GDNBO_npp_d20140716_t1757431_e1803235_b14079_c20140717000324408134_noaa_ops.h5,SVI04_npp_d20140716_t1757431_e1803235_b14079_c20140717000324402868_noaa_ops.dspace_rad,VNFF_npp_d20140716_t1757431_e1803235_b14079_v21.csv,World_EEZ_v8_2014.shp,WPP_BFAR_merge.shp,KKP_IDN_merge_20161208.shp,VNF-VBD_npp_20120301-20151231_global_asia-enhanced_c201607211230.bitmask,NCEI_NGA.union.nga_lead2.add_2015ntl.mask,timezone.shp,VBD_platforms-recurring_2015_r20170330.shp,999999,VBD_bridges_c20160811.shp,22.302559;20.657581;17.812403;13.013085;8.184108;3.331987;-1.539063;0.598278;2.699680;7.587820;12.484635;17.389103,102.195274;116.899490;131.129013;129.599106;128.217987;126.965988;125.829720;112.252083;98.601341;99.606560;100.547348;101.419044,npp_d20140716_t1757431_e1803235_b14079,147.633,29.2118,44.4708,97.7145,42.3699,97.8889
2018,VBD_npp_d20140716_t1802032_x1072062E_y062469N_l2350_s1121_v23,2017-05-23 13:09:55,6.246933,107.206177,14.9633,2014-07-16 18:02:03,2014-07-17 01:02:03,2350,1121,0.384224,1,2529,0.392398,0.246438,0.883594,0.4,0.805793,0.75,0.040635,0.0001,2.82012e-11,999999,1.727452e-03,3,Indonesian Exclusive Economic Zone,WPP711,,SVDNB_npp_d20140716_t1757431_e1803235_b14079_c20140717000324408388_noaa_ops.h5,GDNBO_npp_d20140716_t1757431_e1803235_b14079_c20140717000324408134_noaa_ops.h5,SVI04_npp_d20140716_t1757431_e1803235_b14079_c20140717000324402868_noaa_ops.dspace_rad,VNFF_npp_d20140716_t1757431_e1803235_b14079_v21.csv,World_EEZ_v8_2014.shp,WPP_BFAR_merge.shp,KKP_IDN_merge_20161208.shp,VNF-VBD_npp_20120301-20151231_global_asia-enhanced_c201607211230.bitmask,NCEI_NGA.union.nga_lead2.add_2015ntl.mask,timezone.shp,VBD_platforms-recurring_2015_r20170330.shp,999999,VBD_bridges_c20160811.shp,22.302559;20.657581;17.812403;13.013085;8.184108;3.331987;-1.539063;0.598278;2.699680;7.587820;12.484635;17.389103,102.195274;116.899490;131.129013;129.599106;128.217987;126.965988;125.829720;112.252083;98.601341;99.606560;100.547348;101.419044,npp_d20140716_t1757431_e1803235_b14079,148.215,29.5627,44.4692,97.8346,42.3781,97.1768
2019,VBD_npp_d20140716_t1802050_x1071892E_y061765N_l2361_s1121_v23,2017-05-23 13:09:55,6.176501,107.189240,35.0695,2014-07-16 18:02:05,2014-07-17 02:02:05,2361,1121,0.392345,1,2529,0.713133,0.241435,0.912171,0.4,0.894614,0.75,0.0406299,0.0001,2.83031e-11,999999,3.147042e-02,3,Indonesian Exclusive Economic Zone,WPP711,,SVDNB_npp_d20140716_t1757431_e1803235_b14079_c20140717000324408388_noaa_ops.h5,GDNBO_npp_d20140716_t1757431_e1803235_b14079_c20140717000324408134_noaa_ops.h5,SVI04_npp_d20140716_t1757431_e1803235_b14079_c20140717000324402868_noaa_ops.dspace_rad,VNFF_npp_d20140716_t1757431_e1803235_b14079_v21.csv,World_EEZ_v8_2014.shp,WPP_BFAR_merge.shp,KKP_IDN_merge_20161208.shp,VNF-VBD_npp_20120301-20151231_global_asia-enhanced_c201607211230.bitmask,NCEI_NGA.union.nga_lead2.add_2015ntl.mask,timezone.shp,VBD_platforms-recurring_2015_r20170330.shp,999999,VBD_bridges_c20160811.shp,22.302559;20.657581;17.812403;13.013085;8.184108;3.331987;-1.539063;0.598278;2.699680;7.587820;12.484635;17.389103,102.195274;116.899490;131.129013;129.599106;128.217987;126.965988;125.829720;112.252083;98.601341;99.606560;100.547348;101.419044,npp_d20140716_t1757431_e1803235_b14079,148.281,29.6046,44.465,98.1594,42.379,97.0959
2020,VBD_npp_d20140716_t1802050_x1071872E_y061631N_l2363_s1121_v23,2017-05-23 13:09:55,6.163106,107.187233,59.8746,2014-07-16 18:02:05,2014-07-17 02:02:05,2363,1121,0.38229,1,2529,0.90899,0.247849,0.906693,0.4,0.929593,0.75,0.040629,0.0001,2.82755e-11,999999,-6.661343e-03,3,Indonesian Exclusive Economic Zone,WPP711,,SVDNB_npp_d20140716_t1757431_e1803235_b14079_c20140717000324408388_noaa_ops.h5,GDNBO_npp_d20140716_t1757431_e1803235_b14079_c20140717000324408134_noaa_ops.h5,SVI04_npp_d20140716_t1757431_e1803235_b14079_c20140717000324402868_noaa_ops.dspace_rad,VNFF_npp_d20140716_t1757431_e1803235_b14079_v21.csv,World_EEZ_v8_2014.shp,WPP_BFAR_merge.shp,KKP_IDN_merge_20161208.shp,VNF-VBD_npp_20120301-20151231_global_asia-enhanced_c201607211230.bitmask,NCEI_NGA.union.nga_lead2.add_2015ntl.mask,timezone.shp,VBD_platforms-recurring_2015_r20170330.shp,999999,VBD_bridges_c20160811.shp,22.302559;20.657581;17.812403;13.013085;8.184108;3.331987;-1.539063;0.598278;2.699680;7.587820;12.484635;17.389103,102.195274;116.899490;131.129013;129.599106;128.217987;126.965988;125.829720;112.252083;98.601341;99.606560;100.547348;101.419044,npp_d20140716_t1757431_e1803235_b14079,148.294,29.6123,44.4655,98.0344,42.3793,97.0805
2023,VBD_npp_d20140716_t1801525_x1073502E_y068910N_l2251_s1122_v23,2017-05-23 13:09:55,6.890961,107.350235,34.3493,2014-07-16 18:01:52,2014-07-17 01:01:52,2251,1122,0.348923,1,2529,0.835893,0.24982,0.93425,0.4,0.920753,0.75,0.0406834,0.0001,2.92286e-11,999999,-1.837656e-02,3,Vietnamese Exclusive Economic Zone,WPP711,,SVDNB_npp_d20140716_t1757431_e1803235_b14079_c20140717000324408388_noaa_ops.h5,GDNBO_npp_d20140716_t1757431_e1803235_b14079_c20140717000324408134_noaa_ops.h5,SVI04_npp_d20140716_t1757431_e1803235_b14079_c20140717000324402868_noaa_ops.dspace_rad,VNFF_npp_d20140716_t1757431_e1803235_b14079_v21.csv,World_EEZ_v8_2014.shp,WPP_BFAR_merge.shp,KKP_IDN_merge_20161208.shp,VNF-VBD_npp_20120301-20151231_global_asia-enhanced_c201607211230.bitmask,NCEI_NGA.union.nga_lead2.add_2015ntl.mask,timezone.shp,VBD_platforms-recurring_2015_r20170330.shp,999999,VBD_bridges_c20160811.shp,22.302559;20.657581;17.812403;13.013085;8.184108;3.331987;-1.539063;0.598278;2.699680;7.587820;12.484635;17.389103,102.195274;116.899490;131.129013;129.599106;128.217987;126.965988;125.829720;112.252083;98.601341;99.606560;100.547348;101.419044,npp_d20140716_t1757431_e1803235_b14079,147.605,29.2076,44.4356,97.9652,42.363,97.9205
2024,VBD_npp_d20140716_t1801543_x1073372E_y068472N_l2258_s1122_v23,2017-05-23 13:09:55,6.847185,107.337181,29.0519,2014-07-16 18:01:54,2014-07-17 01:01:54,2258,1122,0.324339,1,2529,0.798349,0.245561,0.935894,0.4,0.9265,0.75,0.0406808,0.0001,2.93193e-11,999999,6.940921e-03,3,Vietnamese Exclusive Economic Zone,WPP711,,SVDNB_npp_d20140716_t1757431_e1803235_b14079_c20140717000324408388_noaa_ops.h5,GDNBO_npp_d20140716_t1757431_e1803235_b14079_c20140717000324408134_noaa_ops.h5,SVI04_npp_d20140716_t1757431_e1803235_b14079_c20140717000324402868_noaa_ops.dspace_rad,VNFF_npp_d20140716_t1757431_e1803235_b14079_v21.csv,World_EEZ_v8_2014.shp,WPP_BFAR_merge.shp,KKP_IDN_merge_20161208.shp,VNF-VBD_npp_20120301-20151231_global_asia-enhanced_c201607211230.bitmask,NCEI_NGA.union.nga_lead2.add_2015ntl.mask,timezone.shp,VBD_platforms-recurring_2015_r20170330.shp,999999,VBD_bridges_c20160811.shp,22.302559;20.657581;17.812403;13.013085;8.184108;3.331987;-1.539063;0.598278;2.699680;7.587820;12.484635;17.389103,102.195274;116.899490;131.129013;129.599106;128.217987;126.965988;125.829720;112.252083;98.601341;99.606560;100.547348;101.419044,npp_d20140716_t1757431_e1803235_b14079,147.646,29.2329,44.4326,98.5392,42.3627,97.8701
2025,VBD_npp_d20140716_t1801543_x1073322E_y068137N_l2263_s1122_v23,2017-05-23 13:09:55,6.813708,107.332222,7.78784,2014-07-16 18:01:54,2014-07-17 01:01:54,2263,1122,0.252079,2,2465,0.315806,0.337859,0.914476,0.4,0.742475,0.75,0.0406789,0.0001,2.92972e-11,999999,-5.417166e-01,3,Vietnamese Exclusive Economic Zone,WPP711,,SVDNB_npp_d20140716_t1757431_e1803235_b14079_c20140717000324408388_noaa_ops.h5,GDNBO_npp_d20140716_t1757431_e1803235_b14079_c20140717000324408134_noaa_ops.h5,SVI04_npp_d20140716_t1757431_e1803235_b14079_c20140717000324402868_noaa_ops.dspace_rad,VNFF_npp_d20140716_t1757431_e1803235_b14079_v21.csv,World_EEZ_v8_2014.shp,WPP_BFAR_merge.shp,KKP_IDN_merge_20161208.shp,VNF-VBD_npp_20120301-20151231_global_asia-enhanced_c201607211230.bitmask,NCEI_NGA.union.nga_lead2.add_2015ntl.mask,timezone.shp,VBD_platforms-recurring_2015_r20170330.shp,999999,VBD_bridges_c20160811.shp,22.302559;20.657581;17.812403;13.013085;8.184108;3.331987;-1.539063;0.598278;2.699680;7.587820;12.484635;17.389103,102.195274;116.899490;131.129013;129.599106;128.217987;126.965988;125.829720;112.252083;98.601341;99.606560;100.547348;101.419044,npp_d20140716_t1757431_e1803235_b14079,147.678,29.2514,44.4327,98.2265,42.363,97.8315
2026,VBD_npp_d20140716_t1802032_x1072137E_y062527N_l2349_s1122_v23,2017-05-23 13:09:55,6.252689,107.213737,24.2569,2014-07-16 18:02:03,2014-07-17 01:02:03,2349,1122,0.37881,1,2529,0.557966,0.233933,0.883594,0.4,0.857618,0.75,0.040641,0.0001,2.90808e-11,999999,7.606602e-02,3,Indonesian Exclusive Economic Zone,WPP711,,SVDNB_npp_d20140716_t1757431_e1803235_b14079_c20140717000324408388_noaa_ops.h5,GDNBO_npp_d20140716_t1757431_e1803235_b14079_c20140717000324408134_noaa_ops.h5,SVI04_npp_d20140716_t1757431_e1803235_b14079_c20140717000324402868_noaa_ops.dspace_rad,VNFF_npp_d20140716_t1757431_e1803235_b14079_v21.csv,World_EEZ_v8_2014.shp,WPP_BFAR_merge.shp,KKP_IDN_merge_20161208.shp,VNF-VBD_npp_20120301-20151231_global_asia-enhanced_c201607211230.bitmask,NCEI_NGA.union.nga_lead2.add_2015ntl.mask,timezone.shp,VBD_platforms-recurring_2015_r20170330.shp,999999,VBD_bridges_c20160811.shp,22.302559;20.657581;17.812403;13.013085;8.184108;3.331987;-1.539063;0.598278;2.699680;7.587820;12.484635;17.389103,102.195274;116.899490;131.129013;129.599106;128.217987;126.965988;125.829720;112.252083;98.601341;99.606560;100.547348;101.419044,npp_d20140716_t1757431_e1803235_b14079,148.206,29.5695,44.4351,97.8976,42.3712,97.1851
2027,VBD_npp_d20140716_t1802032_x1072107E_y062326N_l2352_s1122_v23,2017-05-23 13:09:55,6.232605,107.210724,11.262,2014-07-16 18:02:03,2014-07-17 01:02:03,2352,1122,0.390522,7,2209,0.308404,0.226538,0.902883,0.4,0.739738,0.75,0.0406396,0.0001,2.90326e-11,999999,1.200229e-01,3,,,,SVDNB_npp_d20140716_t1757431_e1803235_b14079_c20140717000324408388_noaa_ops.h5,GDNBO_npp_d20140716_t1757431_e1803235_b14079_c20140717000324408134_noaa_ops.h5,SVI04_npp_d20140716_t1757431_e1803235_b14079_c20140717000324402868_noaa_ops.dspace_rad,VNFF_npp_d20140716_t1757431_e1803235_b14079_v21.csv,World_EEZ_v8_2014.shp,WPP_BFAR_merge.shp,KKP_IDN_merge_20161208.shp,VNF-VBD_npp_20120301-20151231_global_asia-enhanced_c201607211230.bitmask,NCEI_NGA.union.nga_lead2.add_2015ntl.mask,timezone.shp,VBD_platforms-recurring_2015_r20170330.shp,999999,VBD_bridges_c20160811.shp,22.302559;20.657581;17.812403;13.013085;8.184108;3.331987;-1.539063;0.598278;2.699680;7.587820;12.484635;17.389103,102.195274;116.899490;131.129013;129.599106;128.217987;126.965988;125.829720;112.252083;98.601341;99.606560;100.547348;101.419044,npp_d20140716_t1757431_e1803235_b14079,148.225,29.581,44.4364,97.71,42.3717,97.162
2028,VBD_npp_d20140716_t1802050_x1072008E_y062090N_l2356_s1122_v23,2017-05-23 13:09:55,6.209021,107.200775,22.6335,2014-07-16 18:02:05,2014-07-17 02:02:05,2356,1122,0.312572,1,2529,0.593487,0.268638,0.912441,0.4,0.821543,0.75,0.0406378,0.0001,2.92289e-11,999999,-1.302386e-01,3,Indonesian Exclusive Economic Zone,WPP711,,SVDNB_npp_d20140716_t1757431_e1803235_b14079_c20140717000324408388_noaa_ops.h5,GDNBO_npp_d20140716_t1757431_e1803235_b14079_c20140717000324408134_noaa_ops.h5,SVI04_npp_d20140716_t1757431_e1803235_b14079_c20140717000324402868_noaa_ops.dspace_rad,VNFF_npp_d20140716_t1757431_e1803235_b14079_v21.csv,World_EEZ_v8_2014.shp,WPP_BFAR_merge.shp,KKP_IDN_merge_20161208.shp,VNF-VBD_npp_20120301-20151231_global_asia-enhanced_c201607211230.bitmask,NCEI_NGA.union.nga_lead2.add_2015ntl.mask,timezone.shp,VBD_platforms-recurring_2015_r20170330.shp,999999,VBD_bridges_c20160811.shp,22.302559;20.657581;17.812403;13.013085;8.184108;3.331987;-1.539063;0.598278;2.699680;7.587820;12.484635;17.389103,102.195274;116.899490;131.129013;129.599106;128.217987;126.965988;125.829720;112.252083;98.601341;99.606560;100.547348;101.419044,npp_d20140716_t1757431_e1803235_b14079,148.247,29.596,44.4308,98.4727,42.3715,97.1349
2029,VBD_npp_d20140716_t1802050_x1071888E_y061287N_l2368_s1122_v23,2017-05-23 13:09:55,6.128685,107.188766,29.3506,2014-07-16 18:02:05,2014-07-17 02:02:05,2368,1122,0.380081,1,2529,0.786478,0.236842,0.89404,0.4,0.927263,0.75,0.0406323,0.0001,2.9059e-11,999999,5.876971e-02,3,Indonesian Exclusive Economic Zone,WPP711,,SVDNB_npp_d20140716_t1757431_e1803235_b14079_c20140717000324408388_noaa_ops.h5,GDNBO_npp_d20140716_t1757431_e1803235_b14079_c20140717000324408134_noaa_ops.h5,SVI04_npp_d20140716_t1757431_e1803235_b14079_c20140717000324402868_noaa_ops.dspace_rad,VNFF_npp_d20140716_t1757431_e1803235_b14079_v21.csv,World_EEZ_v8_2014.shp,WPP_BFAR_merge.shp,KKP_IDN_merge_20161208.shp,VNF-VBD_npp_20120301-20151231_global_asia-enhanced_c201607211230.bitmask,NCEI_NGA.union.nga_lead2.add_2015ntl.mask,timezone.shp,VBD_platforms-recurring_2015_r20170330.shp,999999,VBD_bridges_c20160811.shp,22.302559;20.657581;17.812403;13.013085;8.184108;3.331987;-1.539063;0.598278;2.699680;7.587820;12.484635;17.389103,102.195274;116.899490;131.129013;129.599106;128.217987;126.965988;125.829720;112.252083;98.601341;99.606560;100.547348;101.419044,npp_d20140716_t1757431_e1803235_b14079,148.323,29.6421,44.4337,97.7224,42.3735,97.0425
2035,VBD_npp_d20140716_t1801472_x1074305E_y072428N_l2197_s1123_v23,2017-05-23 13:09:55,7.242766,107.430534,13.3162,2014-07-16 18:01:47,2014-07-17 01:01:47,2197,1123,0.223131,1,2529,0.425079,0.283524,0.639126,0.4,0.772287,0.75,0.0407093,0.0001,3.02494e-11,999999,-2.187302e-01,3,Vietnamese Exclusive Economic Zone,,,SVDNB_npp_d20140716_t1757431_e1803235_b14079_c20140717000324408388_noaa_ops.h5,GDNBO_npp_d20140716_t1757431_e1803235_b14079_c20140717000324408134_noaa_ops.h5,SVI04_npp_d20140716_t1757431_e1803235_b14079_c20140717000324402868_noaa_ops.dspace_rad,VNFF_npp_d20140716_t1757431_e1803235_b14079_v21.csv,World_EEZ_v8_2014.shp,WPP_BFAR_merge.shp,KKP_IDN_merge_20161208.shp,VNF-VBD_npp_20120301-20151231_global_asia-enhanced_c201607211230.bitmask,NCEI_NGA.union.nga_lead2.add_2015ntl.mask,timezone.shp,VBD_platforms-recurring_2015_r20170330.shp,999999,VBD_bridges_c20160811.shp,22.302559;20.657581;17.812403;13.013085;8.184108;3.331987;-1.539063;0.598278;2.699680;7.587820;12.484635;17.389103,102.195274;116.899490;131.129013;129.599106;128.217987;126.965988;125.829720;112.252083;98.601341;99.606560;100.547348;101.419044,npp_d20140716_t1757431_e1803235_b14079,147.27,29.0255,44.3977,98.315,42.3548,98.3285
2036,VBD_npp_d20140716_t1801525_x1073637E_y069369N_l2244_s1123_v23,2017-05-23 13:09:55,6.936869,107.363739,20.0798,2014-07-16 18:01:52,2014-07-17 01:01:52,2244,1123,0.321743,1,2529,0.597424,0.307183,0.878007,0.4,0.849131,0.75,0.0406916,0.0001,3.01607e-11,999999,-3.593669e-01,3,Vietnamese Exclusive Economic Zone,WPP711,,SVDNB_npp_d20140716_t1757431_e1803235_b14079_c20140717000324408388_noaa_ops.h5,GDNBO_npp_d20140716_t1757431_e1803235_b14079_c20140717000324408134_noaa_ops.h5,SVI04_npp_d20140716_t1757431_e1803235_b14079_c20140717000324402868_noaa_ops.dspace_rad,VNFF_npp_d20140716_t1757431_e1803235_b14079_v21.csv,World_EEZ_v8_2014.shp,WPP_BFAR_merge.shp,KKP_IDN_merge_20161208.shp,VNF-VBD_npp_20120301-20151231_global_asia-enhanced_c201607211230.bitmask,NCEI_NGA.union.nga_lead2.add_2015ntl.mask,timezone.shp,VBD_platforms-recurring_2015_r20170330.shp,999999,VBD_bridges_c20160811.shp,22.302559;20.657581;17.812403;13.013085;8.184108;3.331987;-1.539063;0.598278;2.699680;7.587820;12.484635;17.389103,102.195274;116.899490;131.129013;129.599106;128.217987;126.965988;125.829720;112.252083;98.601341;99.606560;100.547348;101.419044,npp_d20140716_t1757431_e1803235_b14079,147.559,29.1924,44.4009,98.4038,42.3559,97.9753
2037,VBD_npp_d20140716_t1801543_x1073338E_y067793N_l2268_s1123_v23,2017-05-23 13:09:55,6.779293,107.333817,14.2974,2014-07-16 18:01:54,2014-07-17 01:01:54,2268,1123,0.338205,1,2529,0.560497,0.259765,0.905867,0.4,0.882719,0.75,0.0406825,0.0001,3.01536e-11,999999,-7.749339e-02,3,Vietnamese Exclusive Economic Zone,WPP711,,SVDNB_npp_d20140716_t1757431_e1803235_b14079_c20140717000324408388_noaa_ops.h5,GDNBO_npp_d20140716_t1757431_e1803235_b14079_c20140717000324408134_noaa_ops.h5,SVI04_npp_d20140716_t1757431_e1803235_b14079_c20140717000324402868_noaa_ops.dspace_rad,VNFF_npp_d20140716_t1757431_e1803235_b14079_v21.csv,World_EEZ_v8_2014.shp,WPP_BFAR_merge.shp,KKP_IDN_merge_20161208.shp,VNF-VBD_npp_20120301-20151231_global_asia-enhanced_c201607211230.bitmask,NCEI_NGA.union.nga_lead2.add_2015ntl.mask,timezone.shp,VBD_platforms-recurring_2015_r20170330.shp,999999,VBD_bridges_c20160811.shp,22.302559;20.657581;17.812403;13.013085;8.184108;3.331987;-1.539063;0.598278;2.699680;7.587820;12.484635;17.389103,102.195274;116.899490;131.129013;129.599106;128.217987;126.965988;125.829720;112.252083;98.601341;99.606560;100.547348;101.419044,npp_d20140716_t1757431_e1803235_b14079,147.707,29.2804,44.4,97.9144,42.3567,97.7937
2038,VBD_npp_d20140716_t1802050_x1072053E_y061947N_l2358_s1123_v23,2017-05-23 13:09:55,6.194667,107.205322,18.048,2014-07-16 18:02:05,2014-07-17 02:02:05,2358,1123,0.375827,1,2529,0.54167,0.268592,0.908998,0.4,0.858263,0.75,0.0406424,0.0001,3.00995e-11,999999,-1.299676e-01,3,Indonesian Exclusive Economic Zone,WPP711,,SVDNB_npp_d20140716_t1757431_e1803235_b14079_c20140717000324408388_noaa_ops.h5,GDNBO_npp_d20140716_t1757431_e1803235_b14079_c20140717000324408134_noaa_ops.h5,SVI04_npp_d20140716_t1757431_e1803235_b14079_c20140717000324402868_noaa_ops.dspace_rad,VNFF_npp_d20140716_t1757431_e1803235_b14079_v21.csv,World_EEZ_v8_2014.shp,WPP_BFAR_merge.shp,KKP_IDN_merge_20161208.shp,VNF-VBD_npp_20120301-20151231_global_asia-enhanced_c201607211230.bitmask,NCEI_NGA.union.nga_lead2.add_2015ntl.mask,timezone.shp,VBD_platforms-recurring_2015_r20170330.shp,999999,VBD_bridges_c20160811.shp,22.302559;20.657581;17.812403;13.013085;8.184108;3.331987;-1.539063;0.598278;2.699680;7.587820;12.484635;17.389103,102.195274;116.899490;131.129013;129.599106;128.217987;126.965988;125.829720;112.252083;98.601341;99.606560;100.547348;101.419044,npp_d20140716_t1757431_e1803235_b14079,148.257,29.6143,44.3971,98.3484,42.3652,97.1201
2039,VBD_npp_d20140716_t1802067_x1071877E_y061238N_l2369_s1123_v23,2017-05-23 13:09:55,6.123835,107.187744,25.2168,2014-07-16 18:02:06,2014-07-17 02:02:06,2369,1123,0.414498,1,2529,0.740852,0.247391,0.890866,0.4,0.917039,0.75,0.0406373,0.0001,3.01152e-11,999999,-3.935887e-03,3,Indonesian Exclusive Economic Zone,WPP711,,SVDNB_npp_d20140716_t1757431_e1803235_b14079_c20140717000324408388_noaa_ops.h5,GDNBO_npp_d20140716_t1757431_e1803235_b14079_c20140717000324408134_noaa_ops.h5,SVI04_npp_d20140716_t1757431_e1803235_b14079_c20140717000324402868_noaa_ops.dspace_rad,VNFF_npp_d20140716_t1757431_e1803235_b14079_v21.csv,World_EEZ_v8_2014.shp,WPP_BFAR_merge.shp,KKP_IDN_merge_20161208.shp,VNF-VBD_npp_20120301-20151231_global_asia-enhanced_c201607211230.bitmask,NCEI_NGA.union.nga_lead2.add_2015ntl.mask,timezone.shp,VBD_platforms-recurring_2015_r20170330.shp,999999,VBD_bridges_c20160811.shp,22.302559;20.657581;17.812403;13.013085;8.184108;3.331987;-1.539063;0.598278;2.699680;7.587820;12.484635;17.389103,102.195274;116.899490;131.129013;129.599106;128.217987;126.965988;125.829720;112.252083;98.601341;99.606560;100.547348;101.419044,npp_d20140716_t1757431_e1803235_b14079,148.324,29.6556,44.3974,98.6694,42.3667,97.0385
2042,VBD_npp_d20140716_t1801525_x1073663E_y069092N_l2248_s1124_v23,2017-05-23 13:09:55,6.909150,107.366318,13.5559,2014-07-16 18:01:52,2014-07-17 01:01:52,2248,1124,0.375993,1,2529,0.53764,0.289589,0.918982,0.4,0.883278,0.75,0.0406956,0.0001,3.1062e-11,999999,-2.547825e-01,3,Vietnamese Exclusive Economic Zone,WPP711,,SVDNB_npp_d20140716_t1757431_e1803235_b14079_c20140717000324408388_noaa_ops.h5,GDNBO_npp_d20140716_t1757431_e1803235_b14079_c20140717000324408134_noaa_ops.h5,SVI04_npp_d20140716_t1757431_e1803235_b14079_c20140717000324402868_noaa_ops.dspace_rad,VNFF_npp_d20140716_t1757431_e1803235_b14079_v21.csv,World_EEZ_v8_2014.shp,WPP_BFAR_merge.shp,KKP_IDN_merge_20161208.shp,VNF-VBD_npp_20120301-20151231_global_asia-enhanced_c201607211230.bitmask,NCEI_NGA.union.nga_lead2.add_2015ntl.mask,timezone.shp,VBD_platforms-recurring_2015_r20170330.shp,999999,VBD_bridges_c20160811.shp,22.302559;20.657581;17.812403;13.013085;8.184108;3.331987;-1.539063;0.598278;2.699680;7.587820;12.484635;17.389103,102.195274;116.899490;131.129013;129.599106;128.217987;126.965988;125.829720;112.252083;98.601341;99.606560;100.547348;101.419044,npp_d20140716_t1757431_e1803235_b14079,147.582,29.2175,44.3675,98.1543,42.3495,97.9452
2043,VBD_npp_d20140716_t1801543_x1073493E_y068386N_l2259_s1124_v23,2017-05-23 13:09:55,6.838557,107.349297,18.1098,2014-07-16 18:01:54,2014-07-17 01:01:54,2259,1124,0.325941,1,2529,0.607687,0.225621,0.939518,0.4,0.893394,0.75,0.0406914,0.0001,3.1135e-11,999999,1.254743e-01,3,Vietnamese Exclusive Economic Zone,WPP711,,SVDNB_npp_d20140716_t1757431_e1803235_b14079_c20140717000324408388_noaa_ops.h5,GDNBO_npp_d20140716_t1757431_e1803235_b14079_c20140717000324408134_noaa_ops.h5,SVI04_npp_d20140716_t1757431_e1803235_b14079_c20140717000324402868_noaa_ops.dspace_rad,VNFF_npp_d20140716_t1757431_e1803235_b14079_v21.csv,World_EEZ_v8_2014.shp,WPP_BFAR_merge.shp,KKP_IDN_merge_20161208.shp,VNF-VBD_npp_20120301-20151231_global_asia-enhanced_c201607211230.bitmask,NCEI_NGA.union.nga_lead2.add_2015ntl.mask,timezone.shp,VBD_platforms-recurring_2015_r20170330.shp,999999,VBD_bridges_c20160811.shp,22.302559;20.657581;17.812403;13.013085;8.184108;3.331987;-1.539063;0.598278;2.699680;7.587820;12.484635;17.389103,102.195274;116.899490;131.129013;129.599106;128.217987;126.965988;125.829720;112.252083;98.601341;99.606560;100.547348;101.419044,npp_d20140716_t1757431_e1803235_b14079,147.648,29.2576,44.3651,98.4785,42.3495,97.8638
2044,VBD_npp_d20140716_t1802050_x1072158E_y062205N_l2354_s1124_v23,2017-05-23 13:09:55,6.220459,107.215843,36.3763,2014-07-16 18:02:05,2014-07-17 02:02:05,2354,1124,0.393837,1,2529,0.662881,0.234976,0.900698,0.4,0.858048,0.75,0.0406497,0.0001,3.10616e-11,999999,6.986466e-02,3,Indonesian Exclusive Economic Zone,WPP711,,SVDNB_npp_d20140716_t1757431_e1803235_b14079_c20140717000324408388_noaa_ops.h5,GDNBO_npp_d20140716_t1757431_e1803235_b14079_c20140717000324408134_noaa_ops.h5,SVI04_npp_d20140716_t1757431_e1803235_b14079_c20140717000324402868_noaa_ops.dspace_rad,VNFF_npp_d20140716_t1757431_e1803235_b14079_v21.csv,World_EEZ_v8_2014.shp,WPP_BFAR_merge.shp,KKP_IDN_merge_20161208.shp,VNF-VBD_npp_20120301-20151231_global_asia-enhanced_c201607211230.bitmask,NCEI_NGA.union.nga_lead2.add_2015ntl.mask,timezone.shp,VBD_platforms-recurring_2015_r20170330.shp,999999,VBD_bridges_c20160811.shp,22.302559;20.657581;17.812403;13.013085;8.184108;3.331987;-1.539063;0.598278;2.699680;7.587820;12.484635;17.389103,102.195274;116.899490;131.129013;129.599106;128.217987;126.965988;125.829720;112.252083;98.601341;99.606560;100.547348;101.419044,npp_d20140716_t1757431_e1803235_b14079,148.23,29.6095,44.3634,98.5996,42.3579,97.1514
2045,VBD_npp_d20140716_t1802050_x1072109E_y061870N_l2359_s1124_v23,2017-05-23 13:09:55,6.187016,107.210869,13.3061,2014-07-16 18:02:05,2014-07-17 02:02:05,2359,1124,0.339034,1,2529,0.412843,0.262794,0.910821,0.4,0.80531,0.75,0.0406474,0.0001,3.10053e-11,999999,-9.549966e-02,3,Indonesian Exclusive Economic Zone,WPP711,,SVDNB_npp_d20140716_t1757431_e1803235_b14079_c20140717000324408388_noaa_ops.h5,GDNBO_npp_d20140716_t1757431_e1803235_b14079_c20140717000324408134_noaa_ops.h5,SVI04_npp_d20140716_t1757431_e1803235_b14079_c20140717000324402868_noaa_ops.dspace_rad,VNFF_npp_d20140716_t1757431_e1803235_b14079_v21.csv,World_EEZ_v8_2014.shp,WPP_BFAR_merge.shp,KKP_IDN_merge_20161208.shp,VNF-VBD_npp_20120301-20151231_global_asia-enhanced_c201607211230.bitmask,NCEI_NGA.union.nga_lead2.add_2015ntl.mask,timezone.shp,VBD_platforms-recurring_2015_r20170330.shp,999999,VBD_bridges_c20160811.shp,22.302559;20.657581;17.812403;13.013085;8.184108;3.331987;-1.539063;0.598278;2.699680;7.587820;12.484635;17.389103,102.195274;116.899490;131.129013;129.599106;128.217987;126.965988;125.829720;112.252083;98.601341;99.606560;100.547348;101.419044,npp_d20140716_t1757431_e1803235_b14079,148.261,29.6287,44.3635,98.2866,42.3587,97.1129
2046,VBD_npp_d20140716_t1802050_x1072069E_y061603N_l2363_s1124_v23,2017-05-23 13:09:55,6.160263,107.206871,30.1538,2014-07-16 18:02:05,2014-07-17 02:02:05,2363,1124,0.372788,1,2529,0.734139,0.255765,0.905691,0.4,0.888077,0.75,0.0406456,0.0001,3.0948e-11,999999,-5.371518e-02,3,Indonesian Exclusive Economic Zone,WPP711,,SVDNB_npp_d20140716_t1757431_e1803235_b14079_c20140717000324408388_noaa_ops.h5,GDNBO_npp_d20140716_t1757431_e1803235_b14079_c20140717000324408134_noaa_ops.h5,SVI04_npp_d20140716_t1757431_e1803235_b14079_c20140717000324402868_noaa_ops.dspace_rad,VNFF_npp_d20140716_t1757431_e1803235_b14079_v21.csv,World_EEZ_v8_2014.shp,WPP_BFAR_merge.shp,KKP_IDN_merge_20161208.shp,VNF-VBD_npp_20120301-20151231_global_asia-enhanced_c201607211230.bitmask,NCEI_NGA.union.nga_lead2.add_2015ntl.mask,timezone.shp,VBD_platforms-recurring_2015_r20170330.shp,999999,VBD_bridges_c20160811.shp,22.302559;20.657581;17.812403;13.013085;8.184108;3.331987;-1.539063;0.598278;2.699680;7.587820;12.484635;17.389103,102.195274;116.899490;131.129013;129.599106;128.217987;126.965988;125.829720;112.252083;98.601341;99.606560;100.547348;101.419044,npp_d20140716_t1757431_e1803235_b14079,148.287,29.6441,44.3643,98.0361,42.3593,97.0821
2053,VBD_npp_d20140716_t1801525_x1073784E_y069006N_l2249_s1126_v23,2017-05-23 13:09:55,6.900572,107.378418,24.557,2014-07-16 18:01:52,2014-07-17 01:01:52,2249,1126,0.343564,1,2529,0.750177,0.256943,0.918982,0.4,0.918844,0.75,0.0407062,0.0001,3.29747e-11,999999,-6.071979e-02,3,Vietnamese Exclusive Economic Zone,WPP711,,SVDNB_npp_d20140716_t1757431_e1803235_b14079_c20140717000324408388_noaa_ops.h5,GDNBO_npp_d20140716_t1757431_e1803235_b14079_c20140717000324408134_noaa_ops.h5,SVI04_npp_d20140716_t1757431_e1803235_b14079_c20140717000324402868_noaa_ops.dspace_rad,VNFF_npp_d20140716_t1757431_e1803235_b14079_v21.csv,World_EEZ_v8_2014.shp,WPP_BFAR_merge.shp,KKP_IDN_merge_20161208.shp,VNF-VBD_npp_20120301-20151231_global_asia-enhanced_c201607211230.bitmask,NCEI_NGA.union.nga_lead2.add_2015ntl.mask,timezone.shp,VBD_platforms-recurring_2015_r20170330.shp,999999,VBD_bridges_c20160811.shp,22.302559;20.657581;17.812403;13.013085;8.184108;3.331987;-1.539063;0.598278;2.699680;7.587820;12.484635;17.389103,102.195274;116.899490;131.129013;129.599106;128.217987;126.965988;125.829720;112.252083;98.601341;99.606560;100.547348;101.419044,npp_d20140716_t1757431_e1803235_b14079,147.583,29.2421,44.3002,98.0931,42.3362,97.9389
2054,VBD_npp_d20140716_t1801525_x1073744E_y068738N_l2253_s1126_v23,2017-05-23 13:09:55,6.873841,107.374443,17.7828,2014-07-16 18:01:52,2014-07-17 01:01:52,2253,1126,0.3392,1,2529,0.632575,0.258391,0.939387,0.4,0.892362,0.75,0.0407047,0.0001,3.29402e-11,999999,-6.932301e-02,3,Vietnamese Exclusive Economic Zone,WPP711,,SVDNB_npp_d20140716_t1757431_e1803235_b14079_c20140717000324408388_noaa_ops.h5,GDNBO_npp_d20140716_t1757431_e1803235_b14079_c20140717000324408134_noaa_ops.h5,SVI04_npp_d20140716_t1757431_e1803235_b14079_c20140717000324402868_noaa_ops.dspace_rad,VNFF_npp_d20140716_t1757431_e1803235_b14079_v21.csv,World_EEZ_v8_2014.shp,WPP_BFAR_merge.shp,KKP_IDN_merge_20161208.shp,VNF-VBD_npp_20120301-20151231_global_asia-enhanced_c201607211230.bitmask,NCEI_NGA.union.nga_lead2.add_2015ntl.mask,timezone.shp,VBD_platforms-recurring_2015_r20170330.shp,999999,VBD_bridges_c20160811.shp,22.302559;20.657581;17.812403;13.013085;8.184108;3.331987;-1.539063;0.598278;2.699680;7.587820;12.484635;17.389103,102.195274;116.899490;131.129013;129.599106;128.217987;126.965988;125.829720;112.252083;98.601341;99.606560;100.547348;101.419044,npp_d20140716_t1757431_e1803235_b14079,147.609,29.2567,44.3013,97.8424,42.3365,97.9081
2055,VBD_npp_d20140716_t1801525_x1073714E_y068538N_l2256_s1126_v23,2017-05-23 13:09:55,6.853793,107.371445,18.4925,2014-07-16 18:01:52,2014-07-17 01:01:52,2256,1126,0.344614,1,2529,0.612269,0.258564,0.945337,0.4,0.887156,0.75,0.0407036,0.0001,3.29065e-11,999999,-7.035442e-02,3,Vietnamese Exclusive Economic Zone,WPP711,,SVDNB_npp_d20140716_t1757431_e1803235_b14079_c20140717000324408388_noaa_ops.h5,GDNBO_npp_d20140716_t1757431_e1803235_b14079_c20140717000324408134_noaa_ops.h5,SVI04_npp_d20140716_t1757431_e1803235_b14079_c20140717000324402868_noaa_ops.dspace_rad,VNFF_npp_d20140716_t1757431_e1803235_b14079_v21.csv,World_EEZ_v8_2014.shp,WPP_BFAR_merge.shp,KKP_IDN_merge_20161208.shp,VNF-VBD_npp_20120301-20151231_global_asia-enhanced_c201607211230.bitmask,NCEI_NGA.union.nga_lead2.add_2015ntl.mask,timezone.shp,VBD_platforms-recurring_2015_r20170330.shp,999999,VBD_bridges_c20160811.shp,22.302559;20.657581;17.812403;13.013085;8.184108;3.331987;-1.539063;0.598278;2.699680;7.587820;12.484635;17.389103,102.195274;116.899490;131.129013;129.599106;128.217987;126.965988;125.829720;112.252083;98.601341;99.606560;100.547348;101.419044,npp_d20140716_t1757431_e1803235_b14079,147.628,29.2677,44.3026,97.6543,42.3367,97.885
2056,VBD_npp_d20140716_t1802032_x1072389E_y062422N_l2350_s1126_v23,2017-05-23 13:09:55,6.242248,107.238907,43.2635,2014-07-16 18:02:03,2014-07-17 01:02:03,2350,1126,0.318759,1,2529,0.83776,0.286297,0.886382,0.4,0.922295,0.75,0.0406626,0.0001,3.27775e-11,999999,-2.352142e-01,3,Indonesian Exclusive Economic Zone,WPP711,,SVDNB_npp_d20140716_t1757431_e1803235_b14079_c20140717000324408388_noaa_ops.h5,GDNBO_npp_d20140716_t1757431_e1803235_b14079_c20140717000324408134_noaa_ops.h5,SVI04_npp_d20140716_t1757431_e1803235_b14079_c20140717000324402868_noaa_ops.dspace_rad,VNFF_npp_d20140716_t1757431_e1803235_b14079_v21.csv,World_EEZ_v8_2014.shp,WPP_BFAR_merge.shp,KKP_IDN_merge_20161208.shp,VNF-VBD_npp_20120301-20151231_global_asia-enhanced_c201607211230.bitmask,NCEI_NGA.union.nga_lead2.add_2015ntl.mask,timezone.shp,VBD_platforms-recurring_2015_r20170330.shp,999999,VBD_bridges_c20160811.shp,22.302559;20.657581;17.812403;13.013085;8.184108;3.331987;-1.539063;0.598278;2.699680;7.587820;12.484635;17.389103,102.195274;116.899490;131.129013;129.599106;128.217987;126.965988;125.829720;112.252083;98.601341;99.606560;100.547348;101.419044,npp_d20140716_t1757431_e1803235_b14079,148.203,29.6157,44.3005,97.8369,42.3448,97.1797
2057,VBD_npp_d20140716_t1802050_x1072289E_y062185N_l2354_s1126_v23,2017-05-23 13:09:55,6.218512,107.228905,26.2782,2014-07-16 18:02:05,2014-07-17 02:02:05,2354,1126,0.35163,1,2529,0.503485,0.224283,0.900698,0.4,0.859537,0.75,0.0406608,0.0001,3.29812e-11,999999,1.334302e-01,3,Indonesian Exclusive Economic Zone,WPP711,,SVDNB_npp_d20140716_t1757431_e1803235_b14079_c20140717000324408388_noaa_ops.h5,GDNBO_npp_d20140716_t1757431_e1803235_b14079_c20140717000324408134_noaa_ops.h5,SVI04_npp_d20140716_t1757431_e1803235_b14079_c20140717000324402868_noaa_ops.dspace_rad,VNFF_npp_d20140716_t1757431_e1803235_b14079_v21.csv,World_EEZ_v8_2014.shp,WPP_BFAR_merge.shp,KKP_IDN_merge_20161208.shp,VNF-VBD_npp_20120301-20151231_global_asia-enhanced_c201607211230.bitmask,NCEI_NGA.union.nga_lead2.add_2015ntl.mask,timezone.shp,VBD_platforms-recurring_2015_r20170330.shp,999999,VBD_bridges_c20160811.shp,22.302559;20.657581;17.812403;13.013085;8.184108;3.331987;-1.539063;0.598278;2.699680;7.587820;12.484635;17.389103,102.195274;116.899490;131.129013;129.599106;128.217987;126.965988;125.829720;112.252083;98.601341;99.606560;100.547348;101.419044,npp_d20140716_t1757431_e1803235_b14079,148.225,29.6307,44.296,98.6014,42.3446,97.1524
2058,VBD_npp_d20140716_t1802050_x1072239E_y061851N_l2359_s1126_v23,2017-05-23 13:09:55,6.185099,107.223930,21.5664,2014-07-16 18:02:05,2014-07-17 02:02:05,2359,1126,0.364778,1,2529,0.558756,0.296162,0.910821,0.4,0.825109,0.75,0.0406585,0.0001,3.29217e-11,999999,-2.938535e-01,3,Indonesian Exclusive Economic Zone,WPP711,,SVDNB_npp_d20140716_t1757431_e1803235_b14079_c20140717000324408388_noaa_ops.h5,GDNBO_npp_d20140716_t1757431_e1803235_b14079_c20140717000324408134_noaa_ops.h5,SVI04_npp_d20140716_t1757431_e1803235_b14079_c20140717000324402868_noaa_ops.dspace_rad,VNFF_npp_d20140716_t1757431_e1803235_b14079_v21.csv,World_EEZ_v8_2014.shp,WPP_BFAR_merge.shp,KKP_IDN_merge_20161208.shp,VNF-VBD_npp_20120301-20151231_global_asia-enhanced_c201607211230.bitmask,NCEI_NGA.union.nga_lead2.add_2015ntl.mask,timezone.shp,VBD_platforms-recurring_2015_r20170330.shp,999999,VBD_bridges_c20160811.shp,22.302559;20.657581;17.812403;13.013085;8.184108;3.331987;-1.539063;0.598278;2.699680;7.587820;12.484635;17.389103,102.195274;116.899490;131.129013;129.599106;128.217987;126.965988;125.829720;112.252083;98.601341;99.606560;100.547348;101.419044,npp_d20140716_t1757431_e1803235_b14079,148.257,29.6499,44.296,98.288,42.3454,97.114
2061,VBD_npp_d20140716_t1801543_x1073709E_y068490N_l2257_s1127_v23,2017-05-23 13:09:55,6.849026,107.370872,7.72079,2014-07-16 18:01:54,2014-07-17 01:01:54,2257,1127,0.346437,1,2529,0.33567,0.260802,0.939015,0.4,0.755027,0.75,0.0407088,0.0001,3.40694e-11,999999,-8.365804e-02,3,Vietnamese Exclusive Economic Zone,WPP711,,SVDNB_npp_d20140716_t1757431_e1803235_b14079_c20140717000324408388_noaa_ops.h5,GDNBO_npp_d20140716_t1757431_e1803235_b14079_c20140717000324408134_noaa_ops.h5,SVI04_npp_d20140716_t1757431_e1803235_b14079_c20140717000324402868_noaa_ops.dspace_rad,VNFF_npp_d20140716_t1757431_e1803235_b14079_v21.csv,World_EEZ_v8_2014.shp,WPP_BFAR_merge.shp,KKP_IDN_merge_20161208.shp,VNF-VBD_npp_20120301-20151231_global_asia-enhanced_c201607211230.bitmask,NCEI_NGA.union.nga_lead2.add_2015ntl.mask,timezone.shp,VBD_platforms-recurring_2015_r20170330.shp,999999,VBD_bridges_c20160811.shp,22.302559;20.657581;17.812403;13.013085;8.184108;3.331987;-1.539063;0.598278;2.699680;7.587820;12.484635;17.389103,102.195274;116.899490;131.129013;129.599106;128.217987;126.965988;125.829720;112.252083;98.601341;99.606560;100.547348;101.419044,npp_d20140716_t1757431_e1803235_b14079,147.628,29.2816,44.264,98.6068,42.3294,97.8813
2062,VBD_npp_d20140716_t1801543_x1073669E_y068223N_l2261_s1127_v23,2017-05-23 13:09:55,6.822306,107.366920,12.3145,2014-07-16 18:01:54,2014-07-17 01:01:54,2261,1127,0.345719,1,2529,0.456763,0.250095,0.942012,0.4,0.822226,0.75,0.0407072,0.0001,3.40534e-11,999999,-2.000893e-02,3,Vietnamese Exclusive Economic Zone,WPP711,,SVDNB_npp_d20140716_t1757431_e1803235_b14079_c20140717000324408388_noaa_ops.h5,GDNBO_npp_d20140716_t1757431_e1803235_b14079_c20140717000324408134_noaa_ops.h5,SVI04_npp_d20140716_t1757431_e1803235_b14079_c20140717000324402868_noaa_ops.dspace_rad,VNFF_npp_d20140716_t1757431_e1803235_b14079_v21.csv,World_EEZ_v8_2014.shp,WPP_BFAR_merge.shp,KKP_IDN_merge_20161208.shp,VNF-VBD_npp_20120301-20151231_global_asia-enhanced_c201607211230.bitmask,NCEI_NGA.union.nga_lead2.add_2015ntl.mask,timezone.shp,VBD_platforms-recurring_2015_r20170330.shp,999999,VBD_bridges_c20160811.shp,22.302559;20.657581;17.812403;13.013085;8.184108;3.331987;-1.539063;0.598278;2.699680;7.587820;12.484635;17.389103,102.195274;116.899490;131.129013;129.599106;128.217987;126.965988;125.829720;112.252083;98.601341;99.606560;100.547348;101.419044,npp_d20140716_t1757431_e1803235_b14079,147.654,29.2964,44.2638,98.3559,42.3296,97.8505
2063,VBD_npp_d20140716_t1801596_x1072999E_y065165N_l2308_s1127_v23,2017-05-23 13:09:55,6.516490,107.299927,6.51582,2014-07-16 18:01:59,2014-07-17 01:01:59,2308,1127,0.37997,1,2529,0.373775,0.24628,0.781262,0.4,0.846164,0.75,0.0406873,0.0001,3.39084e-11,999999,2.668731e-03,3,Indonesian Exclusive Economic Zone,WPP711,,SVDNB_npp_d20140716_t1757431_e1803235_b14079_c20140717000324408388_noaa_ops.h5,GDNBO_npp_d20140716_t1757431_e1803235_b14079_c20140717000324408134_noaa_ops.h5,SVI04_npp_d20140716_t1757431_e1803235_b14079_c20140717000324402868_noaa_ops.dspace_rad,VNFF_npp_d20140716_t1757431_e1803235_b14079_v21.csv,World_EEZ_v8_2014.shp,WPP_BFAR_merge.shp,KKP_IDN_merge_20161208.shp,VNF-VBD_npp_20120301-20151231_global_asia-enhanced_c201607211230.bitmask,NCEI_NGA.union.nga_lead2.add_2015ntl.mask,timezone.shp,VBD_platforms-recurring_2015_r20170330.shp,999999,VBD_bridges_c20160811.shp,22.302559;20.657581;17.812403;13.013085;8.184108;3.331987;-1.539063;0.598278;2.699680;7.587820;12.484635;17.389103,102.195274;116.899490;131.129013;129.599106;128.217987;126.965988;125.829720;112.252083;98.601341;99.606560;100.547348;101.419044,npp_d20140716_t1757431_e1803235_b14079,147.942,29.4679,44.267,98.4457,42.3336,97.4974
2064,VBD_npp_d20140716_t1802050_x1072344E_y062109N_l2355_s1127_v23,2017-05-23 13:09:55,6.210860,107.234428,33.8014,2014-07-16 18:02:05,2014-07-17 02:02:05,2355,1127,0.394886,1,2529,0.626966,0.254061,0.897572,0.4,0.878963,0.75,0.0406658,0.0001,3.3972e-11,999999,-4.358806e-02,3,Indonesian Exclusive Economic Zone,WPP711,,SVDNB_npp_d20140716_t1757431_e1803235_b14079_c20140717000324408388_noaa_ops.h5,GDNBO_npp_d20140716_t1757431_e1803235_b14079_c20140717000324408134_noaa_ops.h5,SVI04_npp_d20140716_t1757431_e1803235_b14079_c20140717000324402868_noaa_ops.dspace_rad,VNFF_npp_d20140716_t1757431_e1803235_b14079_v21.csv,World_EEZ_v8_2014.shp,WPP_BFAR_merge.shp,KKP_IDN_merge_20161208.shp,VNF-VBD_npp_20120301-20151231_global_asia-enhanced_c201607211230.bitmask,NCEI_NGA.union.nga_lead2.add_2015ntl.mask,timezone.shp,VBD_platforms-recurring_2015_r20170330.shp,999999,VBD_bridges_c20160811.shp,22.302559;20.657581;17.812403;13.013085;8.184108;3.331987;-1.539063;0.598278;2.699680;7.587820;12.484635;17.389103,102.195274;116.899490;131.129013;129.599106;128.217987;126.965988;125.829720;112.252083;98.601341;99.606560;100.547348;101.419044,npp_d20140716_t1757431_e1803235_b14079,148.229,29.6451,44.2622,98.5396,42.3381,97.1453
2065,VBD_npp_d20140716_t1802050_x1072255E_y061507N_l2364_s1127_v23,2017-05-23 13:09:55,6.150747,107.225456,8.29906,2014-07-16 18:02:05,2014-07-17 02:02:05,2364,1127,0.354503,1,2529,0.334481,0.283604,0.887971,0.4,0.763603,0.75,0.0406617,0.0001,3.38415e-11,999999,-2.192007e-01,3,Indonesian Exclusive Economic Zone,WPP711,,SVDNB_npp_d20140716_t1757431_e1803235_b14079_c20140717000324408388_noaa_ops.h5,GDNBO_npp_d20140716_t1757431_e1803235_b14079_c20140717000324408134_noaa_ops.h5,SVI04_npp_d20140716_t1757431_e1803235_b14079_c20140717000324402868_noaa_ops.dspace_rad,VNFF_npp_d20140716_t1757431_e1803235_b14079_v21.csv,World_EEZ_v8_2014.shp,WPP_BFAR_merge.shp,KKP_IDN_merge_20161208.shp,VNF-VBD_npp_20120301-20151231_global_asia-enhanced_c201607211230.bitmask,NCEI_NGA.union.nga_lead2.add_2015ntl.mask,timezone.shp,VBD_platforms-recurring_2015_r20170330.shp,999999,VBD_bridges_c20160811.shp,22.302559;20.657581;17.812403;13.013085;8.184108;3.331987;-1.539063;0.598278;2.699680;7.587820;12.484635;17.389103,102.195274;116.899490;131.129013;129.599106;128.217987;126.965988;125.829720;112.252083;98.601341;99.606560;100.547348;101.419044,npp_d20140716_t1757431_e1803235_b14079,148.286,29.6797,44.2634,97.9751,42.3395,97.0761
2075,VBD_npp_d20140716_t1801543_x1073750E_y067870N_l2266_s1129_v23,2017-05-23 13:09:55,6.787027,107.375008,8.89268,2014-07-16 18:01:54,2014-07-17 01:01:54,2266,1129,0.343288,1,2529,0.402524,0.245946,0.937964,0.4,0.827239,0.75,0.0407164,0.0001,3.61076e-11,999999,4.651377e-03,3,Vietnamese Exclusive Economic Zone,WPP711,,SVDNB_npp_d20140716_t1757431_e1803235_b14079_c20140717000324408388_noaa_ops.h5,GDNBO_npp_d20140716_t1757431_e1803235_b14079_c20140717000324408134_noaa_ops.h5,SVI04_npp_d20140716_t1757431_e1803235_b14079_c20140717000324402868_noaa_ops.dspace_rad,VNFF_npp_d20140716_t1757431_e1803235_b14079_v21.csv,World_EEZ_v8_2014.shp,WPP_BFAR_merge.shp,KKP_IDN_merge_20161208.shp,VNF-VBD_npp_20120301-20151231_global_asia-enhanced_c201607211230.bitmask,NCEI_NGA.union.nga_lead2.add_2015ntl.mask,timezone.shp,VBD_platforms-recurring_2015_r20170330.shp,999999,VBD_bridges_c20160811.shp,22.302559;20.657581;17.812403;13.013085;8.184108;3.331987;-1.539063;0.598278;2.699680;7.587820;12.484635;17.389103,102.195274;116.899490;131.129013;129.599106;128.217987;126.965988;125.829720;112.252083;98.601341;99.606560;100.547348;101.419044,npp_d20140716_t1757431_e1803235_b14079,147.68,29.3357,44.1971,98.0435,42.3167,97.8134
2080,VBD_npp_d20140716_t1801525_x1074005E_y068701N_l2253_s1130_v23,2017-05-23 13:09:55,6.870121,107.400528,26.4478,2014-07-16 18:01:52,2014-07-17 01:01:52,2253,1130,0.346326,1,2529,0.776212,0.241998,0.925797,0.4,0.92394,0.75,0.0407268,0.0001,3.71164e-11,999999,2.812048e-02,3,Vietnamese Exclusive Economic Zone,WPP711,,SVDNB_npp_d20140716_t1757431_e1803235_b14079_c20140717000324408388_noaa_ops.h5,GDNBO_npp_d20140716_t1757431_e1803235_b14079_c20140717000324408134_noaa_ops.h5,SVI04_npp_d20140716_t1757431_e1803235_b14079_c20140717000324402868_noaa_ops.dspace_rad,VNFF_npp_d20140716_t1757431_e1803235_b14079_v21.csv,World_EEZ_v8_2014.shp,WPP_BFAR_merge.shp,KKP_IDN_merge_20161208.shp,VNF-VBD_npp_20120301-20151231_global_asia-enhanced_c201607211230.bitmask,NCEI_NGA.union.nga_lead2.add_2015ntl.mask,timezone.shp,VBD_platforms-recurring_2015_r20170330.shp,999999,VBD_bridges_c20160811.shp,22.302559;20.657581;17.812403;13.013085;8.184108;3.331987;-1.539063;0.598278;2.699680;7.587820;12.484635;17.389103,102.195274;116.899490;131.129013;129.599106;128.217987;126.965988;125.829720;112.252083;98.601341;99.606560;100.547348;101.419044,npp_d20140716_t1757431_e1803235_b14079,147.599,29.2984,44.1664,97.8446,42.3099,97.9111
2081,VBD_npp_d20140716_t1801543_x1073845E_y068061N_l2263_s1130_v23,2017-05-23 13:09:55,6.806100,107.384483,19.2657,2014-07-16 18:01:54,2014-07-17 01:01:54,2263,1130,0.344172,1,2529,0.67784,0.244734,0.937964,0.4,0.914566,0.75,0.0407231,0.0001,3.72246e-11,999999,1.185797e-02,3,Vietnamese Exclusive Economic Zone,WPP711,,SVDNB_npp_d20140716_t1757431_e1803235_b14079_c20140717000324408388_noaa_ops.h5,GDNBO_npp_d20140716_t1757431_e1803235_b14079_c20140717000324408134_noaa_ops.h5,SVI04_npp_d20140716_t1757431_e1803235_b14079_c20140717000324402868_noaa_ops.dspace_rad,VNFF_npp_d20140716_t1757431_e1803235_b14079_v21.csv,World_EEZ_v8_2014.shp,WPP_BFAR_merge.shp,KKP_IDN_merge_20161208.shp,VNF-VBD_npp_20120301-20151231_global_asia-enhanced_c201607211230.bitmask,NCEI_NGA.union.nga_lead2.add_2015ntl.mask,timezone.shp,VBD_platforms-recurring_2015_r20170330.shp,999999,VBD_bridges_c20160811.shp,22.302559;20.657581;17.812403;13.013085;8.184108;3.331987;-1.539063;0.598278;2.699680;7.587820;12.484635;17.389103,102.195274;116.899490;131.129013;129.599106;128.217987;126.965988;125.829720;112.252083;98.601341;99.606560;100.547348;101.419044,npp_d20140716_t1757431_e1803235_b14079,147.659,29.335,44.1628,98.2327,42.3099,97.8372
2082,VBD_npp_d20140716_t1802050_x1072540E_y062080N_l2355_s1130_v23,2017-05-23 13:09:55,6.207956,107.253952,27.9239,2014-07-16 18:02:05,2014-07-17 02:02:05,2355,1130,0.324394,1,2529,0.709676,0.262453,0.897572,0.4,0.856947,0.75,0.0406824,0.0001,3.71498e-11,999999,-9.346939e-02,3,Indonesian Exclusive Economic Zone,WPP711,,SVDNB_npp_d20140716_t1757431_e1803235_b14079_c20140717000324408388_noaa_ops.h5,GDNBO_npp_d20140716_t1757431_e1803235_b14079_c20140717000324408134_noaa_ops.h5,SVI04_npp_d20140716_t1757431_e1803235_b14079_c20140717000324402868_noaa_ops.dspace_rad,VNFF_npp_d20140716_t1757431_e1803235_b14079_v21.csv,World_EEZ_v8_2014.shp,WPP_BFAR_merge.shp,KKP_IDN_merge_20161208.shp,VNF-VBD_npp_20120301-20151231_global_asia-enhanced_c201607211230.bitmask,NCEI_NGA.union.nga_lead2.add_2015ntl.mask,timezone.shp,VBD_platforms-recurring_2015_r20170330.shp,999999,VBD_bridges_c20160811.shp,22.302559;20.657581;17.812403;13.013085;8.184108;3.331987;-1.539063;0.598278;2.699680;7.587820;12.484635;17.389103,102.195274;116.899490;131.129013;129.599106;128.217987;126.965988;125.829720;112.252083;98.601341;99.606560;100.547348;101.419044,npp_d20140716_t1757431_e1803235_b14079,148.222,29.6768,44.161,98.5422,42.3182,97.1469
2083,VBD_npp_d20140716_t1802050_x1072470E_y061613N_l2362_s1130_v23,2017-05-23 13:09:55,6.161266,107.246986,10.0939,2014-07-16 18:02:05,2014-07-17 02:02:05,2362,1130,0.40925,1,2529,0.400608,0.269481,0.896449,0.4,0.814794,0.75,0.0406792,0.0001,3.70449e-11,999999,-1.352525e-01,3,Indonesian Exclusive Economic Zone,WPP711,,SVDNB_npp_d20140716_t1757431_e1803235_b14079_c20140717000324408388_noaa_ops.h5,GDNBO_npp_d20140716_t1757431_e1803235_b14079_c20140717000324408134_noaa_ops.h5,SVI04_npp_d20140716_t1757431_e1803235_b14079_c20140717000324402868_noaa_ops.dspace_rad,VNFF_npp_d20140716_t1757431_e1803235_b14079_v21.csv,World_EEZ_v8_2014.shp,WPP_BFAR_merge.shp,KKP_IDN_merge_20161208.shp,VNF-VBD_npp_20120301-20151231_global_asia-enhanced_c201607211230.bitmask,NCEI_NGA.union.nga_lead2.add_2015ntl.mask,timezone.shp,VBD_platforms-recurring_2015_r20170330.shp,999999,VBD_bridges_c20160811.shp,22.302559;20.657581;17.812403;13.013085;8.184108;3.331987;-1.539063;0.598278;2.699680;7.587820;12.484635;17.389103,102.195274;116.899490;131.129013;129.599106;128.217987;126.965988;125.829720;112.252083;98.601341;99.606560;100.547348;101.419044,npp_d20140716_t1757431_e1803235_b14079,148.266,29.7037,44.1617,98.1023,42.3193,97.0931
2086,VBD_npp_d20140716_t1801543_x1073959E_y068385N_l2258_s1131_v23,2017-05-23 13:09:55,6.838491,107.395927,19.9654,2014-07-16 18:01:54,2014-07-17 01:01:54,2258,1131,0.34047,1,2529,0.648197,0.257617,0.920634,0.4,0.905198,0.75,0.0407305,0.0001,3.83752e-11,999999,-6.472534e-02,3,Vietnamese Exclusive Economic Zone,WPP711,,SVDNB_npp_d20140716_t1757431_e1803235_b14079_c20140717000324408388_noaa_ops.h5,GDNBO_npp_d20140716_t1757431_e1803235_b14079_c20140717000324408134_noaa_ops.h5,SVI04_npp_d20140716_t1757431_e1803235_b14079_c20140717000324402868_noaa_ops.dspace_rad,VNFF_npp_d20140716_t1757431_e1803235_b14079_v21.csv,World_EEZ_v8_2014.shp,WPP_BFAR_merge.shp,KKP_IDN_merge_20161208.shp,VNF-VBD_npp_20120301-20151231_global_asia-enhanced_c201607211230.bitmask,NCEI_NGA.union.nga_lead2.add_2015ntl.mask,timezone.shp,VBD_platforms-recurring_2015_r20170330.shp,999999,VBD_bridges_c20160811.shp,22.302559;20.657581;17.812403;13.013085;8.184108;3.331987;-1.539063;0.598278;2.699680;7.587820;12.484635;17.389103,102.195274;116.899490;131.129013;129.599106;128.217987;126.965988;125.829720;112.252083;98.601341;99.606560;100.547348;101.419044,npp_d20140716_t1757431_e1803235_b14079,147.625,29.3269,44.1291,98.5479,42.303,97.8764
2087,VBD_npp_d20140716_t1801543_x1073850E_y067651N_l2269_s1131_v23,2017-05-23 13:09:55,6.765150,107.385040,17.6967,2014-07-16 18:01:54,2014-07-17 01:01:54,2269,1131,0.330416,1,2529,0.648443,0.264163,0.905919,0.4,0.911831,0.75,0.0407263,0.0001,3.82844e-11,999999,-1.036356e-01,3,Vietnamese Exclusive Economic Zone,WPP711,,SVDNB_npp_d20140716_t1757431_e1803235_b14079_c20140717000324408388_noaa_ops.h5,GDNBO_npp_d20140716_t1757431_e1803235_b14079_c20140717000324408134_noaa_ops.h5,SVI04_npp_d20140716_t1757431_e1803235_b14079_c20140717000324402868_noaa_ops.dspace_rad,VNFF_npp_d20140716_t1757431_e1803235_b14079_v21.csv,World_EEZ_v8_2014.shp,WPP_BFAR_merge.shp,KKP_IDN_merge_20161208.shp,VNF-VBD_npp_20120301-20151231_global_asia-enhanced_c201607211230.bitmask,NCEI_NGA.union.nga_lead2.add_2015ntl.mask,timezone.shp,VBD_platforms-recurring_2015_r20170330.shp,999999,VBD_bridges_c20160811.shp,22.302559;20.657581;17.812403;13.013085;8.184108;3.331987;-1.539063;0.598278;2.699680;7.587820;12.484635;17.389103,102.195274;116.899490;131.129013;129.599106;128.217987;126.965988;125.829720;112.252083;98.601341;99.606560;100.547348;101.419044,npp_d20140716_t1757431_e1803235_b14079,147.695,29.3675,44.1306,97.8562,42.3037,97.7917
2088,VBD_npp_d20140716_t1802050_x1072585E_y061937N_l2357_s1131_v23,2017-05-23 13:09:55,6.193656,107.258453,26.5357,2014-07-16 18:02:05,2014-07-17 02:02:05,2357,1131,0.402676,1,2529,0.607822,0.259164,0.87834,0.4,0.893984,0.75,0.040687,0.0001,3.82424e-11,999999,-7.392136e-02,3,Indonesian Exclusive Economic Zone,WPP711,,SVDNB_npp_d20140716_t1757431_e1803235_b14079_c20140717000324408388_noaa_ops.h5,GDNBO_npp_d20140716_t1757431_e1803235_b14079_c20140717000324408134_noaa_ops.h5,SVI04_npp_d20140716_t1757431_e1803235_b14079_c20140717000324402868_noaa_ops.dspace_rad,VNFF_npp_d20140716_t1757431_e1803235_b14079_v21.csv,World_EEZ_v8_2014.shp,WPP_BFAR_merge.shp,KKP_IDN_merge_20161208.shp,VNF-VBD_npp_20120301-20151231_global_asia-enhanced_c201607211230.bitmask,NCEI_NGA.union.nga_lead2.add_2015ntl.mask,timezone.shp,VBD_platforms-recurring_2015_r20170330.shp,999999,VBD_bridges_c20160811.shp,22.302559;20.657581;17.812403;13.013085;8.184108;3.331987;-1.539063;0.598278;2.699680;7.587820;12.484635;17.389103,102.195274;116.899490;131.129013;129.599106;128.217987;126.965988;125.829720;112.252083;98.601341;99.606560;100.547348;101.419044,npp_d20140716_t1757431_e1803235_b14079,148.232,29.695,44.1273,98.4173,42.3119,97.132
2089,VBD_npp_d20140716_t1802050_x1072565E_y061803N_l2359_s1131_v23,2017-05-23 13:09:55,6.180323,107.256470,25.5858,2014-07-16 18:02:05,2014-07-17 02:02:05,2359,1131,0.351409,1,2529,0.604795,0.235431,0.874739,0.4,0.86941,0.75,0.0406861,0.0001,3.82125e-11,999999,6.715715e-02,3,Indonesian Exclusive Economic Zone,WPP711,,SVDNB_npp_d20140716_t1757431_e1803235_b14079_c20140717000324408388_noaa_ops.h5,GDNBO_npp_d20140716_t1757431_e1803235_b14079_c20140717000324408134_noaa_ops.h5,SVI04_npp_d20140716_t1757431_e1803235_b14079_c20140717000324402868_noaa_ops.dspace_rad,VNFF_npp_d20140716_t1757431_e1803235_b14079_v21.csv,World_EEZ_v8_2014.shp,WPP_BFAR_merge.shp,KKP_IDN_merge_20161208.shp,VNF-VBD_npp_20120301-20151231_global_asia-enhanced_c201607211230.bitmask,NCEI_NGA.union.nga_lead2.add_2015ntl.mask,timezone.shp,VBD_platforms-recurring_2015_r20170330.shp,999999,VBD_bridges_c20160811.shp,22.302559;20.657581;17.812403;13.013085;8.184108;3.331987;-1.539063;0.598278;2.699680;7.587820;12.484635;17.389103,102.195274;116.899490;131.129013;129.599106;128.217987;126.965988;125.829720;112.252083;98.601341;99.606560;100.547348;101.419044,npp_d20140716_t1757431_e1803235_b14079,148.245,29.7027,44.1275,98.2915,42.3122,97.1167
2092,VBD_npp_d20140716_t1802050_x1072639E_y061860N_l2358_s1132_v23,2017-05-23 13:09:55,6.186034,107.263947,10.5332,2014-07-16 18:02:05,2014-07-17 02:02:05,2358,1132,0.388478,7,2209,0.267105,0.259668,0.87834,0.4,0.697897,0.75,0.0406921,0.0001,3.93779e-11,999999,-7.691760e-02,3,,,,SVDNB_npp_d20140716_t1757431_e1803235_b14079_c20140717000324408388_noaa_ops.h5,GDNBO_npp_d20140716_t1757431_e1803235_b14079_c20140717000324408134_noaa_ops.h5,SVI04_npp_d20140716_t1757431_e1803235_b14079_c20140717000324402868_noaa_ops.dspace_rad,VNFF_npp_d20140716_t1757431_e1803235_b14079_v21.csv,World_EEZ_v8_2014.shp,WPP_BFAR_merge.shp,KKP_IDN_merge_20161208.shp,VNF-VBD_npp_20120301-20151231_global_asia-enhanced_c201607211230.bitmask,NCEI_NGA.union.nga_lead2.add_2015ntl.mask,timezone.shp,VBD_platforms-recurring_2015_r20170330.shp,999999,VBD_bridges_c20160811.shp,22.302559;20.657581;17.812403;13.013085;8.184108;3.331987;-1.539063;0.598278;2.699680;7.587820;12.484635;17.389103,102.195274;116.899490;131.129013;129.599106;128.217987;126.965988;125.829720;112.252083;98.601341;99.606560;100.547348;101.419044,npp_d20140716_t1757431_e1803235_b14079,148.236,29.7093,44.0937,98.3552,42.3055,97.1249
2094,VBD_npp_d20140716_t1801543_x1074060E_y068166N_l2261_s1133_v23,2017-05-23 13:09:55,6.816585,107.405952,19.9172,2014-07-16 18:01:54,2014-07-17 01:01:54,2261,1133,0.339808,1,2529,0.687097,0.240382,0.932449,0.4,0.917824,0.75,0.0407404,0.0001,4.07017e-11,999999,3.772957e-02,3,Vietnamese Exclusive Economic Zone,WPP711,,SVDNB_npp_d20140716_t1757431_e1803235_b14079_c20140717000324408388_noaa_ops.h5,GDNBO_npp_d20140716_t1757431_e1803235_b14079_c20140717000324408134_noaa_ops.h5,SVI04_npp_d20140716_t1757431_e1803235_b14079_c20140717000324402868_noaa_ops.dspace_rad,VNFF_npp_d20140716_t1757431_e1803235_b14079_v21.csv,World_EEZ_v8_2014.shp,WPP_BFAR_merge.shp,KKP_IDN_merge_20161208.shp,VNF-VBD_npp_20120301-20151231_global_asia-enhanced_c201607211230.bitmask,NCEI_NGA.union.nga_lead2.add_2015ntl.mask,timezone.shp,VBD_platforms-recurring_2015_r20170330.shp,999999,VBD_bridges_c20160811.shp,22.302559;20.657581;17.812403;13.013085;8.184108;3.331987;-1.539063;0.598278;2.699680;7.587820;12.484635;17.389103,102.195274;116.899490;131.129013;129.599106;128.217987;126.965988;125.829720;112.252083;98.601341;99.606560;100.547348;101.419044,npp_d20140716_t1757431_e1803235_b14079,147.64,29.3588,44.0616,98.361,42.29,97.8547
2095,VBD_npp_d20140716_t1802050_x1072684E_y061718N_l2360_s1133_v23,2017-05-23 13:09:55,6.171759,107.268433,39.2981,2014-07-16 18:02:05,2014-07-17 02:02:05,2360,1133,0.408974,1,2529,0.791563,0.229073,0.874739,0.4,0.91452,0.75,0.0406967,0.0001,4.05272e-11,999999,1.049511e-01,3,Indonesian Exclusive Economic Zone,WPP711,,SVDNB_npp_d20140716_t1757431_e1803235_b14079_c20140717000324408388_noaa_ops.h5,GDNBO_npp_d20140716_t1757431_e1803235_b14079_c20140717000324408134_noaa_ops.h5,SVI04_npp_d20140716_t1757431_e1803235_b14079_c20140717000324402868_noaa_ops.dspace_rad,VNFF_npp_d20140716_t1757431_e1803235_b14079_v21.csv,World_EEZ_v8_2014.shp,WPP_BFAR_merge.shp,KKP_IDN_merge_20161208.shp,VNF-VBD_npp_20120301-20151231_global_asia-enhanced_c201607211230.bitmask,NCEI_NGA.union.nga_lead2.add_2015ntl.mask,timezone.shp,VBD_platforms-recurring_2015_r20170330.shp,999999,VBD_bridges_c20160811.shp,22.302559;20.657581;17.812403;13.013085;8.184108;3.331987;-1.539063;0.598278;2.699680;7.587820;12.484635;17.389103,102.195274;116.899490;131.129013;129.599106;128.217987;126.965988;125.829720;112.252083;98.601341;99.606560;100.547348;101.419044,npp_d20140716_t1757431_e1803235_b14079,148.246,29.7275,44.0602,98.23,42.2992,97.11
2100,VBD_npp_d20140716_t1801543_x1074085E_y067890N_l2265_s1134_v23,2017-05-23 13:09:55,6.789002,107.408478,15.4104,2014-07-16 18:01:54,2014-07-17 01:01:54,2265,1134,0.334117,1,2529,0.587583,0.249751,0.932507,0.4,0.872836,0.75,0.0407444,0.0001,4.18876e-11,999999,-1.796536e-02,3,Vietnamese Exclusive Economic Zone,WPP711,,SVDNB_npp_d20140716_t1757431_e1803235_b14079_c20140717000324408388_noaa_ops.h5,GDNBO_npp_d20140716_t1757431_e1803235_b14079_c20140717000324408134_noaa_ops.h5,SVI04_npp_d20140716_t1757431_e1803235_b14079_c20140717000324402868_noaa_ops.dspace_rad,VNFF_npp_d20140716_t1757431_e1803235_b14079_v21.csv,World_EEZ_v8_2014.shp,WPP_BFAR_merge.shp,KKP_IDN_merge_20161208.shp,VNF-VBD_npp_20120301-20151231_global_asia-enhanced_c201607211230.bitmask,NCEI_NGA.union.nga_lead2.add_2015ntl.mask,timezone.shp,VBD_platforms-recurring_2015_r20170330.shp,999999,VBD_bridges_c20160811.shp,22.302559;20.657581;17.812403;13.013085;8.184108;3.331987;-1.539063;0.598278;2.699680;7.587820;12.484635;17.389103,102.195274;116.899490;131.129013;129.599106;128.217987;126.965988;125.829720;112.252083;98.601341;99.606560;100.547348;101.419044,npp_d20140716_t1757431_e1803235_b14079,147.662,29.3839,44.0284,98.1099,42.2836,97.8247
2101,VBD_npp_d20140716_t1802032_x1072939E_y062548N_l2347_s1134_v23,2017-05-23 13:09:55,6.254771,107.293915,18.0664,2014-07-16 18:02:03,2014-07-17 01:02:03,2347,1134,0.332902,1,2529,0.5088,0.314397,0.857527,0.4,0.873673,0.75,0.0407082,0.0001,4.16421e-11,999999,-4.022482e-01,3,Indonesian Exclusive Economic Zone,WPP711,,SVDNB_npp_d20140716_t1757431_e1803235_b14079_c20140717000324408388_noaa_ops.h5,GDNBO_npp_d20140716_t1757431_e1803235_b14079_c20140717000324408134_noaa_ops.h5,SVI04_npp_d20140716_t1757431_e1803235_b14079_c20140717000324402868_noaa_ops.dspace_rad,VNFF_npp_d20140716_t1757431_e1803235_b14079_v21.csv,World_EEZ_v8_2014.shp,WPP_BFAR_merge.shp,KKP_IDN_merge_20161208.shp,VNF-VBD_npp_20120301-20151231_global_asia-enhanced_c201607211230.bitmask,NCEI_NGA.union.nga_lead2.add_2015ntl.mask,timezone.shp,VBD_platforms-recurring_2015_r20170330.shp,999999,VBD_bridges_c20160811.shp,22.302559;20.657581;17.812403;13.013085;8.184108;3.331987;-1.539063;0.598278;2.699680;7.587820;12.484635;17.389103,102.195274;116.899490;131.129013;129.599106;128.217987;126.965988;125.829720;112.252083;98.601341;99.606560;100.547348;101.419044,npp_d20140716_t1757431_e1803235_b14079,148.165,29.6882,44.0298,98.0294,42.2914,97.2074
2102,VBD_npp_d20140716_t1801543_x1074273E_y068270N_l2259_s1136_v23,2017-05-23 13:09:55,6.827042,107.427338,14.7707,2014-07-16 18:01:54,2014-07-17 01:01:54,2259,1136,0.327157,1,2529,0.562183,0.265984,0.914484,0.4,0.865145,0.75,0.0407577,0.0001,4.44775e-11,999999,-1.144602e-01,3,Vietnamese Exclusive Economic Zone,WPP711,,SVDNB_npp_d20140716_t1757431_e1803235_b14079_c20140717000324408388_noaa_ops.h5,GDNBO_npp_d20140716_t1757431_e1803235_b14079_c20140717000324408134_noaa_ops.h5,SVI04_npp_d20140716_t1757431_e1803235_b14079_c20140717000324402868_noaa_ops.dspace_rad,VNFF_npp_d20140716_t1757431_e1803235_b14079_v21.csv,World_EEZ_v8_2014.shp,WPP_BFAR_merge.shp,KKP_IDN_merge_20161208.shp,VNF-VBD_npp_20120301-20151231_global_asia-enhanced_c201607211230.bitmask,NCEI_NGA.union.nga_lead2.add_2015ntl.mask,timezone.shp,VBD_platforms-recurring_2015_r20170330.shp,999999,VBD_bridges_c20160811.shp,22.302559;20.657581;17.812403;13.013085;8.184108;3.331987;-1.539063;0.598278;2.699680;7.587820;12.484635;17.389103,102.195274;116.899490;131.129013;129.599106;128.217987;126.965988;125.829720;112.252083;98.601341;99.606560;100.547348;101.419044,npp_d20140716_t1757431_e1803235_b14079,147.62,29.3824,43.9607,98.4897,42.2701,97.8722
2104,VBD_npp_d20140716_t1801436_x1075571E_y073780N_l2174_s1137_v23,2017-05-23 13:09:55,7.377989,107.557121,24.5725,2014-07-16 18:01:43,2014-07-17 01:01:43,2174,1137,0.384114,1,2529,0.673477,0.232339,0.756814,0.4,0.90632,0.75,0.0407947,0.0001,4.57215e-11,999999,8.553617e-02,3,Vietnamese Exclusive Economic Zone,,,SVDNB_npp_d20140716_t1757431_e1803235_b14079_c20140717000324408388_noaa_ops.h5,GDNBO_npp_d20140716_t1757431_e1803235_b14079_c20140717000324408134_noaa_ops.h5,SVI04_npp_d20140716_t1757431_e1803235_b14079_c20140717000324402868_noaa_ops.dspace_rad,VNFF_npp_d20140716_t1757431_e1803235_b14079_v21.csv,World_EEZ_v8_2014.shp,WPP_BFAR_merge.shp,KKP_IDN_merge_20161208.shp,VNF-VBD_npp_20120301-20151231_global_asia-enhanced_c201607211230.bitmask,NCEI_NGA.union.nga_lead2.add_2015ntl.mask,timezone.shp,VBD_platforms-recurring_2015_r20170330.shp,999999,VBD_bridges_c20160811.shp,22.302559;20.657581;17.812403;13.013085;8.184108;3.331987;-1.539063;0.598278;2.699680;7.587820;12.484635;17.389103,102.195274;116.899490;131.129013;129.599106;128.217987;126.965988;125.829720;112.252083;98.601341;99.606560;100.547348;101.419044,npp_d20140716_t1757431_e1803235_b14079,147.098,29.0882,43.9302,97.7406,42.2633,98.5118
2105,VBD_npp_d20140716_t1801543_x1074308E_y068061N_l2262_s1137_v23,2017-05-23 13:09:55,6.806141,107.430840,14.9409,2014-07-16 18:01:54,2014-07-17 01:01:54,2262,1137,0.332515,1,2529,0.583018,0.22838,0.914484,0.4,0.880383,0.75,0.0407621,0.0001,4.57829e-11,999999,1.090732e-01,3,Vietnamese Exclusive Economic Zone,WPP711,,SVDNB_npp_d20140716_t1757431_e1803235_b14079_c20140717000324408388_noaa_ops.h5,GDNBO_npp_d20140716_t1757431_e1803235_b14079_c20140717000324408134_noaa_ops.h5,SVI04_npp_d20140716_t1757431_e1803235_b14079_c20140717000324402868_noaa_ops.dspace_rad,VNFF_npp_d20140716_t1757431_e1803235_b14079_v21.csv,World_EEZ_v8_2014.shp,WPP_BFAR_merge.shp,KKP_IDN_merge_20161208.shp,VNF-VBD_npp_20120301-20151231_global_asia-enhanced_c201607211230.bitmask,NCEI_NGA.union.nga_lead2.add_2015ntl.mask,timezone.shp,VBD_platforms-recurring_2015_r20170330.shp,999999,VBD_bridges_c20160811.shp,22.302559;20.657581;17.812403;13.013085;8.184108;3.331987;-1.539063;0.598278;2.699680;7.587820;12.484635;17.389103,102.195274;116.899490;131.129013;129.599106;128.217987;126.965988;125.829720;112.252083;98.601341;99.606560;100.547348;101.419044,npp_d20140716_t1757431_e1803235_b14079,147.637,29.4038,43.927,98.3013,42.2637,97.8498
2106,VBD_npp_d20140716_t1801596_x1073599E_y064737N_l2313_s1137_v23,2017-05-23 13:09:55,6.473661,107.359879,15.0818,2014-07-16 18:01:59,2014-07-17 01:01:59,2313,1137,0.382014,1,2529,0.638438,0.251852,0.830096,0.4,0.915157,0.75,0.0407403,0.0001,4.55344e-11,999999,-3.045376e-02,3,Indonesian Exclusive Economic Zone,WPP711,,SVDNB_npp_d20140716_t1757431_e1803235_b14079_c20140717000324408388_noaa_ops.h5,GDNBO_npp_d20140716_t1757431_e1803235_b14079_c20140717000324408134_noaa_ops.h5,SVI04_npp_d20140716_t1757431_e1803235_b14079_c20140717000324402868_noaa_ops.dspace_rad,VNFF_npp_d20140716_t1757431_e1803235_b14079_v21.csv,World_EEZ_v8_2014.shp,WPP_BFAR_merge.shp,KKP_IDN_merge_20161208.shp,VNF-VBD_npp_20120301-20151231_global_asia-enhanced_c201607211230.bitmask,NCEI_NGA.union.nga_lead2.add_2015ntl.mask,timezone.shp,VBD_platforms-recurring_2015_r20170330.shp,999999,VBD_bridges_c20160811.shp,22.302559;20.657581;17.812403;13.013085;8.184108;3.331987;-1.539063;0.598278;2.699680;7.587820;12.484635;17.389103,102.195274;116.899490;131.129013;129.599106;128.217987;126.965988;125.829720;112.252083;98.601341;99.606560;100.547348;101.419044,npp_d20140716_t1757431_e1803235_b14079,147.95,29.5911,43.9305,98.1387,42.2682,97.4652
2107,VBD_npp_d20140716_t1802548_x1066590E_y032731N_l2805_s1137_v23,2017-05-23 13:09:55,3.273100,106.659035,10.6191,2014-07-16 18:02:54,2014-07-17 01:02:54,2805,1137,0.347763,8,18913,0.43681,0.286825,0.733423,0.4,0.806592,0.75,0.0406095,0.0001,4.18657e-11,999999,-2.383495e-01,3,Indonesian Exclusive Economic Zone,WPP711,,SVDNB_npp_d20140716_t1757431_e1803235_b14079_c20140717000324408388_noaa_ops.h5,GDNBO_npp_d20140716_t1757431_e1803235_b14079_c20140717000324408134_noaa_ops.h5,SVI04_npp_d20140716_t1757431_e1803235_b14079_c20140717000324402868_noaa_ops.dspace_rad,VNFF_npp_d20140716_t1757431_e1803235_b14079_v21.csv,World_EEZ_v8_2014.shp,WPP_BFAR_merge.shp,KKP_IDN_merge_20161208.shp,VNF-VBD_npp_20120301-20151231_global_asia-enhanced_c201607211230.bitmask,NCEI_NGA.union.nga_lead2.add_2015ntl.mask,timezone.shp,VBD_platforms-recurring_2015_r20170330.shp,0.263871,VBD_bridges_c20160811.shp,22.302559;20.657581;17.812403;13.013085;8.184108;3.331987;-1.539063;0.598278;2.699680;7.587820;12.484635;17.389103,102.195274;116.899490;131.129013;129.599106;128.217987;126.965988;125.829720;112.252083;98.601341;99.606560;100.547348;101.419044,npp_d20140716_t1757431_e1803235_b14079,150.944,31.6281,43.9315,98.6985,42.4313,93.789
2108,VBD_npp_d20140716_t1801489_x1074998E_y070843N_l2219_s1138_v23,2017-05-23 13:09:55,7.084285,107.499825,6.36248,2014-07-16 18:01:48,2014-07-17 01:01:48,2219,1138,0.404996,2,2465,0.337411,0.225689,0.842166,0.4,0.735688,0.75,0.0407838,0.0001,4.71908e-11,999999,1.250677e-01,3,Vietnamese Exclusive Economic Zone,WPP711,,SVDNB_npp_d20140716_t1757431_e1803235_b14079_c20140717000324408388_noaa_ops.h5,GDNBO_npp_d20140716_t1757431_e1803235_b14079_c20140717000324408134_noaa_ops.h5,SVI04_npp_d20140716_t1757431_e1803235_b14079_c20140717000324402868_noaa_ops.dspace_rad,VNFF_npp_d20140716_t1757431_e1803235_b14079_v21.csv,World_EEZ_v8_2014.shp,WPP_BFAR_merge.shp,KKP_IDN_merge_20161208.shp,VNF-VBD_npp_20120301-20151231_global_asia-enhanced_c201607211230.bitmask,NCEI_NGA.union.nga_lead2.add_2015ntl.mask,timezone.shp,VBD_platforms-recurring_2015_r20170330.shp,999999,VBD_bridges_c20160811.shp,22.302559;20.657581;17.812403;13.013085;8.184108;3.331987;-1.539063;0.598278;2.699680;7.587820;12.484635;17.389103,102.195274;116.899490;131.129013;129.599106;128.217987;126.965988;125.829720;112.252083;98.601341;99.606560;100.547348;101.419044,npp_d20140716_t1757431_e1803235_b14079,147.371,29.259,43.8932,97.957,42.2557,98.1737
2109,VBD_npp_d20140716_t1801525_x1074613E_y069225N_l2244_s1138_v23,2017-05-23 13:09:55,6.922542,107.461288,21.4041,2014-07-16 18:01:52,2014-07-17 01:01:52,2244,1138,0.286,1,2529,0.615955,0.280381,0.734439,0.4,0.88014,0.75,0.0407744,0.0001,4.70902e-11,999999,-2.000434e-01,3,Vietnamese Exclusive Economic Zone,WPP711,,SVDNB_npp_d20140716_t1757431_e1803235_b14079_c20140717000324408388_noaa_ops.h5,GDNBO_npp_d20140716_t1757431_e1803235_b14079_c20140717000324408134_noaa_ops.h5,SVI04_npp_d20140716_t1757431_e1803235_b14079_c20140717000324402868_noaa_ops.dspace_rad,VNFF_npp_d20140716_t1757431_e1803235_b14079_v21.csv,World_EEZ_v8_2014.shp,WPP_BFAR_merge.shp,KKP_IDN_merge_20161208.shp,VNF-VBD_npp_20120301-20151231_global_asia-enhanced_c201607211230.bitmask,NCEI_NGA.union.nga_lead2.add_2015ntl.mask,timezone.shp,VBD_platforms-recurring_2015_r20170330.shp,999999,VBD_bridges_c20160811.shp,22.302559;20.657581;17.812403;13.013085;8.184108;3.331987;-1.539063;0.598278;2.699680;7.587820;12.484635;17.389103,102.195274;116.899490;131.129013;129.599106;128.217987;126.965988;125.829720;112.252083;98.601341;99.606560;100.547348;101.419044,npp_d20140716_t1757431_e1803235_b14079,147.524,29.348,43.8954,98.4174,42.2568,97.9862
2110,VBD_npp_d20140716_t1801578_x1073880E_y065636N_l2299_s1138_v23,2017-05-23 13:09:55,6.563594,107.388000,19.9773,2014-07-16 18:01:57,2014-07-17 01:01:57,2299,1138,0.368203,1,2529,0.66441,0.264706,0.88381,0.4,0.90887,0.75,0.0407522,0.0001,4.7142e-11,999999,-1.068667e-01,3,Indonesian Exclusive Economic Zone,WPP711,,SVDNB_npp_d20140716_t1757431_e1803235_b14079_c20140717000324408388_noaa_ops.h5,GDNBO_npp_d20140716_t1757431_e1803235_b14079_c20140717000324408134_noaa_ops.h5,SVI04_npp_d20140716_t1757431_e1803235_b14079_c20140717000324402868_noaa_ops.dspace_rad,VNFF_npp_d20140716_t1757431_e1803235_b14079_v21.csv,World_EEZ_v8_2014.shp,WPP_BFAR_merge.shp,KKP_IDN_merge_20161208.shp,VNF-VBD_npp_20120301-20151231_global_asia-enhanced_c201607211230.bitmask,NCEI_NGA.union.nga_lead2.add_2015ntl.mask,timezone.shp,VBD_platforms-recurring_2015_r20170330.shp,999999,VBD_bridges_c20160811.shp,22.302559;20.657581;17.812403;13.013085;8.184108;3.331987;-1.539063;0.598278;2.699680;7.587820;12.484635;17.389103,102.195274;116.899490;131.129013;129.599106;128.217987;126.965988;125.829720;112.252083;98.601341;99.606560;100.547348;101.419044,npp_d20140716_t1757431_e1803235_b14079,147.861,29.5513,43.8914,98.0054,42.2592,97.5712
2115,VBD_npp_d20140716_t1801543_x1074477E_y068308N_l2258_s1139_v23,2017-05-23 13:09:55,6.830826,107.447685,11.0158,2014-07-16 18:01:54,2014-07-17 01:01:54,2258,1139,0.320748,1,2529,0.459154,0.252444,0.84143,0.4,0.823014,0.75,0.0407746,0.0001,4.8575e-11,999999,-3.397312e-02,3,Vietnamese Exclusive Economic Zone,WPP711,,SVDNB_npp_d20140716_t1757431_e1803235_b14079_c20140717000324408388_noaa_ops.h5,GDNBO_npp_d20140716_t1757431_e1803235_b14079_c20140717000324408134_noaa_ops.h5,SVI04_npp_d20140716_t1757431_e1803235_b14079_c20140717000324402868_noaa_ops.dspace_rad,VNFF_npp_d20140716_t1757431_e1803235_b14079_v21.csv,World_EEZ_v8_2014.shp,WPP_BFAR_merge.shp,KKP_IDN_merge_20161208.shp,VNF-VBD_npp_20120301-20151231_global_asia-enhanced_c201607211230.bitmask,NCEI_NGA.union.nga_lead2.add_2015ntl.mask,timezone.shp,VBD_platforms-recurring_2015_r20170330.shp,999999,VBD_bridges_c20160811.shp,22.302559;20.657581;17.812403;13.013085;8.184108;3.331987;-1.539063;0.598278;2.699680;7.587820;12.484635;17.389103,102.195274;116.899490;131.129013;129.599106;128.217987;126.965988;125.829720;112.252083;98.601341;99.606560;100.547348;101.419044,npp_d20140716_t1757431_e1803235_b14079,147.607,29.4096,43.8598,98.5557,42.2503,97.882
2116,VBD_npp_d20140716_t1801578_x1073915E_y065427N_l2302_s1139_v23,2017-05-23 13:09:55,6.542737,107.391472,28.1192,2014-07-16 18:01:57,2014-07-17 01:01:57,2302,1139,0.351851,1,2529,0.722785,0.274845,0.877183,0.4,0.847847,0.75,0.0407563,0.0001,4.84867e-11,999999,-1.671376e-01,3,Indonesian Exclusive Economic Zone,WPP711,,SVDNB_npp_d20140716_t1757431_e1803235_b14079_c20140717000324408388_noaa_ops.h5,GDNBO_npp_d20140716_t1757431_e1803235_b14079_c20140717000324408134_noaa_ops.h5,SVI04_npp_d20140716_t1757431_e1803235_b14079_c20140717000324402868_noaa_ops.dspace_rad,VNFF_npp_d20140716_t1757431_e1803235_b14079_v21.csv,World_EEZ_v8_2014.shp,WPP_BFAR_merge.shp,KKP_IDN_merge_20161208.shp,VNF-VBD_npp_20120301-20151231_global_asia-enhanced_c201607211230.bitmask,NCEI_NGA.union.nga_lead2.add_2015ntl.mask,timezone.shp,VBD_platforms-recurring_2015_r20170330.shp,999999,VBD_bridges_c20160811.shp,22.302559;20.657581;17.812403;13.013085;8.184108;3.331987;-1.539063;0.598278;2.699680;7.587820;12.484635;17.389103,102.195274;116.899490;131.129013;129.599106;128.217987;126.965988;125.829720;112.252083;98.601341;99.606560;100.547348;101.419044,npp_d20140716_t1757431_e1803235_b14079,147.878,29.5728,43.8588,97.8164,42.2529,97.5488
2122,VBD_npp_d20140716_t1801472_x1075396E_y071726N_l2205_s1141_v23,2017-05-23 13:09:55,7.172616,107.539635,14.3895,2014-07-16 18:01:47,2014-07-17 01:01:47,2205,1141,0.328482,1,2529,0.516112,0.242596,0.793207,0.4,0.855162,0.75,0.0408056,0.0001,5.15098e-11,999999,2.456769e-02,3,Vietnamese Exclusive Economic Zone,WPP711,,SVDNB_npp_d20140716_t1757431_e1803235_b14079_c20140717000324408388_noaa_ops.h5,GDNBO_npp_d20140716_t1757431_e1803235_b14079_c20140717000324408134_noaa_ops.h5,SVI04_npp_d20140716_t1757431_e1803235_b14079_c20140717000324402868_noaa_ops.dspace_rad,VNFF_npp_d20140716_t1757431_e1803235_b14079_v21.csv,World_EEZ_v8_2014.shp,WPP_BFAR_merge.shp,KKP_IDN_merge_20161208.shp,VNF-VBD_npp_20120301-20151231_global_asia-enhanced_c201607211230.bitmask,NCEI_NGA.union.nga_lead2.add_2015ntl.mask,timezone.shp,VBD_platforms-recurring_2015_r20170330.shp,999999,VBD_bridges_c20160811.shp,22.302559;20.657581;17.812403;13.013085;8.184108;3.331987;-1.539063;0.598278;2.699680;7.587820;12.484635;17.389103,102.195274;116.899490;131.129013;129.599106;128.217987;126.965988;125.829720;112.252083;98.601341;99.606560;100.547348;101.419044,npp_d20140716_t1757431_e1803235_b14079,147.279,29.2395,43.7929,97.8251,42.236,98.2816
2123,VBD_npp_d20140716_t1801489_x1075280E_y071412N_l2210_s1141_v23,2017-05-23 13:09:55,7.141247,107.528015,13.8945,2014-07-16 18:01:48,2014-07-17 01:01:48,2210,1141,0.337874,1,2529,0.478274,0.259665,0.832303,0.4,0.828559,0.75,0.0408037,0.0001,5.15593e-11,999999,-7.689941e-02,3,Vietnamese Exclusive Economic Zone,WPP711,,SVDNB_npp_d20140716_t1757431_e1803235_b14079_c20140717000324408388_noaa_ops.h5,GDNBO_npp_d20140716_t1757431_e1803235_b14079_c20140717000324408134_noaa_ops.h5,SVI04_npp_d20140716_t1757431_e1803235_b14079_c20140717000324402868_noaa_ops.dspace_rad,VNFF_npp_d20140716_t1757431_e1803235_b14079_v21.csv,World_EEZ_v8_2014.shp,WPP_BFAR_merge.shp,KKP_IDN_merge_20161208.shp,VNF-VBD_npp_20120301-20151231_global_asia-enhanced_c201607211230.bitmask,NCEI_NGA.union.nga_lead2.add_2015ntl.mask,timezone.shp,VBD_platforms-recurring_2015_r20170330.shp,999999,VBD_bridges_c20160811.shp,22.302559;20.657581;17.812403;13.013085;8.184108;3.331987;-1.539063;0.598278;2.699680;7.587820;12.484635;17.389103,102.195274;116.899490;131.129013;129.599106;128.217987;126.965988;125.829720;112.252083;98.601341;99.606560;100.547348;101.419044,npp_d20140716_t1757431_e1803235_b14079,147.308,29.2572,43.7914,98.5285,42.2359,98.2452
2124,VBD_npp_d20140716_t1801489_x1075182E_y070749N_l2220_s1141_v23,2017-05-23 13:09:55,7.074877,107.518188,40.9975,2014-07-16 18:01:48,2014-07-17 01:01:48,2220,1141,0.412233,1,2529,1.00537,0.242474,0.877725,0.4,0.966429,0.75,0.0408,0.0001,5.15076e-11,999999,2.528902e-02,3,Vietnamese Exclusive Economic Zone,WPP711,,SVDNB_npp_d20140716_t1757431_e1803235_b14079_c20140717000324408388_noaa_ops.h5,GDNBO_npp_d20140716_t1757431_e1803235_b14079_c20140717000324408134_noaa_ops.h5,SVI04_npp_d20140716_t1757431_e1803235_b14079_c20140717000324402868_noaa_ops.dspace_rad,VNFF_npp_d20140716_t1757431_e1803235_b14079_v21.csv,World_EEZ_v8_2014.shp,WPP_BFAR_merge.shp,KKP_IDN_merge_20161208.shp,VNF-VBD_npp_20120301-20151231_global_asia-enhanced_c201607211230.bitmask,NCEI_NGA.union.nga_lead2.add_2015ntl.mask,timezone.shp,VBD_platforms-recurring_2015_r20170330.shp,999999,VBD_bridges_c20160811.shp,22.302559;20.657581;17.812403;13.013085;8.184108;3.331987;-1.539063;0.598278;2.699680;7.587820;12.484635;17.389103,102.195274;116.899490;131.129013;129.599106;128.217987;126.965988;125.829720;112.252083;98.601341;99.606560;100.547348;101.419044,npp_d20140716_t1757431_e1803235_b14079,147.371,29.2933,43.7926,97.8957,42.2361,98.1684
2127,VBD_npp_d20140716_t1801418_x1076123E_y074772N_l2158_s1142_v23,2017-05-23 13:09:55,7.477227,107.612320,28.3782,2014-07-16 18:01:41,2014-07-17 01:01:41,2158,1142,0.322903,1,2529,0.805403,0.251961,0.798827,0.4,0.92968,0.75,0.0408272,0.0001,5.30589e-11,999999,-3.110126e-02,3,Vietnamese Exclusive Economic Zone,,,SVDNB_npp_d20140716_t1757431_e1803235_b14079_c20140717000324408388_noaa_ops.h5,GDNBO_npp_d20140716_t1757431_e1803235_b14079_c20140717000324408134_noaa_ops.h5,SVI04_npp_d20140716_t1757431_e1803235_b14079_c20140717000324402868_noaa_ops.dspace_rad,VNFF_npp_d20140716_t1757431_e1803235_b14079_v21.csv,World_EEZ_v8_2014.shp,WPP_BFAR_merge.shp,KKP_IDN_merge_20161208.shp,VNF-VBD_npp_20120301-20151231_global_asia-enhanced_c201607211230.bitmask,NCEI_NGA.union.nga_lead2.add_2015ntl.mask,timezone.shp,VBD_platforms-recurring_2015_r20170330.shp,999999,VBD_bridges_c20160811.shp,22.302559;20.657581;17.812403;13.013085;8.184108;3.331987;-1.539063;0.598278;2.699680;7.587820;12.484635;17.389103,102.195274;116.899490;131.129013;129.599106;128.217987;126.965988;125.829720;112.252083;98.601341;99.606560;100.547348;101.419044,npp_d20140716_t1757431_e1803235_b14079,146.988,29.0838,43.7588,97.7315,42.2306,98.6368
2128,VBD_npp_d20140716_t1801489_x1075389E_y071261N_l2212_s1143_v23,2017-05-23 13:09:55,7.126088,107.538910,16.6324,2014-07-16 18:01:48,2014-07-17 01:01:48,2212,1143,0.312185,1,2529,0.537923,0.235011,0.847051,0.4,0.840725,0.75,0.040814,0.0001,5.46473e-11,999999,6.965594e-02,3,Vietnamese Exclusive Economic Zone,WPP711,,SVDNB_npp_d20140716_t1757431_e1803235_b14079_c20140717000324408388_noaa_ops.h5,GDNBO_npp_d20140716_t1757431_e1803235_b14079_c20140717000324408134_noaa_ops.h5,SVI04_npp_d20140716_t1757431_e1803235_b14079_c20140717000324402868_noaa_ops.dspace_rad,VNFF_npp_d20140716_t1757431_e1803235_b14079_v21.csv,World_EEZ_v8_2014.shp,WPP_BFAR_merge.shp,KKP_IDN_merge_20161208.shp,VNF-VBD_npp_20120301-20151231_global_asia-enhanced_c201607211230.bitmask,NCEI_NGA.union.nga_lead2.add_2015ntl.mask,timezone.shp,VBD_platforms-recurring_2015_r20170330.shp,999999,VBD_bridges_c20160811.shp,22.302559;20.657581;17.812403;13.013085;8.184108;3.331987;-1.539063;0.598278;2.699680;7.587820;12.484635;17.389103,102.195274;116.899490;131.129013;129.599106;128.217987;126.965988;125.829720;112.252083;98.601341;99.606560;100.547348;101.419044,npp_d20140716_t1757431_e1803235_b14079,147.316,29.2848,43.7241,98.4038,42.2229,98.2314
2129,VBD_npp_d20140716_t1801489_x1075360E_y071062N_l2215_s1143_v23,2017-05-23 13:09:55,7.106194,107.535965,14.9697,2014-07-16 18:01:48,2014-07-17 01:01:48,2215,1143,0.357762,1,2529,0.431233,0.300362,0.867603,0.4,0.759464,0.75,0.0408129,0.0001,5.46362e-11,999999,-3.188189e-01,3,Vietnamese Exclusive Economic Zone,WPP711,,SVDNB_npp_d20140716_t1757431_e1803235_b14079_c20140717000324408388_noaa_ops.h5,GDNBO_npp_d20140716_t1757431_e1803235_b14079_c20140717000324408134_noaa_ops.h5,SVI04_npp_d20140716_t1757431_e1803235_b14079_c20140717000324402868_noaa_ops.dspace_rad,VNFF_npp_d20140716_t1757431_e1803235_b14079_v21.csv,World_EEZ_v8_2014.shp,WPP_BFAR_merge.shp,KKP_IDN_merge_20161208.shp,VNF-VBD_npp_20120301-20151231_global_asia-enhanced_c201607211230.bitmask,NCEI_NGA.union.nga_lead2.add_2015ntl.mask,timezone.shp,VBD_platforms-recurring_2015_r20170330.shp,999999,VBD_bridges_c20160811.shp,22.302559;20.657581;17.812403;13.013085;8.184108;3.331987;-1.539063;0.598278;2.699680;7.587820;12.484635;17.389103,102.195274;116.899490;131.129013;129.599106;128.217987;126.965988;125.829720;112.252083;98.601341;99.606560;100.547348;101.419044,npp_d20140716_t1757431_e1803235_b14079,147.335,29.2956,43.7242,98.2137,42.2229,98.2084
2130,VBD_npp_d20140716_t1801578_x1074202E_y065590N_l2299_s1143_v23,2017-05-23 13:09:55,6.558954,107.420166,13.7329,2014-07-16 18:01:57,2014-07-17 01:01:57,2299,1143,0.36754,1,2529,0.478309,0.264576,0.847551,0.4,0.820606,0.75,0.0407798,0.0001,5.45485e-11,999999,-1.060907e-01,3,Indonesian Exclusive Economic Zone,WPP711,,SVDNB_npp_d20140716_t1757431_e1803235_b14079_c20140717000324408388_noaa_ops.h5,GDNBO_npp_d20140716_t1757431_e1803235_b14079_c20140717000324408134_noaa_ops.h5,SVI04_npp_d20140716_t1757431_e1803235_b14079_c20140717000324402868_noaa_ops.dspace_rad,VNFF_npp_d20140716_t1757431_e1803235_b14079_v21.csv,World_EEZ_v8_2014.shp,WPP_BFAR_merge.shp,KKP_IDN_merge_20161208.shp,VNF-VBD_npp_20120301-20151231_global_asia-enhanced_c201607211230.bitmask,NCEI_NGA.union.nga_lead2.add_2015ntl.mask,timezone.shp,VBD_platforms-recurring_2015_r20170330.shp,999999,VBD_bridges_c20160811.shp,22.302559;20.657581;17.812403;13.013085;8.184108;3.331987;-1.539063;0.598278;2.699680;7.587820;12.484635;17.389103,102.195274;116.899490;131.129013;129.599106;128.217987;126.965988;125.829720;112.252083;98.601341;99.606560;100.547348;101.419044,npp_d20140716_t1757431_e1803235_b14079,147.85,29.6028,43.7232,98.0083,42.2265,97.5744
2133,VBD_npp_d20140716_t1801436_x1076169E_y074242N_l2166_s1145_v23,2017-05-23 13:09:55,7.424205,107.616867,10.3248,2014-07-16 18:01:43,2014-07-17 01:01:43,2166,1145,0.375164,1,2529,0.359587,0.304504,0.763759,0.4,0.793649,0.75,0.0408413,0.0001,5.78326e-11,999999,-3.434453e-01,3,Vietnamese Exclusive Economic Zone,,,SVDNB_npp_d20140716_t1757431_e1803235_b14079_c20140717000324408388_noaa_ops.h5,GDNBO_npp_d20140716_t1757431_e1803235_b14079_c20140717000324408134_noaa_ops.h5,SVI04_npp_d20140716_t1757431_e1803235_b14079_c20140717000324402868_noaa_ops.dspace_rad,VNFF_npp_d20140716_t1757431_e1803235_b14079_v21.csv,World_EEZ_v8_2014.shp,WPP_BFAR_merge.shp,KKP_IDN_merge_20161208.shp,VNF-VBD_npp_20120301-20151231_global_asia-enhanced_c201607211230.bitmask,NCEI_NGA.union.nga_lead2.add_2015ntl.mask,timezone.shp,VBD_platforms-recurring_2015_r20170330.shp,999999,VBD_bridges_c20160811.shp,22.302559;20.657581;17.812403;13.013085;8.184108;3.331987;-1.539063;0.598278;2.699680;7.587820;12.484635;17.389103,102.195274;116.899490;131.129013;129.599106;128.217987;126.965988;125.829720;112.252083;98.601341;99.606560;100.547348;101.419044,npp_d20140716_t1757431_e1803235_b14079,147.029,29.1411,43.6578,98.2578,42.2109,98.581
2134,VBD_npp_d20140716_t1801578_x1074311E_y065429N_l2301_s1145_v23,2017-05-23 13:09:55,6.542853,107.431137,13.6053,2014-07-16 18:01:57,2014-07-17 01:01:57,2301,1145,0.3766,1,2529,0.515025,0.277127,0.847551,0.4,0.860887,0.75,0.0407899,0.0001,5.78312e-11,999999,-1.807000e-01,3,Indonesian Exclusive Economic Zone,WPP711,,SVDNB_npp_d20140716_t1757431_e1803235_b14079_c20140717000324408388_noaa_ops.h5,GDNBO_npp_d20140716_t1757431_e1803235_b14079_c20140717000324408134_noaa_ops.h5,SVI04_npp_d20140716_t1757431_e1803235_b14079_c20140717000324402868_noaa_ops.dspace_rad,VNFF_npp_d20140716_t1757431_e1803235_b14079_v21.csv,World_EEZ_v8_2014.shp,WPP_BFAR_merge.shp,KKP_IDN_merge_20161208.shp,VNF-VBD_npp_20120301-20151231_global_asia-enhanced_c201607211230.bitmask,NCEI_NGA.union.nga_lead2.add_2015ntl.mask,timezone.shp,VBD_platforms-recurring_2015_r20170330.shp,999999,VBD_bridges_c20160811.shp,22.302559;20.657581;17.812403;13.013085;8.184108;3.331987;-1.539063;0.598278;2.699680;7.587820;12.484635;17.389103,102.195274;116.899490;131.129013;129.599106;128.217987;126.965988;125.829720;112.252083;98.601341;99.606560;100.547348;101.419044,npp_d20140716_t1757431_e1803235_b14079,147.858,29.6318,43.6553,97.8735,42.2134,97.5593
2135,VBD_npp_d20140716_t1803037_x1065910E_y027182N_l2889_s1145_v23,2017-05-23 13:09:55,2.718160,106.591034,23.7287,2014-07-16 18:03:03,2014-07-17 01:03:03,2889,1145,0.412122,8,18913,0.693436,0.257705,0.80199,0.4,0.883363,0.75,0.0405817,0.0001,5.13391e-11,999999,-6.524966e-02,3,Indonesian Exclusive Economic Zone,WPP711,,SVDNB_npp_d20140716_t1757431_e1803235_b14079_c20140717000324408388_noaa_ops.h5,GDNBO_npp_d20140716_t1757431_e1803235_b14079_c20140717000324408134_noaa_ops.h5,SVI04_npp_d20140716_t1757431_e1803235_b14079_c20140717000324402868_noaa_ops.dspace_rad,VNFF_npp_d20140716_t1757431_e1803235_b14079_v21.csv,World_EEZ_v8_2014.shp,WPP_BFAR_merge.shp,KKP_IDN_merge_20161208.shp,VNF-VBD_npp_20120301-20151231_global_asia-enhanced_c201607211230.bitmask,NCEI_NGA.union.nga_lead2.add_2015ntl.mask,timezone.shp,VBD_platforms-recurring_2015_r20170330.shp,0.426181,VBD_bridges_c20160811.shp,22.302559;20.657581;17.812403;13.013085;8.184108;3.331987;-1.539063;0.598278;2.699680;7.587820;12.484635;17.389103,102.195274;116.899490;131.129013;129.599106;128.217987;126.965988;125.829720;112.252083;98.601341;99.606560;100.547348;101.419044,npp_d20140716_t1757431_e1803235_b14079,151.432,32.1115,43.6622,98.4976,42.4297,93.1641
2137,VBD_npp_d20140716_t1801489_x1075591E_y071241N_l2212_s1146_v23,2017-05-23 13:09:55,7.124107,107.559113,8.31349,2014-07-16 18:01:48,2014-07-17 01:01:48,2212,1146,0.255118,2,2209,0.277033,0.250394,0.847051,0.4,0.620547,0.75,0.0408306,0.0001,5.98344e-11,999999,-2.178790e-02,3,Vietnamese Exclusive Economic Zone,WPP711,,SVDNB_npp_d20140716_t1757431_e1803235_b14079_c20140717000324408388_noaa_ops.h5,GDNBO_npp_d20140716_t1757431_e1803235_b14079_c20140717000324408134_noaa_ops.h5,SVI04_npp_d20140716_t1757431_e1803235_b14079_c20140717000324402868_noaa_ops.dspace_rad,VNFF_npp_d20140716_t1757431_e1803235_b14079_v21.csv,World_EEZ_v8_2014.shp,WPP_BFAR_merge.shp,KKP_IDN_merge_20161208.shp,VNF-VBD_npp_20120301-20151231_global_asia-enhanced_c201607211230.bitmask,NCEI_NGA.union.nga_lead2.add_2015ntl.mask,timezone.shp,VBD_platforms-recurring_2015_r20170330.shp,999999,VBD_bridges_c20160811.shp,22.302559;20.657581;17.812403;13.013085;8.184108;3.331987;-1.539063;0.598278;2.699680;7.587820;12.484635;17.389103,102.195274;116.899490;131.129013;129.599106;128.217987;126.965988;125.829720;112.252083;98.601341;99.606560;100.547348;101.419044,npp_d20140716_t1757431_e1803235_b14079,147.308,29.316,43.6189,98.4159,42.2025,98.2349
2138,VBD_npp_d20140716_t1801489_x1075469E_y070421N_l2224_s1146_v23,2017-05-23 13:09:55,7.042085,107.546928,13.543,2014-07-16 18:01:48,2014-07-17 01:01:48,2224,1146,0.3945,2,2465,0.441427,0.251559,0.882119,0.4,0.66464,0.75,0.040826,0.0001,5.97118e-11,999999,-2.871539e-02,3,Vietnamese Exclusive Economic Zone,WPP711,,SVDNB_npp_d20140716_t1757431_e1803235_b14079_c20140717000324408388_noaa_ops.h5,GDNBO_npp_d20140716_t1757431_e1803235_b14079_c20140717000324408134_noaa_ops.h5,SVI04_npp_d20140716_t1757431_e1803235_b14079_c20140717000324402868_noaa_ops.dspace_rad,VNFF_npp_d20140716_t1757431_e1803235_b14079_v21.csv,World_EEZ_v8_2014.shp,WPP_BFAR_merge.shp,KKP_IDN_merge_20161208.shp,VNF-VBD_npp_20120301-20151231_global_asia-enhanced_c201607211230.bitmask,NCEI_NGA.union.nga_lead2.add_2015ntl.mask,timezone.shp,VBD_platforms-recurring_2015_r20170330.shp,999999,VBD_bridges_c20160811.shp,22.302559;20.657581;17.812403;13.013085;8.184108;3.331987;-1.539063;0.598278;2.699680;7.587820;12.484635;17.389103,102.195274;116.899490;131.129013;129.599106;128.217987;126.965988;125.829720;112.252083;98.601341;99.606560;100.547348;101.419044,npp_d20140716_t1757431_e1803235_b14079,147.385,29.3608,43.622,97.6295,42.2028,98.1399
2139,VBD_npp_d20140716_t1801489_x1075580E_y070684N_l2220_s1147_v23,2017-05-23 13:09:55,7.068432,107.557961,6.47729,2014-07-16 18:01:48,2014-07-17 01:01:48,2220,1147,0.409581,1,2529,0.362544,0.258247,0.882248,0.4,0.822174,0.75,0.0408331,0.0001,6.16793e-11,999999,-6.847049e-02,3,Vietnamese Exclusive Economic Zone,WPP711,,SVDNB_npp_d20140716_t1757431_e1803235_b14079_c20140717000324408388_noaa_ops.h5,GDNBO_npp_d20140716_t1757431_e1803235_b14079_c20140717000324408134_noaa_ops.h5,SVI04_npp_d20140716_t1757431_e1803235_b14079_c20140717000324402868_noaa_ops.dspace_rad,VNFF_npp_d20140716_t1757431_e1803235_b14079_v21.csv,World_EEZ_v8_2014.shp,WPP_BFAR_merge.shp,KKP_IDN_merge_20161208.shp,VNF-VBD_npp_20120301-20151231_global_asia-enhanced_c201607211230.bitmask,NCEI_NGA.union.nga_lead2.add_2015ntl.mask,timezone.shp,VBD_platforms-recurring_2015_r20170330.shp,999999,VBD_bridges_c20160811.shp,22.302559;20.657581;17.812403;13.013085;8.184108;3.331987;-1.539063;0.598278;2.699680;7.587820;12.484635;17.389103,102.195274;116.899490;131.129013;129.599106;128.217987;126.965988;125.829720;112.252083;98.601341;99.606560;100.547348;101.419044,npp_d20140716_t1757431_e1803235_b14079,147.357,29.3569,43.5838,97.8923,42.1956,98.1724
2140,VBD_npp_d20140716_t1802548_x1067170E_y032160N_l2812_s1147_v23,2017-05-23 13:09:55,3.216025,106.717041,84.7368,2014-07-16 18:02:54,2014-07-17 01:02:54,2812,1147,0.400908,1,2529,1.16848,0.222439,0.854686,0.4,0.962476,0.75,0.0406588,0.0001,5.5866e-11,999999,1.443889e-01,3,Indonesian Exclusive Economic Zone,WPP711,,SVDNB_npp_d20140716_t1757431_e1803235_b14079_c20140717000324408388_noaa_ops.h5,GDNBO_npp_d20140716_t1757431_e1803235_b14079_c20140717000324408134_noaa_ops.h5,SVI04_npp_d20140716_t1757431_e1803235_b14079_c20140717000324402868_noaa_ops.dspace_rad,VNFF_npp_d20140716_t1757431_e1803235_b14079_v21.csv,World_EEZ_v8_2014.shp,WPP_BFAR_merge.shp,KKP_IDN_merge_20161208.shp,VNF-VBD_npp_20120301-20151231_global_asia-enhanced_c201607211230.bitmask,NCEI_NGA.union.nga_lead2.add_2015ntl.mask,timezone.shp,VBD_platforms-recurring_2015_r20170330.shp,999999,VBD_bridges_c20160811.shp,22.302559;20.657581;17.812403;13.013085;8.184108;3.331987;-1.539063;0.598278;2.699680;7.587820;12.484635;17.389103,102.195274;116.899490;131.129013;129.599106;128.217987;126.965988;125.829720;112.252083;98.601341;99.606560;100.547348;101.419044,npp_d20140716_t1757431_e1803235_b14079,150.962,31.7741,43.5894,98.2518,42.369,93.7327
2143,VBD_npp_d20140716_t1801489_x1075608E_y070401N_l2224_s1148_v23,2017-05-23 13:09:55,7.040127,107.560837,12.6874,2014-07-16 18:01:48,2014-07-17 01:01:48,2224,1148,0.405327,1,2529,0.418193,0.266581,0.901987,0.4,0.802934,0.75,0.0408371,0.0001,6.35738e-11,999999,-1.180088e-01,3,Vietnamese Exclusive Economic Zone,WPP711,,SVDNB_npp_d20140716_t1757431_e1803235_b14079_c20140717000324408388_noaa_ops.h5,GDNBO_npp_d20140716_t1757431_e1803235_b14079_c20140717000324408134_noaa_ops.h5,SVI04_npp_d20140716_t1757431_e1803235_b14079_c20140717000324402868_noaa_ops.dspace_rad,VNFF_npp_d20140716_t1757431_e1803235_b14079_v21.csv,World_EEZ_v8_2014.shp,WPP_BFAR_merge.shp,KKP_IDN_merge_20161208.shp,VNF-VBD_npp_20120301-20151231_global_asia-enhanced_c201607211230.bitmask,NCEI_NGA.union.nga_lead2.add_2015ntl.mask,timezone.shp,VBD_platforms-recurring_2015_r20170330.shp,999999,VBD_bridges_c20160811.shp,22.302559;20.657581;17.812403;13.013085;8.184108;3.331987;-1.539063;0.598278;2.699680;7.587820;12.484635;17.389103,102.195274;116.899490;131.129013;129.599106;128.217987;126.965988;125.829720;112.252083;98.601341;99.606560;100.547348;101.419044,npp_d20140716_t1757431_e1803235_b14079,147.38,29.3828,43.549,97.6304,42.1886,98.1416
2145,VBD_npp_d20140716_t1801507_x1075610E_y070375N_l2225_s1149_v23,2017-05-23 13:09:55,7.037512,107.561020,10.7354,2014-07-16 18:01:50,2014-07-17 01:01:50,2225,1149,0.382843,1,2529,0.427752,0.258294,0.901987,0.4,0.819986,0.75,0.0408422,0.0001,6.58629e-11,999999,-6.875028e-02,3,Vietnamese Exclusive Economic Zone,WPP711,,SVDNB_npp_d20140716_t1757431_e1803235_b14079_c20140717000324408388_noaa_ops.h5,GDNBO_npp_d20140716_t1757431_e1803235_b14079_c20140717000324408134_noaa_ops.h5,SVI04_npp_d20140716_t1757431_e1803235_b14079_c20140717000324402868_noaa_ops.dspace_rad,VNFF_npp_d20140716_t1757431_e1803235_b14079_v21.csv,World_EEZ_v8_2014.shp,WPP_BFAR_merge.shp,KKP_IDN_merge_20161208.shp,VNF-VBD_npp_20120301-20151231_global_asia-enhanced_c201607211230.bitmask,NCEI_NGA.union.nga_lead2.add_2015ntl.mask,timezone.shp,VBD_platforms-recurring_2015_r20170330.shp,999999,VBD_bridges_c20160811.shp,22.302559;20.657581;17.812403;13.013085;8.184108;3.331987;-1.539063;0.598278;2.699680;7.587820;12.484635;17.389103,102.195274;116.899490;131.129013;129.599106;128.217987;126.965988;125.829720;112.252083;98.601341;99.606560;100.547348;101.419044,npp_d20140716_t1757431_e1803235_b14079,147.379,29.396,43.5074,98.6273,42.1809,98.1406
2148,VBD_npp_d20140716_t1801489_x1075747E_y070382N_l2224_s1150_v23,2017-05-23 13:09:55,7.038173,107.574699,12.664,2014-07-16 18:01:48,2014-07-17 01:01:48,2224,1150,0.379142,8,18913,0.488474,0.284476,0.901987,0.4,0.887351,0.75,0.0408481,0.0001,6.76688e-11,999999,-2.243851e-01,3,Vietnamese Exclusive Economic Zone,WPP711,,SVDNB_npp_d20140716_t1757431_e1803235_b14079_c20140717000324408388_noaa_ops.h5,GDNBO_npp_d20140716_t1757431_e1803235_b14079_c20140717000324408134_noaa_ops.h5,SVI04_npp_d20140716_t1757431_e1803235_b14079_c20140717000324402868_noaa_ops.dspace_rad,VNFF_npp_d20140716_t1757431_e1803235_b14079_v21.csv,World_EEZ_v8_2014.shp,WPP_BFAR_merge.shp,KKP_IDN_merge_20161208.shp,VNF-VBD_npp_20120301-20151231_global_asia-enhanced_c201607211230.bitmask,NCEI_NGA.union.nga_lead2.add_2015ntl.mask,timezone.shp,VBD_platforms-recurring_2015_r20170330.shp,0.433147,VBD_bridges_c20160811.shp,22.302559;20.657581;17.812403;13.013085;8.184108;3.331987;-1.539063;0.598278;2.699680;7.587820;12.484635;17.389103,102.195274;116.899490;131.129013;129.599106;128.217987;126.965988;125.829720;112.252083;98.601341;99.606560;100.547348;101.419044,npp_d20140716_t1757431_e1803235_b14079,147.375,29.4047,43.4761,97.6314,42.1746,98.1433
2149,VBD_npp_d20140716_t1801507_x1075659E_y070228N_l2227_s1150_v23,2017-05-23 13:09:55,7.022840,107.565933,28.4585,2014-07-16 18:01:50,2014-07-17 01:01:50,2227,1150,0.408753,1,2529,0.811417,0.237392,0.900189,0.4,0.93412,0.75,0.040847,0.0001,6.7946e-11,999999,5.550219e-02,3,Vietnamese Exclusive Economic Zone,WPP711,,SVDNB_npp_d20140716_t1757431_e1803235_b14079_c20140717000324408388_noaa_ops.h5,GDNBO_npp_d20140716_t1757431_e1803235_b14079_c20140717000324408134_noaa_ops.h5,SVI04_npp_d20140716_t1757431_e1803235_b14079_c20140717000324402868_noaa_ops.dspace_rad,VNFF_npp_d20140716_t1757431_e1803235_b14079_v21.csv,World_EEZ_v8_2014.shp,WPP_BFAR_merge.shp,KKP_IDN_merge_20161208.shp,VNF-VBD_npp_20120301-20151231_global_asia-enhanced_c201607211230.bitmask,NCEI_NGA.union.nga_lead2.add_2015ntl.mask,timezone.shp,VBD_platforms-recurring_2015_r20170330.shp,999999,VBD_bridges_c20160811.shp,22.302559;20.657581;17.812403;13.013085;8.184108;3.331987;-1.539063;0.598278;2.699680;7.587820;12.484635;17.389103,102.195274;116.899490;131.129013;129.599106;128.217987;126.965988;125.829720;112.252083;98.601341;99.606560;100.547348;101.419044,npp_d20140716_t1757431_e1803235_b14079,147.389,29.4145,43.4707,98.497,42.174,98.1255
2150,VBD_npp_d20140716_t1801507_x1075639E_y070092N_l2229_s1150_v23,2017-05-23 13:09:55,7.009197,107.563911,7.54959,2014-07-16 18:01:50,2014-07-17 01:01:50,2229,1150,0.366435,7,2209,0.308455,0.245719,0.900189,0.4,0.73539,0.75,0.0408462,0.0001,6.7937e-11,999999,6.004320e-03,3,,,,SVDNB_npp_d20140716_t1757431_e1803235_b14079_c20140717000324408388_noaa_ops.h5,GDNBO_npp_d20140716_t1757431_e1803235_b14079_c20140717000324408134_noaa_ops.h5,SVI04_npp_d20140716_t1757431_e1803235_b14079_c20140717000324402868_noaa_ops.dspace_rad,VNFF_npp_d20140716_t1757431_e1803235_b14079_v21.csv,World_EEZ_v8_2014.shp,WPP_BFAR_merge.shp,KKP_IDN_merge_20161208.shp,VNF-VBD_npp_20120301-20151231_global_asia-enhanced_c201607211230.bitmask,NCEI_NGA.union.nga_lead2.add_2015ntl.mask,timezone.shp,VBD_platforms-recurring_2015_r20170330.shp,999999,VBD_bridges_c20160811.shp,22.302559;20.657581;17.812403;13.013085;8.184108;3.331987;-1.539063;0.598278;2.699680;7.587820;12.484635;17.389103,102.195274;116.899490;131.129013;129.599106;128.217987;126.965988;125.829720;112.252083;98.601341;99.606560;100.547348;101.419044,npp_d20140716_t1757431_e1803235_b14079,147.402,29.422,43.4707,98.3656,42.174,98.1097
2152,VBD_npp_d20140716_t1801418_x1076784E_y075015N_l2153_s1151_v23,2017-05-23 13:09:55,7.501503,107.678436,21.0176,2014-07-16 18:01:41,2014-07-17 01:01:41,2153,1151,0.318041,1,2529,0.740109,0.27627,0.852908,0.4,0.937569,0.75,0.0408784,0.0001,6.99374e-11,999999,-1.756081e-01,3,Vietnamese Exclusive Economic Zone,,,SVDNB_npp_d20140716_t1757431_e1803235_b14079_c20140717000324408388_noaa_ops.h5,GDNBO_npp_d20140716_t1757431_e1803235_b14079_c20140717000324408134_noaa_ops.h5,SVI04_npp_d20140716_t1757431_e1803235_b14079_c20140717000324402868_noaa_ops.dspace_rad,VNFF_npp_d20140716_t1757431_e1803235_b14079_v21.csv,World_EEZ_v8_2014.shp,WPP_BFAR_merge.shp,KKP_IDN_merge_20161208.shp,VNF-VBD_npp_20120301-20151231_global_asia-enhanced_c201607211230.bitmask,NCEI_NGA.union.nga_lead2.add_2015ntl.mask,timezone.shp,VBD_platforms-recurring_2015_r20170330.shp,999999,VBD_bridges_c20160811.shp,22.302559;20.657581;17.812403;13.013085;8.184108;3.331987;-1.539063;0.598278;2.699680;7.587820;12.484635;17.389103,102.195274;116.899490;131.129013;129.599106;128.217987;126.965988;125.829720;112.252083;98.601341;99.606560;100.547348;101.419044,npp_d20140716_t1757431_e1803235_b14079,146.935,29.1623,43.4363,98.0544,42.1686,98.6836
2153,VBD_npp_d20140716_t1801507_x1075749E_y070355N_l2225_s1151_v23,2017-05-23 13:09:55,7.035458,107.574860,16.1339,2014-07-16 18:01:50,2014-07-17 01:01:50,2225,1151,0.379142,8,18913,0.570478,0.265854,0.91769,0.4,0.878412,0.75,0.0408533,0.0001,7.0096e-11,999999,-1.136896e-01,3,Vietnamese Exclusive Economic Zone,WPP711,,SVDNB_npp_d20140716_t1757431_e1803235_b14079_c20140717000324408388_noaa_ops.h5,GDNBO_npp_d20140716_t1757431_e1803235_b14079_c20140717000324408134_noaa_ops.h5,SVI04_npp_d20140716_t1757431_e1803235_b14079_c20140717000324402868_noaa_ops.dspace_rad,VNFF_npp_d20140716_t1757431_e1803235_b14079_v21.csv,World_EEZ_v8_2014.shp,WPP_BFAR_merge.shp,KKP_IDN_merge_20161208.shp,VNF-VBD_npp_20120301-20151231_global_asia-enhanced_c201607211230.bitmask,NCEI_NGA.union.nga_lead2.add_2015ntl.mask,timezone.shp,VBD_platforms-recurring_2015_r20170330.shp,0.498973,VBD_bridges_c20160811.shp,22.302559;20.657581;17.812403;13.013085;8.184108;3.331987;-1.539063;0.598278;2.699680;7.587820;12.484635;17.389103,102.195274;116.899490;131.129013;129.599106;128.217987;126.965988;125.829720;112.252083;98.601341;99.606560;100.547348;101.419044,npp_d20140716_t1757431_e1803235_b14079,147.374,29.4179,43.4345,98.6296,42.1669,98.1422
2154,VBD_npp_d20140716_t1802548_x1067540E_y032732N_l2803_s1151_v23,2017-05-23 13:09:55,3.273236,106.754021,30.7034,2014-07-16 18:02:54,2014-07-17 01:02:54,2803,1151,0.389417,1,2529,0.831906,0.220725,0.847566,0.4,0.934932,0.75,0.0406884,0.0001,6.41465e-11,999999,1.545784e-01,3,Indonesian Exclusive Economic Zone,WPP711,,SVDNB_npp_d20140716_t1757431_e1803235_b14079_c20140717000324408388_noaa_ops.h5,GDNBO_npp_d20140716_t1757431_e1803235_b14079_c20140717000324408134_noaa_ops.h5,SVI04_npp_d20140716_t1757431_e1803235_b14079_c20140717000324402868_noaa_ops.dspace_rad,VNFF_npp_d20140716_t1757431_e1803235_b14079_v21.csv,World_EEZ_v8_2014.shp,WPP_BFAR_merge.shp,KKP_IDN_merge_20161208.shp,VNF-VBD_npp_20120301-20151231_global_asia-enhanced_c201607211230.bitmask,NCEI_NGA.union.nga_lead2.add_2015ntl.mask,timezone.shp,VBD_platforms-recurring_2015_r20170330.shp,999999,VBD_bridges_c20160811.shp,22.302559;20.657581;17.812403;13.013085;8.184108;3.331987;-1.539063;0.598278;2.699680;7.587820;12.484635;17.389103,102.195274;116.899490;131.129013;129.599106;128.217987;126.965988;125.829720;112.252083;98.601341;99.606560;100.547348;101.419044,npp_d20140716_t1757431_e1803235_b14079,150.894,31.7785,43.4423,98.8437,42.3355,93.8016
2155,VBD_npp_d20140716_t1801436_x1076644E_y074103N_l2167_s1152_v23,2017-05-23 13:09:55,7.410336,107.664444,13.0195,2014-07-16 18:01:43,2014-07-17 01:01:43,2167,1152,0.30423,1,2529,0.500141,0.258193,0.72844,0.4,0.852183,0.75,0.0408796,0.0001,7.19715e-11,999999,-6.815018e-02,3,Vietnamese Exclusive Economic Zone,,,SVDNB_npp_d20140716_t1757431_e1803235_b14079_c20140717000324408388_noaa_ops.h5,GDNBO_npp_d20140716_t1757431_e1803235_b14079_c20140717000324408134_noaa_ops.h5,SVI04_npp_d20140716_t1757431_e1803235_b14079_c20140717000324402868_noaa_ops.dspace_rad,VNFF_npp_d20140716_t1757431_e1803235_b14079_v21.csv,World_EEZ_v8_2014.shp,WPP_BFAR_merge.shp,KKP_IDN_merge_20161208.shp,VNF-VBD_npp_20120301-20151231_global_asia-enhanced_c201607211230.bitmask,NCEI_NGA.union.nga_lead2.add_2015ntl.mask,timezone.shp,VBD_platforms-recurring_2015_r20170330.shp,999999,VBD_bridges_c20160811.shp,22.302559;20.657581;17.812403;13.013085;8.184108;3.331987;-1.539063;0.598278;2.699680;7.587820;12.484635;17.389103,102.195274;116.899490;131.129013;129.599106;128.217987;126.965988;125.829720;112.252083;98.601341;99.606560;100.547348;101.419044,npp_d20140716_t1757431_e1803235_b14079,147.018,29.2211,43.4027,98.1987,42.1615,98.5796
2156,VBD_npp_d20140716_t1802530_x1067771E_y033282N_l2794_s1152_v23,2017-05-23 13:09:55,3.328234,106.777130,58.0022,2014-07-16 18:02:53,2014-07-17 01:02:53,2794,1152,0.416542,1,2529,1.05513,0.229835,0.889134,0.4,0.958902,0.75,0.0407015,0.0001,6.60206e-11,999999,1.004244e-01,3,Indonesian Exclusive Economic Zone,WPP711,,SVDNB_npp_d20140716_t1757431_e1803235_b14079_c20140717000324408388_noaa_ops.h5,GDNBO_npp_d20140716_t1757431_e1803235_b14079_c20140717000324408134_noaa_ops.h5,SVI04_npp_d20140716_t1757431_e1803235_b14079_c20140717000324402868_noaa_ops.dspace_rad,VNFF_npp_d20140716_t1757431_e1803235_b14079_v21.csv,World_EEZ_v8_2014.shp,WPP_BFAR_merge.shp,KKP_IDN_merge_20161208.shp,VNF-VBD_npp_20120301-20151231_global_asia-enhanced_c201607211230.bitmask,NCEI_NGA.union.nga_lead2.add_2015ntl.mask,timezone.shp,VBD_platforms-recurring_2015_r20170330.shp,999999,VBD_bridges_c20160811.shp,22.302559;20.657581;17.812403;13.013085;8.184108;3.331987;-1.539063;0.598278;2.699680;7.587820;12.484635;17.389103,102.195274;116.899490;131.129013;129.599106;128.217987;126.965988;125.829720;112.252083;98.601341;99.606560;100.547348;101.419044,npp_d20140716_t1757431_e1803235_b14079,150.839,31.7513,43.4033,98.3718,42.3231,93.8656
2157,VBD_npp_d20140716_t1801507_x1075846E_y070062N_l2229_s1153_v23,2017-05-23 13:09:55,7.006159,107.584641,9.95705,2014-07-16 18:01:50,2014-07-17 01:01:50,2229,1153,0.373341,7,2465,0.374038,0.242498,0.912613,0.4,0.719055,0.75,0.0408628,0.0001,7.45732e-11,999999,2.514790e-02,3,,,,SVDNB_npp_d20140716_t1757431_e1803235_b14079_c20140717000324408388_noaa_ops.h5,GDNBO_npp_d20140716_t1757431_e1803235_b14079_c20140717000324408134_noaa_ops.h5,SVI04_npp_d20140716_t1757431_e1803235_b14079_c20140717000324402868_noaa_ops.dspace_rad,VNFF_npp_d20140716_t1757431_e1803235_b14079_v21.csv,World_EEZ_v8_2014.shp,WPP_BFAR_merge.shp,KKP_IDN_merge_20161208.shp,VNF-VBD_npp_20120301-20151231_global_asia-enhanced_c201607211230.bitmask,NCEI_NGA.union.nga_lead2.add_2015ntl.mask,timezone.shp,VBD_platforms-recurring_2015_r20170330.shp,999999,VBD_bridges_c20160811.shp,22.302559;20.657581;17.812403;13.013085;8.184108;3.331987;-1.539063;0.598278;2.699680;7.587820;12.484635;17.389103,102.195274;116.899490;131.129013;129.599106;128.217987;126.965988;125.829720;112.252083;98.601341;99.606560;100.547348;101.419044,npp_d20140716_t1757431_e1803235_b14079,147.395,29.4549,43.3614,98.3684,42.153,98.1121
2158,VBD_npp_d20140716_t1801418_x1077012E_y075121N_l2151_s1154_v23,2017-05-23 13:09:55,7.512145,107.701180,7.33523,2014-07-16 18:01:41,2014-07-17 01:01:41,2151,1154,0.411957,8,18913,0.417661,0.304665,0.852908,0.4,0.869397,0.75,0.0408955,0.0001,7.67509e-11,999999,-3.443988e-01,3,Vietnamese Exclusive Economic Zone,,,SVDNB_npp_d20140716_t1757431_e1803235_b14079_c20140717000324408388_noaa_ops.h5,GDNBO_npp_d20140716_t1757431_e1803235_b14079_c20140717000324408134_noaa_ops.h5,SVI04_npp_d20140716_t1757431_e1803235_b14079_c20140717000324402868_noaa_ops.dspace_rad,VNFF_npp_d20140716_t1757431_e1803235_b14079_v21.csv,World_EEZ_v8_2014.shp,WPP_BFAR_merge.shp,KKP_IDN_merge_20161208.shp,VNF-VBD_npp_20120301-20151231_global_asia-enhanced_c201607211230.bitmask,NCEI_NGA.union.nga_lead2.add_2015ntl.mask,timezone.shp,VBD_platforms-recurring_2015_r20170330.shp,0.443372,VBD_bridges_c20160811.shp,22.302559;20.657581;17.812403;13.013085;8.184108;3.331987;-1.539063;0.598278;2.699680;7.587820;12.484635;17.389103,102.195274;116.899490;131.129013;129.599106;128.217987;126.965988;125.829720;112.252083;98.601341;99.606560;100.547348;101.419044,npp_d20140716_t1757431_e1803235_b14079,146.915,29.1876,43.3267,98.1887,42.1477,98.7023
2159,VBD_npp_d20140716_t1801489_x1076034E_y070411N_l2223_s1154_v23,2017-05-23 13:09:55,7.041086,107.603355,16.6152,2014-07-16 18:01:48,2014-07-17 01:01:48,2223,1154,0.407703,1,2529,0.656816,0.305075,0.91769,0.4,0.924001,0.75,0.0408706,0.0001,7.66335e-11,999999,-3.468391e-01,3,Vietnamese Exclusive Economic Zone,WPP711,,SVDNB_npp_d20140716_t1757431_e1803235_b14079_c20140717000324408388_noaa_ops.h5,GDNBO_npp_d20140716_t1757431_e1803235_b14079_c20140717000324408134_noaa_ops.h5,SVI04_npp_d20140716_t1757431_e1803235_b14079_c20140717000324402868_noaa_ops.dspace_rad,VNFF_npp_d20140716_t1757431_e1803235_b14079_v21.csv,World_EEZ_v8_2014.shp,WPP_BFAR_merge.shp,KKP_IDN_merge_20161208.shp,VNF-VBD_npp_20120301-20151231_global_asia-enhanced_c201607211230.bitmask,NCEI_NGA.union.nga_lead2.add_2015ntl.mask,timezone.shp,VBD_platforms-recurring_2015_r20170330.shp,999999,VBD_bridges_c20160811.shp,22.302559;20.657581;17.812403;13.013085;8.184108;3.331987;-1.539063;0.598278;2.699680;7.587820;12.484635;17.389103,102.195274;116.899490;131.129013;129.599106;128.217987;126.965988;125.829720;112.252083;98.601341;99.606560;100.547348;101.419044,npp_d20140716_t1757431_e1803235_b14079,147.359,29.4447,43.3299,97.6991,42.1465,98.1546
2160,VBD_npp_d20140716_t1801525_x1075690E_y069077N_l2244_s1154_v23,2017-05-23 13:09:55,6.907676,107.569008,19.563,2014-07-16 18:01:52,2014-07-17 01:01:52,2244,1154,0.345056,1,2529,0.658974,0.272651,0.751953,0.4,0.902339,0.75,0.0408627,0.0001,7.65514e-11,999999,-1.540937e-01,3,Vietnamese Exclusive Economic Zone,WPP711,,SVDNB_npp_d20140716_t1757431_e1803235_b14079_c20140717000324408388_noaa_ops.h5,GDNBO_npp_d20140716_t1757431_e1803235_b14079_c20140717000324408134_noaa_ops.h5,SVI04_npp_d20140716_t1757431_e1803235_b14079_c20140717000324402868_noaa_ops.dspace_rad,VNFF_npp_d20140716_t1757431_e1803235_b14079_v21.csv,World_EEZ_v8_2014.shp,WPP_BFAR_merge.shp,KKP_IDN_merge_20161208.shp,VNF-VBD_npp_20120301-20151231_global_asia-enhanced_c201607211230.bitmask,NCEI_NGA.union.nga_lead2.add_2015ntl.mask,timezone.shp,VBD_platforms-recurring_2015_r20170330.shp,999999,VBD_bridges_c20160811.shp,22.302559;20.657581;17.812403;13.013085;8.184108;3.331987;-1.539063;0.598278;2.699680;7.587820;12.484635;17.389103,102.195274;116.899490;131.129013;129.599106;128.217987;126.965988;125.829720;112.252083;98.601341;99.606560;100.547348;101.419044,npp_d20140716_t1757431_e1803235_b14079,147.484,29.5187,43.3305,98.4418,42.1474,97.9994
2162,VBD_npp_d20140716_t1801507_x1075994E_y070109N_l2228_s1155_v23,2017-05-23 13:09:55,7.010945,107.599419,28.7868,2014-07-16 18:01:50,2014-07-17 01:01:50,2228,1155,0.399748,1,2529,0.72103,0.277897,0.908795,0.4,0.915786,0.75,0.0408742,0.0001,7.93342e-11,999999,-1.852786e-01,3,Vietnamese Exclusive Economic Zone,WPP711,,SVDNB_npp_d20140716_t1757431_e1803235_b14079_c20140717000324408388_noaa_ops.h5,GDNBO_npp_d20140716_t1757431_e1803235_b14079_c20140717000324408134_noaa_ops.h5,SVI04_npp_d20140716_t1757431_e1803235_b14079_c20140717000324402868_noaa_ops.dspace_rad,VNFF_npp_d20140716_t1757431_e1803235_b14079_v21.csv,World_EEZ_v8_2014.shp,WPP_BFAR_merge.shp,KKP_IDN_merge_20161208.shp,VNF-VBD_npp_20120301-20151231_global_asia-enhanced_c201607211230.bitmask,NCEI_NGA.union.nga_lead2.add_2015ntl.mask,timezone.shp,VBD_platforms-recurring_2015_r20170330.shp,999999,VBD_bridges_c20160811.shp,22.302559;20.657581;17.812403;13.013085;8.184108;3.331987;-1.539063;0.598278;2.699680;7.587820;12.484635;17.389103,102.195274;116.899490;131.129013;129.599106;128.217987;126.965988;125.829720;112.252083;98.601341;99.606560;100.547348;101.419044,npp_d20140716_t1757431_e1803235_b14079,147.383,29.4729,43.2886,98.4363,42.1389,98.1216
2163,VBD_npp_d20140716_t1801578_x1075115E_y066078N_l2290_s1155_v23,2017-05-23 13:09:55,6.607789,107.511452,15.9441,2014-07-16 18:01:57,2014-07-17 01:01:57,2290,1155,0.296054,1,2529,0.563227,0.289193,0.810091,0.4,0.862111,0.75,0.0408501,0.0001,7.9221e-11,999999,-2.524279e-01,3,Indonesian Exclusive Economic Zone,WPP711,,SVDNB_npp_d20140716_t1757431_e1803235_b14079_c20140717000324408388_noaa_ops.h5,GDNBO_npp_d20140716_t1757431_e1803235_b14079_c20140717000324408134_noaa_ops.h5,SVI04_npp_d20140716_t1757431_e1803235_b14079_c20140717000324402868_noaa_ops.dspace_rad,VNFF_npp_d20140716_t1757431_e1803235_b14079_v21.csv,World_EEZ_v8_2014.shp,WPP_BFAR_merge.shp,KKP_IDN_merge_20161208.shp,VNF-VBD_npp_20120301-20151231_global_asia-enhanced_c201607211230.bitmask,NCEI_NGA.union.nga_lead2.add_2015ntl.mask,timezone.shp,VBD_platforms-recurring_2015_r20170330.shp,999999,VBD_bridges_c20160811.shp,22.302559;20.657581;17.812403;13.013085;8.184108;3.331987;-1.539063;0.598278;2.699680;7.587820;12.484635;17.389103,102.195274;116.899490;131.129013;129.599106;128.217987;126.965988;125.829720;112.252083;98.601341;99.606560;100.547348;101.419044,npp_d20140716_t1757431_e1803235_b14079,147.762,29.7001,43.2893,98.6041,42.1419,97.6532
2164,VBD_npp_d20140716_t1801507_x1076033E_y069895N_l2231_s1156_v23,2017-05-23 13:09:55,6.989528,107.603271,10.1923,2014-07-16 18:01:50,2014-07-17 01:01:50,2231,1156,0.273183,2,2209,0.289013,0.244414,0.849226,0.4,0.629707,0.75,0.0408786,0.0001,8.17937e-11,999999,1.375811e-02,3,Vietnamese Exclusive Economic Zone,WPP711,,SVDNB_npp_d20140716_t1757431_e1803235_b14079_c20140717000324408388_noaa_ops.h5,GDNBO_npp_d20140716_t1757431_e1803235_b14079_c20140717000324408134_noaa_ops.h5,SVI04_npp_d20140716_t1757431_e1803235_b14079_c20140717000324402868_noaa_ops.dspace_rad,VNFF_npp_d20140716_t1757431_e1803235_b14079_v21.csv,World_EEZ_v8_2014.shp,WPP_BFAR_merge.shp,KKP_IDN_merge_20161208.shp,VNF-VBD_npp_20120301-20151231_global_asia-enhanced_c201607211230.bitmask,NCEI_NGA.union.nga_lead2.add_2015ntl.mask,timezone.shp,VBD_platforms-recurring_2015_r20170330.shp,999999,VBD_bridges_c20160811.shp,22.302559;20.657581;17.812403;13.013085;8.184108;3.331987;-1.539063;0.598278;2.699680;7.587820;12.484635;17.389103,102.195274;116.899490;131.129013;129.599106;128.217987;126.965988;125.829720;112.252083;98.601341;99.606560;100.547348;101.419044,npp_d20140716_t1757431_e1803235_b14079,147.4,29.4951,43.2523,98.2393,42.132,98.0987
2165,VBD_npp_d20140716_t1801489_x1076240E_y070382N_l2223_s1157_v23,2017-05-23 13:09:55,7.038163,107.624001,21.4582,2014-07-16 18:01:48,2014-07-17 01:01:48,2223,1157,0.407703,1,2529,0.731465,0.26069,0.922077,0.4,0.932311,0.75,0.0408871,0.0001,8.40604e-11,999999,-8.299078e-02,3,Vietnamese Exclusive Economic Zone,WPP711,,SVDNB_npp_d20140716_t1757431_e1803235_b14079_c20140717000324408388_noaa_ops.h5,GDNBO_npp_d20140716_t1757431_e1803235_b14079_c20140717000324408134_noaa_ops.h5,SVI04_npp_d20140716_t1757431_e1803235_b14079_c20140717000324402868_noaa_ops.dspace_rad,VNFF_npp_d20140716_t1757431_e1803235_b14079_v21.csv,World_EEZ_v8_2014.shp,WPP_BFAR_merge.shp,KKP_IDN_merge_20161208.shp,VNF-VBD_npp_20120301-20151231_global_asia-enhanced_c201607211230.bitmask,NCEI_NGA.union.nga_lead2.add_2015ntl.mask,timezone.shp,VBD_platforms-recurring_2015_r20170330.shp,999999,VBD_bridges_c20160811.shp,22.302559;20.657581;17.812403;13.013085;8.184108;3.331987;-1.539063;0.598278;2.699680;7.587820;12.484635;17.389103,102.195274;116.899490;131.129013;129.599106;128.217987;126.965988;125.829720;112.252083;98.601341;99.606560;100.547348;101.419044,npp_d20140716_t1757431_e1803235_b14079,147.351,29.4773,43.2207,97.7006,42.1255,98.1572
2166,VBD_npp_d20140716_t1801578_x1075232E_y065921N_l2292_s1157_v23,2017-05-23 13:09:55,6.592147,107.523163,14.079,2014-07-16 18:01:57,2014-07-17 01:01:57,2292,1157,0.366656,1,2529,0.530145,0.32282,0.825433,0.4,0.869391,0.75,0.0408603,0.0001,8.42237e-11,999999,-4.523183e-01,3,Indonesian Exclusive Economic Zone,WPP711,,SVDNB_npp_d20140716_t1757431_e1803235_b14079_c20140717000324408388_noaa_ops.h5,GDNBO_npp_d20140716_t1757431_e1803235_b14079_c20140717000324408134_noaa_ops.h5,SVI04_npp_d20140716_t1757431_e1803235_b14079_c20140717000324402868_noaa_ops.dspace_rad,VNFF_npp_d20140716_t1757431_e1803235_b14079_v21.csv,World_EEZ_v8_2014.shp,WPP_BFAR_merge.shp,KKP_IDN_merge_20161208.shp,VNF-VBD_npp_20120301-20151231_global_asia-enhanced_c201607211230.bitmask,NCEI_NGA.union.nga_lead2.add_2015ntl.mask,timezone.shp,VBD_platforms-recurring_2015_r20170330.shp,999999,VBD_bridges_c20160811.shp,22.302559;20.657581;17.812403;13.013085;8.184108;3.331987;-1.539063;0.598278;2.699680;7.587820;12.484635;17.389103,102.195274;116.899490;131.129013;129.599106;128.217987;126.965988;125.829720;112.252083;98.601341;99.606560;100.547348;101.419044,npp_d20140716_t1757431_e1803235_b14079,147.77,29.7298,43.2164,98.4741,42.1282,97.6387
2170,VBD_npp_d20140716_t1801489_x1076377E_y070362N_l2223_s1159_v23,2017-05-23 13:09:55,7.036219,107.637733,47.2556,2014-07-16 18:01:48,2014-07-17 01:01:48,2223,1159,0.402455,1,2529,1.04029,0.240841,0.911758,0.4,0.965652,0.75,0.0408982,0.0001,8.93828e-11,999999,3.499712e-02,3,Vietnamese Exclusive Economic Zone,WPP711,,SVDNB_npp_d20140716_t1757431_e1803235_b14079_c20140717000324408388_noaa_ops.h5,GDNBO_npp_d20140716_t1757431_e1803235_b14079_c20140717000324408134_noaa_ops.h5,SVI04_npp_d20140716_t1757431_e1803235_b14079_c20140717000324402868_noaa_ops.dspace_rad,VNFF_npp_d20140716_t1757431_e1803235_b14079_v21.csv,World_EEZ_v8_2014.shp,WPP_BFAR_merge.shp,KKP_IDN_merge_20161208.shp,VNF-VBD_npp_20120301-20151231_global_asia-enhanced_c201607211230.bitmask,NCEI_NGA.union.nga_lead2.add_2015ntl.mask,timezone.shp,VBD_platforms-recurring_2015_r20170330.shp,999999,VBD_bridges_c20160811.shp,22.302559;20.657581;17.812403;13.013085;8.184108;3.331987;-1.539063;0.598278;2.699680;7.587820;12.484635;17.389103,102.195274;116.899490;131.129013;129.599106;128.217987;126.965988;125.829720;112.252083;98.601341;99.606560;100.547348;101.419044,npp_d20140716_t1757431_e1803235_b14079,147.346,29.499,43.148,97.7016,42.1115,98.1589
2171,VBD_npp_d20140716_t1801507_x1076289E_y070205N_l2226_s1159_v23,2017-05-23 13:09:55,7.020489,107.628891,27.3007,2014-07-16 18:01:50,2014-07-17 01:01:50,2226,1159,0.39682,1,2529,0.83245,0.231989,0.911758,0.4,0.93238,0.75,0.040897,0.0001,8.97238e-11,999999,8.761675e-02,3,Vietnamese Exclusive Economic Zone,WPP711,,SVDNB_npp_d20140716_t1757431_e1803235_b14079_c20140717000324408388_noaa_ops.h5,GDNBO_npp_d20140716_t1757431_e1803235_b14079_c20140717000324408134_noaa_ops.h5,SVI04_npp_d20140716_t1757431_e1803235_b14079_c20140717000324402868_noaa_ops.dspace_rad,VNFF_npp_d20140716_t1757431_e1803235_b14079_v21.csv,World_EEZ_v8_2014.shp,WPP_BFAR_merge.shp,KKP_IDN_merge_20161208.shp,VNF-VBD_npp_20120301-20151231_global_asia-enhanced_c201607211230.bitmask,NCEI_NGA.union.nga_lead2.add_2015ntl.mask,timezone.shp,VBD_platforms-recurring_2015_r20170330.shp,999999,VBD_bridges_c20160811.shp,22.302559;20.657581;17.812403;13.013085;8.184108;3.331987;-1.539063;0.598278;2.699680;7.587820;12.484635;17.389103,102.195274;116.899490;131.129013;129.599106;128.217987;126.965988;125.829720;112.252083;98.601341;99.606560;100.547348;101.419044,npp_d20140716_t1757431_e1803235_b14079,147.361,29.509,43.1431,98.5724,42.1109,98.1406
2184,VBD_npp_d20140716_t1801489_x1077014E_y070894N_l2214_s1167_v23,2017-05-23 13:09:55,7.089371,107.701431,8.98028,2014-07-16 18:01:48,2014-07-17 01:01:48,2214,1167,0.406598,1,2529,0.479358,0.240746,0.749782,0.4,0.896094,0.75,0.0409457,0.0001,1.14195e-10,999999,3.556643e-02,3,Vietnamese Exclusive Economic Zone,WPP711,,SVDNB_npp_d20140716_t1757431_e1803235_b14079_c20140717000324408388_noaa_ops.h5,GDNBO_npp_d20140716_t1757431_e1803235_b14079_c20140717000324408134_noaa_ops.h5,SVI04_npp_d20140716_t1757431_e1803235_b14079_c20140717000324402868_noaa_ops.dspace_rad,VNFF_npp_d20140716_t1757431_e1803235_b14079_v21.csv,World_EEZ_v8_2014.shp,WPP_BFAR_merge.shp,KKP_IDN_merge_20161208.shp,VNF-VBD_npp_20120301-20151231_global_asia-enhanced_c201607211230.bitmask,NCEI_NGA.union.nga_lead2.add_2015ntl.mask,timezone.shp,VBD_platforms-recurring_2015_r20170330.shp,999999,VBD_bridges_c20160811.shp,22.302559;20.657581;17.812403;13.013085;8.184108;3.331987;-1.539063;0.598278;2.699680;7.587820;12.484635;17.389103,102.195274;116.899490;131.129013;129.599106;128.217987;126.965988;125.829720;112.252083;98.601341;99.606560;100.547348;101.419044,npp_d20140716_t1757431_e1803235_b14079,147.269,29.5517,42.8546,98.3038,42.0558,98.2365
2208,VBD_npp_d20140716_t1802566_x1069743E_y030490N_l2831_s1189_v23,2017-05-23 13:09:55,3.048982,106.974312,79.2318,2014-07-16 18:02:56,2014-07-17 01:02:56,2831,1189,0.424939,1,2529,1.22643,0.24683,0.843382,0.4,0.967642,0.75,0.0408745,0.0001,1.97449e-10,999999,-6.024326e-04,3,Indonesian Exclusive Economic Zone,WPP711,,SVDNB_npp_d20140716_t1757431_e1803235_b14079_c20140717000324408388_noaa_ops.h5,GDNBO_npp_d20140716_t1757431_e1803235_b14079_c20140717000324408134_noaa_ops.h5,SVI04_npp_d20140716_t1757431_e1803235_b14079_c20140717000324402868_noaa_ops.dspace_rad,VNFF_npp_d20140716_t1757431_e1803235_b14079_v21.csv,World_EEZ_v8_2014.shp,WPP_BFAR_merge.shp,KKP_IDN_merge_20161208.shp,VNF-VBD_npp_20120301-20151231_global_asia-enhanced_c201607211230.bitmask,NCEI_NGA.union.nga_lead2.add_2015ntl.mask,timezone.shp,VBD_platforms-recurring_2015_r20170330.shp,999999,VBD_bridges_c20160811.shp,22.302559;20.657581;17.812403;13.013085;8.184108;3.331987;-1.539063;0.598278;2.699680;7.587820;12.484635;17.389103,102.195274;116.899490;131.129013;129.599106;128.217987;126.965988;125.829720;112.252083;98.601341;99.606560;100.547348;101.419044,npp_d20140716_t1757431_e1803235_b14079,150.963,32.3518,42.0654,98.0637,42.0912,93.578
2212,VBD_npp_d20140716_t1803090_x1068999E_y024027N_l2929_s1200_v23,2017-05-23 13:09:55,2.402723,106.899933,179.294,2014-07-16 18:03:09,2014-07-17 01:03:09,2929,1200,0.393063,1,2529,1.23897,0.261607,0.835016,0.4,0.946533,0.75,0.0408472,0.0001,2.68633e-10,999999,-8.844475e-02,3,Indonesian Exclusive Economic Zone,WPP711,,SVDNB_npp_d20140716_t1757431_e1803235_b14079_c20140717000324408388_noaa_ops.h5,GDNBO_npp_d20140716_t1757431_e1803235_b14079_c20140717000324408134_noaa_ops.h5,SVI04_npp_d20140716_t1757431_e1803235_b14079_c20140717000324402868_noaa_ops.dspace_rad,VNFF_npp_d20140716_t1757431_e1803235_b14079_v21.csv,World_EEZ_v8_2014.shp,WPP_BFAR_merge.shp,KKP_IDN_merge_20161208.shp,VNF-VBD_npp_20120301-20151231_global_asia-enhanced_c201607211230.bitmask,NCEI_NGA.union.nga_lead2.add_2015ntl.mask,timezone.shp,VBD_platforms-recurring_2015_r20170330.shp,999999,VBD_bridges_c20160811.shp,22.302559;20.657581;17.812403;13.013085;8.184108;3.331987;-1.539063;0.598278;2.699680;7.587820;12.484635;17.389103,102.195274;116.899490;131.129013;129.599106;128.217987;126.965988;125.829720;112.252083;98.601341;99.606560;100.547348;101.419044,npp_d20140716_t1757431_e1803235_b14079,151.52,32.9516,41.6615,99.0854,42.0791,92.843
2238,VBD_npp_d20140716_t1802583_x1071387E_y029296N_l2845_s1217_v23,2017-05-23 13:09:55,2.929614,107.138687,54.4756,2014-07-16 18:02:58,2014-07-17 01:02:58,2845,1217,0.424111,8,18913,1.02519,0.250529,0.826269,0.4,0.951699,0.75,0.041015,0.0001,4.43412e-10,999999,-2.258903e-02,3,Indonesian Exclusive Economic Zone,WPP711,,SVDNB_npp_d20140716_t1757431_e1803235_b14079_c20140717000324408388_noaa_ops.h5,GDNBO_npp_d20140716_t1757431_e1803235_b14079_c20140717000324408134_noaa_ops.h5,SVI04_npp_d20140716_t1757431_e1803235_b14079_c20140717000324402868_noaa_ops.dspace_rad,VNFF_npp_d20140716_t1757431_e1803235_b14079_v21.csv,World_EEZ_v8_2014.shp,WPP_BFAR_merge.shp,KKP_IDN_merge_20161208.shp,VNF-VBD_npp_20120301-20151231_global_asia-enhanced_c201607211230.bitmask,NCEI_NGA.union.nga_lead2.add_2015ntl.mask,timezone.shp,VBD_platforms-recurring_2015_r20170330.shp,0.529739,VBD_bridges_c20160811.shp,22.302559;20.657581;17.812403;13.013085;8.184108;3.331987;-1.539063;0.598278;2.699680;7.587820;12.484635;17.389103,102.195274;116.899490;131.129013;129.599106;128.217987;126.965988;125.829720;112.252083;98.601341;99.606560;100.547348;101.419044,npp_d20140716_t1757431_e1803235_b14079,150.972,32.737,41.0359,98.2025,41.9106,93.4634
2245,VBD_npp_d20140716_t1803019_x1071178E_y027037N_l2879_s1221_v23,2017-05-23 13:09:55,2.703690,107.117775,89.5068,2014-07-16 18:03:01,2014-07-17 01:03:01,2879,1221,0.413946,1,2529,1.23558,0.26125,0.891567,0.4,0.967999,0.75,0.0410078,0.0001,4.92729e-10,999999,-8.631827e-02,3,Indonesian Exclusive Economic Zone,WPP711,,SVDNB_npp_d20140716_t1757431_e1803235_b14079_c20140717000324408388_noaa_ops.h5,GDNBO_npp_d20140716_t1757431_e1803235_b14079_c20140717000324408134_noaa_ops.h5,SVI04_npp_d20140716_t1757431_e1803235_b14079_c20140717000324402868_noaa_ops.dspace_rad,VNFF_npp_d20140716_t1757431_e1803235_b14079_v21.csv,World_EEZ_v8_2014.shp,WPP_BFAR_merge.shp,KKP_IDN_merge_20161208.shp,VNF-VBD_npp_20120301-20151231_global_asia-enhanced_c201607211230.bitmask,NCEI_NGA.union.nga_lead2.add_2015ntl.mask,timezone.shp,VBD_platforms-recurring_2015_r20170330.shp,999999,VBD_bridges_c20160811.shp,22.302559;20.657581;17.812403;13.013085;8.184108;3.331987;-1.539063;0.598278;2.699680;7.587820;12.484635;17.389103,102.195274;116.899490;131.129013;129.599106;128.217987;126.965988;125.829720;112.252083;98.601341;99.606560;100.547348;101.419044,npp_d20140716_t1757431_e1803235_b14079,151.165,32.9491,40.8828,98.08,41.9039,93.2051
2279,VBD_npp_d20140716_t1802370_x1075534E_y041454N_l2655_s1238_v23,2017-05-23 13:09:55,4.145352,107.553406,6.55387,2014-07-16 18:02:37,2014-07-17 01:02:37,2655,1238,0.326052,2,2209,0.30677,0.291609,0.617629,0.4,0.733746,0.75,0.0412776,0.0001,8.47281e-10,999999,-2.667859e-01,3,Indonesian Exclusive Economic Zone,WPP711,,SVDNB_npp_d20140716_t1757431_e1803235_b14079_c20140717000324408388_noaa_ops.h5,GDNBO_npp_d20140716_t1757431_e1803235_b14079_c20140717000324408134_noaa_ops.h5,SVI04_npp_d20140716_t1757431_e1803235_b14079_c20140717000324402868_noaa_ops.dspace_rad,VNFF_npp_d20140716_t1757431_e1803235_b14079_v21.csv,World_EEZ_v8_2014.shp,WPP_BFAR_merge.shp,KKP_IDN_merge_20161208.shp,VNF-VBD_npp_20120301-20151231_global_asia-enhanced_c201607211230.bitmask,NCEI_NGA.union.nga_lead2.add_2015ntl.mask,timezone.shp,VBD_platforms-recurring_2015_r20170330.shp,999999,VBD_bridges_c20160811.shp,22.302559;20.657581;17.812403;13.013085;8.184108;3.331987;-1.539063;0.598278;2.699680;7.587820;12.484635;17.389103,102.195274;116.899490;131.129013;129.599106;128.217987;126.965988;125.829720;112.252083;98.601341;99.606560;100.547348;101.419044,npp_d20140716_t1757431_e1803235_b14079,149.771,32.0938,40.2406,97.9529,41.6688,94.9013
2282,VBD_npp_d20140716_t1802405_x1075238E_y040034N_l2677_s1239_v23,2017-05-23 13:09:55,4.003418,107.523804,25.9505,2014-07-16 18:02:40,2014-07-17 01:02:40,2677,1239,0.353398,8,18913,0.738855,0.276235,0.828068,0.4,0.86403,0.75,0.0412678,0.0001,8.72838e-10,999999,-1.753999e-01,3,Indonesian Exclusive Economic Zone,WPP711,,SVDNB_npp_d20140716_t1757431_e1803235_b14079_c20140717000324408388_noaa_ops.h5,GDNBO_npp_d20140716_t1757431_e1803235_b14079_c20140717000324408134_noaa_ops.h5,SVI04_npp_d20140716_t1757431_e1803235_b14079_c20140717000324402868_noaa_ops.dspace_rad,VNFF_npp_d20140716_t1757431_e1803235_b14079_v21.csv,World_EEZ_v8_2014.shp,WPP_BFAR_merge.shp,KKP_IDN_merge_20161208.shp,VNF-VBD_npp_20120301-20151231_global_asia-enhanced_c201607211230.bitmask,NCEI_NGA.union.nga_lead2.add_2015ntl.mask,timezone.shp,VBD_platforms-recurring_2015_r20170330.shp,0.503019,VBD_bridges_c20160811.shp,22.302559;20.657581;17.812403;13.013085;8.184108;3.331987;-1.539063;0.598278;2.699680;7.587820;12.484635;17.389103,102.195274;116.899490;131.129013;129.599106;128.217987;126.965988;125.829720;112.252083;98.601341;99.606560;100.547348;101.419044,npp_d20140716_t1757431_e1803235_b14079,149.899,32.2012,40.2039,98.692,41.6721,94.7358
2289,VBD_npp_d20140716_t1801436_x1083129E_y073437N_l2163_s1248_v23,2017-05-23 13:09:55,7.343659,108.312851,428.897,2014-07-16 18:01:43,2014-07-17 01:01:43,2163,1248,0.118443,4,100837,0.93707,0.259739,0.598565,0.4,0.892259,0.75,0.0414055,0.0001,1.17293e-09,999999,-7.733867e-02,3,Vietnamese Exclusive Economic Zone,WPP711,,SVDNB_npp_d20140716_t1757431_e1803235_b14079_c20140717000324408388_noaa_ops.h5,GDNBO_npp_d20140716_t1757431_e1803235_b14079_c20140717000324408134_noaa_ops.h5,SVI04_npp_d20140716_t1757431_e1803235_b14079_c20140717000324402868_noaa_ops.dspace_rad,VNFF_npp_d20140716_t1757431_e1803235_b14079_v21.csv,World_EEZ_v8_2014.shp,WPP_BFAR_merge.shp,KKP_IDN_merge_20161208.shp,VNF-VBD_npp_20120301-20151231_global_asia-enhanced_c201607211230.bitmask,NCEI_NGA.union.nga_lead2.add_2015ntl.mask,timezone.shp,VBD_platforms-recurring_2015_r20170330.shp,999999,VBD_bridges_c20160811.shp,22.302559;20.657581;17.812403;13.013085;8.184108;3.331987;-1.539063;0.598278;2.699680;7.587820;12.484635;17.389103,102.195274;116.899490;131.129013;129.599106;128.217987;126.965988;125.829720;112.252083;98.601341;99.606560;100.547348;101.419044,npp_d20140716_t1757431_e1803235_b14079,146.757,30.2114,39.8631,98.5769,41.5073,98.6979
2295,VBD_npp_d20140716_t1802548_x1074854E_y031200N_l2809_s1262_v23,2017-05-23 13:09:55,3.120021,107.485374,73.0908,2014-07-16 18:02:54,2014-07-17 01:02:54,2809,1262,0.416653,1,2529,1.0954,0.241052,0.870582,0.4,0.963594,0.75,0.0412896,0.0001,1.5848e-09,999999,3.374724e-02,3,Indonesian Exclusive Economic Zone,WPP711,,SVDNB_npp_d20140716_t1757431_e1803235_b14079_c20140717000324408388_noaa_ops.h5,GDNBO_npp_d20140716_t1757431_e1803235_b14079_c20140717000324408134_noaa_ops.h5,SVI04_npp_d20140716_t1757431_e1803235_b14079_c20140717000324402868_noaa_ops.dspace_rad,VNFF_npp_d20140716_t1757431_e1803235_b14079_v21.csv,World_EEZ_v8_2014.shp,WPP_BFAR_merge.shp,KKP_IDN_merge_20161208.shp,VNF-VBD_npp_20120301-20151231_global_asia-enhanced_c201607211230.bitmask,NCEI_NGA.union.nga_lead2.add_2015ntl.mask,timezone.shp,VBD_platforms-recurring_2015_r20170330.shp,999999,VBD_bridges_c20160811.shp,22.302559;20.657581;17.812403;13.013085;8.184108;3.331987;-1.539063;0.598278;2.699680;7.587820;12.484635;17.389103,102.195274;116.899490;131.129013;129.599106;128.217987;126.965988;125.829720;112.252083;98.601341;99.606560;100.547348;101.419044,npp_d20140716_t1757431_e1803235_b14079,150.632,33.0673,39.3397,98.48,41.5871,93.723
2300,VBD_npp_d20140716_t1802566_x1074816E_y030127N_l2825_s1265_v23,2017-05-23 13:09:55,3.012650,107.481552,17.733,2014-07-16 18:02:56,2014-07-17 01:02:56,2825,1265,0.421625,8,18913,0.645899,0.280943,0.785973,0.4,0.890629,0.75,0.0412925,0.0001,1.71043e-09,999999,-2.033834e-01,3,Indonesian Exclusive Economic Zone,WPP711,,SVDNB_npp_d20140716_t1757431_e1803235_b14079_c20140717000324408388_noaa_ops.h5,GDNBO_npp_d20140716_t1757431_e1803235_b14079_c20140717000324408134_noaa_ops.h5,SVI04_npp_d20140716_t1757431_e1803235_b14079_c20140717000324402868_noaa_ops.dspace_rad,VNFF_npp_d20140716_t1757431_e1803235_b14079_v21.csv,World_EEZ_v8_2014.shp,WPP_BFAR_merge.shp,KKP_IDN_merge_20161208.shp,VNF-VBD_npp_20120301-20151231_global_asia-enhanced_c201607211230.bitmask,NCEI_NGA.union.nga_lead2.add_2015ntl.mask,timezone.shp,VBD_platforms-recurring_2015_r20170330.shp,0.548307,VBD_bridges_c20160811.shp,22.302559;20.657581;17.812403;13.013085;8.184108;3.331987;-1.539063;0.598278;2.699680;7.587820;12.484635;17.389103,102.195274;116.899490;131.129013;129.599106;128.217987;126.965988;125.829720;112.252083;98.601341;99.606560;100.547348;101.419044,npp_d20140716_t1757431_e1803235_b14079,150.72,33.1773,39.2272,98.4871,41.5767,93.5996
2301,VBD_npp_d20140716_t1802459_x1076480E_y036881N_l2721_s1268_v23,2017-05-23 13:09:55,3.688148,107.648033,5.90336,2014-07-16 18:02:45,2014-07-17 01:02:45,2721,1268,0.318096,7,2209,0.231771,0.227952,0.890569,0.4,0.578459,0.75,0.0413918,0.0001,1.91806e-09,999999,1.116174e-01,3,,,,SVDNB_npp_d20140716_t1757431_e1803235_b14079_c20140717000324408388_noaa_ops.h5,GDNBO_npp_d20140716_t1757431_e1803235_b14079_c20140717000324408134_noaa_ops.h5,SVI04_npp_d20140716_t1757431_e1803235_b14079_c20140717000324402868_noaa_ops.dspace_rad,VNFF_npp_d20140716_t1757431_e1803235_b14079_v21.csv,World_EEZ_v8_2014.shp,WPP_BFAR_merge.shp,KKP_IDN_merge_20161208.shp,VNF-VBD_npp_20120301-20151231_global_asia-enhanced_c201607211230.bitmask,NCEI_NGA.union.nga_lead2.add_2015ntl.mask,timezone.shp,VBD_platforms-recurring_2015_r20170330.shp,999999,VBD_bridges_c20160811.shp,22.302559;20.657581;17.812403;13.013085;8.184108;3.331987;-1.539063;0.598278;2.699680;7.587820;12.484635;17.389103,102.195274;116.899490;131.129013;129.599106;128.217987;126.965988;125.829720;112.252083;98.601341;99.606560;100.547348;101.419044,npp_d20140716_t1757431_e1803235_b14079,150.087,32.7176,39.1104,99.0274,41.4998,94.3961
2303,VBD_npp_d20140716_t1802441_x1076685E_y036909N_l2720_s1270_v23,2017-05-23 13:09:55,3.690938,107.668510,124.83,2014-07-16 18:02:44,2014-07-17 01:02:44,2720,1270,0.427149,1,2529,1.38268,0.232448,0.890569,0.4,0.963624,0.75,0.0414034,0.0001,1.99461e-09,999999,8.488852e-02,3,Indonesian Exclusive Economic Zone,WPP711,,SVDNB_npp_d20140716_t1757431_e1803235_b14079_c20140717000324408388_noaa_ops.h5,GDNBO_npp_d20140716_t1757431_e1803235_b14079_c20140717000324408134_noaa_ops.h5,SVI04_npp_d20140716_t1757431_e1803235_b14079_c20140717000324402868_noaa_ops.dspace_rad,VNFF_npp_d20140716_t1757431_e1803235_b14079_v21.csv,World_EEZ_v8_2014.shp,WPP_BFAR_merge.shp,KKP_IDN_merge_20161208.shp,VNF-VBD_npp_20120301-20151231_global_asia-enhanced_c201607211230.bitmask,NCEI_NGA.union.nga_lead2.add_2015ntl.mask,timezone.shp,VBD_platforms-recurring_2015_r20170330.shp,999999,VBD_bridges_c20160811.shp,22.302559;20.657581;17.812403;13.013085;8.184108;3.331987;-1.539063;0.598278;2.699680;7.587820;12.484635;17.389103,102.195274;116.899490;131.129013;129.599106;128.217987;126.965988;125.829720;112.252083;98.601341;99.606560;100.547348;101.419044,npp_d20140716_t1757431_e1803235_b14079,150.077,32.7349,39.0387,97.9131,41.4866,94.4015
2304,VBD_npp_d20140716_t1802583_x1075471E_y028671N_l2845_s1279_v23,2017-05-23 13:09:55,2.867094,107.547073,139.189,2014-07-16 18:02:58,2014-07-17 01:02:58,2845,1279,0.431127,1,2529,1.42409,0.223716,0.927783,0.4,0.981852,0.75,0.0413517,0.0001,2.4873e-09,999999,1.368008e-01,3,Indonesian Exclusive Economic Zone,WPP711,,SVDNB_npp_d20140716_t1757431_e1803235_b14079_c20140717000324408388_noaa_ops.h5,GDNBO_npp_d20140716_t1757431_e1803235_b14079_c20140717000324408134_noaa_ops.h5,SVI04_npp_d20140716_t1757431_e1803235_b14079_c20140717000324402868_noaa_ops.dspace_rad,VNFF_npp_d20140716_t1757431_e1803235_b14079_v21.csv,World_EEZ_v8_2014.shp,WPP_BFAR_merge.shp,KKP_IDN_merge_20161208.shp,VNF-VBD_npp_20120301-20151231_global_asia-enhanced_c201607211230.bitmask,NCEI_NGA.union.nga_lead2.add_2015ntl.mask,timezone.shp,VBD_platforms-recurring_2015_r20170330.shp,999999,VBD_bridges_c20160811.shp,22.302559;20.657581;17.812403;13.013085;8.184108;3.331987;-1.539063;0.598278;2.699680;7.587820;12.484635;17.389103,102.195274;116.899490;131.129013;129.599106;128.217987;126.965988;125.829720;112.252083;98.601341;99.606560;100.547348;101.419044,npp_d20140716_t1757431_e1803235_b14079,150.801,33.4326,38.6829,98.1932,41.4943,93.4405
2305,VBD_npp_d20140716_t1802583_x1075717E_y028912N_l2841_s1282_v23,2017-05-23 13:09:55,2.891205,107.571686,86.2368,2014-07-16 18:02:58,2014-07-17 01:02:58,2841,1282,0.428475,1,2529,1.27525,0.240898,0.92584,0.4,0.970126,0.75,0.0413714,0.0001,2.72099e-09,999999,3.466070e-02,3,Indonesian Exclusive Economic Zone,WPP711,,SVDNB_npp_d20140716_t1757431_e1803235_b14079_c20140717000324408388_noaa_ops.h5,GDNBO_npp_d20140716_t1757431_e1803235_b14079_c20140717000324408134_noaa_ops.h5,SVI04_npp_d20140716_t1757431_e1803235_b14079_c20140717000324402868_noaa_ops.dspace_rad,VNFF_npp_d20140716_t1757431_e1803235_b14079_v21.csv,World_EEZ_v8_2014.shp,WPP_BFAR_merge.shp,KKP_IDN_merge_20161208.shp,VNF-VBD_npp_20120301-20151231_global_asia-enhanced_c201607211230.bitmask,NCEI_NGA.union.nga_lead2.add_2015ntl.mask,timezone.shp,VBD_platforms-recurring_2015_r20170330.shp,999999,VBD_bridges_c20160811.shp,22.302559;20.657581;17.812403;13.013085;8.184108;3.331987;-1.539063;0.598278;2.699680;7.587820;12.484635;17.389103,102.195274;116.899490;131.129013;129.599106;128.217987;126.965988;125.829720;112.252083;98.601341;99.606560;100.547348;101.419044,npp_d20140716_t1757431_e1803235_b14079,150.768,33.4467,38.5608,98.5008,41.4709,93.4714
2308,VBD_npp_d20140716_t1802441_x1077768E_y037220N_l2713_s1285_v23,2017-05-23 13:09:55,3.721992,107.776848,18.1044,2014-07-16 18:02:44,2014-07-17 01:02:44,2713,1285,0.233904,1,2529,0.50985,0.320068,0.734179,0.4,0.82903,0.75,0.0414901,0.0001,3.0501e-09,999999,-4.359624e-01,3,Indonesian Exclusive Economic Zone,WPP711,,SVDNB_npp_d20140716_t1757431_e1803235_b14079_c20140717000324408388_noaa_ops.h5,GDNBO_npp_d20140716_t1757431_e1803235_b14079_c20140717000324408134_noaa_ops.h5,SVI04_npp_d20140716_t1757431_e1803235_b14079_c20140717000324402868_noaa_ops.dspace_rad,VNFF_npp_d20140716_t1757431_e1803235_b14079_v21.csv,World_EEZ_v8_2014.shp,WPP_BFAR_merge.shp,KKP_IDN_merge_20161208.shp,VNF-VBD_npp_20120301-20151231_global_asia-enhanced_c201607211230.bitmask,NCEI_NGA.union.nga_lead2.add_2015ntl.mask,timezone.shp,VBD_platforms-recurring_2015_r20170330.shp,999999,VBD_bridges_c20160811.shp,22.302559;20.657581;17.812403;13.013085;8.184108;3.331987;-1.539063;0.598278;2.699680;7.587820;12.484635;17.389103,102.195274;116.899490;131.129013;129.599106;128.217987;126.965988;125.829720;112.252083;98.601341;99.606560;100.547348;101.419044,npp_d20140716_t1757431_e1803235_b14079,149.993,32.8703,38.4388,98.4348,41.3798,94.454
2309,VBD_npp_d20140716_t1802583_x1076123E_y028850N_l2841_s1288_v23,2017-05-23 13:09:55,2.884987,107.612305,84.5832,2014-07-16 18:02:58,2014-07-17 01:02:58,2841,1288,0.411073,1,2529,1.24821,0.283278,0.911092,0.4,0.97382,0.75,0.041404,0.0001,3.21372e-09,999999,-2.172631e-01,3,Indonesian Exclusive Economic Zone,WPP711,,SVDNB_npp_d20140716_t1757431_e1803235_b14079_c20140717000324408388_noaa_ops.h5,GDNBO_npp_d20140716_t1757431_e1803235_b14079_c20140717000324408134_noaa_ops.h5,SVI04_npp_d20140716_t1757431_e1803235_b14079_c20140717000324402868_noaa_ops.dspace_rad,VNFF_npp_d20140716_t1757431_e1803235_b14079_v21.csv,World_EEZ_v8_2014.shp,WPP_BFAR_merge.shp,KKP_IDN_merge_20161208.shp,VNF-VBD_npp_20120301-20151231_global_asia-enhanced_c201607211230.bitmask,NCEI_NGA.union.nga_lead2.add_2015ntl.mask,timezone.shp,VBD_platforms-recurring_2015_r20170330.shp,999999,VBD_bridges_c20160811.shp,22.302559;20.657581;17.812403;13.013085;8.184108;3.331987;-1.539063;0.598278;2.699680;7.587820;12.484635;17.389103,102.195274;116.899490;131.129013;129.599106;128.217987;126.965988;125.829720;112.252083;98.601341;99.606560;100.547348;101.419044,npp_d20140716_t1757431_e1803235_b14079,150.751,33.5154,38.3195,98.5022,41.4295,93.469
2313,VBD_npp_d20140716_t1801329_x1087899E_y079269N_l2066_s1299_v23,2017-05-23 13:09:55,7.926877,108.789886,8.79287,2014-07-16 18:01:32,2014-07-17 01:01:32,2066,1299,0.416487,11,18913,0.469903,0.295273,0.709615,0.4,0.916283,0.75,0.0417106,0.0001,4.69656e-09,999999,-5.189205e-01,3,Vietnamese Exclusive Economic Zone,,,SVDNB_npp_d20140716_t1757431_e1803235_b14079_c20140717000324408388_noaa_ops.h5,GDNBO_npp_d20140716_t1757431_e1803235_b14079_c20140717000324408134_noaa_ops.h5,SVI04_npp_d20140716_t1757431_e1803235_b14079_c20140717000324402868_noaa_ops.dspace_rad,VNFF_npp_d20140716_t1757431_e1803235_b14079_v21.csv,World_EEZ_v8_2014.shp,WPP_BFAR_merge.shp,KKP_IDN_merge_20161208.shp,VNF-VBD_npp_20120301-20151231_global_asia-enhanced_c201607211230.bitmask,NCEI_NGA.union.nga_lead2.add_2015ntl.mask,timezone.shp,VBD_platforms-recurring_2015_r20170330.shp,0.321403,VBD_bridges_c20160811.shp,22.302559;20.657581;17.812403;13.013085;8.184108;3.331987;-1.539063;0.598278;2.699680;7.587820;12.484635;17.389103,102.195274;116.899490;131.129013;129.599106;128.217987;126.965988;125.829720;112.252083;98.601341;99.606560;100.547348;101.419044,npp_d20140716_t1757431_e1803235_b14079,146.037,30.3832,37.8737,98.6818,41.1704,99.5055
2317,VBD_npp_d20140716_t1801383_x1088516E_y075738N_l2117_s1319_v23,2017-05-23 13:09:55,7.573756,108.851646,4.26798,2014-07-16 18:01:38,2014-07-17 01:01:38,2117,1319,0.408311,8,51425,0.25692,0.160872,0.863887,0.4,0.753522,0.75,0.0418039,0.0001,7.97386e-09,999999,3.848695e-01,3,Vietnamese Exclusive Economic Zone,WPP711,,SVDNB_npp_d20140716_t1757431_e1803235_b14079_c20140717000324408388_noaa_ops.h5,GDNBO_npp_d20140716_t1757431_e1803235_b14079_c20140717000324408134_noaa_ops.h5,SVI04_npp_d20140716_t1757431_e1803235_b14079_c20140717000324402868_noaa_ops.dspace_rad,VNFF_npp_d20140716_t1757431_e1803235_b14079_v21.csv,World_EEZ_v8_2014.shp,WPP_BFAR_merge.shp,KKP_IDN_merge_20161208.shp,VNF-VBD_npp_20120301-20151231_global_asia-enhanced_c201607211230.bitmask,NCEI_NGA.union.nga_lead2.add_2015ntl.mask,timezone.shp,VBD_platforms-recurring_2015_r20170330.shp,0.808975,VBD_bridges_c20160811.shp,22.302559;20.657581;17.812403;13.013085;8.184108;3.331987;-1.539063;0.598278;2.699680;7.587820;12.484635;17.389103,102.195274;116.899490;131.129013;129.599106;128.217987;126.965988;125.829720;112.252083;98.601341;99.606560;100.547348;101.419044,npp_d20140716_t1757431_e1803235_b14079,146.299,30.7694,37.0761,98.4864,41.0299,99.1232
2318,VBD_npp_d20140716_t1801383_x1088724E_y075775N_l2116_s1322_v23,2017-05-23 13:09:55,7.577511,108.872398,16.4395,2014-07-16 18:01:38,2014-07-17 01:01:38,2116,1322,0.465599,4,51685,0.676186,0.13142,0.863887,0.4,0.93211,0.75,0.0418204,0.0001,8.61623e-09,999999,5.829195e-01,3,Vietnamese Exclusive Economic Zone,WPP711,,SVDNB_npp_d20140716_t1757431_e1803235_b14079_c20140717000324408388_noaa_ops.h5,GDNBO_npp_d20140716_t1757431_e1803235_b14079_c20140717000324408134_noaa_ops.h5,SVI04_npp_d20140716_t1757431_e1803235_b14079_c20140717000324402868_noaa_ops.dspace_rad,VNFF_npp_d20140716_t1757431_e1803235_b14079_v21.csv,World_EEZ_v8_2014.shp,WPP_BFAR_merge.shp,KKP_IDN_merge_20161208.shp,VNF-VBD_npp_20120301-20151231_global_asia-enhanced_c201607211230.bitmask,NCEI_NGA.union.nga_lead2.add_2015ntl.mask,timezone.shp,VBD_platforms-recurring_2015_r20170330.shp,0.32821,VBD_bridges_c20160811.shp,22.302559;20.657581;17.812403;13.013085;8.184108;3.331987;-1.539063;0.598278;2.699680;7.587820;12.484635;17.389103,102.195274;116.899490;131.129013;129.599106;128.217987;126.965988;125.829720;112.252083;98.601341;99.606560;100.547348;101.419044,npp_d20140716_t1757431_e1803235_b14079,146.285,30.7958,36.9562,98.5694,41.01,99.1342
2319,VBD_npp_d20140716_t1802299_x1082344E_y045216N_l2584_s1326_v23,2017-05-23 13:09:55,4.521564,108.234367,12.4378,2014-07-16 18:02:29,2014-07-17 01:02:29,2584,1326,0.183134,1,2529,0.43118,0.223909,0.707908,0.4,0.798722,0.75,0.0418031,0.0001,9.32814e-09,999999,-3.902606e-02,3,Indonesian Exclusive Economic Zone,WPP711,,SVDNB_npp_d20140716_t1757431_e1803235_b14079_c20140717000324408388_noaa_ops.h5,GDNBO_npp_d20140716_t1757431_e1803235_b14079_c20140717000324408134_noaa_ops.h5,SVI04_npp_d20140716_t1757431_e1803235_b14079_c20140717000324402868_noaa_ops.dspace_rad,VNFF_npp_d20140716_t1757431_e1803235_b14079_v21.csv,World_EEZ_v8_2014.shp,WPP_BFAR_merge.shp,KKP_IDN_merge_20161208.shp,VNF-VBD_npp_20120301-20151231_global_asia-enhanced_c201607211230.bitmask,NCEI_NGA.union.nga_lead2.add_2015ntl.mask,timezone.shp,VBD_platforms-recurring_2015_r20170330.shp,999999,VBD_bridges_c20160811.shp,22.302559;20.657581;17.812403;13.013085;8.184108;3.331987;-1.539063;0.598278;2.699680;7.587820;12.484635;17.389103,102.195274;116.899490;131.129013;129.599106;128.217987;126.965988;125.829720;112.252083;98.601341;99.606560;100.547348;101.419044,npp_d20140716_t1757431_e1803235_b14079,149.105,32.7301,36.7932,98.466,41.0468,95.4549
2321,VBD_npp_d20140716_t1802334_x1083043E_y042747N_l2619_s1344_v23,2017-05-23 13:09:55,4.274670,108.304298,13.5907,2014-07-16 18:02:33,2014-07-17 01:02:33,2619,1344,0.367154,1,2529,0.595675,0.229153,0.820387,0.4,0.893945,0.75,0.0418761,0.0001,1.47456e-08,999999,-7.429439e-02,3,Indonesian Exclusive Economic Zone,WPP711,,SVDNB_npp_d20140716_t1757431_e1803235_b14079_c20140717000324408388_noaa_ops.h5,GDNBO_npp_d20140716_t1757431_e1803235_b14079_c20140717000324408134_noaa_ops.h5,SVI04_npp_d20140716_t1757431_e1803235_b14079_c20140717000324402868_noaa_ops.dspace_rad,VNFF_npp_d20140716_t1757431_e1803235_b14079_v21.csv,World_EEZ_v8_2014.shp,WPP_BFAR_merge.shp,KKP_IDN_merge_20161208.shp,VNF-VBD_npp_20120301-20151231_global_asia-enhanced_c201607211230.bitmask,NCEI_NGA.union.nga_lead2.add_2015ntl.mask,timezone.shp,VBD_platforms-recurring_2015_r20170330.shp,999999,VBD_bridges_c20160811.shp,22.302559;20.657581;17.812403;13.013085;8.184108;3.331987;-1.539063;0.598278;2.699680;7.587820;12.484635;17.389103,102.195274;116.899490;131.129013;129.599106;128.217987;126.965988;125.829720;112.252083;98.601341;99.606560;100.547348;101.419044,npp_d20140716_t1757431_e1803235_b14079,149.267,33.0804,36.0586,98.2399,40.9388,95.1809
2322,VBD_npp_d20140716_t1802352_x1082829E_y041351N_l2640_s1345_v23,2017-05-23 13:09:55,4.135122,108.282890,14.9107,2014-07-16 18:02:35,2014-07-17 01:02:35,2640,1345,0.422785,1,2529,0.633477,0.199923,0.834468,0.4,0.923945,0.75,0.0418671,0.0001,1.50238e-08,999999,1.222664e-01,3,Indonesian Exclusive Economic Zone,WPP711,,SVDNB_npp_d20140716_t1757431_e1803235_b14079_c20140717000324408388_noaa_ops.h5,GDNBO_npp_d20140716_t1757431_e1803235_b14079_c20140717000324408134_noaa_ops.h5,SVI04_npp_d20140716_t1757431_e1803235_b14079_c20140717000324402868_noaa_ops.dspace_rad,VNFF_npp_d20140716_t1757431_e1803235_b14079_v21.csv,World_EEZ_v8_2014.shp,WPP_BFAR_merge.shp,KKP_IDN_merge_20161208.shp,VNF-VBD_npp_20120301-20151231_global_asia-enhanced_c201607211230.bitmask,NCEI_NGA.union.nga_lead2.add_2015ntl.mask,timezone.shp,VBD_platforms-recurring_2015_r20170330.shp,999999,VBD_bridges_c20160811.shp,22.302559;20.657581;17.812403;13.013085;8.184108;3.331987;-1.539063;0.598278;2.699680;7.587820;12.484635;17.389103,102.195274;116.899490;131.129013;129.599106;128.217987;126.965988;125.829720;112.252083;98.601341;99.606560;100.547348;101.419044,npp_d20140716_t1757431_e1803235_b14079,149.391,33.1883,36.0186,97.8253,40.9406,95.0142
2323,VBD_npp_d20140716_t1802370_x1082828E_y041319N_l2641_s1346_v23,2017-05-23 13:09:55,4.131872,108.282753,17.8163,2014-07-16 18:02:37,2014-07-17 01:02:37,2641,1346,0.422785,8,18593,0.248063,0.194536,0.834468,0.4,0.595331,0.75,0.0418718,0.0001,1.56336e-08,999999,1.584913e-01,3,Indonesian Exclusive Economic Zone,WPP711,,SVDNB_npp_d20140716_t1757431_e1803235_b14079_c20140717000324408388_noaa_ops.h5,GDNBO_npp_d20140716_t1757431_e1803235_b14079_c20140717000324408134_noaa_ops.h5,SVI04_npp_d20140716_t1757431_e1803235_b14079_c20140717000324402868_noaa_ops.dspace_rad,VNFF_npp_d20140716_t1757431_e1803235_b14079_v21.csv,World_EEZ_v8_2014.shp,WPP_BFAR_merge.shp,KKP_IDN_merge_20161208.shp,VNF-VBD_npp_20120301-20151231_global_asia-enhanced_c201607211230.bitmask,NCEI_NGA.union.nga_lead2.add_2015ntl.mask,timezone.shp,VBD_platforms-recurring_2015_r20170330.shp,0.927955,VBD_bridges_c20160811.shp,22.302559;20.657581;17.812403;13.013085;8.184108;3.331987;-1.539063;0.598278;2.699680;7.587820;12.484635;17.389103,102.195274;116.899490;131.129013;129.599106;128.217987;126.965988;125.829720;112.252083;98.601341;99.606560;100.547348;101.419044,npp_d20140716_t1757431_e1803235_b14079,149.39,33.2021,35.9705,99.0953,40.9333,95.0115
2324,VBD_npp_d20140716_t1802370_x1082865E_y041104N_l2644_s1347_v23,2017-05-23 13:09:55,4.110436,108.286469,5.89682,2014-07-16 18:02:37,2014-07-17 01:02:37,2644,1347,0.424055,1,2529,0.336467,0.206171,0.809167,0.4,0.810719,0.75,0.0418751,0.0001,1.60122e-08,999999,8.025439e-02,3,Indonesian Exclusive Economic Zone,WPP711,,SVDNB_npp_d20140716_t1757431_e1803235_b14079_c20140717000324408388_noaa_ops.h5,GDNBO_npp_d20140716_t1757431_e1803235_b14079_c20140717000324408134_noaa_ops.h5,SVI04_npp_d20140716_t1757431_e1803235_b14079_c20140717000324402868_noaa_ops.dspace_rad,VNFF_npp_d20140716_t1757431_e1803235_b14079_v21.csv,World_EEZ_v8_2014.shp,WPP_BFAR_merge.shp,KKP_IDN_merge_20161208.shp,VNF-VBD_npp_20120301-20151231_global_asia-enhanced_c201607211230.bitmask,NCEI_NGA.union.nga_lead2.add_2015ntl.mask,timezone.shp,VBD_platforms-recurring_2015_r20170330.shp,999999,VBD_bridges_c20160811.shp,22.302559;20.657581;17.812403;13.013085;8.184108;3.331987;-1.539063;0.598278;2.699680;7.587820;12.484635;17.389103,102.195274;116.899490;131.129013;129.599106;128.217987;126.965988;125.829720;112.252083;98.601341;99.606560;100.547348;101.419044,npp_d20140716_t1757431_e1803235_b14079,149.406,33.2275,35.9274,98.8441,40.9276,94.9869
2328,VBD_npp_d20140716_t1802477_x1082628E_y034254N_l2746_s1365_v23,2017-05-23 13:09:55,3.425399,108.262848,10.0324,2014-07-16 18:02:47,2014-07-17 01:02:47,2746,1365,0.421625,1,2529,0.508278,0.247034,0.711753,0.4,0.894915,0.75,0.0418973,0.0001,2.4919e-08,999999,-1.945346e-01,3,Indonesian Exclusive Economic Zone,WPP711,,SVDNB_npp_d20140716_t1757431_e1803235_b14079_c20140717000324408388_noaa_ops.h5,GDNBO_npp_d20140716_t1757431_e1803235_b14079_c20140717000324408134_noaa_ops.h5,SVI04_npp_d20140716_t1757431_e1803235_b14079_c20140717000324402868_noaa_ops.dspace_rad,VNFF_npp_d20140716_t1757431_e1803235_b14079_v21.csv,World_EEZ_v8_2014.shp,WPP_BFAR_merge.shp,KKP_IDN_merge_20161208.shp,VNF-VBD_npp_20120301-20151231_global_asia-enhanced_c201607211230.bitmask,NCEI_NGA.union.nga_lead2.add_2015ntl.mask,timezone.shp,VBD_platforms-recurring_2015_r20170330.shp,999999,VBD_bridges_c20160811.shp,22.302559;20.657581;17.812403;13.013085;8.184108;3.331987;-1.539063;0.598278;2.699680;7.587820;12.484635;17.389103,102.195274;116.899490;131.129013;129.599106;128.217987;126.965988;125.829720;112.252083;98.601341;99.606560;100.547348;101.419044,npp_d20140716_t1757431_e1803235_b14079,149.965,33.9063,35.1664,98.3875,40.8526,94.1823
2382,VBD_npp_d20140716_t1801365_x1095853E_y075118N_l2110_s1426_v23,2017-05-23 13:09:55,7.511835,109.585289,5.11176,2014-07-16 18:01:36,2014-07-17 01:01:36,2110,1426,0.369474,1,2529,0.314703,0.238727,0.728887,0.4,0.839827,0.75,0.0423831,0.0001,1.191e-07,999999,-1.386719e-01,3,Vietnamese Exclusive Economic Zone,WPP711,,SVDNB_npp_d20140716_t1757431_e1803235_b14079_c20140717000324408388_noaa_ops.h5,GDNBO_npp_d20140716_t1757431_e1803235_b14079_c20140717000324408134_noaa_ops.h5,SVI04_npp_d20140716_t1757431_e1803235_b14079_c20140717000324402868_noaa_ops.dspace_rad,VNFF_npp_d20140716_t1757431_e1803235_b14079_v21.csv,World_EEZ_v8_2014.shp,WPP_BFAR_merge.shp,KKP_IDN_merge_20161208.shp,VNF-VBD_npp_20120301-20151231_global_asia-enhanced_c201607211230.bitmask,NCEI_NGA.union.nga_lead2.add_2015ntl.mask,timezone.shp,VBD_platforms-recurring_2015_r20170330.shp,999999,VBD_bridges_c20160811.shp,22.302559;20.657581;17.812403;13.013085;8.184108;3.331987;-1.539063;0.598278;2.699680;7.587820;12.484635;17.389103,102.195274;116.899490;131.129013;129.599106;128.217987;126.965988;125.829720;112.252083;98.601341;99.606560;100.547348;101.419044,npp_d20140716_t1757431_e1803235_b14079,145.978,31.8296,32.5173,97.7694,40.2994,99.2832
2396,VBD_npp_d20140716_t1802494_x1087672E_y032810N_l2756_s1443_v23,2017-05-23 13:09:55,3.281044,108.767159,27.6362,2014-07-16 18:02:49,2014-07-17 01:02:49,2756,1443,0.436154,1,2529,0.868619,0.196941,0.882423,0.4,0.959262,0.75,0.04231,0.0001,1.7075e-07,999999,1.423186e-01,3,Indonesian Exclusive Economic Zone,WPP711,,SVDNB_npp_d20140716_t1757431_e1803235_b14079_c20140717000324408388_noaa_ops.h5,GDNBO_npp_d20140716_t1757431_e1803235_b14079_c20140717000324408134_noaa_ops.h5,SVI04_npp_d20140716_t1757431_e1803235_b14079_c20140717000324402868_noaa_ops.dspace_rad,VNFF_npp_d20140716_t1757431_e1803235_b14079_v21.csv,World_EEZ_v8_2014.shp,WPP_BFAR_merge.shp,KKP_IDN_merge_20161208.shp,VNF-VBD_npp_20120301-20151231_global_asia-enhanced_c201607211230.bitmask,NCEI_NGA.union.nga_lead2.add_2015ntl.mask,timezone.shp,VBD_platforms-recurring_2015_r20170330.shp,999999,VBD_bridges_c20160811.shp,22.302559;20.657581;17.812403;13.013085;8.184108;3.331987;-1.539063;0.598278;2.699680;7.587820;12.484635;17.389103,102.195274;116.899490;131.129013;129.599106;128.217987;126.965988;125.829720;112.252083;98.601341;99.606560;100.547348;101.419044,npp_d20140716_t1757431_e1803235_b14079,149.796,34.8037,31.7549,98.9756,40.3259,94.0842
2399,VBD_npp_d20140716_t1801401_x1096882E_y073290N_l2135_s1447_v23,2017-05-23 13:09:55,7.329031,109.688240,24.1299,2014-07-16 18:01:40,2014-07-17 01:01:40,2135,1447,0.383009,1,2529,0.810329,0.216558,0.882962,0.4,0.948917,0.75,0.0424888,0.0001,1.96541e-07,999999,1.040265e-02,3,Vietnamese Exclusive Economic Zone,WPP711,,SVDNB_npp_d20140716_t1757431_e1803235_b14079_c20140717000324408388_noaa_ops.h5,GDNBO_npp_d20140716_t1757431_e1803235_b14079_c20140717000324408134_noaa_ops.h5,SVI04_npp_d20140716_t1757431_e1803235_b14079_c20140717000324402868_noaa_ops.dspace_rad,VNFF_npp_d20140716_t1757431_e1803235_b14079_v21.csv,World_EEZ_v8_2014.shp,WPP_BFAR_merge.shp,KKP_IDN_merge_20161208.shp,VNF-VBD_npp_20120301-20151231_global_asia-enhanced_c201607211230.bitmask,NCEI_NGA.union.nga_lead2.add_2015ntl.mask,timezone.shp,VBD_platforms-recurring_2015_r20170330.shp,999999,VBD_bridges_c20160811.shp,22.302559;20.657581;17.812403;13.013085;8.184108;3.331987;-1.539063;0.598278;2.699680;7.587820;12.484635;17.389103,102.195274;116.899490;131.129013;129.599106;128.217987;126.965988;125.829720;112.252083;98.601341;99.606560;100.547348;101.419044,npp_d20140716_t1757431_e1803235_b14079,146.071,32.1355,31.5718,98.4605,40.1535,99.1023
2404,VBD_npp_d20140716_t1801454_x1096391E_y070127N_l2183_s1450_v23,2017-05-23 13:09:55,7.012691,109.639137,6.41898,2014-07-16 18:01:45,2014-07-17 01:01:45,2183,1450,0.406156,1,2529,0.40173,0.237324,0.809184,0.4,0.892828,0.75,0.0424909,0.0001,2.10573e-07,999999,-1.292388e-01,3,Malaysian Exclusive Economic Zone,WPP711,,SVDNB_npp_d20140716_t1757431_e1803235_b14079_c20140717000324408388_noaa_ops.h5,GDNBO_npp_d20140716_t1757431_e1803235_b14079_c20140717000324408134_noaa_ops.h5,SVI04_npp_d20140716_t1757431_e1803235_b14079_c20140717000324402868_noaa_ops.dspace_rad,VNFF_npp_d20140716_t1757431_e1803235_b14079_v21.csv,World_EEZ_v8_2014.shp,WPP_BFAR_merge.shp,KKP_IDN_merge_20161208.shp,VNF-VBD_npp_20120301-20151231_global_asia-enhanced_c201607211230.bitmask,NCEI_NGA.union.nga_lead2.add_2015ntl.mask,timezone.shp,VBD_platforms-recurring_2015_r20170330.shp,999999,VBD_bridges_c20160811.shp,22.302559;20.657581;17.812403;13.013085;8.184108;3.331987;-1.539063;0.598278;2.699680;7.587820;12.484635;17.389103,102.195274;116.899490;131.129013;129.599106;128.217987;126.965988;125.829720;112.252083;98.601341;99.606560;100.547348;101.419044,npp_d20140716_t1757431_e1803235_b14079,146.353,32.3506,31.4406,98.4779,40.1312,98.7142
2405,VBD_npp_d20140716_t1801489_x1095954E_y067694N_l2220_s1451_v23,2017-05-23 13:09:55,6.769372,109.595360,3.97344,2014-07-16 18:01:48,2014-07-17 01:01:48,2220,1451,0.375716,1,2273,0.258941,0.258353,0.669224,0.4,0.798316,0.75,0.0424828,0.0001,2.1573e-07,999999,-2.706479e-01,3,Malaysian Exclusive Economic Zone,WPP711,,SVDNB_npp_d20140716_t1757431_e1803235_b14079_c20140717000324408388_noaa_ops.h5,GDNBO_npp_d20140716_t1757431_e1803235_b14079_c20140717000324408134_noaa_ops.h5,SVI04_npp_d20140716_t1757431_e1803235_b14079_c20140717000324402868_noaa_ops.dspace_rad,VNFF_npp_d20140716_t1757431_e1803235_b14079_v21.csv,World_EEZ_v8_2014.shp,WPP_BFAR_merge.shp,KKP_IDN_merge_20161208.shp,VNF-VBD_npp_20120301-20151231_global_asia-enhanced_c201607211230.bitmask,NCEI_NGA.union.nga_lead2.add_2015ntl.mask,timezone.shp,VBD_platforms-recurring_2015_r20170330.shp,999999,VBD_bridges_c20160811.shp,22.302559;20.657581;17.812403;13.013085;8.184108;3.331987;-1.539063;0.598278;2.699680;7.587820;12.484635;17.389103,102.195274;116.899490;131.129013;129.599106;128.217987;126.965988;125.829720;112.252083;98.601341;99.606560;100.547348;101.419044,npp_d20140716_t1757431_e1803235_b14079,146.573,32.5074,31.3945,98.0022,40.1238,98.4131
2412,VBD_npp_d20140716_t1801472_x1096761E_y068995N_l2199_s1459_v23,2017-05-23 13:09:55,6.899453,109.676125,6.95862,2014-07-16 18:01:47,2014-07-17 01:01:47,2199,1459,0.383395,1,2529,0.407158,0.226695,0.797655,0.4,0.88223,0.75,0.0425335,0.0001,2.59359e-07,999999,-5.776694e-02,3,Malaysian Exclusive Economic Zone,WPP711,,SVDNB_npp_d20140716_t1757431_e1803235_b14079_c20140717000324408388_noaa_ops.h5,GDNBO_npp_d20140716_t1757431_e1803235_b14079_c20140717000324408134_noaa_ops.h5,SVI04_npp_d20140716_t1757431_e1803235_b14079_c20140717000324402868_noaa_ops.dspace_rad,VNFF_npp_d20140716_t1757431_e1803235_b14079_v21.csv,World_EEZ_v8_2014.shp,WPP_BFAR_merge.shp,KKP_IDN_merge_20161208.shp,VNF-VBD_npp_20120301-20151231_global_asia-enhanced_c201607211230.bitmask,NCEI_NGA.union.nga_lead2.add_2015ntl.mask,timezone.shp,VBD_platforms-recurring_2015_r20170330.shp,999999,VBD_bridges_c20160811.shp,22.302559;20.657581;17.812403;13.013085;8.184108;3.331987;-1.539063;0.598278;2.699680;7.587820;12.484635;17.389103,102.195274;116.899490;131.129013;129.599106;128.217987;126.965988;125.829720;112.252083;98.601341;99.606560;100.547348;101.419044,npp_d20140716_t1757431_e1803235_b14079,146.425,32.5033,31.0358,98.4938,40.07,98.5914
2414,VBD_npp_d20140716_t1801454_x1097448E_y069483N_l2190_s1467_v23,2017-05-23 13:09:55,6.948322,109.744812,19.143,2014-07-16 18:01:45,2014-07-17 01:01:45,2190,1467,0.403007,1,2529,0.762292,0.213899,0.885279,0.4,0.953627,0.75,0.0425799,0.0001,3.11259e-07,999999,2.828346e-02,3,Vietnamese Exclusive Economic Zone,WPP711,,SVDNB_npp_d20140716_t1757431_e1803235_b14079_c20140717000324408388_noaa_ops.h5,GDNBO_npp_d20140716_t1757431_e1803235_b14079_c20140717000324408134_noaa_ops.h5,SVI04_npp_d20140716_t1757431_e1803235_b14079_c20140717000324402868_noaa_ops.dspace_rad,VNFF_npp_d20140716_t1757431_e1803235_b14079_v21.csv,World_EEZ_v8_2014.shp,WPP_BFAR_merge.shp,KKP_IDN_merge_20161208.shp,VNF-VBD_npp_20120301-20151231_global_asia-enhanced_c201607211230.bitmask,NCEI_NGA.union.nga_lead2.add_2015ntl.mask,timezone.shp,VBD_platforms-recurring_2015_r20170330.shp,999999,VBD_bridges_c20160811.shp,22.302559;20.657581;17.812403;13.013085;8.184108;3.331987;-1.539063;0.598278;2.699680;7.587820;12.484635;17.389103,102.195274;116.899490;131.129013;129.599106;128.217987;126.965988;125.829720;112.252083;98.601341;99.606560;100.547348;101.419044,npp_d20140716_t1757431_e1803235_b14079,146.351,32.5484,30.6775,97.7809,40.0163,98.6689
2415,VBD_npp_d20140716_t1801436_x1097969E_y071043N_l2166_s1470_v23,2017-05-23 13:09:55,7.104315,109.796852,9.92828,2014-07-16 18:01:43,2014-07-17 01:01:43,2166,1470,0.404609,1,2529,0.537849,0.219327,0.813853,0.4,0.913392,0.75,0.0426036,0.0001,3.34429e-07,999999,-8.217355e-03,3,Vietnamese Exclusive Economic Zone,WPP711,,SVDNB_npp_d20140716_t1757431_e1803235_b14079_c20140717000324408388_noaa_ops.h5,GDNBO_npp_d20140716_t1757431_e1803235_b14079_c20140717000324408134_noaa_ops.h5,SVI04_npp_d20140716_t1757431_e1803235_b14079_c20140717000324402868_noaa_ops.dspace_rad,VNFF_npp_d20140716_t1757431_e1803235_b14079_v21.csv,World_EEZ_v8_2014.shp,WPP_BFAR_merge.shp,KKP_IDN_merge_20161208.shp,VNF-VBD_npp_20120301-20151231_global_asia-enhanced_c201607211230.bitmask,NCEI_NGA.union.nga_lead2.add_2015ntl.mask,timezone.shp,VBD_platforms-recurring_2015_r20170330.shp,999999,VBD_bridges_c20160811.shp,22.302559;20.657581;17.812403;13.013085;8.184108;3.331987;-1.539063;0.598278;2.699680;7.587820;12.484635;17.389103,102.195274;116.899490;131.129013;129.599106;128.217987;126.965988;125.829720;112.252083;98.601341;99.606560;100.547348;101.419044,npp_d20140716_t1757431_e1803235_b14079,146.195,32.4842,30.5322,98.5995,39.9958,98.8707
2416,VBD_npp_d20140716_t1801489_x1097395E_y068169N_l2210_s1471_v23,2017-05-23 13:09:55,6.816915,109.739510,4.45025,2014-07-16 18:01:48,2014-07-17 01:01:48,2210,1471,0.390301,1,2273,0.276697,0.241455,0.782114,0.4,0.795768,0.75,0.0425941,0.0001,3.42974e-07,999999,-1.570214e-01,3,Malaysian Exclusive Economic Zone,WPP711,,SVDNB_npp_d20140716_t1757431_e1803235_b14079_c20140717000324408388_noaa_ops.h5,GDNBO_npp_d20140716_t1757431_e1803235_b14079_c20140717000324408134_noaa_ops.h5,SVI04_npp_d20140716_t1757431_e1803235_b14079_c20140717000324402868_noaa_ops.dspace_rad,VNFF_npp_d20140716_t1757431_e1803235_b14079_v21.csv,World_EEZ_v8_2014.shp,WPP_BFAR_merge.shp,KKP_IDN_merge_20161208.shp,VNF-VBD_npp_20120301-20151231_global_asia-enhanced_c201607211230.bitmask,NCEI_NGA.union.nga_lead2.add_2015ntl.mask,timezone.shp,VBD_platforms-recurring_2015_r20170330.shp,999999,VBD_bridges_c20160811.shp,22.302559;20.657581;17.812403;13.013085;8.184108;3.331987;-1.539063;0.598278;2.699680;7.587820;12.484635;17.389103,102.195274;116.899490;131.129013;129.599106;128.217987;126.965988;125.829720;112.252083;98.601341;99.606560;100.547348;101.419044,npp_d20140716_t1757431_e1803235_b14079,146.456,32.6681,30.4831,99.0252,39.9874,98.513
2417,VBD_npp_d20140716_t1801507_x1097159E_y067058N_l2227_s1471_v23,2017-05-23 13:09:55,6.705828,109.715904,19.8442,2014-07-16 18:01:50,2014-07-17 01:01:50,2227,1471,0.390909,1,2529,0.77844,0.237661,0.898088,0.4,0.954548,0.75,0.042588,0.0001,3.43372e-07,999999,-1.315052e-01,3,Malaysian Exclusive Economic Zone,WPP711,,SVDNB_npp_d20140716_t1757431_e1803235_b14079_c20140717000324408388_noaa_ops.h5,GDNBO_npp_d20140716_t1757431_e1803235_b14079_c20140717000324408134_noaa_ops.h5,SVI04_npp_d20140716_t1757431_e1803235_b14079_c20140717000324402868_noaa_ops.dspace_rad,VNFF_npp_d20140716_t1757431_e1803235_b14079_v21.csv,World_EEZ_v8_2014.shp,WPP_BFAR_merge.shp,KKP_IDN_merge_20161208.shp,VNF-VBD_npp_20120301-20151231_global_asia-enhanced_c201607211230.bitmask,NCEI_NGA.union.nga_lead2.add_2015ntl.mask,timezone.shp,VBD_platforms-recurring_2015_r20170330.shp,999999,VBD_bridges_c20160811.shp,22.302559;20.657581;17.812403;13.013085;8.184108;3.331987;-1.539063;0.598278;2.699680;7.587820;12.484635;17.389103,102.195274;116.899490;131.129013;129.599106;128.217987;126.965988;125.829720;112.252083;98.601341;99.606560;100.547348;101.419044,npp_d20140716_t1757431_e1803235_b14079,146.558,32.7364,30.4807,98.9309,39.9872,98.374
2418,VBD_npp_d20140716_t1801472_x1097631E_y068797N_l2200_s1472_v23,2017-05-23 13:09:55,6.879704,109.763145,13.7698,2014-07-16 18:01:47,2014-07-17 01:01:47,2200,1472,0.397759,1,2529,0.637132,0.216269,0.872744,0.4,0.938471,0.75,0.0426032,0.0001,3.51139e-07,999999,1.234682e-02,3,Malaysian Exclusive Economic Zone,WPP711,,SVDNB_npp_d20140716_t1757431_e1803235_b14079_c20140717000324408388_noaa_ops.h5,GDNBO_npp_d20140716_t1757431_e1803235_b14079_c20140717000324408134_noaa_ops.h5,SVI04_npp_d20140716_t1757431_e1803235_b14079_c20140717000324402868_noaa_ops.dspace_rad,VNFF_npp_d20140716_t1757431_e1803235_b14079_v21.csv,World_EEZ_v8_2014.shp,WPP_BFAR_merge.shp,KKP_IDN_merge_20161208.shp,VNF-VBD_npp_20120301-20151231_global_asia-enhanced_c201607211230.bitmask,NCEI_NGA.union.nga_lead2.add_2015ntl.mask,timezone.shp,VBD_platforms-recurring_2015_r20170330.shp,999999,VBD_bridges_c20160811.shp,22.302559;20.657581;17.812403;13.013085;8.184108;3.331987;-1.539063;0.598278;2.699680;7.587820;12.484635;17.389103,102.195274;116.899490;131.129013;129.599106;128.217987;126.965988;125.829720;112.252083;98.601341;99.606560;100.547348;101.419044,npp_d20140716_t1757431_e1803235_b14079,146.395,32.6394,30.4354,98.4065,39.9804,98.5938
2419,VBD_npp_d20140716_t1801489_x1097419E_y067400N_l2221_s1473_v23,2017-05-23 13:09:55,6.740023,109.741943,16.4151,2014-07-16 18:01:48,2014-07-17 01:01:48,2221,1473,0.396212,1,2529,0.70719,0.213202,0.899546,0.4,0.952576,0.75,0.0426009,0.0001,3.59288e-07,999999,3.297398e-02,3,Malaysian Exclusive Economic Zone,WPP711,,SVDNB_npp_d20140716_t1757431_e1803235_b14079_c20140717000324408388_noaa_ops.h5,GDNBO_npp_d20140716_t1757431_e1803235_b14079_c20140717000324408134_noaa_ops.h5,SVI04_npp_d20140716_t1757431_e1803235_b14079_c20140717000324402868_noaa_ops.dspace_rad,VNFF_npp_d20140716_t1757431_e1803235_b14079_v21.csv,World_EEZ_v8_2014.shp,WPP_BFAR_merge.shp,KKP_IDN_merge_20161208.shp,VNF-VBD_npp_20120301-20151231_global_asia-enhanced_c201607211230.bitmask,NCEI_NGA.union.nga_lead2.add_2015ntl.mask,timezone.shp,VBD_platforms-recurring_2015_r20170330.shp,999999,VBD_bridges_c20160811.shp,22.302559;20.657581;17.812403;13.013085;8.184108;3.331987;-1.539063;0.598278;2.699680;7.587820;12.484635;17.389103,102.195274;116.899490;131.129013;129.599106;128.217987;126.965988;125.829720;112.252083;98.601341;99.606560;100.547348;101.419044,npp_d20140716_t1757431_e1803235_b14079,146.52,32.7342,30.39,97.8936,39.9735,98.4209
2420,VBD_npp_d20140716_t1801418_x1098557E_y072100N_l2149_s1475_v23,2017-05-23 13:09:55,7.210021,109.855675,7.6741,2014-07-16 18:01:41,2014-07-17 01:01:41,2149,1475,0.400411,1,2529,0.434428,0.25766,0.852838,0.4,0.895955,0.75,0.0426355,0.0001,3.76684e-07,999999,-2.659906e-01,3,Vietnamese Exclusive Economic Zone,WPP711,,SVDNB_npp_d20140716_t1757431_e1803235_b14079_c20140717000324408388_noaa_ops.h5,GDNBO_npp_d20140716_t1757431_e1803235_b14079_c20140717000324408134_noaa_ops.h5,SVI04_npp_d20140716_t1757431_e1803235_b14079_c20140717000324402868_noaa_ops.dspace_rad,VNFF_npp_d20140716_t1757431_e1803235_b14079_v21.csv,World_EEZ_v8_2014.shp,WPP_BFAR_merge.shp,KKP_IDN_merge_20161208.shp,VNF-VBD_npp_20120301-20151231_global_asia-enhanced_c201607211230.bitmask,NCEI_NGA.union.nga_lead2.add_2015ntl.mask,timezone.shp,VBD_platforms-recurring_2015_r20170330.shp,999999,VBD_bridges_c20160811.shp,22.302559;20.657581;17.812403;13.013085;8.184108;3.331987;-1.539063;0.598278;2.699680;7.587820;12.484635;17.389103,102.195274;116.899490;131.129013;129.599106;128.217987;126.965988;125.829720;112.252083;98.601341;99.606560;100.547348;101.419044,npp_d20140716_t1757431_e1803235_b14079,146.079,32.4701,30.2928,98.699,39.9611,99.0144
2423,VBD_npp_d20140716_t1801472_x1098055E_y068803N_l2199_s1478_v23,2017-05-23 13:09:55,6.880295,109.805466,7.56548,2014-07-16 18:01:47,2014-07-17 01:01:47,2199,1478,0.389583,1,2529,0.425525,0.22529,0.856576,0.4,0.886337,0.75,0.0426358,0.0001,4.04231e-07,999999,-4.831470e-02,3,Vietnamese Exclusive Economic Zone,WPP711,,SVDNB_npp_d20140716_t1757431_e1803235_b14079_c20140717000324408388_noaa_ops.h5,GDNBO_npp_d20140716_t1757431_e1803235_b14079_c20140717000324408134_noaa_ops.h5,SVI04_npp_d20140716_t1757431_e1803235_b14079_c20140717000324402868_noaa_ops.dspace_rad,VNFF_npp_d20140716_t1757431_e1803235_b14079_v21.csv,World_EEZ_v8_2014.shp,WPP_BFAR_merge.shp,KKP_IDN_merge_20161208.shp,VNF-VBD_npp_20120301-20151231_global_asia-enhanced_c201607211230.bitmask,NCEI_NGA.union.nga_lead2.add_2015ntl.mask,timezone.shp,VBD_platforms-recurring_2015_r20170330.shp,999999,VBD_bridges_c20160811.shp,22.302559;20.657581;17.812403;13.013085;8.184108;3.331987;-1.539063;0.598278;2.699680;7.587820;12.484635;17.389103,102.195274;116.899490;131.129013;129.599106;128.217987;126.965988;125.829720;112.252083;98.601341;99.606560;100.547348;101.419044,npp_d20140716_t1757431_e1803235_b14079,146.372,32.6972,30.1516,98.5149,39.9384,98.6072
2424,VBD_npp_d20140716_t1801418_x1098873E_y072330N_l2145_s1479_v23,2017-05-23 13:09:55,7.233000,109.887283,10.9826,2014-07-16 18:01:41,2014-07-17 01:01:41,2145,1479,0.413559,1,2529,0.562928,0.21634,0.858647,0.4,0.923122,0.75,0.0426582,0.0001,4.13343e-07,999999,1.187184e-02,3,Vietnamese Exclusive Economic Zone,WPP711,,SVDNB_npp_d20140716_t1757431_e1803235_b14079_c20140717000324408388_noaa_ops.h5,GDNBO_npp_d20140716_t1757431_e1803235_b14079_c20140717000324408134_noaa_ops.h5,SVI04_npp_d20140716_t1757431_e1803235_b14079_c20140717000324402868_noaa_ops.dspace_rad,VNFF_npp_d20140716_t1757431_e1803235_b14079_v21.csv,World_EEZ_v8_2014.shp,WPP_BFAR_merge.shp,KKP_IDN_merge_20161208.shp,VNF-VBD_npp_20120301-20151231_global_asia-enhanced_c201607211230.bitmask,NCEI_NGA.union.nga_lead2.add_2015ntl.mask,timezone.shp,VBD_platforms-recurring_2015_r20170330.shp,999999,VBD_bridges_c20160811.shp,22.302559;20.657581;17.812403;13.013085;8.184108;3.331987;-1.539063;0.598278;2.699680;7.587820;12.484635;17.389103,102.195274;116.899490;131.129013;129.599106;128.217987;126.965988;125.829720;112.252083;98.601341;99.606560;100.547348;101.419044,npp_d20140716_t1757431_e1803235_b14079,146.043,32.4951,30.1047,99.1202,39.9334,99.0521
2425,VBD_npp_d20140716_t1801436_x1098588E_y070950N_l2166_s1479_v23,2017-05-23 13:09:55,7.094981,109.858849,16.0038,2014-07-16 18:01:43,2014-07-17 01:01:43,2166,1479,0.397869,1,2529,0.69587,0.213636,0.894766,0.4,0.95168,0.75,0.0426521,0.0001,4.13151e-07,999999,3.005269e-02,3,Vietnamese Exclusive Economic Zone,WPP711,,SVDNB_npp_d20140716_t1757431_e1803235_b14079_c20140717000324408388_noaa_ops.h5,GDNBO_npp_d20140716_t1757431_e1803235_b14079_c20140717000324408134_noaa_ops.h5,SVI04_npp_d20140716_t1757431_e1803235_b14079_c20140717000324402868_noaa_ops.dspace_rad,VNFF_npp_d20140716_t1757431_e1803235_b14079_v21.csv,World_EEZ_v8_2014.shp,WPP_BFAR_merge.shp,KKP_IDN_merge_20161208.shp,VNF-VBD_npp_20120301-20151231_global_asia-enhanced_c201607211230.bitmask,NCEI_NGA.union.nga_lead2.add_2015ntl.mask,timezone.shp,VBD_platforms-recurring_2015_r20170330.shp,999999,VBD_bridges_c20160811.shp,22.302559;20.657581;17.812403;13.013085;8.184108;3.331987;-1.539063;0.598278;2.699680;7.587820;12.484635;17.389103,102.195274;116.899490;131.129013;129.599106;128.217987;126.965988;125.829720;112.252083;98.601341;99.606560;100.547348;101.419044,npp_d20140716_t1757431_e1803235_b14079,146.17,32.5768,30.1066,98.6092,39.9327,98.8787
2426,VBD_npp_d20140716_t1801418_x1098945E_y071418N_l2158_s1482_v23,2017-05-23 13:09:55,7.141806,109.894455,18.6532,2014-07-16 18:01:41,2014-07-17 01:01:41,2158,1482,0.407095,1,2529,0.747732,0.196157,0.881382,0.4,0.951399,0.75,0.0426706,0.0001,4.43485e-07,999999,1.475906e-01,3,Vietnamese Exclusive Economic Zone,WPP711,,SVDNB_npp_d20140716_t1757431_e1803235_b14079_c20140717000324408388_noaa_ops.h5,GDNBO_npp_d20140716_t1757431_e1803235_b14079_c20140717000324408134_noaa_ops.h5,SVI04_npp_d20140716_t1757431_e1803235_b14079_c20140717000324402868_noaa_ops.dspace_rad,VNFF_npp_d20140716_t1757431_e1803235_b14079_v21.csv,World_EEZ_v8_2014.shp,WPP_BFAR_merge.shp,KKP_IDN_merge_20161208.shp,VNF-VBD_npp_20120301-20151231_global_asia-enhanced_c201607211230.bitmask,NCEI_NGA.union.nga_lead2.add_2015ntl.mask,timezone.shp,VBD_platforms-recurring_2015_r20170330.shp,999999,VBD_bridges_c20160811.shp,22.302559;20.657581;17.812403;13.013085;8.184108;3.331987;-1.539063;0.598278;2.699680;7.587820;12.484635;17.389103,102.195274;116.899490;131.129013;129.599106;128.217987;126.965988;125.829720;112.252083;98.601341;99.606560;100.547348;101.419044,npp_d20140716_t1757431_e1803235_b14079,146.116,32.5778,29.9647,97.7671,39.9118,98.9443
2427,VBD_npp_d20140716_t1801472_x1098267E_y068355N_l2205_s1482_v23,2017-05-23 13:09:55,6.835530,109.826683,3.43038,2014-07-16 18:01:47,2014-07-17 01:01:47,2205,1482,0.399251,1,2273,0.229299,0.202734,0.788974,0.4,0.794557,0.75,0.0426552,0.0001,4.43354e-07,999999,1.033630e-01,3,Malaysian Exclusive Economic Zone,WPP711,,SVDNB_npp_d20140716_t1757431_e1803235_b14079_c20140717000324408388_noaa_ops.h5,GDNBO_npp_d20140716_t1757431_e1803235_b14079_c20140717000324408134_noaa_ops.h5,SVI04_npp_d20140716_t1757431_e1803235_b14079_c20140717000324402868_noaa_ops.dspace_rad,VNFF_npp_d20140716_t1757431_e1803235_b14079_v21.csv,World_EEZ_v8_2014.shp,WPP_BFAR_merge.shp,KKP_IDN_merge_20161208.shp,VNF-VBD_npp_20120301-20151231_global_asia-enhanced_c201607211230.bitmask,NCEI_NGA.union.nga_lead2.add_2015ntl.mask,timezone.shp,VBD_platforms-recurring_2015_r20170330.shp,999999,VBD_bridges_c20160811.shp,22.302559;20.657581;17.812403;13.013085;8.184108;3.331987;-1.539063;0.598278;2.699680;7.587820;12.484635;17.389103,102.195274;116.899490;131.129013;129.599106;128.217987;126.965988;125.829720;112.252083;98.601341;99.606560;100.547348;101.419044,npp_d20140716_t1757431_e1803235_b14079,146.398,32.7628,29.9647,97.8916,39.9105,98.5595
2428,VBD_npp_d20140716_t1801489_x1098089E_y067647N_l2216_s1482_v23,2017-05-23 13:09:55,6.764739,109.808899,12.136,2014-07-16 18:01:48,2014-07-17 01:01:48,2216,1482,0.397151,1,2529,0.608503,0.207244,0.874743,0.4,0.941596,0.75,0.0426512,0.0001,4.43602e-07,999999,7.303487e-02,3,Malaysian Exclusive Economic Zone,WPP711,,SVDNB_npp_d20140716_t1757431_e1803235_b14079_c20140717000324408388_noaa_ops.h5,GDNBO_npp_d20140716_t1757431_e1803235_b14079_c20140717000324408134_noaa_ops.h5,SVI04_npp_d20140716_t1757431_e1803235_b14079_c20140717000324402868_noaa_ops.dspace_rad,VNFF_npp_d20140716_t1757431_e1803235_b14079_v21.csv,World_EEZ_v8_2014.shp,WPP_BFAR_merge.shp,KKP_IDN_merge_20161208.shp,VNF-VBD_npp_20120301-20151231_global_asia-enhanced_c201607211230.bitmask,NCEI_NGA.union.nga_lead2.add_2015ntl.mask,timezone.shp,VBD_platforms-recurring_2015_r20170330.shp,999999,VBD_bridges_c20160811.shp,22.302559;20.657581;17.812403;13.013085;8.184108;3.331987;-1.539063;0.598278;2.699680;7.587820;12.484635;17.389103,102.195274;116.899490;131.129013;129.599106;128.217987;126.965988;125.829720;112.252083;98.601341;99.606560;100.547348;101.419044,npp_d20140716_t1757431_e1803235_b14079,146.463,32.8063,29.9626,98.4161,39.9105,98.4706
2429,VBD_npp_d20140716_t1801454_x1098663E_y070066N_l2179_s1483_v23,2017-05-23 13:09:55,7.006566,109.866318,25.8432,2014-07-16 18:01:45,2014-07-17 01:01:45,2179,1483,0.394776,1,2529,0.873733,0.234138,0.896447,0.4,0.967984,0.75,0.0426699,0.0001,4.53223e-07,999999,-1.078147e-01,3,Vietnamese Exclusive Economic Zone,WPP711,,SVDNB_npp_d20140716_t1757431_e1803235_b14079_c20140717000324408388_noaa_ops.h5,GDNBO_npp_d20140716_t1757431_e1803235_b14079_c20140717000324408134_noaa_ops.h5,SVI04_npp_d20140716_t1757431_e1803235_b14079_c20140717000324402868_noaa_ops.dspace_rad,VNFF_npp_d20140716_t1757431_e1803235_b14079_v21.csv,World_EEZ_v8_2014.shp,WPP_BFAR_merge.shp,KKP_IDN_merge_20161208.shp,VNF-VBD_npp_20120301-20151231_global_asia-enhanced_c201607211230.bitmask,NCEI_NGA.union.nga_lead2.add_2015ntl.mask,timezone.shp,VBD_platforms-recurring_2015_r20170330.shp,999999,VBD_bridges_c20160811.shp,22.302559;20.657581;17.812403;13.013085;8.184108;3.331987;-1.539063;0.598278;2.699680;7.587820;12.484635;17.389103,102.195274;116.899490;131.129013;129.599106;128.217987;126.965988;125.829720;112.252083;98.601341;99.606560;100.547348;101.419044,npp_d20140716_t1757431_e1803235_b14079,146.237,32.6684,29.9184,98.9301,39.9044,98.7763
2431,VBD_npp_d20140716_t1801401_x1099515E_y072415N_l2142_s1487_v23,2017-05-23 13:09:55,7.241484,109.951508,7.53289,2014-07-16 18:01:40,2014-07-17 01:01:40,2142,1487,0.407592,1,2529,0.442771,0.225717,0.803891,0.4,0.875614,0.75,0.0427021,0.0001,4.97464e-07,999999,-5.118528e-02,3,Vietnamese Exclusive Economic Zone,WPP711,,SVDNB_npp_d20140716_t1757431_e1803235_b14079_c20140717000324408388_noaa_ops.h5,GDNBO_npp_d20140716_t1757431_e1803235_b14079_c20140717000324408134_noaa_ops.h5,SVI04_npp_d20140716_t1757431_e1803235_b14079_c20140717000324402868_noaa_ops.dspace_rad,VNFF_npp_d20140716_t1757431_e1803235_b14079_v21.csv,World_EEZ_v8_2014.shp,WPP_BFAR_merge.shp,KKP_IDN_merge_20161208.shp,VNF-VBD_npp_20120301-20151231_global_asia-enhanced_c201607211230.bitmask,NCEI_NGA.union.nga_lead2.add_2015ntl.mask,timezone.shp,VBD_platforms-recurring_2015_r20170330.shp,999999,VBD_bridges_c20160811.shp,22.302559;20.657581;17.812403;13.013085;8.184108;3.331987;-1.539063;0.598278;2.699680;7.587820;12.484635;17.389103,102.195274;116.899490;131.129013;129.599106;128.217987;126.965988;125.829720;112.252083;98.601341;99.606560;100.547348;101.419044,npp_d20140716_t1757431_e1803235_b14079,146.005,32.566,29.729,97.7652,39.8781,99.0806
2432,VBD_npp_d20140716_t1801489_x1098696E_y067971N_l2210_s1490_v23,2017-05-23 13:09:55,6.797057,109.869553,5.27063,2014-07-16 18:01:48,2014-07-17 01:01:48,2210,1490,0.395549,1,2529,0.329978,0.249071,0.834054,0.4,0.840773,0.75,0.0426963,0.0001,5.33102e-07,999999,-2.082361e-01,3,Malaysian Exclusive Economic Zone,WPP711,,SVDNB_npp_d20140716_t1757431_e1803235_b14079_c20140717000324408388_noaa_ops.h5,GDNBO_npp_d20140716_t1757431_e1803235_b14079_c20140717000324408134_noaa_ops.h5,SVI04_npp_d20140716_t1757431_e1803235_b14079_c20140717000324402868_noaa_ops.dspace_rad,VNFF_npp_d20140716_t1757431_e1803235_b14079_v21.csv,World_EEZ_v8_2014.shp,WPP_BFAR_merge.shp,KKP_IDN_merge_20161208.shp,VNF-VBD_npp_20120301-20151231_global_asia-enhanced_c201607211230.bitmask,NCEI_NGA.union.nga_lead2.add_2015ntl.mask,timezone.shp,VBD_platforms-recurring_2015_r20170330.shp,999999,VBD_bridges_c20160811.shp,22.302559;20.657581;17.812403;13.013085;8.184108;3.331987;-1.539063;0.598278;2.699680;7.587820;12.484635;17.389103,102.195274;116.899490;131.129013;129.599106;128.217987;126.965988;125.829720;112.252083;98.601341;99.606560;100.547348;101.419044,npp_d20140716_t1757431_e1803235_b14079,146.403,32.8633,29.5853,99.0562,39.8549,98.5278
2433,VBD_npp_d20140716_t1801472_x1098983E_y068939N_l2195_s1491_v23,2017-05-23 13:09:55,6.893936,109.898270,10.3668,2014-07-16 18:01:47,2014-07-17 01:01:47,2195,1491,0.39903,1,2529,0.550613,0.225427,0.845259,0.4,0.924391,0.75,0.042707,0.0001,5.45293e-07,999999,-4.924031e-02,3,Vietnamese Exclusive Economic Zone,WPP711,,SVDNB_npp_d20140716_t1757431_e1803235_b14079_c20140717000324408388_noaa_ops.h5,GDNBO_npp_d20140716_t1757431_e1803235_b14079_c20140717000324408134_noaa_ops.h5,SVI04_npp_d20140716_t1757431_e1803235_b14079_c20140717000324402868_noaa_ops.dspace_rad,VNFF_npp_d20140716_t1757431_e1803235_b14079_v21.csv,World_EEZ_v8_2014.shp,WPP_BFAR_merge.shp,KKP_IDN_merge_20161208.shp,VNF-VBD_npp_20120301-20151231_global_asia-enhanced_c201607211230.bitmask,NCEI_NGA.union.nga_lead2.add_2015ntl.mask,timezone.shp,VBD_platforms-recurring_2015_r20170330.shp,999999,VBD_bridges_c20160811.shp,22.302559;20.657581;17.812403;13.013085;8.184108;3.331987;-1.539063;0.598278;2.699680;7.587820;12.484635;17.389103,102.195274;116.899490;131.129013;129.599106;128.217987;126.965988;125.829720;112.252083;98.601341;99.606560;100.547348;101.419044,npp_d20140716_t1757431_e1803235_b14079,146.31,32.8136,29.538,98.9501,39.8482,98.6518
2434,VBD_npp_d20140716_t1801436_x1099451E_y070199N_l2175_s1493_v23,2017-05-23 13:09:55,7.019898,109.945053,8.30802,2014-07-16 18:01:43,2014-07-17 01:01:43,2175,1493,0.406322,1,2529,0.480072,0.231364,0.840908,0.4,0.919488,0.75,0.0427244,0.0001,5.69683e-07,999999,-8.916155e-02,3,Vietnamese Exclusive Economic Zone,WPP711,,SVDNB_npp_d20140716_t1757431_e1803235_b14079_c20140717000324408388_noaa_ops.h5,GDNBO_npp_d20140716_t1757431_e1803235_b14079_c20140717000324408134_noaa_ops.h5,SVI04_npp_d20140716_t1757431_e1803235_b14079_c20140717000324402868_noaa_ops.dspace_rad,VNFF_npp_d20140716_t1757431_e1803235_b14079_v21.csv,World_EEZ_v8_2014.shp,WPP_BFAR_merge.shp,KKP_IDN_merge_20161208.shp,VNF-VBD_npp_20120301-20151231_global_asia-enhanced_c201607211230.bitmask,NCEI_NGA.union.nga_lead2.add_2015ntl.mask,timezone.shp,VBD_platforms-recurring_2015_r20170330.shp,999999,VBD_bridges_c20160811.shp,22.302559;20.657581;17.812403;13.013085;8.184108;3.331987;-1.539063;0.598278;2.699680;7.587820;12.484635;17.389103,102.195274;116.899490;131.129013;129.599106;128.217987;126.965988;125.829720;112.252083;98.601341;99.606560;100.547348;101.419044,npp_d20140716_t1757431_e1803235_b14079,146.187,32.7553,29.4491,97.6687,39.8353,98.8146
2435,VBD_npp_d20140716_t1801489_x1099014E_y067784N_l2212_s1495_v23,2017-05-23 13:09:55,6.778404,109.901367,15.2449,2014-07-16 18:01:48,2014-07-17 01:01:48,2212,1495,0.394334,1,2529,0.68257,0.224556,0.881507,0.4,0.952305,0.75,0.0427221,0.0001,5.97174e-07,999999,-4.337913e-02,3,Vietnamese Exclusive Economic Zone,WPP711,,SVDNB_npp_d20140716_t1757431_e1803235_b14079_c20140717000324408388_noaa_ops.h5,GDNBO_npp_d20140716_t1757431_e1803235_b14079_c20140717000324408134_noaa_ops.h5,SVI04_npp_d20140716_t1757431_e1803235_b14079_c20140717000324402868_noaa_ops.dspace_rad,VNFF_npp_d20140716_t1757431_e1803235_b14079_v21.csv,World_EEZ_v8_2014.shp,WPP_BFAR_merge.shp,KKP_IDN_merge_20161208.shp,VNF-VBD_npp_20120301-20151231_global_asia-enhanced_c201607211230.bitmask,NCEI_NGA.union.nga_lead2.add_2015ntl.mask,timezone.shp,VBD_platforms-recurring_2015_r20170330.shp,999999,VBD_bridges_c20160811.shp,22.302559;20.657581;17.812403;13.013085;8.184108;3.331987;-1.539063;0.598278;2.699680;7.587820;12.484635;17.389103,102.195274;116.899490;131.129013;129.599106;128.217987;126.965988;125.829720;112.252083;98.601341;99.606560;100.547348;101.419044,npp_d20140716_t1757431_e1803235_b14079,146.402,32.9223,29.3489,98.8515,39.8205,98.5147
2438,VBD_npp_d20140716_t1801418_x1100487E_y071534N_l2153_s1504_v23,2017-05-23 13:09:55,7.153375,110.048744,12.6349,2014-07-16 18:01:41,2014-07-17 01:01:41,2153,1504,0.341244,1,2529,0.597287,0.259696,0.846212,0.4,0.930721,0.75,0.0427891,0.0001,7.3031e-07,999999,-2.796834e-01,3,Vietnamese Exclusive Economic Zone,WPP711,,SVDNB_npp_d20140716_t1757431_e1803235_b14079_c20140717000324408388_noaa_ops.h5,GDNBO_npp_d20140716_t1757431_e1803235_b14079_c20140717000324408134_noaa_ops.h5,SVI04_npp_d20140716_t1757431_e1803235_b14079_c20140717000324402868_noaa_ops.dspace_rad,VNFF_npp_d20140716_t1757431_e1803235_b14079_v21.csv,World_EEZ_v8_2014.shp,WPP_BFAR_merge.shp,KKP_IDN_merge_20161208.shp,VNF-VBD_npp_20120301-20151231_global_asia-enhanced_c201607211230.bitmask,NCEI_NGA.union.nga_lead2.add_2015ntl.mask,timezone.shp,VBD_platforms-recurring_2015_r20170330.shp,999999,VBD_bridges_c20160811.shp,22.302559;20.657581;17.812403;13.013085;8.184108;3.331987;-1.539063;0.598278;2.699680;7.587820;12.484635;17.389103,102.195274;116.899490;131.129013;129.599106;128.217987;126.965988;125.829720;112.252083;98.601341;99.606560;100.547348;101.419044,npp_d20140716_t1757431_e1803235_b14079,146.023,32.7793,28.9242,98.3032,39.7603,99.0068
2439,VBD_npp_d20140716_t1801472_x1099937E_y068863N_l2194_s1505_v23,2017-05-23 13:09:55,6.886262,109.993690,6.44838,2014-07-16 18:01:47,2014-07-17 01:01:47,2194,1505,0.414056,1,2529,0.409708,0.198966,0.816774,0.4,0.879356,0.75,0.0427816,0.0001,7.46597e-07,999999,1.287029e-01,3,Vietnamese Exclusive Economic Zone,WPP711,,SVDNB_npp_d20140716_t1757431_e1803235_b14079_c20140717000324408388_noaa_ops.h5,GDNBO_npp_d20140716_t1757431_e1803235_b14079_c20140717000324408134_noaa_ops.h5,SVI04_npp_d20140716_t1757431_e1803235_b14079_c20140717000324402868_noaa_ops.dspace_rad,VNFF_npp_d20140716_t1757431_e1803235_b14079_v21.csv,World_EEZ_v8_2014.shp,WPP_BFAR_merge.shp,KKP_IDN_merge_20161208.shp,VNF-VBD_npp_20120301-20151231_global_asia-enhanced_c201607211230.bitmask,NCEI_NGA.union.nga_lead2.add_2015ntl.mask,timezone.shp,VBD_platforms-recurring_2015_r20170330.shp,999999,VBD_bridges_c20160811.shp,22.302559;20.657581;17.812403;13.013085;8.184108;3.331987;-1.539063;0.598278;2.699680;7.587820;12.484635;17.389103,102.195274;116.899490;131.129013;129.599106;128.217987;126.965988;125.829720;112.252083;98.601341;99.606560;100.547348;101.419044,npp_d20140716_t1757431_e1803235_b14079,146.265,32.9506,28.8782,99.0796,39.7521,98.6714
2440,VBD_npp_d20140716_t1801401_x1101324E_y072080N_l2143_s1514_v23,2017-05-23 13:09:55,7.207952,110.132431,22.2601,2014-07-16 18:01:40,2014-07-17 01:01:40,2143,1514,0.39229,1,2529,0.817848,0.207008,0.895108,0.4,0.960781,0.75,0.042845,0.0001,9.09416e-07,999999,7.462139e-02,3,Vietnamese Exclusive Economic Zone,WPP711,,SVDNB_npp_d20140716_t1757431_e1803235_b14079_c20140717000324408388_noaa_ops.h5,GDNBO_npp_d20140716_t1757431_e1803235_b14079_c20140717000324408134_noaa_ops.h5,SVI04_npp_d20140716_t1757431_e1803235_b14079_c20140717000324402868_noaa_ops.dspace_rad,VNFF_npp_d20140716_t1757431_e1803235_b14079_v21.csv,World_EEZ_v8_2014.shp,WPP_BFAR_merge.shp,KKP_IDN_merge_20161208.shp,VNF-VBD_npp_20120301-20151231_global_asia-enhanced_c201607211230.bitmask,NCEI_NGA.union.nga_lead2.add_2015ntl.mask,timezone.shp,VBD_platforms-recurring_2015_r20170330.shp,999999,VBD_bridges_c20160811.shp,22.302559;20.657581;17.812403;13.013085;8.184108;3.331987;-1.539063;0.598278;2.699680;7.587820;12.484635;17.389103,102.195274;116.899490;131.129013;129.599106;128.217987;126.965988;125.829720;112.252083;98.601341;99.606560;100.547348;101.419044,npp_d20140716_t1757431_e1803235_b14079,145.936,32.8392,28.4571,97.6509,39.6931,99.0975
2441,VBD_npp_d20140716_t1801401_x1101452E_y072471N_l2137_s1515_v23,2017-05-23 13:09:55,7.247084,110.145210,5.96354,2014-07-16 18:01:40,2014-07-17 01:01:40,2137,1515,0.384611,1,2529,0.363753,0.218883,0.886769,0.4,0.846135,0.75,0.042852,0.0001,9.29469e-07,999999,-5.233130e-03,3,Vietnamese Exclusive Economic Zone,WPP711,,SVDNB_npp_d20140716_t1757431_e1803235_b14079_c20140717000324408388_noaa_ops.h5,GDNBO_npp_d20140716_t1757431_e1803235_b14079_c20140717000324408134_noaa_ops.h5,SVI04_npp_d20140716_t1757431_e1803235_b14079_c20140717000324402868_noaa_ops.dspace_rad,VNFF_npp_d20140716_t1757431_e1803235_b14079_v21.csv,World_EEZ_v8_2014.shp,WPP_BFAR_merge.shp,KKP_IDN_merge_20161208.shp,VNF-VBD_npp_20120301-20151231_global_asia-enhanced_c201607211230.bitmask,NCEI_NGA.union.nga_lead2.add_2015ntl.mask,timezone.shp,VBD_platforms-recurring_2015_r20170330.shp,999999,VBD_bridges_c20160811.shp,22.302559;20.657581;17.812403;13.013085;8.184108;3.331987;-1.539063;0.598278;2.699680;7.587820;12.484635;17.389103,102.195274;116.899490;131.129013;129.599106;128.217987;126.965988;125.829720;112.252083;98.601341;99.606560;100.547348;101.419044,npp_d20140716_t1757431_e1803235_b14079,145.897,32.8252,28.4067,98.3089,39.6867,99.1492
2442,VBD_npp_d20140716_t1801401_x1101712E_y072842N_l2131_s1518_v23,2017-05-23 13:09:55,7.284166,110.171242,9.7383,2014-07-16 18:01:40,2014-07-17 01:01:40,2131,1518,0.393174,1,2529,0.520445,0.206241,0.86953,0.4,0.912384,0.75,0.0428696,0.0001,9.91202e-07,999999,7.978380e-02,3,Vietnamese Exclusive Economic Zone,WPP711,,SVDNB_npp_d20140716_t1757431_e1803235_b14079_c20140717000324408388_noaa_ops.h5,GDNBO_npp_d20140716_t1757431_e1803235_b14079_c20140717000324408134_noaa_ops.h5,SVI04_npp_d20140716_t1757431_e1803235_b14079_c20140717000324402868_noaa_ops.dspace_rad,VNFF_npp_d20140716_t1757431_e1803235_b14079_v21.csv,World_EEZ_v8_2014.shp,WPP_BFAR_merge.shp,KKP_IDN_merge_20161208.shp,VNF-VBD_npp_20120301-20151231_global_asia-enhanced_c201607211230.bitmask,NCEI_NGA.union.nga_lead2.add_2015ntl.mask,timezone.shp,VBD_platforms-recurring_2015_r20170330.shp,999999,VBD_bridges_c20160811.shp,22.302559;20.657581;17.812403;13.013085;8.184108;3.331987;-1.539063;0.598278;2.699680;7.587820;12.484635;17.389103,102.195274;116.899490;131.129013;129.599106;128.217987;126.965988;125.829720;112.252083;98.601341;99.606560;100.547348;101.419044,npp_d20140716_t1757431_e1803235_b14079,145.851,32.8309,28.2656,98.9721,39.6668,99.2027
2449,VBD_npp_d20140716_t1801347_x1112490E_y073836N_l2092_s1669_v23,2017-05-23 13:09:55,7.383615,111.249023,6.21553,2014-07-16 18:01:34,2014-07-17 01:01:34,2092,1669,0.388367,1,2529,0.389478,0.220289,0.792214,0.4,0.886926,0.75,0.0436803,0.0001,2.07672e-05,999999,-1.468697e-02,3,Vietnamese Exclusive Economic Zone,,,SVDNB_npp_d20140716_t1757431_e1803235_b14079_c20140717000324408388_noaa_ops.h5,GDNBO_npp_d20140716_t1757431_e1803235_b14079_c20140717000324408134_noaa_ops.h5,SVI04_npp_d20140716_t1757431_e1803235_b14079_c20140717000324402868_noaa_ops.dspace_rad,VNFF_npp_d20140716_t1757431_e1803235_b14079_v21.csv,World_EEZ_v8_2014.shp,WPP_BFAR_merge.shp,KKP_IDN_merge_20161208.shp,VNF-VBD_npp_20120301-20151231_global_asia-enhanced_c201607211230.bitmask,NCEI_NGA.union.nga_lead2.add_2015ntl.mask,timezone.shp,VBD_platforms-recurring_2015_r20170330.shp,999999,VBD_bridges_c20160811.shp,22.302559;20.657581;17.812403;13.013085;8.184108;3.331987;-1.539063;0.598278;2.699680;7.587820;12.484635;17.389103,102.195274;116.899490;131.129013;129.599106;128.217987;126.965988;125.829720;112.252083;98.601341;99.606560;100.547348;101.419044,npp_d20140716_t1757431_e1803235_b14079,145.191,34.1572,20.6771,97.9017,38.6357,99.6771
2451,VBD_npp_d20140716_t1801347_x1115332E_y073261N_l2094_s1711_v23,2017-05-23 13:09:55,7.326097,111.533211,24.1097,2014-07-16 18:01:34,2014-07-17 01:01:34,2094,1711,0.407758,1,2529,0.868262,0.200048,0.904672,0.4,0.970048,0.75,0.0439003,0.0001,4.42852e-05,999999,1.214270e-01,3,Vietnamese Exclusive Economic Zone,,,SVDNB_npp_d20140716_t1757431_e1803235_b14079_c20140717000324408388_noaa_ops.h5,GDNBO_npp_d20140716_t1757431_e1803235_b14079_c20140717000324408134_noaa_ops.h5,SVI04_npp_d20140716_t1757431_e1803235_b14079_c20140717000324402868_noaa_ops.dspace_rad,VNFF_npp_d20140716_t1757431_e1803235_b14079_v21.csv,World_EEZ_v8_2014.shp,WPP_BFAR_merge.shp,KKP_IDN_merge_20161208.shp,VNF-VBD_npp_20120301-20151231_global_asia-enhanced_c201607211230.bitmask,NCEI_NGA.union.nga_lead2.add_2015ntl.mask,timezone.shp,VBD_platforms-recurring_2015_r20170330.shp,999999,VBD_bridges_c20160811.shp,22.302559;20.657581;17.812403;13.013085;8.184108;3.331987;-1.539063;0.598278;2.699680;7.587820;12.484635;17.389103,102.195274;116.899490;131.129013;129.599106;128.217987;126.965988;125.829720;112.252083;98.601341;99.606560;100.547348;101.419044,npp_d20140716_t1757431_e1803235_b14079,145.079,34.5742,18.416,97.4862,38.3442,99.7016
2452,VBD_npp_d20140716_t1801347_x1116150E_y073550N_l2088_s1722_v23,2017-05-23 13:09:55,7.355012,111.614975,9.71387,2014-07-16 18:01:34,2014-07-17 01:01:34,2088,1722,0.407648,1,2529,0.537778,0.219006,0.860546,0.4,0.933504,0.75,0.0439594,0.0001,5.36459e-05,999999,-6.058930e-03,3,Vietnamese Exclusive Economic Zone,,,SVDNB_npp_d20140716_t1757431_e1803235_b14079_c20140717000324408388_noaa_ops.h5,GDNBO_npp_d20140716_t1757431_e1803235_b14079_c20140717000324408134_noaa_ops.h5,SVI04_npp_d20140716_t1757431_e1803235_b14079_c20140717000324402868_noaa_ops.dspace_rad,VNFF_npp_d20140716_t1757431_e1803235_b14079_v21.csv,World_EEZ_v8_2014.shp,WPP_BFAR_merge.shp,KKP_IDN_merge_20161208.shp,VNF-VBD_npp_20120301-20151231_global_asia-enhanced_c201607211230.bitmask,NCEI_NGA.union.nga_lead2.add_2015ntl.mask,timezone.shp,VBD_platforms-recurring_2015_r20170330.shp,999999,VBD_bridges_c20160811.shp,22.302559;20.657581;17.812403;13.013085;8.184108;3.331987;-1.539063;0.598278;2.699680;7.587820;12.484635;17.389103,102.195274;116.899490;131.129013;129.599106;128.217987;126.965988;125.829720;112.252083;98.601341;99.606560;100.547348;101.419044,npp_d20140716_t1757431_e1803235_b14079,145.009,34.6566,17.8063,98.5636,38.2681,99.7667
2453,VBD_npp_d20140716_t1801258_x1117820E_y078428N_l2012_s1730_v23,2017-05-23 13:09:55,7.842785,111.782005,6.48629,2014-07-16 18:01:25,2014-07-17 01:01:25,2012,1730,0.255726,2,2465,0.305057,0.252706,0.573911,0.4,0.740966,0.75,0.0440199,0.0001,6.14475e-05,999999,-2.326740e-01,3,Vietnamese Exclusive Economic Zone,,,SVDNB_npp_d20140716_t1757431_e1803235_b14079_c20140717000324408388_noaa_ops.h5,GDNBO_npp_d20140716_t1757431_e1803235_b14079_c20140717000324408134_noaa_ops.h5,SVI04_npp_d20140716_t1757431_e1803235_b14079_c20140717000324402868_noaa_ops.dspace_rad,VNFF_npp_d20140716_t1757431_e1803235_b14079_v21.csv,World_EEZ_v8_2014.shp,WPP_BFAR_merge.shp,KKP_IDN_merge_20161208.shp,VNF-VBD_npp_20120301-20151231_global_asia-enhanced_c201607211230.bitmask,NCEI_NGA.union.nga_lead2.add_2015ntl.mask,timezone.shp,VBD_platforms-recurring_2015_r20170330.shp,999999,VBD_bridges_c20160811.shp,22.302559;20.657581;17.812403;13.013085;8.184108;3.331987;-1.539063;0.598278;2.699680;7.587820;12.484635;17.389103,102.195274;116.899490;131.129013;129.599106;128.217987;126.965988;125.829720;112.252083;98.601341;99.606560;100.547348;101.419044,npp_d20140716_t1757431_e1803235_b14079,144.534,34.4324,17.3678,97.8107,38.225,100.437
2454,VBD_npp_d20140716_t1801347_x1116790E_y073177N_l2092_s1732_v23,2017-05-23 13:09:55,7.317702,111.679016,6.15569,2014-07-16 18:01:34,2014-07-17 01:01:34,2092,1732,0.412012,1,2529,0.401327,0.19228,0.821156,0.4,0.905869,0.75,0.0440106,0.0001,6.36949e-05,999999,1.736647e-01,3,Vietnamese Exclusive Economic Zone,,,SVDNB_npp_d20140716_t1757431_e1803235_b14079_c20140717000324408388_noaa_ops.h5,GDNBO_npp_d20140716_t1757431_e1803235_b14079_c20140717000324408134_noaa_ops.h5,SVI04_npp_d20140716_t1757431_e1803235_b14079_c20140717000324402868_noaa_ops.dspace_rad,VNFF_npp_d20140716_t1757431_e1803235_b14079_v21.csv,World_EEZ_v8_2014.shp,WPP_BFAR_merge.shp,KKP_IDN_merge_20161208.shp,VNF-VBD_npp_20120301-20151231_global_asia-enhanced_c201607211230.bitmask,NCEI_NGA.union.nga_lead2.add_2015ntl.mask,timezone.shp,VBD_platforms-recurring_2015_r20170330.shp,999999,VBD_bridges_c20160811.shp,22.302559;20.657581;17.812403;13.013085;8.184108;3.331987;-1.539063;0.598278;2.699680;7.587820;12.484635;17.389103,102.195274;116.899490;131.129013;129.599106;128.217987;126.965988;125.829720;112.252083;98.601341;99.606560;100.547348;101.419044,npp_d20140716_t1757431_e1803235_b14079,145.004,34.7697,17.2588,97.8109,38.1982,99.7411
2455,VBD_npp_d20140716_t1801276_x1119372E_y077722N_l2019_s1755_v23,2017-05-23 13:09:55,7.772240,111.937225,5.16875,2014-07-16 18:01:27,2014-07-17 01:01:27,2019,1755,0.294562,1,2529,0.284873,0.232813,0.612233,0.4,0.759943,0.75,0.0441487,0.0001,9.28635e-05,999999,-9.890417e-02,3,Vietnamese Exclusive Economic Zone,,,SVDNB_npp_d20140716_t1757431_e1803235_b14079_c20140717000324408388_noaa_ops.h5,GDNBO_npp_d20140716_t1757431_e1803235_b14079_c20140717000324408134_noaa_ops.h5,SVI04_npp_d20140716_t1757431_e1803235_b14079_c20140717000324402868_noaa_ops.dspace_rad,VNFF_npp_d20140716_t1757431_e1803235_b14079_v21.csv,World_EEZ_v8_2014.shp,WPP_BFAR_merge.shp,KKP_IDN_merge_20161208.shp,VNF-VBD_npp_20120301-20151231_global_asia-enhanced_c201607211230.bitmask,NCEI_NGA.union.nga_lead2.add_2015ntl.mask,timezone.shp,VBD_platforms-recurring_2015_r20170330.shp,999999,VBD_bridges_c20160811.shp,22.302559;20.657581;17.812403;13.013085;8.184108;3.331987;-1.539063;0.598278;2.699680;7.587820;12.484635;17.389103,102.195274;116.899490;131.129013;129.599106;128.217987;126.965988;125.829720;112.252083;98.601341;99.606560;100.547348;101.419044,npp_d20140716_t1757431_e1803235_b14079,144.501,34.6968,15.9937,99.6008,38.0516,100.407
2458,VBD_npp_d20140716_t1802067_x1118639E_y053762N_l2375_s1821_v23,2017-05-23 13:09:55,5.376206,111.863922,211.369,2014-07-16 18:02:06,2014-07-17 02:02:06,2375,1821,0.382346,4,100845,1.56933,0.213778,0.90355,0.4,0.980888,0.75,0.0443725,0.0001,0.000258472,999999,2.909826e-02,3,Malaysian Exclusive Economic Zone,,,SVDNB_npp_d20140716_t1757431_e1803235_b14079_c20140717000324408388_noaa_ops.h5,GDNBO_npp_d20140716_t1757431_e1803235_b14079_c20140717000324408134_noaa_ops.h5,SVI04_npp_d20140716_t1757431_e1803235_b14079_c20140717000324402868_noaa_ops.dspace_rad,VNFF_npp_d20140716_t1757431_e1803235_b14079_v21.csv,World_EEZ_v8_2014.shp,WPP_BFAR_merge.shp,KKP_IDN_merge_20161208.shp,VNF-VBD_npp_20120301-20151231_global_asia-enhanced_c201607211230.bitmask,NCEI_NGA.union.nga_lead2.add_2015ntl.mask,timezone.shp,VBD_platforms-recurring_2015_r20170330.shp,999999,VBD_bridges_c20160811.shp,22.302559;20.657581;17.812403;13.013085;8.184108;3.331987;-1.539063;0.598278;2.699680;7.587820;12.484635;17.389103,102.195274;116.899490;131.129013;129.599106;128.217987;126.965988;125.829720;112.252083;98.601341;99.606560;100.547348;101.419044,npp_d20140716_t1757431_e1803235_b14079,146.393,36.8465,12.2996,98.9136,37.5931,97.3119
2459,VBD_npp_d20140716_t1802103_x1118202E_y051458N_l2410_s1822_v23,2017-05-23 13:09:55,5.145837,111.820244,135.845,2014-07-16 18:02:10,2014-07-17 02:02:10,2410,1822,0.381628,4,100837,1.40928,0.210939,0.908018,0.4,0.980716,0.75,0.0443599,0.0001,0.000261454,999999,4.819040e-02,3,Malaysian Exclusive Economic Zone,,,SVDNB_npp_d20140716_t1757431_e1803235_b14079_c20140717000324408388_noaa_ops.h5,GDNBO_npp_d20140716_t1757431_e1803235_b14079_c20140717000324408134_noaa_ops.h5,SVI04_npp_d20140716_t1757431_e1803235_b14079_c20140717000324402868_noaa_ops.dspace_rad,VNFF_npp_d20140716_t1757431_e1803235_b14079_v21.csv,World_EEZ_v8_2014.shp,WPP_BFAR_merge.shp,KKP_IDN_merge_20161208.shp,VNF-VBD_npp_20120301-20151231_global_asia-enhanced_c201607211230.bitmask,NCEI_NGA.union.nga_lead2.add_2015ntl.mask,timezone.shp,VBD_platforms-recurring_2015_r20170330.shp,999999,VBD_bridges_c20160811.shp,22.302559;20.657581;17.812403;13.013085;8.184108;3.331987;-1.539063;0.598278;2.699680;7.587820;12.484635;17.389103,102.195274;116.899490;131.129013;129.599106;128.217987;126.965988;125.829720;112.252083;98.601341;99.606560;100.547348;101.419044,npp_d20140716_t1757431_e1803235_b14079,146.595,37.0183,12.2478,98.1005,37.5934,97.0006
2460,VBD_npp_d20140716_t1801276_x1125185E_y076896N_l2018_s1841_v23,2017-05-23 13:09:55,7.689605,112.518478,4.76545,2014-07-16 18:01:27,2014-07-17 02:01:27,2018,1841,0.368756,1,2529,0.314118,0.217897,0.737695,0.4,0.83609,0.75,0.0445924,0.0001,0.000343304,999999,1.396259e-03,3,Spratly Islands Exclusive Economic Zone,,,SVDNB_npp_d20140716_t1757431_e1803235_b14079_c20140717000324408388_noaa_ops.h5,GDNBO_npp_d20140716_t1757431_e1803235_b14079_c20140717000324408134_noaa_ops.h5,SVI04_npp_d20140716_t1757431_e1803235_b14079_c20140717000324402868_noaa_ops.dspace_rad,VNFF_npp_d20140716_t1757431_e1803235_b14079_v21.csv,World_EEZ_v8_2014.shp,WPP_BFAR_merge.shp,KKP_IDN_merge_20161208.shp,VNF-VBD_npp_20120301-20151231_global_asia-enhanced_c201607211230.bitmask,NCEI_NGA.union.nga_lead2.add_2015ntl.mask,timezone.shp,VBD_platforms-recurring_2015_r20170330.shp,999999,VBD_bridges_c20160811.shp,22.302559;20.657581;17.812403;13.013085;8.184108;3.331987;-1.539063;0.598278;2.699680;7.587820;12.484635;17.389103,102.195274;116.899490;131.129013;129.599106;128.217987;126.965988;125.829720;112.252083;98.601341;99.606560;100.547348;101.419044,npp_d20140716_t1757431_e1803235_b14079,144.237,35.4988,11.1747,100.415,37.4621,100.516
2461,VBD_npp_d20140716_t1802281_x1117530E_y040328N_l2576_s1848_v23,2017-05-23 13:09:55,4.032770,111.753029,5.49456,2014-07-16 18:02:28,2014-07-17 02:02:28,2576,1848,0.424497,1,2529,0.341116,0.253185,0.779778,0.4,0.859819,0.75,0.0445652,0.0001,0.000373415,999999,-2.359004e-01,3,Malaysian Exclusive Economic Zone,,,SVDNB_npp_d20140716_t1757431_e1803235_b14079_c20140717000324408388_noaa_ops.h5,GDNBO_npp_d20140716_t1757431_e1803235_b14079_c20140717000324408134_noaa_ops.h5,SVI04_npp_d20140716_t1757431_e1803235_b14079_c20140717000324402868_noaa_ops.dspace_rad,VNFF_npp_d20140716_t1757431_e1803235_b14079_v21.csv,World_EEZ_v8_2014.shp,WPP_BFAR_merge.shp,KKP_IDN_merge_20161208.shp,VNF-VBD_npp_20120301-20151231_global_asia-enhanced_c201607211230.bitmask,NCEI_NGA.union.nga_lead2.add_2015ntl.mask,timezone.shp,VBD_platforms-recurring_2015_r20170330.shp,999999,VBD_bridges_c20160811.shp,22.302559;20.657581;17.812403;13.013085;8.184108;3.331987;-1.539063;0.598278;2.699680;7.587820;12.484635;17.389103,102.195274;116.899490;131.129013;129.599106;128.217987;126.965988;125.829720;112.252083;98.601341;99.606560;100.547348;101.419044,npp_d20140716_t1757431_e1803235_b14079,147.473,38.0732,10.7904,96.191,37.4658,95.5278
2462,VBD_npp_d20140716_t1802228_x1119660E_y043656N_l2522_s1868_v23,2017-05-23 13:09:55,4.365635,111.965958,70.3843,2014-07-16 18:02:22,2014-07-17 02:02:22,2522,1868,0.408753,4,100837,1.23933,0.215838,0.90686,0.4,0.972438,0.75,0.0446088,0.0001,0.000497927,999999,1.524470e-02,3,Malaysian Exclusive Economic Zone,,,SVDNB_npp_d20140716_t1757431_e1803235_b14079_c20140717000324408388_noaa_ops.h5,GDNBO_npp_d20140716_t1757431_e1803235_b14079_c20140717000324408134_noaa_ops.h5,SVI04_npp_d20140716_t1757431_e1803235_b14079_c20140717000324402868_noaa_ops.dspace_rad,VNFF_npp_d20140716_t1757431_e1803235_b14079_v21.csv,World_EEZ_v8_2014.shp,WPP_BFAR_merge.shp,KKP_IDN_merge_20161208.shp,VNF-VBD_npp_20120301-20151231_global_asia-enhanced_c201607211230.bitmask,NCEI_NGA.union.nga_lead2.add_2015ntl.mask,timezone.shp,VBD_platforms-recurring_2015_r20170330.shp,999999,VBD_bridges_c20160811.shp,22.302559;20.657581;17.812403;13.013085;8.184108;3.331987;-1.539063;0.598278;2.699680;7.587820;12.484635;17.389103,102.195274;116.899490;131.129013;129.599106;128.217987;126.965988;125.829720;112.252083;98.601341;99.606560;100.547348;101.419044,npp_d20140716_t1757431_e1803235_b14079,147.094,38.0011,9.61561,97.9736,37.3071,96.0109
2463,VBD_npp_d20140716_t1802156_x1122768E_y047159N_l2463_s1901_v23,2017-05-23 13:09:55,4.715915,112.276756,5.49308,2014-07-16 18:02:15,2014-07-17 02:02:15,2463,1901,0.360027,1,2529,0.278304,0.295468,0.720637,0.4,0.7763,0.75,0.0447372,0.0001,0.000770355,999999,-5.202364e-01,3,Malaysian Exclusive Economic Zone,,,SVDNB_npp_d20140716_t1757431_e1803235_b14079_c20140717000324408388_noaa_ops.h5,GDNBO_npp_d20140716_t1757431_e1803235_b14079_c20140717000324408134_noaa_ops.h5,SVI04_npp_d20140716_t1757431_e1803235_b14079_c20140717000324402868_noaa_ops.dspace_rad,VNFF_npp_d20140716_t1757431_e1803235_b14079_v21.csv,World_EEZ_v8_2014.shp,WPP_BFAR_merge.shp,KKP_IDN_merge_20161208.shp,VNF-VBD_npp_20120301-20151231_global_asia-enhanced_c201607211230.bitmask,NCEI_NGA.union.nga_lead2.add_2015ntl.mask,timezone.shp,VBD_platforms-recurring_2015_r20170330.shp,999999,VBD_bridges_c20160811.shp,22.302559;20.657581;17.812403;13.013085;8.184108;3.331987;-1.539063;0.598278;2.699680;7.587820;12.484635;17.389103,102.195274;116.899490;131.129013;129.599106;128.217987;126.965988;125.829720;112.252083;98.601341;99.606560;100.547348;101.419044,npp_d20140716_t1757431_e1803235_b14079,146.645,38.0311,7.71612,95.6467,37.0624,96.5444
2464,VBD_npp_d20140716_t1802316_x1120643E_y037678N_l2608_s1901_v23,2017-05-23 13:09:55,3.767826,112.064339,165.319,2014-07-16 18:02:31,2014-07-17 02:02:31,2608,1901,0.27926,4,100845,0.613587,0.126586,0.751451,0.4,0.77313,0.75,0.0448162,0.0001,0.000761977,999999,6.154300e-01,3,Malaysian Exclusive Economic Zone,,,SVDNB_npp_d20140716_t1757431_e1803235_b14079_c20140717000324408388_noaa_ops.h5,GDNBO_npp_d20140716_t1757431_e1803235_b14079_c20140717000324408134_noaa_ops.h5,SVI04_npp_d20140716_t1757431_e1803235_b14079_c20140717000324402868_noaa_ops.dspace_rad,VNFF_npp_d20140716_t1757431_e1803235_b14079_v21.csv,World_EEZ_v8_2014.shp,WPP_BFAR_merge.shp,KKP_IDN_merge_20161208.shp,VNF-VBD_npp_20120301-20151231_global_asia-enhanced_c201607211230.bitmask,NCEI_NGA.union.nga_lead2.add_2015ntl.mask,timezone.shp,VBD_platforms-recurring_2015_r20170330.shp,999999,VBD_bridges_c20160811.shp,22.302559;20.657581;17.812403;13.013085;8.184108;3.331987;-1.539063;0.598278;2.699680;7.587820;12.484635;17.389103,102.195274;116.899490;131.129013;129.599106;128.217987;126.965988;125.829720;112.252083;98.601341;99.606560;100.547348;101.419044,npp_d20140716_t1757431_e1803235_b14079,147.478,38.7534,7.72029,95.2097,37.1125,95.2366
2465,VBD_npp_d20140716_t1802334_x1120634E_y037622N_l2609_s1902_v23,2017-05-23 13:09:55,3.762171,112.063416,2158.6,2014-07-16 18:02:33,2014-07-17 02:02:33,2609,1902,0.378589,4,100845,1.60111,0.130861,0.751451,0.4,0.977957,0.75,0.0448205,0.0001,0.000779006,999999,5.866798e-01,3,Malaysian Exclusive Economic Zone,,,SVDNB_npp_d20140716_t1757431_e1803235_b14079_c20140717000324408388_noaa_ops.h5,GDNBO_npp_d20140716_t1757431_e1803235_b14079_c20140717000324408134_noaa_ops.h5,SVI04_npp_d20140716_t1757431_e1803235_b14079_c20140717000324402868_noaa_ops.dspace_rad,VNFF_npp_d20140716_t1757431_e1803235_b14079_v21.csv,World_EEZ_v8_2014.shp,WPP_BFAR_merge.shp,KKP_IDN_merge_20161208.shp,VNF-VBD_npp_20120301-20151231_global_asia-enhanced_c201607211230.bitmask,NCEI_NGA.union.nga_lead2.add_2015ntl.mask,timezone.shp,VBD_platforms-recurring_2015_r20170330.shp,999999,VBD_bridges_c20160811.shp,22.302559;20.657581;17.812403;13.013085;8.184108;3.331987;-1.539063;0.598278;2.699680;7.587820;12.484635;17.389103,102.195274;116.899490;131.129013;129.599106;128.217987;126.965988;125.829720;112.252083;98.601341;99.606560;100.547348;101.419044,npp_d20140716_t1757431_e1803235_b14079,147.479,38.7673,7.65346,101.697,37.1057,95.23
2466,VBD_npp_d20140716_t1802334_x1120592E_y037356N_l2613_s1902_v23,2017-05-23 13:09:55,3.735564,112.059250,89.281,2014-07-16 18:02:33,2014-07-17 02:02:33,2613,1902,0.241031,9,117217,0.927755,0.261187,0.754963,0.4,0.913432,0.75,0.0448178,0.0001,0.00077721,999999,-2.897078e-01,3,,,,SVDNB_npp_d20140716_t1757431_e1803235_b14079_c20140717000324408388_noaa_ops.h5,GDNBO_npp_d20140716_t1757431_e1803235_b14079_c20140717000324408134_noaa_ops.h5,SVI04_npp_d20140716_t1757431_e1803235_b14079_c20140717000324402868_noaa_ops.dspace_rad,VNFF_npp_d20140716_t1757431_e1803235_b14079_v21.csv,World_EEZ_v8_2014.shp,WPP_BFAR_merge.shp,KKP_IDN_merge_20161208.shp,VNF-VBD_npp_20120301-20151231_global_asia-enhanced_c201607211230.bitmask,NCEI_NGA.union.nga_lead2.add_2015ntl.mask,timezone.shp,VBD_platforms-recurring_2015_r20170330.shp,0.419991,VBD_bridges_c20160811.shp,22.302559;20.657581;17.812403;13.013085;8.184108;3.331987;-1.539063;0.598278;2.699680;7.587820;12.484635;17.389103,102.195274;116.899490;131.129013;129.599106;128.217987;126.965988;125.829720;112.252083;98.601341;99.606560;100.547348;101.419044,npp_d20140716_t1757431_e1803235_b14079,147.502,38.7881,7.64585,99.9627,37.1074,95.1934
2467,VBD_npp_d20140716_t1802174_x1123055E_y046370N_l2474_s1908_v23,2017-05-23 13:09:55,4.637047,112.305450,6.46372,2014-07-16 18:02:17,2014-07-17 02:02:17,2474,1908,0.450186,4,51685,0.396919,0.139451,0.77418,0.4,0.878157,0.75,0.0447668,0.0001,0.000843362,999999,5.289183e-01,3,Malaysian Exclusive Economic Zone,,,SVDNB_npp_d20140716_t1757431_e1803235_b14079_c20140717000324408388_noaa_ops.h5,GDNBO_npp_d20140716_t1757431_e1803235_b14079_c20140717000324408134_noaa_ops.h5,SVI04_npp_d20140716_t1757431_e1803235_b14079_c20140717000324402868_noaa_ops.dspace_rad,VNFF_npp_d20140716_t1757431_e1803235_b14079_v21.csv,World_EEZ_v8_2014.shp,WPP_BFAR_merge.shp,KKP_IDN_merge_20161208.shp,VNF-VBD_npp_20120301-20151231_global_asia-enhanced_c201607211230.bitmask,NCEI_NGA.union.nga_lead2.add_2015ntl.mask,timezone.shp,VBD_platforms-recurring_2015_r20170330.shp,0.150659,VBD_bridges_c20160811.shp,22.302559;20.657581;17.812403;13.013085;8.184108;3.331987;-1.539063;0.598278;2.699680;7.587820;12.484635;17.389103,102.195274;116.899490;131.129013;129.599106;128.217987;126.965988;125.829720;112.252083;98.601341;99.606560;100.547348;101.419044,npp_d20140716_t1757431_e1803235_b14079,146.685,38.1511,7.2991,97.734,37.0173,96.4465
2468,VBD_npp_d20140716_t1802139_x1124403E_y047916N_l2448_s1922_v23,2017-05-23 13:09:55,4.791614,112.440262,11.4147,2014-07-16 18:02:13,2014-07-17 02:02:13,2448,1922,0.402897,1,35297,0.498358,0.202533,0.788348,0.4,0.862209,0.75,0.0448505,0.0001,0.00100252,999999,1.047139e-01,3,Malaysian Exclusive Economic Zone,,,SVDNB_npp_d20140716_t1757431_e1803235_b14079_c20140717000324408388_noaa_ops.h5,GDNBO_npp_d20140716_t1757431_e1803235_b14079_c20140717000324408134_noaa_ops.h5,SVI04_npp_d20140716_t1757431_e1803235_b14079_c20140717000324402868_noaa_ops.dspace_rad,VNFF_npp_d20140716_t1757431_e1803235_b14079_v21.csv,World_EEZ_v8_2014.shp,WPP_BFAR_merge.shp,KKP_IDN_merge_20161208.shp,VNF-VBD_npp_20120301-20151231_global_asia-enhanced_c201607211230.bitmask,NCEI_NGA.union.nga_lead2.add_2015ntl.mask,timezone.shp,VBD_platforms-recurring_2015_r20170330.shp,999999,VBD_bridges_c20160811.shp,22.302559;20.657581;17.812403;13.013085;8.184108;3.331987;-1.539063;0.598278;2.699680;7.587820;12.484635;17.389103,102.195274;116.899490;131.129013;129.599106;128.217987;126.965988;125.829720;112.252083;98.601341;99.606560;100.547348;101.419044,npp_d20140716_t1757431_e1803235_b14079,146.489,38.1588,6.50167,94.5496,36.9142,96.6839
2469,VBD_npp_d20140716_t1802156_x1124388E_y047858N_l2449_s1923_v23,2017-05-23 13:09:55,4.785758,112.438774,10.7404,2014-07-16 18:02:15,2014-07-17 02:02:15,2449,1923,0.405162,1,35297,0.501091,0.215328,0.793285,0.4,0.874561,0.75,0.044855,0.0001,0.00101988,999999,1.867381e-02,3,Malaysian Exclusive Economic Zone,,,SVDNB_npp_d20140716_t1757431_e1803235_b14079_c20140717000324408388_noaa_ops.h5,GDNBO_npp_d20140716_t1757431_e1803235_b14079_c20140717000324408134_noaa_ops.h5,SVI04_npp_d20140716_t1757431_e1803235_b14079_c20140717000324402868_noaa_ops.dspace_rad,VNFF_npp_d20140716_t1757431_e1803235_b14079_v21.csv,World_EEZ_v8_2014.shp,WPP_BFAR_merge.shp,KKP_IDN_merge_20161208.shp,VNF-VBD_npp_20120301-20151231_global_asia-enhanced_c201607211230.bitmask,NCEI_NGA.union.nga_lead2.add_2015ntl.mask,timezone.shp,VBD_platforms-recurring_2015_r20170330.shp,999999,VBD_bridges_c20160811.shp,22.302559;20.657581;17.812403;13.013085;8.184108;3.331987;-1.539063;0.598278;2.699680;7.587820;12.484635;17.389103,102.195274;116.899490;131.129013;129.599106;128.217987;126.965988;125.829720;112.252083;98.601341;99.606560;100.547348;101.419044,npp_d20140716_t1757431_e1803235_b14079,146.49,38.1718,6.4382,102.248,36.9078,96.6772
2470,VBD_npp_d20140716_t1802121_x1125266E_y049477N_l2423_s1930_v23,2017-05-23 13:09:55,4.947694,112.526604,7.42048,2014-07-16 18:02:12,2014-07-17 02:02:12,2423,1930,0.401571,4,117221,0.39876,0.271481,0.733263,0.4,0.857941,0.75,0.0449034,0.0001,0.00110986,999999,-3.589285e-01,3,Malaysian Exclusive Economic Zone,,,SVDNB_npp_d20140716_t1757431_e1803235_b14079_c20140717000324408388_noaa_ops.h5,GDNBO_npp_d20140716_t1757431_e1803235_b14079_c20140717000324408134_noaa_ops.h5,SVI04_npp_d20140716_t1757431_e1803235_b14079_c20140717000324402868_noaa_ops.dspace_rad,VNFF_npp_d20140716_t1757431_e1803235_b14079_v21.csv,World_EEZ_v8_2014.shp,WPP_BFAR_merge.shp,KKP_IDN_merge_20161208.shp,VNF-VBD_npp_20120301-20151231_global_asia-enhanced_c201607211230.bitmask,NCEI_NGA.union.nga_lead2.add_2015ntl.mask,timezone.shp,VBD_platforms-recurring_2015_r20170330.shp,0.351579,VBD_bridges_c20160811.shp,22.302559;20.657581;17.812403;13.013085;8.184108;3.331987;-1.539063;0.598278;2.699680;7.587820;12.484635;17.389103,102.195274;116.899490;131.129013;129.599106;128.217987;126.965988;125.829720;112.252083;98.601341;99.606560;100.547348;101.419044,npp_d20140716_t1757431_e1803235_b14079,146.318,38.1135,6.01914,99.1863,36.8535,96.9145
2471,VBD_npp_d20140716_t1802156_x1124920E_y046890N_l2462_s1933_v23,2017-05-23 13:09:55,4.689031,112.492012,10.006,2014-07-16 18:02:15,2014-07-17 02:02:15,2462,1933,0.414553,4,51685,0.516427,0.212955,0.769614,0.4,0.757266,0.75,0.0448987,0.0001,0.00114471,999999,3.463098e-02,3,Malaysian Exclusive Economic Zone,,,SVDNB_npp_d20140716_t1757431_e1803235_b14079_c20140717000324408388_noaa_ops.h5,GDNBO_npp_d20140716_t1757431_e1803235_b14079_c20140717000324408134_noaa_ops.h5,SVI04_npp_d20140716_t1757431_e1803235_b14079_c20140717000324402868_noaa_ops.dspace_rad,VNFF_npp_d20140716_t1757431_e1803235_b14079_v21.csv,World_EEZ_v8_2014.shp,WPP_BFAR_merge.shp,KKP_IDN_merge_20161208.shp,VNF-VBD_npp_20120301-20151231_global_asia-enhanced_c201607211230.bitmask,NCEI_NGA.union.nga_lead2.add_2015ntl.mask,timezone.shp,VBD_platforms-recurring_2015_r20170330.shp,0.174537,VBD_bridges_c20160811.shp,22.302559;20.657581;17.812403;13.013085;8.184108;3.331987;-1.539063;0.598278;2.699680;7.587820;12.484635;17.389103,102.195274;116.899490;131.129013;129.599106;128.217987;126.965988;125.829720;112.252083;98.601341;99.606560;100.547348;101.419044,npp_d20140716_t1757431_e1803235_b14079,146.534,38.3297,5.85984,95.2451,36.8431,96.559
2472,VBD_npp_d20140716_t1802156_x1124976E_y046814N_l2463_s1934_v23,2017-05-23 13:09:55,4.681356,112.497643,7.05577,2014-07-16 18:02:15,2014-07-17 02:02:15,2463,1934,0.417868,4,51621,0.390999,0.228188,0.759948,0.4,0.634268,0.75,0.0449032,0.0001,0.00115783,999999,-6.780428e-02,3,Malaysian Exclusive Economic Zone,,,SVDNB_npp_d20140716_t1757431_e1803235_b14079_c20140717000324408388_noaa_ops.h5,GDNBO_npp_d20140716_t1757431_e1803235_b14079_c20140717000324408134_noaa_ops.h5,SVI04_npp_d20140716_t1757431_e1803235_b14079_c20140717000324402868_noaa_ops.dspace_rad,VNFF_npp_d20140716_t1757431_e1803235_b14079_v21.csv,World_EEZ_v8_2014.shp,WPP_BFAR_merge.shp,KKP_IDN_merge_20161208.shp,VNF-VBD_npp_20120301-20151231_global_asia-enhanced_c201607211230.bitmask,NCEI_NGA.union.nga_lead2.add_2015ntl.mask,timezone.shp,VBD_platforms-recurring_2015_r20170330.shp,0.951411,VBD_bridges_c20160811.shp,22.302559;20.657581;17.812403;13.013085;8.184108;3.331987;-1.539063;0.598278;2.699680;7.587820;12.484635;17.389103,102.195274;116.899490;131.129013;129.599106;128.217987;126.965988;125.829720;112.252083;98.601341;99.606560;100.547348;101.419044,npp_d20140716_t1757431_e1803235_b14079,146.536,38.344,5.806,94.64,36.8365,96.55
2473,VBD_npp_d20140716_t1802299_x1124525E_y038833N_l2582_s1954_v23,2017-05-23 13:09:55,3.883251,112.452499,5.93998,2014-07-16 18:02:29,2014-07-17 02:02:29,2582,1954,0.37533,4,35301,0.327599,0.200055,0.704893,0.4,0.795994,0.75,0.045099,0.0001,0.0014603,999999,-9.296759e-03,3,Malaysian Exclusive Economic Zone,,,SVDNB_npp_d20140716_t1757431_e1803235_b14079_c20140717000324408388_noaa_ops.h5,GDNBO_npp_d20140716_t1757431_e1803235_b14079_c20140717000324408134_noaa_ops.h5,SVI04_npp_d20140716_t1757431_e1803235_b14079_c20140717000324402868_noaa_ops.dspace_rad,VNFF_npp_d20140716_t1757431_e1803235_b14079_v21.csv,World_EEZ_v8_2014.shp,WPP_BFAR_merge.shp,KKP_IDN_merge_20161208.shp,VNF-VBD_npp_20120301-20151231_global_asia-enhanced_c201607211230.bitmask,NCEI_NGA.union.nga_lead2.add_2015ntl.mask,timezone.shp,VBD_platforms-recurring_2015_r20170330.shp,999999,VBD_bridges_c20160811.shp,22.302559;20.657581;17.812403;13.013085;8.184108;3.331987;-1.539063;0.598278;2.699680;7.587820;12.484635;17.389103,102.195274;116.899490;131.129013;129.599106;128.217987;126.965988;125.829720;112.252083;98.601341;99.606560;100.547348;101.419044,npp_d20140716_t1757431_e1803235_b14079,147.15,39.1264,4.62688,100.034,36.7395,95.4666
2474,VBD_npp_d20140716_t1802334_x1124080E_y036059N_l2624_s1956_v23,2017-05-23 13:09:55,3.605918,112.408020,57.6649,2014-07-16 18:02:33,2014-07-17 02:02:33,2624,1956,0.391682,4,35301,1.05124,0.191441,0.867203,0.4,0.942316,0.75,0.0450811,0.0001,0.00147931,999999,5.426000e-02,3,Malaysian Exclusive Economic Zone,,,SVDNB_npp_d20140716_t1757431_e1803235_b14079_c20140717000324408388_noaa_ops.h5,GDNBO_npp_d20140716_t1757431_e1803235_b14079_c20140717000324408134_noaa_ops.h5,SVI04_npp_d20140716_t1757431_e1803235_b14079_c20140717000324402868_noaa_ops.dspace_rad,VNFF_npp_d20140716_t1757431_e1803235_b14079_v21.csv,World_EEZ_v8_2014.shp,WPP_BFAR_merge.shp,KKP_IDN_merge_20161208.shp,VNF-VBD_npp_20120301-20151231_global_asia-enhanced_c201607211230.bitmask,NCEI_NGA.union.nga_lead2.add_2015ntl.mask,timezone.shp,VBD_platforms-recurring_2015_r20170330.shp,999999,VBD_bridges_c20160811.shp,22.302559;20.657581;17.812403;13.013085;8.184108;3.331987;-1.539063;0.598278;2.699680;7.587820;12.484635;17.389103,102.195274;116.899490;131.129013;129.599106;128.217987;126.965988;125.829720;112.252083;98.601341;99.606560;100.547348;101.419044,npp_d20140716_t1757431_e1803235_b14079,147.383,39.3617,4.53963,92.7621,36.7441,95.0826
2475,VBD_npp_d20140716_t1802370_x1123909E_y034124N_l2653_s1960_v23,2017-05-23 13:09:55,3.412359,112.390930,4.18681,2014-07-16 18:02:37,2014-07-17 02:02:37,2653,1960,0.31771,2,2209,0.209038,0.194757,0.596933,0.4,0.672458,0.75,0.045082,0.0001,0.00154841,999999,2.979703e-02,3,Malaysian Exclusive Economic Zone,,,SVDNB_npp_d20140716_t1757431_e1803235_b14079_c20140717000324408388_noaa_ops.h5,GDNBO_npp_d20140716_t1757431_e1803235_b14079_c20140717000324408134_noaa_ops.h5,SVI04_npp_d20140716_t1757431_e1803235_b14079_c20140717000324402868_noaa_ops.dspace_rad,VNFF_npp_d20140716_t1757431_e1803235_b14079_v21.csv,World_EEZ_v8_2014.shp,WPP_BFAR_merge.shp,KKP_IDN_merge_20161208.shp,VNF-VBD_npp_20120301-20151231_global_asia-enhanced_c201607211230.bitmask,NCEI_NGA.union.nga_lead2.add_2015ntl.mask,timezone.shp,VBD_platforms-recurring_2015_r20170330.shp,999999,VBD_bridges_c20160811.shp,22.302559;20.657581;17.812403;13.013085;8.184108;3.331987;-1.539063;0.598278;2.699680;7.587820;12.484635;17.389103,102.195274;116.899490;131.129013;129.599106;128.217987;126.965988;125.829720;112.252083;98.601341;99.606560;100.547348;101.419044,npp_d20140716_t1757431_e1803235_b14079,147.534,39.5516,4.2906,94.7336,36.7299,94.8177
2476,VBD_npp_d20140716_t1802210_x1126810E_y043343N_l2510_s1972_v23,2017-05-23 13:09:55,4.334255,112.681023,204.398,2014-07-16 18:02:21,2014-07-17 02:02:21,2510,1972,0.429911,4,100845,1.2499,0.179466,0.810796,0.4,0.946863,0.75,0.0451202,0.0001,0.00178685,999999,1.426092e-01,3,Malaysian Exclusive Economic Zone,,,SVDNB_npp_d20140716_t1757431_e1803235_b14079_c20140717000324408388_noaa_ops.h5,GDNBO_npp_d20140716_t1757431_e1803235_b14079_c20140717000324408134_noaa_ops.h5,SVI04_npp_d20140716_t1757431_e1803235_b14079_c20140717000324402868_noaa_ops.dspace_rad,VNFF_npp_d20140716_t1757431_e1803235_b14079_v21.csv,World_EEZ_v8_2014.shp,WPP_BFAR_merge.shp,KKP_IDN_merge_20161208.shp,VNF-VBD_npp_20120301-20151231_global_asia-enhanced_c201607211230.bitmask,NCEI_NGA.union.nga_lead2.add_2015ntl.mask,timezone.shp,VBD_platforms-recurring_2015_r20170330.shp,999999,VBD_bridges_c20160811.shp,22.302559;20.657581;17.812403;13.013085;8.184108;3.331987;-1.539063;0.598278;2.699680;7.587820;12.484635;17.389103,102.195274;116.899490;131.129013;129.599106;128.217987;126.965988;125.829720;112.252083;98.601341;99.606560;100.547348;101.419044,npp_d20140716_t1757431_e1803235_b14079,146.679,38.9319,3.60368,93.0084,36.5918,96.1238
2477,VBD_npp_d20140716_t1802352_x1125975E_y034743N_l2639_s1988_v23,2017-05-23 13:09:55,3.474337,112.597481,41.7984,2014-07-16 18:02:35,2014-07-17 02:02:35,2639,1988,0.298043,4,51685,0.930069,0.207643,0.862232,0.4,0.935952,0.75,0.0452311,0.0001,0.0021036,999999,-6.527509e-02,3,Malaysian Exclusive Economic Zone,,,SVDNB_npp_d20140716_t1757431_e1803235_b14079_c20140717000324408388_noaa_ops.h5,GDNBO_npp_d20140716_t1757431_e1803235_b14079_c20140717000324408134_noaa_ops.h5,SVI04_npp_d20140716_t1757431_e1803235_b14079_c20140717000324402868_noaa_ops.dspace_rad,VNFF_npp_d20140716_t1757431_e1803235_b14079_v21.csv,World_EEZ_v8_2014.shp,WPP_BFAR_merge.shp,KKP_IDN_merge_20161208.shp,VNF-VBD_npp_20120301-20151231_global_asia-enhanced_c201607211230.bitmask,NCEI_NGA.union.nga_lead2.add_2015ntl.mask,timezone.shp,VBD_platforms-recurring_2015_r20170330.shp,0.430381,VBD_bridges_c20160811.shp,22.302559;20.657581;17.812403;13.013085;8.184108;3.331987;-1.539063;0.598278;2.699680;7.587820;12.484635;17.389103,102.195274;116.899490;131.129013;129.599106;128.217987;126.965988;125.829720;112.252083;98.601341;99.606560;100.547348;101.419044,npp_d20140716_t1757431_e1803235_b14079,147.36,39.7414,2.69292,89.8071,36.5341,94.938
2478,VBD_npp_d20140716_t1802334_x1126756E_y036247N_l2615_s1995_v23,2017-05-23 13:09:55,3.624684,112.675591,1248.32,2014-07-16 18:02:33,2014-07-17 02:02:33,2615,1995,0.68735,4,100845,1.8466,0.0750098,0.840223,0.4,0.975532,0.75,0.0452812,0.0001,0.00228098,999999,9.132617e-01,3,Malaysian Exclusive Economic Zone,,,SVDNB_npp_d20140716_t1757431_e1803235_b14079_c20140717000324408388_noaa_ops.h5,GDNBO_npp_d20140716_t1757431_e1803235_b14079_c20140717000324408134_noaa_ops.h5,SVI04_npp_d20140716_t1757431_e1803235_b14079_c20140717000324402868_noaa_ops.dspace_rad,VNFF_npp_d20140716_t1757431_e1803235_b14079_v21.csv,World_EEZ_v8_2014.shp,WPP_BFAR_merge.shp,KKP_IDN_merge_20161208.shp,VNF-VBD_npp_20120301-20151231_global_asia-enhanced_c201607211230.bitmask,NCEI_NGA.union.nga_lead2.add_2015ntl.mask,timezone.shp,VBD_platforms-recurring_2015_r20170330.shp,999999,VBD_bridges_c20160811.shp,22.302559;20.657581;17.812403;13.013085;8.184108;3.331987;-1.539063;0.598278;2.699680;7.587820;12.484635;17.389103,102.195274;116.899490;131.129013;129.599106;128.217987;126.965988;125.829720;112.252083;98.601341;99.606560;100.547348;101.419044,npp_d20140716_t1757431_e1803235_b14079,147.199,39.6808,2.25362,99.8895,36.476,95.1579
2479,VBD_npp_d20140716_t1802370_x1126799E_y033532N_l2655_s2004_v23,2017-05-23 13:09:55,3.353239,112.679924,258.722,2014-07-16 18:02:37,2014-07-17 02:02:37,2655,2004,0.155402,4,100837,1.34835,0.187372,0.795276,0.4,0.919214,0.75,0.0452988,0.0001,0.00248481,999999,8.427582e-02,3,Malaysian Exclusive Economic Zone,,,SVDNB_npp_d20140716_t1757431_e1803235_b14079_c20140717000324408388_noaa_ops.h5,GDNBO_npp_d20140716_t1757431_e1803235_b14079_c20140717000324408134_noaa_ops.h5,SVI04_npp_d20140716_t1757431_e1803235_b14079_c20140717000324402868_noaa_ops.dspace_rad,VNFF_npp_d20140716_t1757431_e1803235_b14079_v21.csv,World_EEZ_v8_2014.shp,WPP_BFAR_merge.shp,KKP_IDN_merge_20161208.shp,VNF-VBD_npp_20120301-20151231_global_asia-enhanced_c201607211230.bitmask,NCEI_NGA.union.nga_lead2.add_2015ntl.mask,timezone.shp,VBD_platforms-recurring_2015_r20170330.shp,999999,VBD_bridges_c20160811.shp,22.302559;20.657581;17.812403;13.013085;8.184108;3.331987;-1.539063;0.598278;2.699680;7.587820;12.484635;17.389103,102.195274;116.899490;131.129013;129.599106;128.217987;126.965988;125.829720;112.252083;98.601341;99.606560;100.547348;101.419044,npp_d20140716_t1757431_e1803235_b14079,147.395,39.9756,1.78088,85.1891,36.4333,94.7869
2480,VBD_npp_d20140716_t1802316_x1127848E_y037155N_l2599_s2008_v23,2017-05-23 13:09:55,3.715492,112.784752,15.3277,2014-07-16 18:02:31,2014-07-17 02:02:31,2599,2008,0.278873,4,51685,0.598185,0.24268,0.813779,0.4,0.89398,0.75,0.0453554,0.0001,0.00261097,999999,-3.237734e-01,3,Malaysian Exclusive Economic Zone,,,SVDNB_npp_d20140716_t1757431_e1803235_b14079_c20140717000324408388_noaa_ops.h5,GDNBO_npp_d20140716_t1757431_e1803235_b14079_c20140717000324408134_noaa_ops.h5,SVI04_npp_d20140716_t1757431_e1803235_b14079_c20140717000324402868_noaa_ops.dspace_rad,VNFF_npp_d20140716_t1757431_e1803235_b14079_v21.csv,World_EEZ_v8_2014.shp,WPP_BFAR_merge.shp,KKP_IDN_merge_20161208.shp,VNF-VBD_npp_20120301-20151231_global_asia-enhanced_c201607211230.bitmask,NCEI_NGA.union.nga_lead2.add_2015ntl.mask,timezone.shp,VBD_platforms-recurring_2015_r20170330.shp,0.368024,VBD_bridges_c20160811.shp,22.302559;20.657581;17.812403;13.013085;8.184108;3.331987;-1.539063;0.598278;2.699680;7.587820;12.484635;17.389103,102.195274;116.899490;131.129013;129.599106;128.217987;126.965988;125.829720;112.252083;98.601341;99.606560;100.547348;101.419044,npp_d20140716_t1757431_e1803235_b14079,147.064,39.7185,1.50247,100.355,36.3816,95.3027
2481,VBD_npp_d20140716_t1802334_x1128136E_y035555N_l2622_s2017_v23,2017-05-23 13:09:55,3.555509,112.813576,28.1734,2014-07-16 18:02:33,2014-07-17 02:02:33,2622,2017,0.134022,4,100837,0.604361,0.200308,0.796849,0.4,0.816037,0.75,0.0453843,0.0001,0.00284342,999999,-1.115836e-02,3,Malaysian Exclusive Economic Zone,,,SVDNB_npp_d20140716_t1757431_e1803235_b14079_c20140717000324408388_noaa_ops.h5,GDNBO_npp_d20140716_t1757431_e1803235_b14079_c20140717000324408134_noaa_ops.h5,SVI04_npp_d20140716_t1757431_e1803235_b14079_c20140717000324402868_noaa_ops.dspace_rad,VNFF_npp_d20140716_t1757431_e1803235_b14079_v21.csv,World_EEZ_v8_2014.shp,WPP_BFAR_merge.shp,KKP_IDN_merge_20161208.shp,VNF-VBD_npp_20120301-20151231_global_asia-enhanced_c201607211230.bitmask,NCEI_NGA.union.nga_lead2.add_2015ntl.mask,timezone.shp,VBD_platforms-recurring_2015_r20170330.shp,999999,VBD_bridges_c20160811.shp,22.302559;20.657581;17.812403;13.013085;8.184108;3.331987;-1.539063;0.598278;2.699680;7.587820;12.484635;17.389103,102.195274;116.899490;131.129013;129.599106;128.217987;126.965988;125.829720;112.252083;98.601341;99.606560;100.547348;101.419044,npp_d20140716_t1757431_e1803235_b14079,147.164,39.9222,1.04457,78.563,36.3306,95.0881
2482,VBD_npp_d20140716_t1802334_x1128289E_y035666N_l2620_s2019_v23,2017-05-23 13:09:55,3.566621,112.828857,76.2229,2014-07-16 18:02:33,2014-07-17 02:02:33,2620,2019,0.13137,4,100837,0.924519,0.183218,0.796322,0.4,0.904689,0.75,0.0453954,0.0001,0.0029051,999999,1.149236e-01,3,Malaysian Exclusive Economic Zone,,,SVDNB_npp_d20140716_t1757431_e1803235_b14079_c20140717000324408388_noaa_ops.h5,GDNBO_npp_d20140716_t1757431_e1803235_b14079_c20140717000324408134_noaa_ops.h5,SVI04_npp_d20140716_t1757431_e1803235_b14079_c20140717000324402868_noaa_ops.dspace_rad,VNFF_npp_d20140716_t1757431_e1803235_b14079_v21.csv,World_EEZ_v8_2014.shp,WPP_BFAR_merge.shp,KKP_IDN_merge_20161208.shp,VNF-VBD_npp_20120301-20151231_global_asia-enhanced_c201607211230.bitmask,NCEI_NGA.union.nga_lead2.add_2015ntl.mask,timezone.shp,VBD_platforms-recurring_2015_r20170330.shp,999999,VBD_bridges_c20160811.shp,22.302559;20.657581;17.812403;13.013085;8.184108;3.331987;-1.539063;0.598278;2.699680;7.587820;12.484635;17.389103,102.195274;116.899490;131.129013;129.599106;128.217987;126.965988;125.829720;112.252083;98.601341;99.606560;100.547348;101.419044,npp_d20140716_t1757431_e1803235_b14079,147.145,39.9302,0.898217,82.9079,36.3162,95.1063
2483,VBD_npp_d20140716_t1802370_x1127865E_y033431N_l2654_s2020_v23,2017-05-23 13:09:55,3.343147,112.786545,13.4105,2014-07-16 18:02:37,2014-07-17 02:02:37,2654,2020,0.163412,4,117157,0.375222,0.199435,0.642213,0.4,0.703089,0.75,0.0453778,0.0001,0.00292362,999999,-4.715806e-03,3,Malaysian Exclusive Economic Zone,,,SVDNB_npp_d20140716_t1757431_e1803235_b14079_c20140717000324408388_noaa_ops.h5,GDNBO_npp_d20140716_t1757431_e1803235_b14079_c20140717000324408134_noaa_ops.h5,SVI04_npp_d20140716_t1757431_e1803235_b14079_c20140717000324402868_noaa_ops.dspace_rad,VNFF_npp_d20140716_t1757431_e1803235_b14079_v21.csv,World_EEZ_v8_2014.shp,WPP_BFAR_merge.shp,KKP_IDN_merge_20161208.shp,VNF-VBD_npp_20120301-20151231_global_asia-enhanced_c201607211230.bitmask,NCEI_NGA.union.nga_lead2.add_2015ntl.mask,timezone.shp,VBD_platforms-recurring_2015_r20170330.shp,0.636804,VBD_bridges_c20160811.shp,22.302559;20.657581;17.812403;13.013085;8.184108;3.331987;-1.539063;0.598278;2.699680;7.587820;12.484635;17.389103,102.195274;116.899490;131.129013;129.599106;128.217987;126.965988;125.829720;112.252083;98.601341;99.606560;100.547348;101.419044,npp_d20140716_t1757431_e1803235_b14079,147.334,40.1193,0.881499,74.5836,36.3248,94.7915
2484,VBD_npp_d20140716_t1802139_x1131036E_y047279N_l2442_s2021_v23,2017-05-23 13:09:55,4.727859,113.103577,50.5376,2014-07-16 18:02:13,2014-07-17 02:02:13,2442,2021,0.392676,4,117221,1.05897,0.180927,0.886589,0.4,0.958139,0.75,0.0453471,0.0001,0.00299723,999999,1.318296e-01,3,Malaysian Exclusive Economic Zone,,,SVDNB_npp_d20140716_t1757431_e1803235_b14079_c20140717000324408388_noaa_ops.h5,GDNBO_npp_d20140716_t1757431_e1803235_b14079_c20140717000324408134_noaa_ops.h5,SVI04_npp_d20140716_t1757431_e1803235_b14079_c20140717000324402868_noaa_ops.dspace_rad,VNFF_npp_d20140716_t1757431_e1803235_b14079_v21.csv,World_EEZ_v8_2014.shp,WPP_BFAR_merge.shp,KKP_IDN_merge_20161208.shp,VNF-VBD_npp_20120301-20151231_global_asia-enhanced_c201607211230.bitmask,NCEI_NGA.union.nga_lead2.add_2015ntl.mask,timezone.shp,VBD_platforms-recurring_2015_r20170330.shp,0.784047,VBD_bridges_c20160811.shp,22.302559;20.657581;17.812403;13.013085;8.184108;3.331987;-1.539063;0.598278;2.699680;7.587820;12.484635;17.389103,102.195274;116.899490;131.129013;129.599106;128.217987;126.965988;125.829720;112.252083;98.601341;99.606560;100.547348;101.419044,npp_d20140716_t1757431_e1803235_b14079,146.127,39.0485,0.757816,88.7229,36.2408,96.7583
2485,VBD_npp_d20140716_t1802334_x1129472E_y035885N_l2614_s2036_v23,2017-05-23 13:09:55,3.588460,112.947243,40.393,2014-07-16 18:02:33,2014-07-17 02:02:33,2614,2036,0.15159,4,35301,0.714104,0.166329,0.788073,0.4,0.866405,0.75,0.0454825,0.0001,0.00344415,999999,2.395277e-01,3,Malaysian Exclusive Economic Zone,,,SVDNB_npp_d20140716_t1757431_e1803235_b14079_c20140717000324408388_noaa_ops.h5,GDNBO_npp_d20140716_t1757431_e1803235_b14079_c20140717000324408134_noaa_ops.h5,SVI04_npp_d20140716_t1757431_e1803235_b14079_c20140717000324402868_noaa_ops.dspace_rad,VNFF_npp_d20140716_t1757431_e1803235_b14079_v21.csv,World_EEZ_v8_2014.shp,WPP_BFAR_merge.shp,KKP_IDN_merge_20161208.shp,VNF-VBD_npp_20120301-20151231_global_asia-enhanced_c201607211230.bitmask,NCEI_NGA.union.nga_lead2.add_2015ntl.mask,timezone.shp,VBD_platforms-recurring_2015_r20170330.shp,999999,VBD_bridges_c20160811.shp,22.302559;20.657581;17.812403;13.013085;8.184108;3.331987;-1.539063;0.598278;2.699680;7.587820;12.484635;17.389103,102.195274;116.899490;131.129013;129.599106;128.217987;126.965988;125.829720;112.252083;98.601341;99.606560;100.547348;101.419044,npp_d20140716_t1757431_e1803235_b14079,147.053,40.0558,0.157483,-120.507,36.1988,95.1588
2486,VBD_npp_d20140716_t1802139_x1136182E_y046394N_l2443_s2099_v23,2017-05-23 13:09:55,4.639422,113.618248,5.00122,2014-07-16 18:02:13,2014-07-17 02:02:13,2443,2099,0.44328,8,18913,0.314666,0.218739,0.639128,0.4,0.861517,0.75,0.0457293,0.0001,0.00609384,999999,-1.471427e-01,3,Malaysian Exclusive Economic Zone,,,SVDNB_npp_d20140716_t1757431_e1803235_b14079_c20140717000324408388_noaa_ops.h5,GDNBO_npp_d20140716_t1757431_e1803235_b14079_c20140717000324408134_noaa_ops.h5,SVI04_npp_d20140716_t1757431_e1803235_b14079_c20140717000324402868_noaa_ops.dspace_rad,VNFF_npp_d20140716_t1757431_e1803235_b14079_v21.csv,World_EEZ_v8_2014.shp,WPP_BFAR_merge.shp,KKP_IDN_merge_20161208.shp,VNF-VBD_npp_20120301-20151231_global_asia-enhanced_c201607211230.bitmask,NCEI_NGA.union.nga_lead2.add_2015ntl.mask,timezone.shp,VBD_platforms-recurring_2015_r20170330.shp,0.379959,VBD_bridges_c20160811.shp,22.302559;20.657581;17.812403;13.013085;8.184108;3.331987;-1.539063;0.598278;2.699680;7.587820;12.484635;17.389103,102.195274;116.899490;131.129013;129.599106;128.217987;126.965988;125.829720;112.252083;98.601341;99.606560;100.547348;101.419044,npp_d20140716_t1757431_e1803235_b14079,145.869,39.7614,3.77654,-78.2211,35.7135,96.7617
2487,VBD_npp_d20140716_t1802156_x1136240E_y045507N_l2456_s2103_v23,2017-05-23 13:09:55,4.550727,113.623962,3.86351,2014-07-16 18:02:15,2014-07-17 02:02:15,2456,2103,0.439358,11,18913,0.264694,0.231216,0.738667,0.4,0.807825,0.75,0.0457423,0.0001,0.00630071,999999,-2.391910e-01,3,Malaysian Exclusive Economic Zone,,,SVDNB_npp_d20140716_t1757431_e1803235_b14079_c20140717000324408388_noaa_ops.h5,GDNBO_npp_d20140716_t1757431_e1803235_b14079_c20140717000324408134_noaa_ops.h5,SVI04_npp_d20140716_t1757431_e1803235_b14079_c20140717000324402868_noaa_ops.dspace_rad,VNFF_npp_d20140716_t1757431_e1803235_b14079_v21.csv,World_EEZ_v8_2014.shp,WPP_BFAR_merge.shp,KKP_IDN_merge_20161208.shp,VNF-VBD_npp_20120301-20151231_global_asia-enhanced_c201607211230.bitmask,NCEI_NGA.union.nga_lead2.add_2015ntl.mask,timezone.shp,VBD_platforms-recurring_2015_r20170330.shp,0.140822,VBD_bridges_c20160811.shp,22.302559;20.657581;17.812403;13.013085;8.184108;3.331987;-1.539063;0.598278;2.699680;7.587820;12.484635;17.389103,102.195274;116.899490;131.129013;129.599106;128.217987;126.965988;125.829720;112.252083;98.601341;99.606560;100.547348;101.419044,npp_d20140716_t1757431_e1803235_b14079,145.929,39.8612,4.00107,-80.891,35.69,96.6395
2488,VBD_npp_d20140716_t1802156_x1136295E_y045431N_l2457_s2104_v23,2017-05-23 13:09:55,4.543061,113.629539,3.80036,2014-07-16 18:02:15,2014-07-17 02:02:15,2457,2104,0.440076,11,18657,0.241556,0.205469,0.738667,0.4,0.80202,0.75,0.0457467,0.0001,0.00635032,999999,-4.923377e-02,3,Malaysian Exclusive Economic Zone,,,SVDNB_npp_d20140716_t1757431_e1803235_b14079_c20140717000324408388_noaa_ops.h5,GDNBO_npp_d20140716_t1757431_e1803235_b14079_c20140717000324408134_noaa_ops.h5,SVI04_npp_d20140716_t1757431_e1803235_b14079_c20140717000324402868_noaa_ops.dspace_rad,VNFF_npp_d20140716_t1757431_e1803235_b14079_v21.csv,World_EEZ_v8_2014.shp,WPP_BFAR_merge.shp,KKP_IDN_merge_20161208.shp,VNF-VBD_npp_20120301-20151231_global_asia-enhanced_c201607211230.bitmask,NCEI_NGA.union.nga_lead2.add_2015ntl.mask,timezone.shp,VBD_platforms-recurring_2015_r20170330.shp,0.920937,VBD_bridges_c20160811.shp,22.302559;20.657581;17.812403;13.013085;8.184108;3.331987;-1.539063;0.598278;2.699680;7.587820;12.484635;17.389103,102.195274;116.899490;131.129013;129.599106;128.217987;126.965988;125.829720;112.252083;98.601341;99.606560;100.547348;101.419044,npp_d20140716_t1757431_e1803235_b14079,145.931,39.8752,4.05948,-80.0788,35.6835,96.63
2489,VBD_npp_d20140716_t1802121_x1137037E_y047479N_l2425_s2108_v23,2017-05-23 13:09:55,4.747899,113.703712,15.871,2014-07-16 18:02:12,2014-07-17 02:02:12,2425,2108,0.277658,7,34977,0.231073,0.196325,0.714493,0.4,0.578706,0.75,0.0457823,0.0001,0.00657207,999999,1.822545e-02,3,,,,SVDNB_npp_d20140716_t1757431_e1803235_b14079_c20140717000324408388_noaa_ops.h5,GDNBO_npp_d20140716_t1757431_e1803235_b14079_c20140717000324408134_noaa_ops.h5,SVI04_npp_d20140716_t1757431_e1803235_b14079_c20140717000324402868_noaa_ops.dspace_rad,VNFF_npp_d20140716_t1757431_e1803235_b14079_v21.csv,World_EEZ_v8_2014.shp,WPP_BFAR_merge.shp,KKP_IDN_merge_20161208.shp,VNF-VBD_npp_20120301-20151231_global_asia-enhanced_c201607211230.bitmask,NCEI_NGA.union.nga_lead2.add_2015ntl.mask,timezone.shp,VBD_platforms-recurring_2015_r20170330.shp,999999,VBD_bridges_c20160811.shp,22.302559;20.657581;17.812403;13.013085;8.184108;3.331987;-1.539063;0.598278;2.699680;7.587820;12.484635;17.389103,102.195274;116.899490;131.129013;129.599106;128.217987;126.965988;125.829720;112.252083;98.601341;99.606560;100.547348;101.419044,npp_d20140716_t1757431_e1803235_b14079,145.736,39.7537,4.29369,-80.1263,35.648,96.9348
2490,VBD_npp_d20140716_t1802121_x1137313E_y047503N_l2424_s2112_v23,2017-05-23 13:09:55,4.750286,113.731323,50.7523,2014-07-16 18:02:12,2014-07-17 02:02:12,2424,2112,0.356381,7,100769,0.260919,0.0664408,0.748514,0.4,0.427051,0.75,0.0458024,0.0001,0.00679154,999999,9.764814e-01,3,,,,SVDNB_npp_d20140716_t1757431_e1803235_b14079_c20140717000324408388_noaa_ops.h5,GDNBO_npp_d20140716_t1757431_e1803235_b14079_c20140717000324408134_noaa_ops.h5,SVI04_npp_d20140716_t1757431_e1803235_b14079_c20140717000324402868_noaa_ops.dspace_rad,VNFF_npp_d20140716_t1757431_e1803235_b14079_v21.csv,World_EEZ_v8_2014.shp,WPP_BFAR_merge.shp,KKP_IDN_merge_20161208.shp,VNF-VBD_npp_20120301-20151231_global_asia-enhanced_c201607211230.bitmask,NCEI_NGA.union.nga_lead2.add_2015ntl.mask,timezone.shp,VBD_platforms-recurring_2015_r20170330.shp,999999,VBD_bridges_c20160811.shp,22.302559;20.657581;17.812403;13.013085;8.184108;3.331987;-1.539063;0.598278;2.699680;7.587820;12.484635;17.389103,102.195274;116.899490;131.129013;129.599106;128.217987;126.965988;125.829720;112.252083;98.601341;99.606560;100.547348;101.419044,npp_d20140716_t1757431_e1803235_b14079,145.717,39.7848,4.52503,-80.9057,35.6206,96.9452
2491,VBD_npp_d20140716_t1802121_x1137436E_y047416N_l2425_s2114_v23,2017-05-23 13:09:55,4.741556,113.743561,6466.96,2014-07-16 18:02:12,2014-07-17 02:02:12,2425,2114,1.77843,4,100845,1.74398,0.0661819,0.748514,0.4,0.981551,0.75,0.0458116,0.0001,0.00689959,999999,9.783920e-01,3,Malaysian Exclusive Economic Zone,,,SVDNB_npp_d20140716_t1757431_e1803235_b14079_c20140717000324408388_noaa_ops.h5,GDNBO_npp_d20140716_t1757431_e1803235_b14079_c20140717000324408134_noaa_ops.h5,SVI04_npp_d20140716_t1757431_e1803235_b14079_c20140717000324402868_noaa_ops.dspace_rad,VNFF_npp_d20140716_t1757431_e1803235_b14079_v21.csv,World_EEZ_v8_2014.shp,WPP_BFAR_merge.shp,KKP_IDN_merge_20161208.shp,VNF-VBD_npp_20120301-20151231_global_asia-enhanced_c201607211230.bitmask,NCEI_NGA.union.nga_lead2.add_2015ntl.mask,timezone.shp,VBD_platforms-recurring_2015_r20170330.shp,999999,VBD_bridges_c20160811.shp,22.302559;20.657581;17.812403;13.013085;8.184108;3.331987;-1.539063;0.598278;2.699680;7.587820;12.484635;17.389103,102.195274;116.899490;131.129013;129.599106;128.217987;126.965988;125.829720;112.252083;98.601341;99.606560;100.547348;101.419044,npp_d20140716_t1757431_e1803235_b14079,145.716,39.8077,4.64135,-80.1989,35.6072,96.9359
2492,VBD_npp_d20140716_t1802121_x1137439E_y047008N_l2431_s2115_v23,2017-05-23 13:09:55,4.700794,113.743935,9.26061,2014-07-16 18:02:12,2014-07-17 02:02:12,2431,2115,0.440794,7,100769,0.277832,0.218539,0.681008,0.4,0.681269,0.75,0.0458135,0.0001,0.0069378,999999,-1.456644e-01,3,,,,SVDNB_npp_d20140716_t1757431_e1803235_b14079_c20140717000324408388_noaa_ops.h5,GDNBO_npp_d20140716_t1757431_e1803235_b14079_c20140717000324408134_noaa_ops.h5,SVI04_npp_d20140716_t1757431_e1803235_b14079_c20140717000324402868_noaa_ops.dspace_rad,VNFF_npp_d20140716_t1757431_e1803235_b14079_v21.csv,World_EEZ_v8_2014.shp,WPP_BFAR_merge.shp,KKP_IDN_merge_20161208.shp,VNF-VBD_npp_20120301-20151231_global_asia-enhanced_c201607211230.bitmask,NCEI_NGA.union.nga_lead2.add_2015ntl.mask,timezone.shp,VBD_platforms-recurring_2015_r20170330.shp,999999,VBD_bridges_c20160811.shp,22.302559;20.657581;17.812403;13.013085;8.184108;3.331987;-1.539063;0.598278;2.699680;7.587820;12.484635;17.389103,102.195274;116.899490;131.129013;129.599106;128.217987;126.965988;125.829720;112.252083;98.601341;99.606560;100.547348;101.419044,npp_d20140716_t1757431_e1803235_b14079,145.747,39.8465,4.71651,-75.9979,35.6019,96.8783
2493,VBD_npp_d20140716_t1802174_x1137223E_y043994N_l2476_s2122_v23,2017-05-23 13:09:55,4.399431,113.722275,4.66377,2014-07-16 18:02:17,2014-07-17 02:02:17,2476,2122,0.42621,7,34977,0.18995,0.0747681,0.897901,0.4,0.480445,0.75,0.0458251,0.0001,0.00732805,999999,9.150445e-01,3,,,,SVDNB_npp_d20140716_t1757431_e1803235_b14079_c20140717000324408388_noaa_ops.h5,GDNBO_npp_d20140716_t1757431_e1803235_b14079_c20140717000324408134_noaa_ops.h5,SVI04_npp_d20140716_t1757431_e1803235_b14079_c20140717000324402868_noaa_ops.dspace_rad,VNFF_npp_d20140716_t1757431_e1803235_b14079_v21.csv,World_EEZ_v8_2014.shp,WPP_BFAR_merge.shp,KKP_IDN_merge_20161208.shp,VNF-VBD_npp_20120301-20151231_global_asia-enhanced_c201607211230.bitmask,NCEI_NGA.union.nga_lead2.add_2015ntl.mask,timezone.shp,VBD_platforms-recurring_2015_r20170330.shp,999999,VBD_bridges_c20160811.shp,22.302559;20.657581;17.812403;13.013085;8.184108;3.331987;-1.539063;0.598278;2.699680;7.587820;12.484635;17.389103,102.195274;116.899490;131.129013;129.599106;128.217987;126.965988;125.829720;112.252083;98.601341;99.606560;100.547348;101.419044,npp_d20140716_t1757431_e1803235_b14079,145.977,40.1328,5.10744,-78.3279,35.5666,96.4504
2494,VBD_npp_d20140716_t1802174_x1137321E_y044182N_l2473_s2123_v23,2017-05-23 13:09:55,4.418233,113.732079,1233.23,2014-07-16 18:02:17,2014-07-17 02:02:17,2473,2123,0.867613,4,35309,2.04634,0.0644948,0.897952,0.4,0.984905,0.75,0.0458315,0.0001,0.00739642,999999,9.908388e-01,3,Malaysian Exclusive Economic Zone,,,SVDNB_npp_d20140716_t1757431_e1803235_b14079_c20140717000324408388_noaa_ops.h5,GDNBO_npp_d20140716_t1757431_e1803235_b14079_c20140717000324408134_noaa_ops.h5,SVI04_npp_d20140716_t1757431_e1803235_b14079_c20140717000324402868_noaa_ops.dspace_rad,VNFF_npp_d20140716_t1757431_e1803235_b14079_v21.csv,World_EEZ_v8_2014.shp,WPP_BFAR_merge.shp,KKP_IDN_merge_20161208.shp,VNF-VBD_npp_20120301-20151231_global_asia-enhanced_c201607211230.bitmask,NCEI_NGA.union.nga_lead2.add_2015ntl.mask,timezone.shp,VBD_platforms-recurring_2015_r20170330.shp,999999,VBD_bridges_c20160811.shp,22.302559;20.657581;17.812403;13.013085;8.184108;3.331987;-1.539063;0.598278;2.699680;7.587820;12.484635;17.389103,102.195274;116.899490;131.129013;129.599106;128.217987;126.965988;125.829720;112.252083;98.601341;99.606560;100.547348;101.419044,npp_d20140716_t1757431_e1803235_b14079,145.957,40.1267,5.16037,-80.2778,35.5589,96.4794
2495,VBD_npp_d20140716_t1802174_x1137324E_y043775N_l2479_s2124_v23,2017-05-23 13:09:55,4.377452,113.732391,185.409,2014-07-16 18:02:17,2014-07-17 02:02:17,2479,2124,0.360469,1,35297,1.5382,0.195481,0.89548,0.4,0.988507,0.75,0.0458343,0.0001,0.00743286,999999,2.445205e-02,3,Malaysian Exclusive Economic Zone,,,SVDNB_npp_d20140716_t1757431_e1803235_b14079_c20140717000324408388_noaa_ops.h5,GDNBO_npp_d20140716_t1757431_e1803235_b14079_c20140717000324408134_noaa_ops.h5,SVI04_npp_d20140716_t1757431_e1803235_b14079_c20140717000324402868_noaa_ops.dspace_rad,VNFF_npp_d20140716_t1757431_e1803235_b14079_v21.csv,World_EEZ_v8_2014.shp,WPP_BFAR_merge.shp,KKP_IDN_merge_20161208.shp,VNF-VBD_npp_20120301-20151231_global_asia-enhanced_c201607211230.bitmask,NCEI_NGA.union.nga_lead2.add_2015ntl.mask,timezone.shp,VBD_platforms-recurring_2015_r20170330.shp,999999,VBD_bridges_c20160811.shp,22.302559;20.657581;17.812403;13.013085;8.184108;3.331987;-1.539063;0.598278;2.699680;7.587820;12.484635;17.389103,102.195274;116.899490;131.129013;129.599106;128.217987;126.965988;125.829720;112.252083;98.601341;99.606560;100.547348;101.419044,npp_d20140716_t1757431_e1803235_b14079,145.988,40.1661,5.23383,-76.4906,35.5539,96.4216
2496,VBD_npp_d20140716_t1802121_x1138560E_y046761N_l2432_s2132_v23,2017-05-23 13:09:55,4.676092,113.855995,545.607,2014-07-16 18:02:12,2014-07-17 02:02:12,2432,2132,0.425492,4,100845,1.81739,0.193308,0.906842,0.4,0.986035,0.75,0.0458961,0.0001,0.00792758,999999,4.048235e-02,3,Malaysian Exclusive Economic Zone,,,SVDNB_npp_d20140716_t1757431_e1803235_b14079_c20140717000324408388_noaa_ops.h5,GDNBO_npp_d20140716_t1757431_e1803235_b14079_c20140717000324408134_noaa_ops.h5,SVI04_npp_d20140716_t1757431_e1803235_b14079_c20140717000324402868_noaa_ops.dspace_rad,VNFF_npp_d20140716_t1757431_e1803235_b14079_v21.csv,World_EEZ_v8_2014.shp,WPP_BFAR_merge.shp,KKP_IDN_merge_20161208.shp,VNF-VBD_npp_20120301-20151231_global_asia-enhanced_c201607211230.bitmask,NCEI_NGA.union.nga_lead2.add_2015ntl.mask,timezone.shp,VBD_platforms-recurring_2015_r20170330.shp,999999,VBD_bridges_c20160811.shp,22.302559;20.657581;17.812403;13.013085;8.184108;3.331987;-1.539063;0.598278;2.699680;7.587820;12.484635;17.389103,102.195274;116.899490;131.129013;129.599106;128.217987;126.965988;125.829720;112.252083;98.601341;99.606560;100.547348;101.419044,npp_d20140716_t1757431_e1803235_b14079,145.694,40.0046,5.7029,-76.2875,35.4864,96.8715
2497,VBD_npp_d20140716_t1802139_x1138548E_y046697N_l2433_s2133_v23,2017-05-23 13:09:55,4.669666,113.854767,22.5262,2014-07-16 18:02:13,2014-07-17 02:02:13,2433,2133,0.424111,4,100837,0.579383,0.182364,0.906842,0.4,0.77463,0.75,0.0459005,0.0001,0.00802877,999999,1.212232e-01,3,Malaysian Exclusive Economic Zone,,,SVDNB_npp_d20140716_t1757431_e1803235_b14079_c20140717000324408388_noaa_ops.h5,GDNBO_npp_d20140716_t1757431_e1803235_b14079_c20140717000324408134_noaa_ops.h5,SVI04_npp_d20140716_t1757431_e1803235_b14079_c20140717000324402868_noaa_ops.dspace_rad,VNFF_npp_d20140716_t1757431_e1803235_b14079_v21.csv,World_EEZ_v8_2014.shp,WPP_BFAR_merge.shp,KKP_IDN_merge_20161208.shp,VNF-VBD_npp_20120301-20151231_global_asia-enhanced_c201607211230.bitmask,NCEI_NGA.union.nga_lead2.add_2015ntl.mask,timezone.shp,VBD_platforms-recurring_2015_r20170330.shp,999999,VBD_bridges_c20160811.shp,22.302559;20.657581;17.812403;13.013085;8.184108;3.331987;-1.539063;0.598278;2.699680;7.587820;12.484635;17.389103,102.195274;116.899490;131.129013;129.599106;128.217987;126.965988;125.829720;112.252083;98.601341;99.606560;100.547348;101.419044,npp_d20140716_t1757431_e1803235_b14079,145.695,40.018,5.75646,-84.9532,35.4797,96.8637
2498,VBD_npp_d20140716_t1802121_x1139424E_y047031N_l2426_s2144_v23,2017-05-23 13:09:55,4.703069,113.942383,125.952,2014-07-16 18:02:12,2014-07-17 02:02:12,2426,2144,0.381793,4,100845,1.3094,0.210345,0.898937,0.4,0.974265,0.75,0.0459577,0.0001,0.00870849,999999,-8.520763e-02,3,Malaysian Exclusive Economic Zone,,,SVDNB_npp_d20140716_t1757431_e1803235_b14079_c20140717000324408388_noaa_ops.h5,GDNBO_npp_d20140716_t1757431_e1803235_b14079_c20140717000324408134_noaa_ops.h5,SVI04_npp_d20140716_t1757431_e1803235_b14079_c20140717000324402868_noaa_ops.dspace_rad,VNFF_npp_d20140716_t1757431_e1803235_b14079_v21.csv,World_EEZ_v8_2014.shp,WPP_BFAR_merge.shp,KKP_IDN_merge_20161208.shp,VNF-VBD_npp_20120301-20151231_global_asia-enhanced_c201607211230.bitmask,NCEI_NGA.union.nga_lead2.add_2015ntl.mask,timezone.shp,VBD_platforms-recurring_2015_r20170330.shp,999999,VBD_bridges_c20160811.shp,22.302559;20.657581;17.812403;13.013085;8.184108;3.331987;-1.539063;0.598278;2.699680;7.587820;12.484635;17.389103,102.195274;116.899490;131.129013;129.599106;128.217987;126.965988;125.829720;112.252083;98.601341;99.606560;100.547348;101.419044,npp_d20140716_t1757431_e1803235_b14079,145.618,40.0827,6.38088,-79.9114,35.403,96.9319
2499,VBD_npp_d20140716_t1801507_x1142414E_y059147N_l2240_s2147_v23,2017-05-23 13:09:55,5.914670,114.241394,30.0767,2014-07-16 18:01:50,2014-07-17 02:01:50,2240,2147,0.211199,7,35233,0.282026,0.264017,0.661625,0.4,0.504187,0.75,0.0460503,0.0001,0.00893607,999999,-4.811895e-01,3,,,,SVDNB_npp_d20140716_t1757431_e1803235_b14079_c20140717000324408388_noaa_ops.h5,GDNBO_npp_d20140716_t1757431_e1803235_b14079_c20140717000324408134_noaa_ops.h5,SVI04_npp_d20140716_t1757431_e1803235_b14079_c20140717000324402868_noaa_ops.dspace_rad,VNFF_npp_d20140716_t1757431_e1803235_b14079_v21.csv,World_EEZ_v8_2014.shp,WPP_BFAR_merge.shp,KKP_IDN_merge_20161208.shp,VNF-VBD_npp_20120301-20151231_global_asia-enhanced_c201607211230.bitmask,NCEI_NGA.union.nga_lead2.add_2015ntl.mask,timezone.shp,VBD_platforms-recurring_2015_r20170330.shp,999999,VBD_bridges_c20160811.shp,22.302559;20.657581;17.812403;13.013085;8.184108;3.331987;-1.539063;0.598278;2.699680;7.587820;12.484635;17.389103,102.195274;116.899490;131.129013;129.599106;128.217987;126.965988;125.829720;112.252083;98.601341;99.606560;100.547348;101.419044,npp_d20140716_t1757431_e1803235_b14079,144.552,39.2251,6.57172,-76.8834,35.3572,98.7218
2500,VBD_npp_d20140716_t1801525_x1142788E_y058954N_l2242_s2154_v23,2017-05-23 13:09:55,5.895369,114.278801,33.0811,2014-07-16 18:01:52,2014-07-17 02:01:52,2242,2154,0.379086,4,35237,0.25834,0.141374,0.698077,0.4,0.468813,0.75,0.0460838,0.0001,0.00941418,999999,4.236429e-01,3,Malaysian Exclusive Economic Zone,,,SVDNB_npp_d20140716_t1757431_e1803235_b14079_c20140717000324408388_noaa_ops.h5,GDNBO_npp_d20140716_t1757431_e1803235_b14079_c20140717000324408134_noaa_ops.h5,SVI04_npp_d20140716_t1757431_e1803235_b14079_c20140717000324402868_noaa_ops.dspace_rad,VNFF_npp_d20140716_t1757431_e1803235_b14079_v21.csv,World_EEZ_v8_2014.shp,WPP_BFAR_merge.shp,KKP_IDN_merge_20161208.shp,VNF-VBD_npp_20120301-20151231_global_asia-enhanced_c201607211230.bitmask,NCEI_NGA.union.nga_lead2.add_2015ntl.mask,timezone.shp,VBD_platforms-recurring_2015_r20170330.shp,999999,VBD_bridges_c20160811.shp,22.302559;20.657581;17.812403;13.013085;8.184108;3.331987;-1.539063;0.598278;2.699680;7.587820;12.484635;17.389103,102.195274;116.899490;131.129013;129.599106;128.217987;126.965988;125.829720;112.252083;98.601341;99.606560;100.547348;101.419044,npp_d20140716_t1757431_e1803235_b14079,144.538,39.2954,6.96573,-83.7617,35.3098,98.7084
2501,VBD_npp_d20140716_t1802085_x1140705E_y049470N_l2387_s2155_v23,2017-05-23 13:09:55,4.947001,114.070496,3715.21,2014-07-16 18:02:08,2014-07-17 02:02:08,2387,2155,0.444551,4,100845,2.00874,0.170428,0.857359,0.4,0.9892,0.75,0.046031,0.0001,0.0094719,999999,2.092896e-01,3,Bruneian Exclusive Economic Zone,,,SVDNB_npp_d20140716_t1757431_e1803235_b14079_c20140717000324408388_noaa_ops.h5,GDNBO_npp_d20140716_t1757431_e1803235_b14079_c20140717000324408134_noaa_ops.h5,SVI04_npp_d20140716_t1757431_e1803235_b14079_c20140717000324402868_noaa_ops.dspace_rad,VNFF_npp_d20140716_t1757431_e1803235_b14079_v21.csv,World_EEZ_v8_2014.shp,WPP_BFAR_merge.shp,KKP_IDN_merge_20161208.shp,VNF-VBD_npp_20120301-20151231_global_asia-enhanced_c201607211230.bitmask,NCEI_NGA.union.nga_lead2.add_2015ntl.mask,timezone.shp,VBD_platforms-recurring_2015_r20170330.shp,999999,VBD_bridges_c20160811.shp,22.302559;20.657581;17.812403;13.013085;8.184108;3.331987;-1.539063;0.598278;2.699680;7.587820;12.484635;17.389103,102.195274;116.899490;131.129013;129.599106;128.217987;126.965988;125.829720;112.252083;98.601341;99.606560;100.547348;101.419044,npp_d20140716_t1757431_e1803235_b14079,145.359,39.9898,7.02128,-83.3114,35.3195,97.3104
2502,VBD_npp_d20140716_t1802085_x1140663E_y049204N_l2391_s2155_v23,2017-05-23 13:09:55,4.920442,114.066261,35.0144,2014-07-16 18:02:08,2014-07-17 02:02:08,2391,2155,0.442949,9,100833,0.868781,0.19485,0.847056,0.4,0.97395,0.75,0.046029,0.0001,0.00946294,999999,2.910790e-02,3,,,,SVDNB_npp_d20140716_t1757431_e1803235_b14079_c20140717000324408388_noaa_ops.h5,GDNBO_npp_d20140716_t1757431_e1803235_b14079_c20140717000324408134_noaa_ops.h5,SVI04_npp_d20140716_t1757431_e1803235_b14079_c20140717000324402868_noaa_ops.dspace_rad,VNFF_npp_d20140716_t1757431_e1803235_b14079_v21.csv,World_EEZ_v8_2014.shp,WPP_BFAR_merge.shp,KKP_IDN_merge_20161208.shp,VNF-VBD_npp_20120301-20151231_global_asia-enhanced_c201607211230.bitmask,NCEI_NGA.union.nga_lead2.add_2015ntl.mask,timezone.shp,VBD_platforms-recurring_2015_r20170330.shp,999999,VBD_bridges_c20160811.shp,22.302559;20.657581;17.812403;13.013085;8.184108;3.331987;-1.539063;0.598278;2.699680;7.587820;12.484635;17.389103,102.195274;116.899490;131.129013;129.599106;128.217987;126.965988;125.829720;112.252083;98.601341;99.606560;100.547348;101.419044,npp_d20140716_t1757431_e1803235_b14079,145.382,40.0095,7.01551,-81.4245,35.3203,97.2713
2503,VBD_npp_d20140716_t1801525_x1142968E_y058789N_l2244_s2157_v23,2017-05-23 13:09:55,5.878886,114.296799,18602.9,2014-07-16 18:01:52,2014-07-17 02:01:52,2244,2157,0.444385,4,100845,1.82828,0.165648,0.698035,0.4,0.979874,0.75,0.0460978,0.0001,0.00962295,999999,2.445505e-01,3,Malaysian Exclusive Economic Zone,,,SVDNB_npp_d20140716_t1757431_e1803235_b14079_c20140717000324408388_noaa_ops.h5,GDNBO_npp_d20140716_t1757431_e1803235_b14079_c20140717000324408134_noaa_ops.h5,SVI04_npp_d20140716_t1757431_e1803235_b14079_c20140717000324402868_noaa_ops.dspace_rad,VNFF_npp_d20140716_t1757431_e1803235_b14079_v21.csv,World_EEZ_v8_2014.shp,WPP_BFAR_merge.shp,KKP_IDN_merge_20161208.shp,VNF-VBD_npp_20120301-20151231_global_asia-enhanced_c201607211230.bitmask,NCEI_NGA.union.nga_lead2.add_2015ntl.mask,timezone.shp,VBD_platforms-recurring_2015_r20170330.shp,999999,VBD_bridges_c20160811.shp,22.302559;20.657581;17.812403;13.013085;8.184108;3.331987;-1.539063;0.598278;2.699680;7.587820;12.484635;17.389103,102.195274;116.899490;131.129013;129.599106;128.217987;126.965988;125.829720;112.252083;98.601341;99.606560;100.547348;101.419044,npp_d20140716_t1757431_e1803235_b14079,144.54,39.3313,7.13486,-82.7658,35.2893,98.6907
2504,VBD_npp_d20140716_t1802121_x1141523E_y046832N_l2424_s2175_v23,2017-05-23 13:09:55,4.683179,114.152283,11.6539,2014-07-16 18:02:12,2014-07-17 02:02:12,2424,2175,0.425105,4,35301,0.562288,0.197963,0.79735,0.4,0.912672,0.75,0.0461102,0.0001,0.010904,999999,6.137097e-03,3,Bruneian Exclusive Economic Zone,,,SVDNB_npp_d20140716_t1757431_e1803235_b14079_c20140717000324408388_noaa_ops.h5,GDNBO_npp_d20140716_t1757431_e1803235_b14079_c20140717000324408134_noaa_ops.h5,SVI04_npp_d20140716_t1757431_e1803235_b14079_c20140717000324402868_noaa_ops.dspace_rad,VNFF_npp_d20140716_t1757431_e1803235_b14079_v21.csv,World_EEZ_v8_2014.shp,WPP_BFAR_merge.shp,KKP_IDN_merge_20161208.shp,VNF-VBD_npp_20120301-20151231_global_asia-enhanced_c201607211230.bitmask,NCEI_NGA.union.nga_lead2.add_2015ntl.mask,timezone.shp,VBD_platforms-recurring_2015_r20170330.shp,999999,VBD_bridges_c20160811.shp,22.302559;20.657581;17.812403;13.013085;8.184108;3.331987;-1.539063;0.598278;2.699680;7.587820;12.484635;17.389103,102.195274;116.899490;131.129013;129.599106;128.217987;126.965988;125.829720;112.252083;98.601341;99.606560;100.547348;101.419044,npp_d20140716_t1757431_e1803235_b14079,145.498,40.3516,8.17807,-80.9632,35.1898,96.9571
2505,VBD_npp_d20140716_t1802103_x1141928E_y047644N_l2411_s2178_v23,2017-05-23 13:09:55,4.764364,114.192764,290.375,2014-07-16 18:02:10,2014-07-17 02:02:10,2411,2178,0.43759,4,35309,1.64905,0.166053,0.91328,0.4,0.986544,0.75,0.0461313,0.0001,0.0111241,999999,2.415622e-01,3,Bruneian Exclusive Economic Zone,,,SVDNB_npp_d20140716_t1757431_e1803235_b14079_c20140717000324408388_noaa_ops.h5,GDNBO_npp_d20140716_t1757431_e1803235_b14079_c20140717000324408134_noaa_ops.h5,SVI04_npp_d20140716_t1757431_e1803235_b14079_c20140717000324402868_noaa_ops.dspace_rad,VNFF_npp_d20140716_t1757431_e1803235_b14079_v21.csv,World_EEZ_v8_2014.shp,WPP_BFAR_merge.shp,KKP_IDN_merge_20161208.shp,VNF-VBD_npp_20120301-20151231_global_asia-enhanced_c201607211230.bitmask,NCEI_NGA.union.nga_lead2.add_2015ntl.mask,timezone.shp,VBD_platforms-recurring_2015_r20170330.shp,999999,VBD_bridges_c20160811.shp,22.302559;20.657581;17.812403;13.013085;8.184108;3.331987;-1.539063;0.598278;2.699680;7.587820;12.484635;17.389103,102.195274;116.899490;131.129013;129.599106;128.217987;126.965988;125.829720;112.252083;98.601341;99.606560;100.547348;101.419044,npp_d20140716_t1757431_e1803235_b14079,145.415,40.3145,8.35176,-79.7587,35.1665,97.0826
2506,VBD_npp_d20140716_t1802050_x1143102E_y051050N_l2358_s2184_v23,2017-05-23 13:09:55,5.104968,114.310234,26.0681,2014-07-16 18:02:05,2014-07-17 02:02:05,2358,2184,0.441071,8,18913,0.87957,0.207189,0.909973,0.4,0.967568,0.75,0.0461852,0.0001,0.0116271,999999,-6.192494e-02,3,Bruneian Exclusive Economic Zone,,,SVDNB_npp_d20140716_t1757431_e1803235_b14079_c20140717000324408388_noaa_ops.h5,GDNBO_npp_d20140716_t1757431_e1803235_b14079_c20140717000324408134_noaa_ops.h5,SVI04_npp_d20140716_t1757431_e1803235_b14079_c20140717000324402868_noaa_ops.dspace_rad,VNFF_npp_d20140716_t1757431_e1803235_b14079_v21.csv,World_EEZ_v8_2014.shp,WPP_BFAR_merge.shp,KKP_IDN_merge_20161208.shp,VNF-VBD_npp_20120301-20151231_global_asia-enhanced_c201607211230.bitmask,NCEI_NGA.union.nga_lead2.add_2015ntl.mask,timezone.shp,VBD_platforms-recurring_2015_r20170330.shp,0.228573,VBD_bridges_c20160811.shp,22.302559;20.657581;17.812403;13.013085;8.184108;3.331987;-1.539063;0.598278;2.699680;7.587820;12.484635;17.389103,102.195274;116.899490;131.129013;129.599106;128.217987;126.965988;125.829720;112.252083;98.601341;99.606560;100.547348;101.419044,npp_d20140716_t1757431_e1803235_b14079,145.094,40.1101,8.70224,-81.7146,35.1144,97.5993
2507,VBD_npp_d20140716_t1802050_x1144257E_y050454N_l2364_s2202_v23,2017-05-23 13:09:55,5.045423,114.425682,5.58017,2014-07-16 18:02:05,2014-07-17 02:02:05,2364,2202,0.439247,11,18913,0.359431,0.205126,0.792967,0.4,0.864296,0.75,0.04627,0.0001,0.0130859,999999,-4.670501e-02,3,Bruneian Exclusive Economic Zone,,,SVDNB_npp_d20140716_t1757431_e1803235_b14079_c20140717000324408388_noaa_ops.h5,GDNBO_npp_d20140716_t1757431_e1803235_b14079_c20140717000324408134_noaa_ops.h5,SVI04_npp_d20140716_t1757431_e1803235_b14079_c20140717000324402868_noaa_ops.dspace_rad,VNFF_npp_d20140716_t1757431_e1803235_b14079_v21.csv,World_EEZ_v8_2014.shp,WPP_BFAR_merge.shp,KKP_IDN_merge_20161208.shp,VNF-VBD_npp_20120301-20151231_global_asia-enhanced_c201607211230.bitmask,NCEI_NGA.union.nga_lead2.add_2015ntl.mask,timezone.shp,VBD_platforms-recurring_2015_r20170330.shp,0.388907,VBD_bridges_c20160811.shp,22.302559;20.657581;17.812403;13.013085;8.184108;3.331987;-1.539063;0.598278;2.699680;7.587820;12.484635;17.389103,102.195274;116.899490;131.129013;129.599106;128.217987;126.965988;125.829720;112.252083;98.601341;99.606560;100.547348;101.419044,npp_d20140716_t1757431_e1803235_b14079,145.065,40.3012,9.74917,-79.5918,34.9908,97.5457
2509,VBD_npp_d20140716_t1801578_x1146971E_y054420N_l2299_s2228_v23,2017-05-23 13:09:55,5.442029,114.697098,20.0485,2014-07-16 18:01:57,2014-07-17 02:01:57,2299,2228,0.438419,4,100837,0.702741,0.203535,0.906588,0.4,0.895686,0.75,0.046423,0.0001,0.0154051,999999,-3.497030e-02,3,Malaysian Exclusive Economic Zone,,,SVDNB_npp_d20140716_t1757431_e1803235_b14079_c20140717000324408388_noaa_ops.h5,GDNBO_npp_d20140716_t1757431_e1803235_b14079_c20140717000324408134_noaa_ops.h5,SVI04_npp_d20140716_t1757431_e1803235_b14079_c20140717000324402868_noaa_ops.dspace_rad,VNFF_npp_d20140716_t1757431_e1803235_b14079_v21.csv,World_EEZ_v8_2014.shp,WPP_BFAR_merge.shp,KKP_IDN_merge_20161208.shp,VNF-VBD_npp_20120301-20151231_global_asia-enhanced_c201607211230.bitmask,NCEI_NGA.union.nga_lead2.add_2015ntl.mask,timezone.shp,VBD_platforms-recurring_2015_r20170330.shp,999999,VBD_bridges_c20160811.shp,22.302559;20.657581;17.812403;13.013085;8.184108;3.331987;-1.539063;0.598278;2.699680;7.587820;12.484635;17.389103,102.195274;116.899490;131.129013;129.599106;128.217987;126.965988;125.829720;112.252083;98.601341;99.606560;100.547348;101.419044,npp_d20140716_t1757431_e1803235_b14079,144.606,40.2203,11.2395,-80.0473,34.8029,98.1923
2510,VBD_npp_d20140716_t1801578_x1147149E_y054254N_l2301_s2231_v23,2017-05-23 13:09:55,5.425393,114.714874,787.824,2014-07-16 18:01:57,2014-07-17 02:01:57,2301,2231,0.435601,4,100845,1.90431,0.21418,0.906044,0.4,0.986852,0.75,0.0464367,0.0001,0.0156722,999999,-1.135065e-01,3,Malaysian Exclusive Economic Zone,,,SVDNB_npp_d20140716_t1757431_e1803235_b14079_c20140717000324408388_noaa_ops.h5,GDNBO_npp_d20140716_t1757431_e1803235_b14079_c20140717000324408134_noaa_ops.h5,SVI04_npp_d20140716_t1757431_e1803235_b14079_c20140717000324402868_noaa_ops.dspace_rad,VNFF_npp_d20140716_t1757431_e1803235_b14079_v21.csv,World_EEZ_v8_2014.shp,WPP_BFAR_merge.shp,KKP_IDN_merge_20161208.shp,VNF-VBD_npp_20120301-20151231_global_asia-enhanced_c201607211230.bitmask,NCEI_NGA.union.nga_lead2.add_2015ntl.mask,timezone.shp,VBD_platforms-recurring_2015_r20170330.shp,999999,VBD_bridges_c20160811.shp,22.302559;20.657581;17.812403;13.013085;8.184108;3.331987;-1.539063;0.598278;2.699680;7.587820;12.484635;17.389103,102.195274;116.899490;131.129013;129.599106;128.217987;126.965988;125.829720;112.252083;98.601341;99.606560;100.547348;101.419044,npp_d20140716_t1757431_e1803235_b14079,144.608,40.2561,11.4108,-79.4768,34.7827,98.1734
2511,VBD_npp_d20140716_t1801578_x1147667E_y054928N_l2290_s2237_v23,2017-05-23 13:09:55,5.492842,114.766701,3.51431,2014-07-16 18:01:57,2014-07-17 02:01:57,2290,2237,0.436043,1,35041,0.237599,0.223766,0.630729,0.4,0.795016,0.75,0.0464703,0.0001,0.0162515,999999,-1.842270e-01,3,Malaysian Exclusive Economic Zone,,,SVDNB_npp_d20140716_t1757431_e1803235_b14079_c20140717000324408388_noaa_ops.h5,GDNBO_npp_d20140716_t1757431_e1803235_b14079_c20140717000324408134_noaa_ops.h5,SVI04_npp_d20140716_t1757431_e1803235_b14079_c20140717000324402868_noaa_ops.dspace_rad,VNFF_npp_d20140716_t1757431_e1803235_b14079_v21.csv,World_EEZ_v8_2014.shp,WPP_BFAR_merge.shp,KKP_IDN_merge_20161208.shp,VNF-VBD_npp_20120301-20151231_global_asia-enhanced_c201607211230.bitmask,NCEI_NGA.union.nga_lead2.add_2015ntl.mask,timezone.shp,VBD_platforms-recurring_2015_r20170330.shp,999999,VBD_bridges_c20160811.shp,22.302559;20.657581;17.812403;13.013085;8.184108;3.331987;-1.539063;0.598278;2.699680;7.587820;12.484635;17.389103,102.195274;116.899490;131.129013;129.599106;128.217987;126.965988;125.829720;112.252083;98.601341;99.606560;100.547348;101.419044,npp_d20140716_t1757431_e1803235_b14079,144.523,40.2552,11.7514,-82.6311,34.7407,98.2875
2512,VBD_npp_d20140716_t1802014_x1147186E_y052839N_l2322_s2237_v23,2017-05-23 13:09:55,5.283894,114.718590,6.19227,2014-07-16 18:02:01,2014-07-17 02:02:01,2322,2237,0.437369,8,51681,0.345044,0.216846,0.784393,0.4,0.820533,0.75,0.0464571,0.0001,0.0162434,999999,-1.331767e-01,3,Bruneian Exclusive Economic Zone,,,SVDNB_npp_d20140716_t1757431_e1803235_b14079_c20140717000324408388_noaa_ops.h5,GDNBO_npp_d20140716_t1757431_e1803235_b14079_c20140717000324408134_noaa_ops.h5,SVI04_npp_d20140716_t1757431_e1803235_b14079_c20140717000324402868_noaa_ops.dspace_rad,VNFF_npp_d20140716_t1757431_e1803235_b14079_v21.csv,World_EEZ_v8_2014.shp,WPP_BFAR_merge.shp,KKP_IDN_merge_20161208.shp,VNF-VBD_npp_20120301-20151231_global_asia-enhanced_c201607211230.bitmask,NCEI_NGA.union.nga_lead2.add_2015ntl.mask,timezone.shp,VBD_platforms-recurring_2015_r20170330.shp,0.256135,VBD_bridges_c20160811.shp,22.302559;20.657581;17.812403;13.013085;8.184108;3.331987;-1.539063;0.598278;2.699680;7.587820;12.484635;17.389103,102.195274;116.899490;131.129013;129.599106;128.217987;126.965988;125.829720;112.252083;98.601341;99.606560;100.547348;101.419044,npp_d20140716_t1757431_e1803235_b14079,144.704,40.4068,11.7481,-82.6402,34.7445,97.9724
2513,VBD_npp_d20140716_t1802014_x1147455E_y052382N_l2328_s2242_v23,2017-05-23 13:09:55,5.238226,114.745483,11.9709,2014-07-16 18:02:01,2014-07-17 02:02:01,2328,2242,0.441512,4,117221,0.279698,0.148895,0.84292,0.4,0.898455,0.75,0.0464789,0.0001,0.0167014,999999,3.681497e-01,3,Bruneian Exclusive Economic Zone,,,SVDNB_npp_d20140716_t1757431_e1803235_b14079_c20140717000324408388_noaa_ops.h5,GDNBO_npp_d20140716_t1757431_e1803235_b14079_c20140717000324408134_noaa_ops.h5,SVI04_npp_d20140716_t1757431_e1803235_b14079_c20140717000324402868_noaa_ops.dspace_rad,VNFF_npp_d20140716_t1757431_e1803235_b14079_v21.csv,World_EEZ_v8_2014.shp,WPP_BFAR_merge.shp,KKP_IDN_merge_20161208.shp,VNF-VBD_npp_20120301-20151231_global_asia-enhanced_c201607211230.bitmask,NCEI_NGA.union.nga_lead2.add_2015ntl.mask,timezone.shp,VBD_platforms-recurring_2015_r20170330.shp,0.384461,VBD_bridges_c20160811.shp,22.302559;20.657581;17.812403;13.013085;8.184108;3.331987;-1.539063;0.598278;2.699680;7.587820;12.484635;17.389103,102.195274;116.899490;131.129013;129.599106;128.217987;126.965988;125.829720;112.252083;98.601341;99.606560;100.547348;101.419044,npp_d20140716_t1757431_e1803235_b14079,144.721,40.48,12.0247,-80.9399,34.7112,97.9136
2514,VBD_npp_d20140716_t1802014_x1147412E_y052113N_l2332_s2242_v23,2017-05-23 13:09:55,5.211327,114.741165,5951.5,2014-07-16 18:02:01,2014-07-17 02:02:01,2332,2242,1.47293,4,100845,2.17142,0.0632735,0.850855,0.4,0.992984,0.75,0.0464773,0.0001,0.0166861,999999,9.998493e-01,3,Bruneian Exclusive Economic Zone,,,SVDNB_npp_d20140716_t1757431_e1803235_b14079_c20140717000324408388_noaa_ops.h5,GDNBO_npp_d20140716_t1757431_e1803235_b14079_c20140717000324408134_noaa_ops.h5,SVI04_npp_d20140716_t1757431_e1803235_b14079_c20140717000324402868_noaa_ops.dspace_rad,VNFF_npp_d20140716_t1757431_e1803235_b14079_v21.csv,World_EEZ_v8_2014.shp,WPP_BFAR_merge.shp,KKP_IDN_merge_20161208.shp,VNF-VBD_npp_20120301-20151231_global_asia-enhanced_c201607211230.bitmask,NCEI_NGA.union.nga_lead2.add_2015ntl.mask,timezone.shp,VBD_platforms-recurring_2015_r20170330.shp,999999,VBD_bridges_c20160811.shp,22.302559;20.657581;17.812403;13.013085;8.184108;3.331987;-1.539063;0.598278;2.699680;7.587820;12.484635;17.389103,102.195274;116.899490;131.129013;129.599106;128.217987;126.965988;125.829720;112.252083;98.601341;99.606560;100.547348;101.419044,npp_d20140716_t1757431_e1803235_b14079,144.744,40.4997,12.0267,-79.8333,34.7118,97.8731
2516,VBD_npp_d20140716_t1802014_x1147435E_y051833N_l2336_s2243_v23,2017-05-23 13:09:55,5.183345,114.743530,54.2506,2014-07-16 18:02:01,2014-07-17 02:02:01,2336,2243,0.44096,9,117217,0.87272,0.18075,0.837513,0.4,0.930251,0.75,0.0464805,0.0001,0.0167609,999999,1.331320e-01,3,,,,SVDNB_npp_d20140716_t1757431_e1803235_b14079_c20140717000324408388_noaa_ops.h5,GDNBO_npp_d20140716_t1757431_e1803235_b14079_c20140717000324408134_noaa_ops.h5,SVI04_npp_d20140716_t1757431_e1803235_b14079_c20140717000324402868_noaa_ops.dspace_rad,VNFF_npp_d20140716_t1757431_e1803235_b14079_v21.csv,World_EEZ_v8_2014.shp,WPP_BFAR_merge.shp,KKP_IDN_merge_20161208.shp,VNF-VBD_npp_20120301-20151231_global_asia-enhanced_c201607211230.bitmask,NCEI_NGA.union.nga_lead2.add_2015ntl.mask,timezone.shp,VBD_platforms-recurring_2015_r20170330.shp,0.527679,VBD_bridges_c20160811.shp,22.302559;20.657581;17.812403;13.013085;8.184108;3.331987;-1.539063;0.598278;2.699680;7.587820;12.484635;17.389103,102.195274;116.899490;131.129013;129.599106;128.217987;126.965988;125.829720;112.252083;98.601341;99.606560;100.547348;101.419044,npp_d20140716_t1757431_e1803235_b14079,144.764,40.5281,12.0894,-78.7367,34.7055,97.8329
2517,VBD_npp_d20140716_t1802014_x1147580E_y051879N_l2335_s2245_v23,2017-05-23 13:09:55,5.187907,114.757973,14.1493,2014-07-16 18:02:01,2014-07-17 02:02:01,2335,2245,0.443059,7,100769,0.372877,0.0632791,0.837513,0.4,0.742524,0.75,0.0464906,0.0001,0.0169572,999999,9.998081e-01,3,,,,SVDNB_npp_d20140716_t1757431_e1803235_b14079_c20140717000324408388_noaa_ops.h5,GDNBO_npp_d20140716_t1757431_e1803235_b14079_c20140717000324408134_noaa_ops.h5,SVI04_npp_d20140716_t1757431_e1803235_b14079_c20140717000324402868_noaa_ops.dspace_rad,VNFF_npp_d20140716_t1757431_e1803235_b14079_v21.csv,World_EEZ_v8_2014.shp,WPP_BFAR_merge.shp,KKP_IDN_merge_20161208.shp,VNF-VBD_npp_20120301-20151231_global_asia-enhanced_c201607211230.bitmask,NCEI_NGA.union.nga_lead2.add_2015ntl.mask,timezone.shp,VBD_platforms-recurring_2015_r20170330.shp,999999,VBD_bridges_c20160811.shp,22.302559;20.657581;17.812403;13.013085;8.184108;3.331987;-1.539063;0.598278;2.699680;7.587820;12.484635;17.389103,102.195274;116.899490;131.129013;129.599106;128.217987;126.965988;125.829720;112.252083;98.601341;99.606560;100.547348;101.419044,npp_d20140716_t1757431_e1803235_b14079,144.751,40.5407,12.2002,-79.0292,34.6917,97.8438
2518,VBD_npp_d20140716_t1801543_x1148903E_y056207N_l2268_s2250_v23,2017-05-23 13:09:55,5.620696,114.890282,735.123,2014-07-16 18:01:54,2014-07-17 02:01:54,2268,2250,0.31655,4,100845,1.38621,0.184229,0.762937,0.4,0.960898,0.75,0.0465414,0.0001,0.0174762,999999,1.074645e-01,3,Malaysian Exclusive Economic Zone,,,SVDNB_npp_d20140716_t1757431_e1803235_b14079_c20140717000324408388_noaa_ops.h5,GDNBO_npp_d20140716_t1757431_e1803235_b14079_c20140717000324408134_noaa_ops.h5,SVI04_npp_d20140716_t1757431_e1803235_b14079_c20140717000324402868_noaa_ops.dspace_rad,VNFF_npp_d20140716_t1757431_e1803235_b14079_v21.csv,World_EEZ_v8_2014.shp,WPP_BFAR_merge.shp,KKP_IDN_merge_20161208.shp,VNF-VBD_npp_20120301-20151231_global_asia-enhanced_c201607211230.bitmask,NCEI_NGA.union.nga_lead2.add_2015ntl.mask,timezone.shp,VBD_platforms-recurring_2015_r20170330.shp,999999,VBD_bridges_c20160811.shp,22.302559;20.657581;17.812403;13.013085;8.184108;3.331987;-1.539063;0.598278;2.699680;7.587820;12.484635;17.389103,102.195274;116.899490;131.129013;129.599106;128.217987;126.965988;125.829720;112.252083;98.601341;99.606560;100.547348;101.419044,npp_d20140716_t1757431_e1803235_b14079,144.355,40.2657,12.4787,-79.8538,34.6505,98.5084
2519,VBD_npp_d20140716_t1801561_x1149849E_y055661N_l2274_s2266_v23,2017-05-23 13:09:55,5.566122,114.984894,29.9379,2014-07-16 18:01:56,2014-07-17 02:01:56,2274,2266,0.41505,4,100837,0.798522,0.195069,0.800225,0.4,0.911395,0.75,0.0466169,0.0001,0.0190833,999999,2.749316e-02,3,Malaysian Exclusive Economic Zone,,,SVDNB_npp_d20140716_t1757431_e1803235_b14079_c20140717000324408388_noaa_ops.h5,GDNBO_npp_d20140716_t1757431_e1803235_b14079_c20140717000324408134_noaa_ops.h5,SVI04_npp_d20140716_t1757431_e1803235_b14079_c20140717000324402868_noaa_ops.dspace_rad,VNFF_npp_d20140716_t1757431_e1803235_b14079_v21.csv,World_EEZ_v8_2014.shp,WPP_BFAR_merge.shp,KKP_IDN_merge_20161208.shp,VNF-VBD_npp_20120301-20151231_global_asia-enhanced_c201607211230.bitmask,NCEI_NGA.union.nga_lead2.add_2015ntl.mask,timezone.shp,VBD_platforms-recurring_2015_r20170330.shp,999999,VBD_bridges_c20160811.shp,22.302559;20.657581;17.812403;13.013085;8.184108;3.331987;-1.539063;0.598278;2.699680;7.587820;12.484635;17.389103,102.195274;116.899490;131.129013;129.599106;128.217987;126.965988;125.829720;112.252083;98.601341;99.606560;100.547348;101.419044,npp_d20140716_t1757431_e1803235_b14079,144.331,40.4328,13.3858,-82.4061,34.5407,98.4604
2520,VBD_npp_d20140716_t1801401_x1153911E_y064411N_l2135_s2295_v23,2017-05-23 13:09:55,6.441066,115.391075,14.8702,2014-07-16 18:01:40,2014-07-17 02:01:40,2135,2295,0.43306,4,100837,0.644005,0.196923,0.855544,0.4,0.925357,0.75,0.0467986,0.0001,0.0221035,999999,1.380988e-02,3,Malaysian Exclusive Economic Zone,,,SVDNB_npp_d20140716_t1757431_e1803235_b14079_c20140717000324408388_noaa_ops.h5,GDNBO_npp_d20140716_t1757431_e1803235_b14079_c20140717000324408134_noaa_ops.h5,SVI04_npp_d20140716_t1757431_e1803235_b14079_c20140717000324402868_noaa_ops.dspace_rad,VNFF_npp_d20140716_t1757431_e1803235_b14079_v21.csv,World_EEZ_v8_2014.shp,WPP_BFAR_merge.shp,KKP_IDN_merge_20161208.shp,VNF-VBD_npp_20120301-20151231_global_asia-enhanced_c201607211230.bitmask,NCEI_NGA.union.nga_lead2.add_2015ntl.mask,timezone.shp,VBD_platforms-recurring_2015_r20170330.shp,999999,VBD_bridges_c20160811.shp,22.302559;20.657581;17.812403;13.013085;8.184108;3.331987;-1.539063;0.598278;2.699680;7.587820;12.484635;17.389103,102.195274;116.899490;131.129013;129.599106;128.217987;126.965988;125.829720;112.252083;98.601341;99.606560;100.547348;101.419044,npp_d20140716_t1757431_e1803235_b14079,143.445,40.0468,15.0091,-81.0779,34.3417,99.8646
2521,VBD_npp_d20140716_t1801507_x1152537E_y058541N_l2225_s2295_v23,2017-05-23 13:09:55,5.854091,115.253716,15.8996,2014-07-16 18:01:50,2014-07-17 02:01:50,2225,2295,0.43748,1,2529,0.649781,0.204111,0.888377,0.4,0.931802,0.75,0.0467728,0.0001,0.0221153,999999,-3.921658e-02,3,Malaysian Exclusive Economic Zone,,,SVDNB_npp_d20140716_t1757431_e1803235_b14079_c20140717000324408388_noaa_ops.h5,GDNBO_npp_d20140716_t1757431_e1803235_b14079_c20140717000324408134_noaa_ops.h5,SVI04_npp_d20140716_t1757431_e1803235_b14079_c20140717000324402868_noaa_ops.dspace_rad,VNFF_npp_d20140716_t1757431_e1803235_b14079_v21.csv,World_EEZ_v8_2014.shp,WPP_BFAR_merge.shp,KKP_IDN_merge_20161208.shp,VNF-VBD_npp_20120301-20151231_global_asia-enhanced_c201607211230.bitmask,NCEI_NGA.union.nga_lead2.add_2015ntl.mask,timezone.shp,VBD_platforms-recurring_2015_r20170330.shp,999999,VBD_bridges_c20160811.shp,22.302559;20.657581;17.812403;13.013085;8.184108;3.331987;-1.539063;0.598278;2.699680;7.587820;12.484635;17.389103,102.195274;116.899490;131.129013;129.599106;128.217987;126.965988;125.829720;112.252083;98.601341;99.606560;100.547348;101.419044,npp_d20140716_t1757431_e1803235_b14079,143.953,40.4572,15.017,-82.4137,34.3382,98.965
2522,VBD_npp_d20140716_t1801489_x1152833E_y058689N_l2222_s2298_v23,2017-05-23 13:09:55,5.868865,115.283348,13.4704,2014-07-16 18:01:48,2014-07-17 02:01:48,2222,2298,0.436982,1,2529,0.601533,0.192349,0.880866,0.4,0.914623,0.75,0.0467881,0.0001,0.0224228,999999,4.755793e-02,3,Malaysian Exclusive Economic Zone,,,SVDNB_npp_d20140716_t1757431_e1803235_b14079_c20140717000324408388_noaa_ops.h5,GDNBO_npp_d20140716_t1757431_e1803235_b14079_c20140717000324408134_noaa_ops.h5,SVI04_npp_d20140716_t1757431_e1803235_b14079_c20140717000324402868_noaa_ops.dspace_rad,VNFF_npp_d20140716_t1757431_e1803235_b14079_v21.csv,World_EEZ_v8_2014.shp,WPP_BFAR_merge.shp,KKP_IDN_merge_20161208.shp,VNF-VBD_npp_20120301-20151231_global_asia-enhanced_c201607211230.bitmask,NCEI_NGA.union.nga_lead2.add_2015ntl.mask,timezone.shp,VBD_platforms-recurring_2015_r20170330.shp,999999,VBD_bridges_c20160811.shp,22.302559;20.657581;17.812403;13.013085;8.184108;3.331987;-1.539063;0.598278;2.699680;7.587820;12.484635;17.389103,102.195274;116.899490;131.129013;129.599106;128.217987;126.965988;125.829720;112.252083;98.601341;99.606560;100.547348;101.419044,npp_d20140716_t1757431_e1803235_b14079,143.927,40.4694,15.177,-79.5901,34.3181,98.9945
2523,VBD_npp_d20140716_t1801472_x1154103E_y060183N_l2197_s2312_v23,2017-05-23 13:09:55,6.018317,115.410332,8.24584,2014-07-16 18:01:47,2014-07-17 02:01:47,2197,2312,0.438143,1,2529,0.456195,0.189132,0.849651,0.4,0.894702,0.75,0.0468634,0.0001,0.0239293,999999,7.129348e-02,3,Malaysian Exclusive Economic Zone,,,SVDNB_npp_d20140716_t1757431_e1803235_b14079_c20140717000324408388_noaa_ops.h5,GDNBO_npp_d20140716_t1757431_e1803235_b14079_c20140717000324408134_noaa_ops.h5,SVI04_npp_d20140716_t1757431_e1803235_b14079_c20140717000324402868_noaa_ops.dspace_rad,VNFF_npp_d20140716_t1757431_e1803235_b14079_v21.csv,World_EEZ_v8_2014.shp,WPP_BFAR_merge.shp,KKP_IDN_merge_20161208.shp,VNF-VBD_npp_20120301-20151231_global_asia-enhanced_c201607211230.bitmask,NCEI_NGA.union.nga_lead2.add_2015ntl.mask,timezone.shp,VBD_platforms-recurring_2015_r20170330.shp,999999,VBD_bridges_c20160811.shp,22.302559;20.657581;17.812403;13.013085;8.184108;3.331987;-1.539063;0.598278;2.699680;7.587820;12.484635;17.389103,102.195274;116.899490;131.129013;129.599106;128.217987;126.965988;125.829720;112.252083;98.601341;99.606560;100.547348;101.419044,npp_d20140716_t1757431_e1803235_b14079,143.736,40.4729,15.9424,-81.4899,34.2228,99.2565
2524,VBD_npp_d20140716_t1802014_x1152775E_y051662N_l2326_s2321_v23,2017-05-23 13:09:55,5.166203,115.277527,17.5178,2014-07-16 18:02:01,2014-07-17 02:02:01,2326,2321,0.43875,8,18913,0.699204,0.198502,0.816926,0.4,0.937023,0.75,0.0468608,0.0001,0.0248972,999999,2.161283e-03,3,Malaysian Exclusive Economic Zone,,,SVDNB_npp_d20140716_t1757431_e1803235_b14079_c20140717000324408388_noaa_ops.h5,GDNBO_npp_d20140716_t1757431_e1803235_b14079_c20140717000324408134_noaa_ops.h5,SVI04_npp_d20140716_t1757431_e1803235_b14079_c20140717000324402868_noaa_ops.dspace_rad,VNFF_npp_d20140716_t1757431_e1803235_b14079_v21.csv,World_EEZ_v8_2014.shp,WPP_BFAR_merge.shp,KKP_IDN_merge_20161208.shp,VNF-VBD_npp_20120301-20151231_global_asia-enhanced_c201607211230.bitmask,NCEI_NGA.union.nga_lead2.add_2015ntl.mask,timezone.shp,VBD_platforms-recurring_2015_r20170330.shp,0.284521,VBD_bridges_c20160811.shp,22.302559;20.657581;17.812403;13.013085;8.184108;3.331987;-1.539063;0.598278;2.699680;7.587820;12.484635;17.389103,102.195274;116.899490;131.129013;129.599106;128.217987;126.965988;125.829720;112.252083;98.601341;99.606560;100.547348;101.419044,npp_d20140716_t1757431_e1803235_b14079,144.429,41.1583,16.4346,-81.3089,34.1686,97.9647
2525,VBD_npp_d20140716_t1802014_x1153370E_y051498N_l2327_s2330_v23,2017-05-23 13:09:55,5.149769,115.336990,6.60267,2014-07-16 18:02:01,2014-07-17 02:02:01,2327,2330,0.44201,8,18913,0.392889,0.18751,0.808936,0.4,0.88975,0.75,0.0469036,0.0001,0.0258881,999999,8.326340e-02,3,Malaysian Exclusive Economic Zone,,,SVDNB_npp_d20140716_t1757431_e1803235_b14079_c20140717000324408388_noaa_ops.h5,GDNBO_npp_d20140716_t1757431_e1803235_b14079_c20140717000324408134_noaa_ops.h5,SVI04_npp_d20140716_t1757431_e1803235_b14079_c20140717000324402868_noaa_ops.dspace_rad,VNFF_npp_d20140716_t1757431_e1803235_b14079_v21.csv,World_EEZ_v8_2014.shp,WPP_BFAR_merge.shp,KKP_IDN_merge_20161208.shp,VNF-VBD_npp_20120301-20151231_global_asia-enhanced_c201607211230.bitmask,NCEI_NGA.union.nga_lead2.add_2015ntl.mask,timezone.shp,VBD_platforms-recurring_2015_r20170330.shp,0.405787,VBD_bridges_c20160811.shp,22.302559;20.657581;17.812403;13.013085;8.184108;3.331987;-1.539063;0.598278;2.699680;7.587820;12.484635;17.389103,102.195274;116.899490;131.129013;129.599106;128.217987;126.965988;125.829720;112.252083;98.601341;99.606560;100.547348;101.419044,npp_d20140716_t1757431_e1803235_b14079,144.402,41.241,16.9284,-81.1008,34.1068,97.9579
2526,VBD_npp_d20140716_t1801454_x1155509E_y060351N_l2191_s2331_v23,2017-05-23 13:09:55,6.035108,115.550888,4.02851,2014-07-16 18:01:45,2014-07-17 02:01:45,2191,2331,0.43632,2,2209,0.239447,0.221769,0.695001,0.4,0.749611,0.75,0.0469564,0.0001,0.0260108,999999,-1.694973e-01,3,Malaysian Exclusive Economic Zone,,,SVDNB_npp_d20140716_t1757431_e1803235_b14079_c20140717000324408388_noaa_ops.h5,GDNBO_npp_d20140716_t1757431_e1803235_b14079_c20140717000324408134_noaa_ops.h5,SVI04_npp_d20140716_t1757431_e1803235_b14079_c20140717000324402868_noaa_ops.dspace_rad,VNFF_npp_d20140716_t1757431_e1803235_b14079_v21.csv,World_EEZ_v8_2014.shp,WPP_BFAR_merge.shp,KKP_IDN_merge_20161208.shp,VNF-VBD_npp_20120301-20151231_global_asia-enhanced_c201607211230.bitmask,NCEI_NGA.union.nga_lead2.add_2015ntl.mask,timezone.shp,VBD_platforms-recurring_2015_r20170330.shp,999999,VBD_bridges_c20160811.shp,22.302559;20.657581;17.812403;13.013085;8.184108;3.331987;-1.539063;0.598278;2.699680;7.587820;12.484635;17.389103,102.195274;116.899490;131.129013;129.599106;128.217987;126.965988;125.829720;112.252083;98.601341;99.606560;100.547348;101.419044,npp_d20140716_t1757431_e1803235_b14079,143.638,40.6089,16.9859,-79.5067,34.0927,99.3279
2527,VBD_npp_d20140716_t1801365_x1157626E_y066045N_l2102_s2343_v23,2017-05-23 13:09:55,6.604507,115.762581,18.4492,2014-07-16 18:01:36,2014-07-17 02:01:36,2102,2343,0.424331,8,51681,0.562231,0.126043,0.856486,0.4,0.846318,0.75,0.0470367,0.0001,0.0273317,999999,5.367484e-01,3,Malaysian Exclusive Economic Zone,,,SVDNB_npp_d20140716_t1757431_e1803235_b14079_c20140717000324408388_noaa_ops.h5,GDNBO_npp_d20140716_t1757431_e1803235_b14079_c20140717000324408134_noaa_ops.h5,SVI04_npp_d20140716_t1757431_e1803235_b14079_c20140717000324402868_noaa_ops.dspace_rad,VNFF_npp_d20140716_t1757431_e1803235_b14079_v21.csv,World_EEZ_v8_2014.shp,WPP_BFAR_merge.shp,KKP_IDN_merge_20161208.shp,VNF-VBD_npp_20120301-20151231_global_asia-enhanced_c201607211230.bitmask,NCEI_NGA.union.nga_lead2.add_2015ntl.mask,timezone.shp,VBD_platforms-recurring_2015_r20170330.shp,0.452915,VBD_bridges_c20160811.shp,22.302559;20.657581;17.812403;13.013085;8.184108;3.331987;-1.539063;0.598278;2.699680;7.587820;12.484635;17.389103,102.195274;116.899490;131.129013;129.599106;128.217987;126.965988;125.829720;112.252083;98.601341;99.606560;100.547348;101.419044,npp_d20140716_t1757431_e1803235_b14079,143.092,40.3089,17.642,-81.1948,34.0161,100.241
2528,VBD_npp_d20140716_t1801365_x1157920E_y066135N_l2100_s2347_v23,2017-05-23 13:09:55,6.613531,115.792046,4428.91,2014-07-16 18:01:36,2014-07-17 02:01:36,2100,2347,0.435491,4,100845,2.13481,0.15545,0.860726,0.4,0.98734,0.75,0.0470563,0.0001,0.0277718,999999,3.197920e-01,3,Malaysian Exclusive Economic Zone,,,SVDNB_npp_d20140716_t1757431_e1803235_b14079_c20140717000324408388_noaa_ops.h5,GDNBO_npp_d20140716_t1757431_e1803235_b14079_c20140717000324408134_noaa_ops.h5,SVI04_npp_d20140716_t1757431_e1803235_b14079_c20140717000324402868_noaa_ops.dspace_rad,VNFF_npp_d20140716_t1757431_e1803235_b14079_v21.csv,World_EEZ_v8_2014.shp,WPP_BFAR_merge.shp,KKP_IDN_merge_20161208.shp,VNF-VBD_npp_20120301-20151231_global_asia-enhanced_c201607211230.bitmask,NCEI_NGA.union.nga_lead2.add_2015ntl.mask,timezone.shp,VBD_platforms-recurring_2015_r20170330.shp,999999,VBD_bridges_c20160811.shp,22.302559;20.657581;17.812403;13.013085;8.184108;3.331987;-1.539063;0.598278;2.699680;7.587820;12.484635;17.389103,102.195274;116.899490;131.129013;129.599106;128.217987;126.965988;125.829720;112.252083;98.601341;99.606560;100.547348;101.419044,npp_d20140716_t1757431_e1803235_b14079,143.066,40.3342,17.8632,-81.5547,33.9885,100.265
2529,VBD_npp_d20140716_t1801365_x1157877E_y065866N_l2104_s2347_v23,2017-05-23 13:09:55,6.586649,115.787651,36.8159,2014-07-16 18:01:36,2014-07-17 02:01:36,2104,2347,0.425934,9,100833,0.888334,0.202541,0.854864,0.4,0.964928,0.75,0.0470553,0.0001,0.0277933,999999,-2.763602e-02,3,,,,SVDNB_npp_d20140716_t1757431_e1803235_b14079_c20140717000324408388_noaa_ops.h5,GDNBO_npp_d20140716_t1757431_e1803235_b14079_c20140717000324408134_noaa_ops.h5,SVI04_npp_d20140716_t1757431_e1803235_b14079_c20140717000324402868_noaa_ops.dspace_rad,VNFF_npp_d20140716_t1757431_e1803235_b14079_v21.csv,World_EEZ_v8_2014.shp,WPP_BFAR_merge.shp,KKP_IDN_merge_20161208.shp,VNF-VBD_npp_20120301-20151231_global_asia-enhanced_c201607211230.bitmask,NCEI_NGA.union.nga_lead2.add_2015ntl.mask,timezone.shp,VBD_platforms-recurring_2015_r20170330.shp,999999,VBD_bridges_c20160811.shp,22.302559;20.657581;17.812403;13.013085;8.184108;3.331987;-1.539063;0.598278;2.699680;7.587820;12.484635;17.389103,102.195274;116.899490;131.129013;129.599106;128.217987;126.965988;125.829720;112.252083;98.601341;99.606560;100.547348;101.419044,npp_d20140716_t1757431_e1803235_b14079,143.089,40.3524,17.8615,-80.8212,33.988,100.224
2530,VBD_npp_d20140716_t1802014_x1154644E_y051637N_l2322_s2348_v23,2017-05-23 13:09:55,5.163723,115.464417,4.31382,2014-07-16 18:02:01,2014-07-17 02:02:01,2322,2348,0.440408,2,2209,0.226219,0.19261,0.661011,0.4,0.718075,0.75,0.0469919,0.0001,0.0279274,999999,4.563131e-02,3,Malaysian Exclusive Economic Zone,,,SVDNB_npp_d20140716_t1757431_e1803235_b14079_c20140717000324408388_noaa_ops.h5,GDNBO_npp_d20140716_t1757431_e1803235_b14079_c20140717000324408134_noaa_ops.h5,SVI04_npp_d20140716_t1757431_e1803235_b14079_c20140717000324402868_noaa_ops.dspace_rad,VNFF_npp_d20140716_t1757431_e1803235_b14079_v21.csv,World_EEZ_v8_2014.shp,WPP_BFAR_merge.shp,KKP_IDN_merge_20161208.shp,VNF-VBD_npp_20120301-20151231_global_asia-enhanced_c201607211230.bitmask,NCEI_NGA.union.nga_lead2.add_2015ntl.mask,timezone.shp,VBD_platforms-recurring_2015_r20170330.shp,999999,VBD_bridges_c20160811.shp,22.302559;20.657581;17.812403;13.013085;8.184108;3.331987;-1.539063;0.598278;2.699680;7.587820;12.484635;17.389103,102.195274;116.899490;131.129013;129.599106;128.217987;126.965988;125.829720;112.252083;98.601341;99.606560;100.547348;101.419044,npp_d20140716_t1757431_e1803235_b14079,144.308,41.3726,17.9214,-81.9971,33.9812,98.0169
2531,VBD_npp_d20140716_t1801383_x1157772E_y064798N_l2120_s2349_v23,2017-05-23 13:09:55,6.479782,115.777161,16.5475,2014-07-16 18:01:38,2014-07-17 02:01:38,2120,2349,0.425215,1,35297,0.653232,0.190409,0.854089,0.4,0.916749,0.75,0.0470609,0.0001,0.0280268,999999,6.187331e-02,3,Malaysian Exclusive Economic Zone,,,SVDNB_npp_d20140716_t1757431_e1803235_b14079_c20140717000324408388_noaa_ops.h5,GDNBO_npp_d20140716_t1757431_e1803235_b14079_c20140717000324408134_noaa_ops.h5,SVI04_npp_d20140716_t1757431_e1803235_b14079_c20140717000324402868_noaa_ops.dspace_rad,VNFF_npp_d20140716_t1757431_e1803235_b14079_v21.csv,World_EEZ_v8_2014.shp,WPP_BFAR_merge.shp,KKP_IDN_merge_20161208.shp,VNF-VBD_npp_20120301-20151231_global_asia-enhanced_c201607211230.bitmask,NCEI_NGA.union.nga_lead2.add_2015ntl.mask,timezone.shp,VBD_platforms-recurring_2015_r20170330.shp,999999,VBD_bridges_c20160811.shp,22.302559;20.657581;17.812403;13.013085;8.184108;3.331987;-1.539063;0.598278;2.699680;7.587820;12.484635;17.389103,102.195274;116.899490;131.129013;129.599106;128.217987;126.965988;125.829720;112.252083;98.601341;99.606560;100.547348;101.419044,npp_d20140716_t1757431_e1803235_b14079,143.173,40.4413,17.9717,-80.8201,33.9722,100.063
2532,VBD_npp_d20140716_t1801329_x1158933E_y068000N_l2070_s2355_v23,2017-05-23 13:09:55,6.799984,115.893257,20.0774,2014-07-16 18:01:32,2014-07-17 02:01:32,2070,2355,0.428972,1,2529,0.736086,0.191942,0.886118,0.4,0.934393,0.75,0.0471015,0.0001,0.0286793,999999,5.055956e-02,3,Malaysian Exclusive Economic Zone,,,SVDNB_npp_d20140716_t1757431_e1803235_b14079_c20140717000324408388_noaa_ops.h5,GDNBO_npp_d20140716_t1757431_e1803235_b14079_c20140717000324408134_noaa_ops.h5,SVI04_npp_d20140716_t1757431_e1803235_b14079_c20140717000324402868_noaa_ops.dspace_rad,VNFF_npp_d20140716_t1757431_e1803235_b14079_v21.csv,World_EEZ_v8_2014.shp,WPP_BFAR_merge.shp,KKP_IDN_merge_20161208.shp,VNF-VBD_npp_20120301-20151231_global_asia-enhanced_c201607211230.bitmask,NCEI_NGA.union.nga_lead2.add_2015ntl.mask,timezone.shp,VBD_platforms-recurring_2015_r20170330.shp,999999,VBD_bridges_c20160811.shp,22.302559;20.657581;17.812403;13.013085;8.184108;3.331987;-1.539063;0.598278;2.699680;7.587820;12.484635;17.389103,102.195274;116.899490;131.129013;129.599106;128.217987;126.965988;125.829720;112.252083;98.601341;99.606560;100.547348;101.419044,npp_d20140716_t1757431_e1803235_b14079,142.868,40.2712,18.305,-81.162,33.9366,100.578
2533,VBD_npp_d20140716_t1802032_x1154998E_y050357N_l2340_s2357_v23,2017-05-23 13:09:55,5.035708,115.499794,5.21413,2014-07-16 18:02:03,2014-07-17 02:02:03,2340,2357,0.439247,2,2465,0.271855,0.210536,0.822471,0.4,0.74046,0.75,0.0470278,0.0001,0.028942,999999,-8.662171e-02,3,Malaysian Exclusive Economic Zone,,,SVDNB_npp_d20140716_t1757431_e1803235_b14079_c20140717000324408388_noaa_ops.h5,GDNBO_npp_d20140716_t1757431_e1803235_b14079_c20140717000324408134_noaa_ops.h5,SVI04_npp_d20140716_t1757431_e1803235_b14079_c20140717000324402868_noaa_ops.dspace_rad,VNFF_npp_d20140716_t1757431_e1803235_b14079_v21.csv,World_EEZ_v8_2014.shp,WPP_BFAR_merge.shp,KKP_IDN_merge_20161208.shp,VNF-VBD_npp_20120301-20151231_global_asia-enhanced_c201607211230.bitmask,NCEI_NGA.union.nga_lead2.add_2015ntl.mask,timezone.shp,VBD_platforms-recurring_2015_r20170330.shp,999999,VBD_bridges_c20160811.shp,22.302559;20.657581;17.812403;13.013085;8.184108;3.331987;-1.539063;0.598278;2.699680;7.587820;12.484635;17.389103,102.195274;116.899490;131.129013;129.599106;128.217987;126.965988;125.829720;112.252083;98.601341;99.606560;100.547348;101.419044,npp_d20140716_t1757431_e1803235_b14079,144.376,41.539,18.4153,-81.6077,33.9207,97.837
2534,VBD_npp_d20140716_t1801312_x1159482E_y068784N_l2057_s2360_v23,2017-05-23 13:09:55,6.878411,115.948212,16.0761,2014-07-16 18:01:31,2014-07-17 02:01:31,2057,2360,0.427646,1,2529,0.637491,0.204428,0.864174,0.4,0.900474,0.75,0.0471282,0.0001,0.0292558,999999,-4.155387e-02,3,Malaysian Exclusive Economic Zone,,,SVDNB_npp_d20140716_t1757431_e1803235_b14079_c20140717000324408388_noaa_ops.h5,GDNBO_npp_d20140716_t1757431_e1803235_b14079_c20140717000324408134_noaa_ops.h5,SVI04_npp_d20140716_t1757431_e1803235_b14079_c20140717000324402868_noaa_ops.dspace_rad,VNFF_npp_d20140716_t1757431_e1803235_b14079_v21.csv,World_EEZ_v8_2014.shp,WPP_BFAR_merge.shp,KKP_IDN_merge_20161208.shp,VNF-VBD_npp_20120301-20151231_global_asia-enhanced_c201607211230.bitmask,NCEI_NGA.union.nga_lead2.add_2015ntl.mask,timezone.shp,VBD_platforms-recurring_2015_r20170330.shp,999999,VBD_bridges_c20160811.shp,22.302559;20.657581;17.812403;13.013085;8.184108;3.331987;-1.539063;0.598278;2.699680;7.587820;12.484635;17.389103,102.195274;116.899490;131.129013;129.599106;128.217987;126.965988;125.829720;112.252083;98.601341;99.606560;100.547348;101.419044,npp_d20140716_t1757431_e1803235_b14079,142.778,40.2575,18.5778,-80.6123,33.904,100.714
2535,VBD_npp_d20140716_t1801365_x1158679E_y065182N_l2112_s2360_v23,2017-05-23 13:09:55,6.518207,115.867851,4.26534,2014-07-16 18:01:36,2014-07-17 02:01:36,2112,2360,0.424663,7,34977,0.227389,0.198498,0.70071,0.4,0.710445,0.75,0.0471156,0.0001,0.0292936,999999,2.194239e-03,3,,,,SVDNB_npp_d20140716_t1757431_e1803235_b14079_c20140717000324408388_noaa_ops.h5,GDNBO_npp_d20140716_t1757431_e1803235_b14079_c20140717000324408134_noaa_ops.h5,SVI04_npp_d20140716_t1757431_e1803235_b14079_c20140717000324402868_noaa_ops.dspace_rad,VNFF_npp_d20140716_t1757431_e1803235_b14079_v21.csv,World_EEZ_v8_2014.shp,WPP_BFAR_merge.shp,KKP_IDN_merge_20161208.shp,VNF-VBD_npp_20120301-20151231_global_asia-enhanced_c201607211230.bitmask,NCEI_NGA.union.nga_lead2.add_2015ntl.mask,timezone.shp,VBD_platforms-recurring_2015_r20170330.shp,999999,VBD_bridges_c20160811.shp,22.302559;20.657581;17.812403;13.013085;8.184108;3.331987;-1.539063;0.598278;2.699680;7.587820;12.484635;17.389103,102.195274;116.899490;131.129013;129.599106;128.217987;126.965988;125.829720;112.252083;98.601341;99.606560;100.547348;101.419044,npp_d20140716_t1757431_e1803235_b14079,143.09,40.5015,18.5815,-79.4009,33.8961,100.152
2536,VBD_npp_d20140716_t1801347_x1159070E_y066684N_l2089_s2361_v23,2017-05-23 13:09:55,6.668402,115.906998,57.0593,2014-07-16 18:01:34,2014-07-17 02:01:34,2089,2361,0.428806,1,35297,1.10121,0.1998,0.9062,0.4,0.964894,0.75,0.047126,0.0001,0.0293917,999999,-7.415906e-03,3,Malaysian Exclusive Economic Zone,,,SVDNB_npp_d20140716_t1757431_e1803235_b14079_c20140717000324408388_noaa_ops.h5,GDNBO_npp_d20140716_t1757431_e1803235_b14079_c20140717000324408134_noaa_ops.h5,SVI04_npp_d20140716_t1757431_e1803235_b14079_c20140717000324402868_noaa_ops.dspace_rad,VNFF_npp_d20140716_t1757431_e1803235_b14079_v21.csv,World_EEZ_v8_2014.shp,WPP_BFAR_merge.shp,KKP_IDN_merge_20161208.shp,VNF-VBD_npp_20120301-20151231_global_asia-enhanced_c201607211230.bitmask,NCEI_NGA.union.nga_lead2.add_2015ntl.mask,timezone.shp,VBD_platforms-recurring_2015_r20170330.shp,999999,VBD_bridges_c20160811.shp,22.302559;20.657581;17.812403;13.013085;8.184108;3.331987;-1.539063;0.598278;2.699680;7.587820;12.484635;17.389103,102.195274;116.899490;131.129013;129.599106;128.217987;126.965988;125.829720;112.252083;98.601341;99.606560;100.547348;101.419044,npp_d20140716_t1757431_e1803235_b14079,142.955,40.4075,18.6352,-80.6241,33.8916,100.389
2537,VBD_npp_d20140716_t1801312_x1159664E_y069032N_l2053_s2362_v23,2017-05-23 13:09:55,6.903153,115.966408,8.55428,2014-07-16 18:01:31,2014-07-17 02:01:31,2053,2362,0.433557,1,2529,0.451885,0.17844,0.847417,0.4,0.884872,0.75,0.0471386,0.0001,0.0294548,999999,1.501745e-01,3,Malaysian Exclusive Economic Zone,,,SVDNB_npp_d20140716_t1757431_e1803235_b14079_c20140717000324408388_noaa_ops.h5,GDNBO_npp_d20140716_t1757431_e1803235_b14079_c20140717000324408134_noaa_ops.h5,SVI04_npp_d20140716_t1757431_e1803235_b14079_c20140717000324402868_noaa_ops.dspace_rad,VNFF_npp_d20140716_t1757431_e1803235_b14079_v21.csv,World_EEZ_v8_2014.shp,WPP_BFAR_merge.shp,KKP_IDN_merge_20161208.shp,VNF-VBD_npp_20120301-20151231_global_asia-enhanced_c201607211230.bitmask,NCEI_NGA.union.nga_lead2.add_2015ntl.mask,timezone.shp,VBD_platforms-recurring_2015_r20170330.shp,999999,VBD_bridges_c20160811.shp,22.302559;20.657581;17.812403;13.013085;8.184108;3.331987;-1.539063;0.598278;2.699680;7.587820;12.484635;17.389103,102.195274;116.899490;131.129013;129.599106;128.217987;126.965988;125.829720;112.252083;98.601341;99.606560;100.547348;101.419044,npp_d20140716_t1757431_e1803235_b14079,142.747,40.2568,18.6889,-81.3141,33.8907,100.758
2538,VBD_npp_d20140716_t1801329_x1159436E_y068057N_l2068_s2362_v23,2017-05-23 13:09:55,6.805671,115.943581,9.88795,2014-07-16 18:01:32,2014-07-17 02:01:32,2068,2362,0.428751,1,2529,0.496128,0.196843,0.879742,0.4,0.88929,0.75,0.0471354,0.0001,0.0294624,999999,1.440230e-02,3,Malaysian Exclusive Economic Zone,,,SVDNB_npp_d20140716_t1757431_e1803235_b14079_c20140717000324408388_noaa_ops.h5,GDNBO_npp_d20140716_t1757431_e1803235_b14079_c20140717000324408134_noaa_ops.h5,SVI04_npp_d20140716_t1757431_e1803235_b14079_c20140717000324402868_noaa_ops.dspace_rad,VNFF_npp_d20140716_t1757431_e1803235_b14079_v21.csv,World_EEZ_v8_2014.shp,WPP_BFAR_merge.shp,KKP_IDN_merge_20161208.shp,VNF-VBD_npp_20120301-20151231_global_asia-enhanced_c201607211230.bitmask,NCEI_NGA.union.nga_lead2.add_2015ntl.mask,timezone.shp,VBD_platforms-recurring_2015_r20170330.shp,999999,VBD_bridges_c20160811.shp,22.302559;20.657581;17.812403;13.013085;8.184108;3.331987;-1.539063;0.598278;2.699680;7.587820;12.484635;17.389103,102.195274;116.899490;131.129013;129.599106;128.217987;126.965988;125.829720;112.252083;98.601341;99.606560;100.547348;101.419044,npp_d20140716_t1757431_e1803235_b14079,142.831,40.3226,18.6916,-81.5014,33.8878,100.606
2539,VBD_npp_d20140716_t1801329_x1159380E_y067719N_l2073_s2362_v23,2017-05-23 13:09:55,6.771931,115.938049,4.74058,2014-07-16 18:01:32,2014-07-17 02:01:32,2073,2362,0.430906,1,2529,0.277777,0.192327,0.862628,0.4,0.792222,0.75,0.0471344,0.0001,0.0294972,999999,4.771820e-02,3,Malaysian Exclusive Economic Zone,,,SVDNB_npp_d20140716_t1757431_e1803235_b14079_c20140717000324408388_noaa_ops.h5,GDNBO_npp_d20140716_t1757431_e1803235_b14079_c20140717000324408134_noaa_ops.h5,SVI04_npp_d20140716_t1757431_e1803235_b14079_c20140717000324402868_noaa_ops.dspace_rad,VNFF_npp_d20140716_t1757431_e1803235_b14079_v21.csv,World_EEZ_v8_2014.shp,WPP_BFAR_merge.shp,KKP_IDN_merge_20161208.shp,VNF-VBD_npp_20120301-20151231_global_asia-enhanced_c201607211230.bitmask,NCEI_NGA.union.nga_lead2.add_2015ntl.mask,timezone.shp,VBD_platforms-recurring_2015_r20170330.shp,999999,VBD_bridges_c20160811.shp,22.302559;20.657581;17.812403;13.013085;8.184108;3.331987;-1.539063;0.598278;2.699680;7.587820;12.484635;17.389103,102.195274;116.899490;131.129013;129.599106;128.217987;126.965988;125.829720;112.252083;98.601341;99.606560;100.547348;101.419044,npp_d20140716_t1757431_e1803235_b14079,142.861,40.3452,18.6899,-80.6239,33.887,100.553
2540,VBD_npp_d20140716_t1801365_x1158984E_y065756N_l2103_s2363_v23,2017-05-23 13:09:55,6.575556,115.898422,23.7492,2014-07-16 18:01:36,2014-07-17 02:01:36,2103,2363,0.414608,1,35297,0.75867,0.207256,0.851632,0.4,0.932515,0.75,0.0471322,0.0001,0.0296108,999999,-6.242231e-02,3,Malaysian Exclusive Economic Zone,,,SVDNB_npp_d20140716_t1757431_e1803235_b14079_c20140717000324408388_noaa_ops.h5,GDNBO_npp_d20140716_t1757431_e1803235_b14079_c20140717000324408134_noaa_ops.h5,SVI04_npp_d20140716_t1757431_e1803235_b14079_c20140717000324402868_noaa_ops.dspace_rad,VNFF_npp_d20140716_t1757431_e1803235_b14079_v21.csv,World_EEZ_v8_2014.shp,WPP_BFAR_merge.shp,KKP_IDN_merge_20161208.shp,VNF-VBD_npp_20120301-20151231_global_asia-enhanced_c201607211230.bitmask,NCEI_NGA.union.nga_lead2.add_2015ntl.mask,timezone.shp,VBD_platforms-recurring_2015_r20170330.shp,999999,VBD_bridges_c20160811.shp,22.302559;20.657581;17.812403;13.013085;8.184108;3.331987;-1.539063;0.598278;2.699680;7.587820;12.484635;17.389103,102.195274;116.899490;131.129013;129.599106;128.217987;126.965988;125.829720;112.252083;98.601341;99.606560;100.547348;101.419044,npp_d20140716_t1757431_e1803235_b14079,143.026,40.4861,18.7422,-80.9865,33.8761,100.25
2541,VBD_npp_d20140716_t1801347_x1159437E_y066763N_l2087_s2366_v23,2017-05-23 13:09:55,6.676291,115.943665,12.569,2014-07-16 18:01:34,2014-07-17 02:01:34,2087,2366,0.427425,1,2529,0.55694,0.196934,0.905146,0.4,0.897745,0.75,0.0471505,0.0001,0.0299533,999999,1.373149e-02,3,Malaysian Exclusive Economic Zone,,,SVDNB_npp_d20140716_t1757431_e1803235_b14079_c20140717000324408388_noaa_ops.h5,GDNBO_npp_d20140716_t1757431_e1803235_b14079_c20140717000324408134_noaa_ops.h5,SVI04_npp_d20140716_t1757431_e1803235_b14079_c20140717000324402868_noaa_ops.dspace_rad,VNFF_npp_d20140716_t1757431_e1803235_b14079_v21.csv,World_EEZ_v8_2014.shp,WPP_BFAR_merge.shp,KKP_IDN_merge_20161208.shp,VNF-VBD_npp_20120301-20151231_global_asia-enhanced_c201607211230.bitmask,NCEI_NGA.union.nga_lead2.add_2015ntl.mask,timezone.shp,VBD_platforms-recurring_2015_r20170330.shp,999999,VBD_bridges_c20160811.shp,22.302559;20.657581;17.812403;13.013085;8.184108;3.331987;-1.539063;0.598278;2.699680;7.587820;12.484635;17.389103,102.195274;116.899490;131.129013;129.599106;128.217987;126.965988;125.829720;112.252083;98.601341;99.606560;100.547348;101.419044,npp_d20140716_t1757431_e1803235_b14079,142.925,40.4417,18.9108,-80.9706,33.8567,100.415
2542,VBD_npp_d20140716_t1801347_x1159608E_y066943N_l2084_s2368_v23,2017-05-23 13:09:55,6.694324,115.960808,18.2772,2014-07-16 18:01:34,2014-07-17 02:01:34,2084,2368,0.428309,1,2529,0.693447,0.203415,0.886145,0.4,0.920074,0.75,0.0471608,0.0001,0.030162,999999,-3.408281e-02,3,Malaysian Exclusive Economic Zone,,,SVDNB_npp_d20140716_t1757431_e1803235_b14079_c20140717000324408388_noaa_ops.h5,GDNBO_npp_d20140716_t1757431_e1803235_b14079_c20140717000324408134_noaa_ops.h5,SVI04_npp_d20140716_t1757431_e1803235_b14079_c20140717000324402868_noaa_ops.dspace_rad,VNFF_npp_d20140716_t1757431_e1803235_b14079_v21.csv,World_EEZ_v8_2014.shp,WPP_BFAR_merge.shp,KKP_IDN_merge_20161208.shp,VNF-VBD_npp_20120301-20151231_global_asia-enhanced_c201607211230.bitmask,NCEI_NGA.union.nga_lead2.add_2015ntl.mask,timezone.shp,VBD_platforms-recurring_2015_r20170330.shp,999999,VBD_bridges_c20160811.shp,22.302559;20.657581;17.812403;13.013085;8.184108;3.331987;-1.539063;0.598278;2.699680;7.587820;12.484635;17.389103,102.195274;116.899490;131.129013;129.599106;128.217987;126.965988;125.829720;112.252083;98.601341;99.606560;100.547348;101.419044,npp_d20140716_t1757431_e1803235_b14079,142.9,40.4454,19.0224,-81.486,33.843,100.449
2543,VBD_npp_d20140716_t1801347_x1159613E_y066109N_l2096_s2370_v23,2017-05-23 13:09:55,6.610919,115.961342,11.8491,2014-07-16 18:01:34,2014-07-17 02:01:34,2096,2370,0.419636,1,35297,0.519428,0.198476,0.859507,0.4,0.877107,0.75,0.0471674,0.0001,0.0304459,999999,2.355806e-03,3,Malaysian Exclusive Economic Zone,,,SVDNB_npp_d20140716_t1757431_e1803235_b14079_c20140717000324408388_noaa_ops.h5,GDNBO_npp_d20140716_t1757431_e1803235_b14079_c20140717000324408134_noaa_ops.h5,SVI04_npp_d20140716_t1757431_e1803235_b14079_c20140717000324402868_noaa_ops.dspace_rad,VNFF_npp_d20140716_t1757431_e1803235_b14079_v21.csv,World_EEZ_v8_2014.shp,WPP_BFAR_merge.shp,KKP_IDN_merge_20161208.shp,VNF-VBD_npp_20120301-20151231_global_asia-enhanced_c201607211230.bitmask,NCEI_NGA.union.nga_lead2.add_2015ntl.mask,timezone.shp,VBD_platforms-recurring_2015_r20170330.shp,999999,VBD_bridges_c20160811.shp,22.302559;20.657581;17.812403;13.013085;8.184108;3.331987;-1.539063;0.598278;2.699680;7.587820;12.484635;17.389103,102.195274;116.899490;131.129013;129.599106;128.217987;126.965988;125.829720;112.252083;98.601341;99.606560;100.547348;101.419044,npp_d20140716_t1757431_e1803235_b14079,142.964,40.5177,19.1355,-79.4217,33.8272,100.324
2544,VBD_npp_d20140716_t1801365_x1159603E_y066072N_l2097_s2371_v23,2017-05-23 13:09:55,6.607169,115.960327,24.6102,2014-07-16 18:01:36,2014-07-17 02:01:36,2097,2371,0.415713,7,35233,0.776063,0.204185,0.857394,0.4,0.731577,0.75,0.0471719,0.0001,0.0304863,999999,-3.976270e-02,3,,,,SVDNB_npp_d20140716_t1757431_e1803235_b14079_c20140717000324408388_noaa_ops.h5,GDNBO_npp_d20140716_t1757431_e1803235_b14079_c20140717000324408134_noaa_ops.h5,SVI04_npp_d20140716_t1757431_e1803235_b14079_c20140717000324402868_noaa_ops.dspace_rad,VNFF_npp_d20140716_t1757431_e1803235_b14079_v21.csv,World_EEZ_v8_2014.shp,WPP_BFAR_merge.shp,KKP_IDN_merge_20161208.shp,VNF-VBD_npp_20120301-20151231_global_asia-enhanced_c201607211230.bitmask,NCEI_NGA.union.nga_lead2.add_2015ntl.mask,timezone.shp,VBD_platforms-recurring_2015_r20170330.shp,999999,VBD_bridges_c20160811.shp,22.302559;20.657581;17.812403;13.013085;8.184108;3.331987;-1.539063;0.598278;2.699680;7.587820;12.484635;17.389103,102.195274;116.899490;131.129013;129.599106;128.217987;126.965988;125.829720;112.252083;98.601341;99.606560;100.547348;101.419044,npp_d20140716_t1757431_e1803235_b14079,142.962,40.528,19.1874,-82.0044,33.8204,100.321
2545,VBD_npp_d20140716_t1801347_x1159993E_y066255N_l2093_s2375_v23,2017-05-23 13:09:55,6.625514,115.999306,13.8285,2014-07-16 18:01:34,2014-07-17 02:01:34,2093,2375,0.416763,8,51681,0.593089,0.216664,0.837646,0.4,0.907428,0.75,0.0471921,0.0001,0.0310148,999999,-1.318312e-01,3,Malaysian Exclusive Economic Zone,,,SVDNB_npp_d20140716_t1757431_e1803235_b14079_c20140717000324408388_noaa_ops.h5,GDNBO_npp_d20140716_t1757431_e1803235_b14079_c20140717000324408134_noaa_ops.h5,SVI04_npp_d20140716_t1757431_e1803235_b14079_c20140717000324402868_noaa_ops.dspace_rad,VNFF_npp_d20140716_t1757431_e1803235_b14079_v21.csv,World_EEZ_v8_2014.shp,WPP_BFAR_merge.shp,KKP_IDN_merge_20161208.shp,VNF-VBD_npp_20120301-20151231_global_asia-enhanced_c201607211230.bitmask,NCEI_NGA.union.nga_lead2.add_2015ntl.mask,timezone.shp,VBD_platforms-recurring_2015_r20170330.shp,0.526078,VBD_bridges_c20160811.shp,22.302559;20.657581;17.812403;13.013085;8.184108;3.331987;-1.539063;0.598278;2.699680;7.587820;12.484635;17.389103,102.195274;116.899490;131.129013;129.599106;128.217987;126.965988;125.829720;112.252083;98.601341;99.606560;100.547348;101.419044,npp_d20140716_t1757431_e1803235_b14079,142.928,40.5475,19.4081,-79.9452,33.7922,100.361
2546,VBD_npp_d20140716_t1801312_x1160555E_y068400N_l2060_s2376_v23,2017-05-23 13:09:55,6.840010,116.055504,22.1325,2014-07-16 18:01:31,2014-07-17 02:01:31,2060,2376,0.431845,1,2529,0.75711,0.181012,0.884353,0.4,0.941001,0.75,0.0472041,0.0001,0.0311089,999999,1.312003e-01,3,Malaysian Exclusive Economic Zone,,,SVDNB_npp_d20140716_t1757431_e1803235_b14079_c20140717000324408388_noaa_ops.h5,GDNBO_npp_d20140716_t1757431_e1803235_b14079_c20140717000324408134_noaa_ops.h5,SVI04_npp_d20140716_t1757431_e1803235_b14079_c20140717000324402868_noaa_ops.dspace_rad,VNFF_npp_d20140716_t1757431_e1803235_b14079_v21.csv,World_EEZ_v8_2014.shp,WPP_BFAR_merge.shp,KKP_IDN_merge_20161208.shp,VNF-VBD_npp_20120301-20151231_global_asia-enhanced_c201607211230.bitmask,NCEI_NGA.union.nga_lead2.add_2015ntl.mask,timezone.shp,VBD_platforms-recurring_2015_r20170330.shp,999999,VBD_bridges_c20160811.shp,22.302559;20.657581;17.812403;13.013085;8.184108;3.331987;-1.539063;0.598278;2.699680;7.587820;12.484635;17.389103,102.195274;116.899490;131.129013;129.599106;128.217987;126.965988;125.829720;112.252083;98.601341;99.606560;100.547348;101.419044,npp_d20140716_t1757431_e1803235_b14079,142.738,40.4099,19.4603,-80.1032,33.7905,100.699
2547,VBD_npp_d20140716_t1801436_x1159072E_y061542N_l2165_s2378_v23,2017-05-23 13:09:55,6.154156,115.907242,26.2091,2014-07-16 18:01:43,2014-07-17 02:01:43,2165,2378,0.438364,1,2529,0.822614,0.211971,0.876122,0.4,0.942899,0.75,0.0471887,0.0001,0.0313442,999999,-9.720728e-02,3,Malaysian Exclusive Economic Zone,,,SVDNB_npp_d20140716_t1757431_e1803235_b14079_c20140717000324408388_noaa_ops.h5,GDNBO_npp_d20140716_t1757431_e1803235_b14079_c20140717000324408134_noaa_ops.h5,SVI04_npp_d20140716_t1757431_e1803235_b14079_c20140717000324402868_noaa_ops.dspace_rad,VNFF_npp_d20140716_t1757431_e1803235_b14079_v21.csv,World_EEZ_v8_2014.shp,WPP_BFAR_merge.shp,KKP_IDN_merge_20161208.shp,VNF-VBD_npp_20120301-20151231_global_asia-enhanced_c201607211230.bitmask,NCEI_NGA.union.nga_lead2.add_2015ntl.mask,timezone.shp,VBD_platforms-recurring_2015_r20170330.shp,999999,VBD_bridges_c20160811.shp,22.302559;20.657581;17.812403;13.013085;8.184108;3.331987;-1.539063;0.598278;2.699680;7.587820;12.484635;17.389103,102.195274;116.899490;131.129013;129.599106;128.217987;126.965988;125.829720;112.252083;98.601341;99.606560;100.547348;101.419044,npp_d20140716_t1757431_e1803235_b14079,143.321,40.896,19.5658,-81.3176,33.765,99.6302
2548,VBD_npp_d20140716_t1801436_x1159117E_y061398N_l2167_s2379_v23,2017-05-23 13:09:55,6.139849,115.911697,4.52812,2014-07-16 18:01:43,2014-07-17 02:01:43,2167,2379,0.437424,7,2209,0.238557,0.204662,0.849289,0.4,0.713157,0.75,0.047193,0.0001,0.0314597,999999,-4.328575e-02,3,,,,SVDNB_npp_d20140716_t1757431_e1803235_b14079_c20140717000324408388_noaa_ops.h5,GDNBO_npp_d20140716_t1757431_e1803235_b14079_c20140717000324408134_noaa_ops.h5,SVI04_npp_d20140716_t1757431_e1803235_b14079_c20140717000324402868_noaa_ops.dspace_rad,VNFF_npp_d20140716_t1757431_e1803235_b14079_v21.csv,World_EEZ_v8_2014.shp,WPP_BFAR_merge.shp,KKP_IDN_merge_20161208.shp,VNF-VBD_npp_20120301-20151231_global_asia-enhanced_c201607211230.bitmask,NCEI_NGA.union.nga_lead2.add_2015ntl.mask,timezone.shp,VBD_platforms-recurring_2015_r20170330.shp,999999,VBD_bridges_c20160811.shp,22.302559;20.657581;17.812403;13.013085;8.184108;3.331987;-1.539063;0.598278;2.699680;7.587820;12.484635;17.389103,102.195274;116.899490;131.129013;129.599106;128.217987;126.965988;125.829720;112.252083;98.601341;99.606560;100.547348;101.419044,npp_d20140716_t1757431_e1803235_b14079,143.329,40.9136,19.6174,-80.9889,33.7582,99.6102
2549,VBD_npp_d20140716_t1801329_x1160813E_y067894N_l2067_s2382_v23,2017-05-23 13:09:55,6.789414,116.081306,6.89777,2014-07-16 18:01:32,2014-07-17 02:01:32,2067,2382,0.432121,1,2529,0.379689,0.191681,0.780105,0.4,0.841674,0.75,0.0472312,0.0001,0.0317185,999999,5.248809e-02,3,Malaysian Exclusive Economic Zone,,,SVDNB_npp_d20140716_t1757431_e1803235_b14079_c20140717000324408388_noaa_ops.h5,GDNBO_npp_d20140716_t1757431_e1803235_b14079_c20140717000324408134_noaa_ops.h5,SVI04_npp_d20140716_t1757431_e1803235_b14079_c20140717000324402868_noaa_ops.dspace_rad,VNFF_npp_d20140716_t1757431_e1803235_b14079_v21.csv,World_EEZ_v8_2014.shp,WPP_BFAR_merge.shp,KKP_IDN_merge_20161208.shp,VNF-VBD_npp_20120301-20151231_global_asia-enhanced_c201607211230.bitmask,NCEI_NGA.union.nga_lead2.add_2015ntl.mask,timezone.shp,VBD_platforms-recurring_2015_r20170330.shp,999999,VBD_bridges_c20160811.shp,22.302559;20.657581;17.812403;13.013085;8.184108;3.331987;-1.539063;0.598278;2.699680;7.587820;12.484635;17.389103,102.195274;116.899490;131.129013;129.599106;128.217987;126.965988;125.829720;112.252083;98.601341;99.606560;100.547348;101.419044,npp_d20140716_t1757431_e1803235_b14079,142.755,40.49,19.7797,-81.5952,33.7484,100.636
2551,VBD_npp_d20140716_t1801276_x1162398E_y070816N_l2020_s2395_v23,2017-05-23 13:09:55,7.081604,116.239792,22.6168,2014-07-16 18:01:27,2014-07-17 02:01:27,2020,2395,0.432452,1,2529,0.675435,0.244496,0.722639,0.4,0.893778,0.75,0.0473021,0.0001,0.0331078,999999,-3.371668e-01,3,Malaysian Exclusive Economic Zone,,,SVDNB_npp_d20140716_t1757431_e1803235_b14079_c20140717000324408388_noaa_ops.h5,GDNBO_npp_d20140716_t1757431_e1803235_b14079_c20140717000324408134_noaa_ops.h5,SVI04_npp_d20140716_t1757431_e1803235_b14079_c20140717000324402868_noaa_ops.dspace_rad,VNFF_npp_d20140716_t1757431_e1803235_b14079_v21.csv,World_EEZ_v8_2014.shp,WPP_BFAR_merge.shp,KKP_IDN_merge_20161208.shp,VNF-VBD_npp_20120301-20151231_global_asia-enhanced_c201607211230.bitmask,NCEI_NGA.union.nga_lead2.add_2015ntl.mask,timezone.shp,VBD_platforms-recurring_2015_r20170330.shp,999999,VBD_bridges_c20160811.shp,22.302559;20.657581;17.812403;13.013085;8.184108;3.331987;-1.539063;0.598278;2.699680;7.587820;12.484635;17.389103,102.195274;116.899490;131.129013;129.599106;128.217987;126.965988;125.829720;112.252083;98.601341;99.606560;100.547348;101.419044,npp_d20140716_t1757431_e1803235_b14079,142.445,40.3932,20.463,-81.3777,33.6689,101.132
2552,VBD_npp_d20140716_t1801347_x1161517E_y066353N_l2088_s2397_v23,2017-05-23 13:09:55,6.635341,116.151657,5.39611,2014-07-16 18:01:34,2014-07-17 02:01:34,2088,2397,0.433115,4,100837,0.287833,0.175108,0.700989,0.4,0.778025,0.75,0.0472973,0.0001,0.0334123,999999,1.747617e-01,3,Malaysian Exclusive Economic Zone,,,SVDNB_npp_d20140716_t1757431_e1803235_b14079_c20140717000324408388_noaa_ops.h5,GDNBO_npp_d20140716_t1757431_e1803235_b14079_c20140717000324408134_noaa_ops.h5,SVI04_npp_d20140716_t1757431_e1803235_b14079_c20140717000324402868_noaa_ops.dspace_rad,VNFF_npp_d20140716_t1757431_e1803235_b14079_v21.csv,World_EEZ_v8_2014.shp,WPP_BFAR_merge.shp,KKP_IDN_merge_20161208.shp,VNF-VBD_npp_20120301-20151231_global_asia-enhanced_c201607211230.bitmask,NCEI_NGA.union.nga_lead2.add_2015ntl.mask,timezone.shp,VBD_platforms-recurring_2015_r20170330.shp,999999,VBD_bridges_c20160811.shp,22.302559;20.657581;17.812403;13.013085;8.184108;3.331987;-1.539063;0.598278;2.699680;7.587820;12.484635;17.389103,102.195274;116.899490;131.129013;129.599106;128.217987;126.965988;125.829720;112.252083;98.601341;99.606560;100.547348;101.419044,npp_d20140716_t1757431_e1803235_b14079,142.822,40.7083,20.5657,-80.7759,33.643,100.435
2553,VBD_npp_d20140716_t1801312_x1162314E_y067843N_l2064_s2403_v23,2017-05-23 13:09:55,6.784277,116.231361,300.688,2014-07-16 18:01:31,2014-07-17 02:01:31,2064,2403,0.432397,4,100845,1.6609,0.0853201,0.895732,0.4,0.982126,0.75,0.0473307,0.0001,0.0340878,999999,8.371946e-01,3,Malaysian Exclusive Economic Zone,,,SVDNB_npp_d20140716_t1757431_e1803235_b14079_c20140717000324408388_noaa_ops.h5,GDNBO_npp_d20140716_t1757431_e1803235_b14079_c20140717000324408134_noaa_ops.h5,SVI04_npp_d20140716_t1757431_e1803235_b14079_c20140717000324402868_noaa_ops.dspace_rad,VNFF_npp_d20140716_t1757431_e1803235_b14079_v21.csv,World_EEZ_v8_2014.shp,WPP_BFAR_merge.shp,KKP_IDN_merge_20161208.shp,VNF-VBD_npp_20120301-20151231_global_asia-enhanced_c201607211230.bitmask,NCEI_NGA.union.nga_lead2.add_2015ntl.mask,timezone.shp,VBD_platforms-recurring_2015_r20170330.shp,999999,VBD_bridges_c20160811.shp,22.302559;20.657581;17.812403;13.013085;8.184108;3.331987;-1.539063;0.598278;2.699680;7.587820;12.484635;17.389103,102.195274;116.899490;131.129013;129.599106;128.217987;126.965988;125.829720;112.252083;98.601341;99.606560;100.547348;101.419044,npp_d20140716_t1757431_e1803235_b14079,142.667,40.6525,20.8827,-79.5276,33.6059,100.686
2554,VBD_npp_d20140716_t1801329_x1162305E_y067790N_l2065_s2404_v23,2017-05-23 13:09:55,6.778952,116.230545,474.616,2014-07-16 18:01:32,2014-07-17 02:01:32,2065,2404,0.572718,4,100837,1.79113,0.0843287,0.895732,0.4,0.987572,0.75,0.0473352,0.0001,0.0341029,999999,8.445083e-01,3,Malaysian Exclusive Economic Zone,,,SVDNB_npp_d20140716_t1757431_e1803235_b14079_c20140717000324408388_noaa_ops.h5,GDNBO_npp_d20140716_t1757431_e1803235_b14079_c20140717000324408134_noaa_ops.h5,SVI04_npp_d20140716_t1757431_e1803235_b14079_c20140717000324402868_noaa_ops.dspace_rad,VNFF_npp_d20140716_t1757431_e1803235_b14079_v21.csv,World_EEZ_v8_2014.shp,WPP_BFAR_merge.shp,KKP_IDN_merge_20161208.shp,VNF-VBD_npp_20120301-20151231_global_asia-enhanced_c201607211230.bitmask,NCEI_NGA.union.nga_lead2.add_2015ntl.mask,timezone.shp,VBD_platforms-recurring_2015_r20170330.shp,999999,VBD_bridges_c20160811.shp,22.302559;20.657581;17.812403;13.013085;8.184108;3.331987;-1.539063;0.598278;2.699680;7.587820;12.484635;17.389103,102.195274;116.899490;131.129013;129.599106;128.217987;126.965988;125.829720;112.252083;98.601341;99.606560;100.547348;101.419044,npp_d20140716_t1757431_e1803235_b14079,142.667,40.6644,20.9373,-81.8451,33.5986,100.68
2555,VBD_npp_d20140716_t1801454_x1160777E_y060249N_l2180_s2407_v23,2017-05-23 13:09:55,6.024913,116.077675,5.23903,2014-07-16 18:01:45,2014-07-17 02:01:45,2180,2407,0.438143,2,2209,0.198996,0.173186,0.813831,0.4,0.62788,0.75,0.0473219,0.0001,0.0345239,999999,1.889410e-01,3,Malaysian Exclusive Economic Zone,,,SVDNB_npp_d20140716_t1757431_e1803235_b14079_c20140717000324408388_noaa_ops.h5,GDNBO_npp_d20140716_t1757431_e1803235_b14079_c20140717000324408134_noaa_ops.h5,SVI04_npp_d20140716_t1757431_e1803235_b14079_c20140717000324402868_noaa_ops.dspace_rad,VNFF_npp_d20140716_t1757431_e1803235_b14079_v21.csv,World_EEZ_v8_2014.shp,WPP_BFAR_merge.shp,KKP_IDN_merge_20161208.shp,VNF-VBD_npp_20120301-20151231_global_asia-enhanced_c201607211230.bitmask,NCEI_NGA.union.nga_lead2.add_2015ntl.mask,timezone.shp,VBD_platforms-recurring_2015_r20170330.shp,999999,VBD_bridges_c20160811.shp,22.302559;20.657581;17.812403;13.013085;8.184108;3.331987;-1.539063;0.598278;2.699680;7.587820;12.484635;17.389103,102.195274;116.899490;131.129013;129.599106;128.217987;126.965988;125.829720;112.252083;98.601341;99.606560;100.547348;101.419044,npp_d20140716_t1757431_e1803235_b14079,143.302,41.2079,21.0898,-81.4216,33.5665,99.4985
2556,VBD_npp_d20140716_t1801312_x1163437E_y068344N_l2054_s2418_v23,2017-05-23 13:09:55,6.834383,116.343704,15.0023,2014-07-16 18:01:31,2014-07-17 02:01:31,2054,2418,0.411902,4,51685,0.623911,0.192867,0.848519,0.4,0.908598,0.75,0.0474034,0.0001,0.0356576,999999,4.373522e-02,3,Malaysian Exclusive Economic Zone,,,SVDNB_npp_d20140716_t1757431_e1803235_b14079_c20140717000324408388_noaa_ops.h5,GDNBO_npp_d20140716_t1757431_e1803235_b14079_c20140717000324408134_noaa_ops.h5,SVI04_npp_d20140716_t1757431_e1803235_b14079_c20140717000324402868_noaa_ops.dspace_rad,VNFF_npp_d20140716_t1757431_e1803235_b14079_v21.csv,World_EEZ_v8_2014.shp,WPP_BFAR_merge.shp,KKP_IDN_merge_20161208.shp,VNF-VBD_npp_20120301-20151231_global_asia-enhanced_c201607211230.bitmask,NCEI_NGA.union.nga_lead2.add_2015ntl.mask,timezone.shp,VBD_platforms-recurring_2015_r20170330.shp,0.625898,VBD_bridges_c20160811.shp,22.302559;20.657581;17.812403;13.013085;8.184108;3.331987;-1.539063;0.598278;2.699680;7.587820;12.484635;17.389103,102.195274;116.899490;131.129013;129.599106;128.217987;126.965988;125.829720;112.252083;98.601341;99.606560;100.547348;101.419044,npp_d20140716_t1757431_e1803235_b14079,142.556,40.7338,21.6685,-81.0463,33.5042,100.807
2557,VBD_npp_d20140716_t1801312_x1163755E_y068154N_l2056_s2423_v23,2017-05-23 13:09:55,6.815422,116.375519,7.88827,2014-07-16 18:01:31,2014-07-17 02:01:31,2056,2423,0.416708,2,2465,0.413907,0.187257,0.810119,0.4,0.710859,0.75,0.0474265,0.0001,0.0362162,999999,8.512461e-02,3,Malaysian Exclusive Economic Zone,,,SVDNB_npp_d20140716_t1757431_e1803235_b14079_c20140717000324408388_noaa_ops.h5,GDNBO_npp_d20140716_t1757431_e1803235_b14079_c20140717000324408134_noaa_ops.h5,SVI04_npp_d20140716_t1757431_e1803235_b14079_c20140717000324402868_noaa_ops.dspace_rad,VNFF_npp_d20140716_t1757431_e1803235_b14079_v21.csv,World_EEZ_v8_2014.shp,WPP_BFAR_merge.shp,KKP_IDN_merge_20161208.shp,VNF-VBD_npp_20120301-20151231_global_asia-enhanced_c201607211230.bitmask,NCEI_NGA.union.nga_lead2.add_2015ntl.mask,timezone.shp,VBD_platforms-recurring_2015_r20170330.shp,999999,VBD_bridges_c20160811.shp,22.302559;20.657581;17.812403;13.013085;8.184108;3.331987;-1.539063;0.598278;2.699680;7.587820;12.484635;17.389103,102.195274;116.899490;131.129013;129.599106;128.217987;126.965988;125.829720;112.252083;98.601341;99.606560;100.547348;101.419044,npp_d20140716_t1757431_e1803235_b14079,142.55,40.785,21.9314,-80.7458,33.4691,100.791
2564,VBD_npp_d20140716_t1801294_x1168466E_y068396N_l2041_s2490_v23,2017-05-23 13:09:55,6.839622,116.846626,3.36601,2014-07-16 18:01:29,2014-07-17 02:01:29,2041,2490,0.425602,2,2209,0.107051,0.0928688,0.694452,0.4,0.445793,0.75,0.0477435,0.0001,0.042827,999999,7.815020e-01,3,,,,SVDNB_npp_d20140716_t1757431_e1803235_b14079_c20140717000324408388_noaa_ops.h5,GDNBO_npp_d20140716_t1757431_e1803235_b14079_c20140717000324408134_noaa_ops.h5,SVI04_npp_d20140716_t1757431_e1803235_b14079_c20140717000324402868_noaa_ops.dspace_rad,VNFF_npp_d20140716_t1757431_e1803235_b14079_v21.csv,World_EEZ_v8_2014.shp,WPP_BFAR_merge.shp,KKP_IDN_merge_20161208.shp,VNF-VBD_npp_20120301-20151231_global_asia-enhanced_c201607211230.bitmask,NCEI_NGA.union.nga_lead2.add_2015ntl.mask,timezone.shp,VBD_platforms-recurring_2015_r20170330.shp,999999,VBD_bridges_c20160811.shp,22.302559;20.657581;17.812403;13.013085;8.184108;3.331987;-1.539063;0.598278;2.699680;7.587820;12.484635;17.389103,102.195274;116.899490;131.129013;129.599106;128.217987;126.965988;125.829720;112.252083;98.601341;99.606560;100.547348;101.419044,npp_d20140716_t1757431_e1803235_b14079,142.229,41.2704,25.3224,-80.5704,33.0146,101.019
2565,VBD_npp_d20140716_t1801098_x1173044E_y079483N_l1866_s2518_v23,2017-05-23 13:09:55,7.948333,117.304428,129.283,2014-07-16 18:01:09,2014-07-17 02:01:09,1866,2518,0.414885,1,2529,1.34902,0.191044,0.887277,0.4,0.972878,0.75,0.0477411,0.0001,0.044992,999999,5.718508e-02,3,Philippines Exclusive Economic Zone,Region IV-B,,SVDNB_npp_d20140716_t1757431_e1803235_b14079_c20140717000324408388_noaa_ops.h5,GDNBO_npp_d20140716_t1757431_e1803235_b14079_c20140717000324408134_noaa_ops.h5,SVI04_npp_d20140716_t1757431_e1803235_b14079_c20140717000324402868_noaa_ops.dspace_rad,VNFF_npp_d20140716_t1757431_e1803235_b14079_v21.csv,World_EEZ_v8_2014.shp,WPP_BFAR_merge.shp,KKP_IDN_merge_20161208.shp,VNF-VBD_npp_20120301-20151231_global_asia-enhanced_c201607211230.bitmask,NCEI_NGA.union.nga_lead2.add_2015ntl.mask,timezone.shp,VBD_platforms-recurring_2015_r20170330.shp,999999,VBD_bridges_c20160811.shp,22.302559;20.657581;17.812403;13.013085;8.184108;3.331987;-1.539063;0.598278;2.699680;7.587820;12.484635;17.389103,102.195274;116.899490;131.129013;129.599106;128.217987;126.965988;125.829720;112.252083;98.601341;99.606560;100.547348;101.419044,npp_d20140716_t1757431_e1803235_b14079,141.148,40.7544,26.711,-80.3431,32.8747,102.902
2566,VBD_npp_d20140716_t1801098_x1173227E_y079314N_l1868_s2521_v23,2017-05-23 13:09:55,7.931386,117.322662,7.60503,2014-07-16 18:01:09,2014-07-17 02:01:09,1868,2521,0.412675,1,2529,0.344402,0.196652,0.882207,0.4,0.781917,0.75,0.0477548,0.0001,0.0452806,999999,1.581297e-02,3,Philippines Exclusive Economic Zone,Region IV-B,,SVDNB_npp_d20140716_t1757431_e1803235_b14079_c20140717000324408388_noaa_ops.h5,GDNBO_npp_d20140716_t1757431_e1803235_b14079_c20140717000324408134_noaa_ops.h5,SVI04_npp_d20140716_t1757431_e1803235_b14079_c20140717000324402868_noaa_ops.dspace_rad,VNFF_npp_d20140716_t1757431_e1803235_b14079_v21.csv,World_EEZ_v8_2014.shp,WPP_BFAR_merge.shp,KKP_IDN_merge_20161208.shp,VNF-VBD_npp_20120301-20151231_global_asia-enhanced_c201607211230.bitmask,NCEI_NGA.union.nga_lead2.add_2015ntl.mask,timezone.shp,VBD_platforms-recurring_2015_r20170330.shp,999999,VBD_bridges_c20160811.shp,22.302559;20.657581;17.812403;13.013085;8.184108;3.331987;-1.539063;0.598278;2.699680;7.587820;12.484635;17.389103,102.195274;116.899490;131.129013;129.599106;128.217987;126.965988;125.829720;112.252083;98.601341;99.606560;100.547348;101.419044,npp_d20140716_t1757431_e1803235_b14079,141.149,40.7876,26.8602,-80.1051,32.853,102.884
2568,VBD_npp_d20140716_t1801098_x1173684E_y079933N_l1858_s2526_v23,2017-05-23 13:09:55,7.993341,117.368401,274.062,2014-07-16 18:01:09,2014-07-17 02:01:09,1858,2526,0.412288,1,2529,1.52204,0.182019,0.885881,0.4,0.976827,0.75,0.0477778,0.0001,0.0454284,999999,1.237724e-01,3,Philippines Exclusive Economic Zone,Region IV-B,,SVDNB_npp_d20140716_t1757431_e1803235_b14079_c20140717000324408388_noaa_ops.h5,GDNBO_npp_d20140716_t1757431_e1803235_b14079_c20140717000324408134_noaa_ops.h5,SVI04_npp_d20140716_t1757431_e1803235_b14079_c20140717000324402868_noaa_ops.dspace_rad,VNFF_npp_d20140716_t1757431_e1803235_b14079_v21.csv,World_EEZ_v8_2014.shp,WPP_BFAR_merge.shp,KKP_IDN_merge_20161208.shp,VNF-VBD_npp_20120301-20151231_global_asia-enhanced_c201607211230.bitmask,NCEI_NGA.union.nga_lead2.add_2015ntl.mask,timezone.shp,VBD_platforms-recurring_2015_r20170330.shp,999999,VBD_bridges_c20160811.shp,22.302559;20.657581;17.812403;13.013085;8.184108;3.331987;-1.539063;0.598278;2.699680;7.587820;12.484635;17.389103,102.195274;116.899490;131.129013;129.599106;128.217987;126.965988;125.829720;112.252083;98.601341;99.606560;100.547348;101.419044,npp_d20140716_t1757431_e1803235_b14079,141.073,40.7863,27.1102,-81.2776,32.8223,103.002
2569,VBD_npp_d20140716_t1801098_x1173650E_y079730N_l1861_s2526_v23,2017-05-23 13:09:55,7.973028,117.364967,115.111,2014-07-16 18:01:09,2014-07-17 02:01:09,1861,2526,0.416597,1,2529,1.23508,0.181296,0.894993,0.4,0.953358,0.75,0.0477778,0.0001,0.0455121,999999,1.291063e-01,3,Philippines Exclusive Economic Zone,Region IV-B,,SVDNB_npp_d20140716_t1757431_e1803235_b14079_c20140717000324408388_noaa_ops.h5,GDNBO_npp_d20140716_t1757431_e1803235_b14079_c20140717000324408134_noaa_ops.h5,SVI04_npp_d20140716_t1757431_e1803235_b14079_c20140717000324402868_noaa_ops.dspace_rad,VNFF_npp_d20140716_t1757431_e1803235_b14079_v21.csv,World_EEZ_v8_2014.shp,WPP_BFAR_merge.shp,KKP_IDN_merge_20161208.shp,VNF-VBD_npp_20120301-20151231_global_asia-enhanced_c201607211230.bitmask,NCEI_NGA.union.nga_lead2.add_2015ntl.mask,timezone.shp,VBD_platforms-recurring_2015_r20170330.shp,999999,VBD_bridges_c20160811.shp,22.302559;20.657581;17.812403;13.013085;8.184108;3.331987;-1.539063;0.598278;2.699680;7.587820;12.484635;17.389103,102.195274;116.899490;131.129013;129.599106;128.217987;126.965988;125.829720;112.252083;98.601341;99.606560;100.547348;101.419044,npp_d20140716_t1757431_e1803235_b14079,141.09,40.7991,27.1085,-80.9258,32.821,102.969
2574,VBD_npp_d20140716_t1801312_x1172690E_y066955N_l2052_s2556_v23,2017-05-23 13:09:55,6.695529,117.269035,9.89892,2014-07-16 18:01:31,2014-07-17 02:01:31,2052,2556,0.347431,2,2209,0.165075,0.11972,0.534992,0.4,0.578866,0.75,0.0480431,0.0001,0.0479875,999999,5.834022e-01,3,,,,SVDNB_npp_d20140716_t1757431_e1803235_b14079_c20140717000324408388_noaa_ops.h5,GDNBO_npp_d20140716_t1757431_e1803235_b14079_c20140717000324408134_noaa_ops.h5,SVI04_npp_d20140716_t1757431_e1803235_b14079_c20140717000324402868_noaa_ops.dspace_rad,VNFF_npp_d20140716_t1757431_e1803235_b14079_v21.csv,World_EEZ_v8_2014.shp,WPP_BFAR_merge.shp,KKP_IDN_merge_20161208.shp,VNF-VBD_npp_20120301-20151231_global_asia-enhanced_c201607211230.bitmask,NCEI_NGA.union.nga_lead2.add_2015ntl.mask,timezone.shp,VBD_platforms-recurring_2015_r20170330.shp,999999,VBD_bridges_c20160811.shp,22.302559;20.657581;17.812403;13.013085;8.184108;3.331987;-1.539063;0.598278;2.699680;7.587820;12.484635;17.389103,102.195274;116.899490;131.129013;129.599106;128.217987;126.965988;125.829720;112.252083;98.601341;99.606560;100.547348;101.419044,npp_d20140716_t1757431_e1803235_b14079,142.054,41.855,28.523,-81.0882,32.5617,100.975
2575,VBD_npp_d20140716_t1801205_x1174303E_y072843N_l1961_s2559_v23,2017-05-23 13:09:55,7.284262,117.430283,28.3434,2014-07-16 18:01:20,2014-07-17 02:01:20,1961,2559,0.425713,1,2529,0.77754,0.177406,0.886467,0.4,0.918289,0.75,0.0480391,0.0001,0.0481183,999999,1.578035e-01,3,Malaysian Exclusive Economic Zone,,,SVDNB_npp_d20140716_t1757431_e1803235_b14079_c20140717000324408388_noaa_ops.h5,GDNBO_npp_d20140716_t1757431_e1803235_b14079_c20140717000324408134_noaa_ops.h5,SVI04_npp_d20140716_t1757431_e1803235_b14079_c20140717000324402868_noaa_ops.dspace_rad,VNFF_npp_d20140716_t1757431_e1803235_b14079_v21.csv,World_EEZ_v8_2014.shp,WPP_BFAR_merge.shp,KKP_IDN_merge_20161208.shp,VNF-VBD_npp_20120301-20151231_global_asia-enhanced_c201607211230.bitmask,NCEI_NGA.union.nga_lead2.add_2015ntl.mask,timezone.shp,VBD_platforms-recurring_2015_r20170330.shp,999999,VBD_bridges_c20160811.shp,22.302559;20.657581;17.812403;13.013085;8.184108;3.331987;-1.539063;0.598278;2.699680;7.587820;12.484635;17.389103,102.195274;116.899490;131.129013;129.599106;128.217987;126.965988;125.829720;112.252083;98.601341;99.606560;100.547348;101.419044,npp_d20140716_t1757431_e1803235_b14079,141.537,41.4819,28.6613,-80.4888,32.5637,101.95
2576,VBD_npp_d20140716_t1801240_x1173860E_y071024N_l1989_s2559_v23,2017-05-23 13:09:55,7.102446,117.385956,6.43327,2014-07-16 18:01:24,2014-07-17 02:01:24,1989,2559,0.391406,2,2465,0.264994,0.174066,0.696432,0.4,0.715958,0.75,0.0480691,0.0001,0.0481028,999999,1.824504e-01,3,Malaysian Exclusive Economic Zone,,,SVDNB_npp_d20140716_t1757431_e1803235_b14079_c20140717000324408388_noaa_ops.h5,GDNBO_npp_d20140716_t1757431_e1803235_b14079_c20140717000324408134_noaa_ops.h5,SVI04_npp_d20140716_t1757431_e1803235_b14079_c20140717000324402868_noaa_ops.dspace_rad,VNFF_npp_d20140716_t1757431_e1803235_b14079_v21.csv,World_EEZ_v8_2014.shp,WPP_BFAR_merge.shp,KKP_IDN_merge_20161208.shp,VNF-VBD_npp_20120301-20151231_global_asia-enhanced_c201607211230.bitmask,NCEI_NGA.union.nga_lead2.add_2015ntl.mask,timezone.shp,VBD_platforms-recurring_2015_r20170330.shp,999999,VBD_bridges_c20160811.shp,22.302559;20.657581;17.812403;13.013085;8.184108;3.331987;-1.539063;0.598278;2.699680;7.587820;12.484635;17.389103,102.195274;116.899490;131.129013;129.599106;128.217987;126.965988;125.829720;112.252083;98.601341;99.606560;100.547348;101.419044,npp_d20140716_t1757431_e1803235_b14079,141.693,41.6028,28.6643,-80.9399,32.5555,101.651
2577,VBD_npp_d20140716_t1801240_x1174004E_y071069N_l1988_s2561_v23,2017-05-23 13:09:55,7.106935,117.400421,6.56464,2014-07-16 18:01:24,2014-07-17 02:01:24,1988,2561,0.393837,2,2465,0.260799,0.184128,0.696432,0.4,0.662332,0.75,0.0480785,0.0001,0.0482132,999999,1.082091e-01,3,Malaysian Exclusive Economic Zone,,,SVDNB_npp_d20140716_t1757431_e1803235_b14079_c20140717000324408388_noaa_ops.h5,GDNBO_npp_d20140716_t1757431_e1803235_b14079_c20140717000324408134_noaa_ops.h5,SVI04_npp_d20140716_t1757431_e1803235_b14079_c20140717000324402868_noaa_ops.dspace_rad,VNFF_npp_d20140716_t1757431_e1803235_b14079_v21.csv,World_EEZ_v8_2014.shp,WPP_BFAR_merge.shp,KKP_IDN_merge_20161208.shp,VNF-VBD_npp_20120301-20151231_global_asia-enhanced_c201607211230.bitmask,NCEI_NGA.union.nga_lead2.add_2015ntl.mask,timezone.shp,VBD_platforms-recurring_2015_r20170330.shp,999999,VBD_bridges_c20160811.shp,22.302559;20.657581;17.812403;13.013085;8.184108;3.331987;-1.539063;0.598278;2.699680;7.587820;12.484635;17.389103,102.195274;116.899490;131.129013;129.599106;128.217987;126.965988;125.829720;112.252083;98.601341;99.606560;100.547348;101.419044,npp_d20140716_t1757431_e1803235_b14079,141.68,41.6144,28.7589,-81.0457,32.5422,101.665
2578,VBD_npp_d20140716_t1801205_x1174514E_y072876N_l1960_s2562_v23,2017-05-23 13:09:55,7.287614,117.451431,15.3379,2014-07-16 18:01:20,2014-07-17 02:01:20,1960,2562,0.421348,1,2529,0.543619,0.197467,0.886467,0.4,0.855449,0.75,0.0480514,0.0001,0.0482935,999999,9.796584e-03,3,Malaysian Exclusive Economic Zone,,,SVDNB_npp_d20140716_t1757431_e1803235_b14079_c20140717000324408388_noaa_ops.h5,GDNBO_npp_d20140716_t1757431_e1803235_b14079_c20140717000324408134_noaa_ops.h5,SVI04_npp_d20140716_t1757431_e1803235_b14079_c20140717000324402868_noaa_ops.dspace_rad,VNFF_npp_d20140716_t1757431_e1803235_b14079_v21.csv,World_EEZ_v8_2014.shp,WPP_BFAR_merge.shp,KKP_IDN_merge_20161208.shp,VNF-VBD_npp_20120301-20151231_global_asia-enhanced_c201607211230.bitmask,NCEI_NGA.union.nga_lead2.add_2015ntl.mask,timezone.shp,VBD_platforms-recurring_2015_r20170330.shp,999999,VBD_bridges_c20160811.shp,22.302559;20.657581;17.812403;13.013085;8.184108;3.331987;-1.539063;0.598278;2.699680;7.587820;12.484635;17.389103,102.195274;116.899490;131.129013;129.599106;128.217987;126.965988;125.829720;112.252083;98.601341;99.606560;100.547348;101.419044,npp_d20140716_t1757431_e1803235_b14079,141.521,41.5016,28.8026,-80.5951,32.5436,101.965
2579,VBD_npp_d20140716_t1801205_x1174659E_y072921N_l1959_s2564_v23,2017-05-23 13:09:55,7.292085,117.465919,31.6577,2014-07-16 18:01:20,2014-07-17 02:01:20,1959,2564,0.411681,1,2529,0.792712,0.193001,0.88508,0.4,0.921607,0.75,0.0480592,0.0001,0.0484016,999999,4.274565e-02,3,Malaysian Exclusive Economic Zone,,,SVDNB_npp_d20140716_t1757431_e1803235_b14079_c20140717000324408388_noaa_ops.h5,GDNBO_npp_d20140716_t1757431_e1803235_b14079_c20140717000324408134_noaa_ops.h5,SVI04_npp_d20140716_t1757431_e1803235_b14079_c20140717000324402868_noaa_ops.dspace_rad,VNFF_npp_d20140716_t1757431_e1803235_b14079_v21.csv,World_EEZ_v8_2014.shp,WPP_BFAR_merge.shp,KKP_IDN_merge_20161208.shp,VNF-VBD_npp_20120301-20151231_global_asia-enhanced_c201607211230.bitmask,NCEI_NGA.union.nga_lead2.add_2015ntl.mask,timezone.shp,VBD_platforms-recurring_2015_r20170330.shp,999999,VBD_bridges_c20160811.shp,22.302559;20.657581;17.812403;13.013085;8.184108;3.331987;-1.539063;0.598278;2.699680;7.587820;12.484635;17.389103,102.195274;116.899490;131.129013;129.599106;128.217987;126.965988;125.829720;112.252083;98.601341;99.606560;100.547348;101.419044,npp_d20140716_t1757431_e1803235_b14079,141.508,41.5132,28.8969,-80.7013,32.5303,101.978
2580,VBD_npp_d20140716_t1801205_x1174614E_y072653N_l1963_s2564_v23,2017-05-23 13:09:55,7.265304,117.461426,14.6357,2014-07-16 18:01:20,2014-07-17 02:01:20,1963,2564,0.403946,1,2529,0.546399,0.182627,0.865383,0.4,0.86793,0.75,0.0480648,0.0001,0.0484736,999999,1.192834e-01,3,Malaysian Exclusive Economic Zone,,,SVDNB_npp_d20140716_t1757431_e1803235_b14079_c20140717000324408388_noaa_ops.h5,GDNBO_npp_d20140716_t1757431_e1803235_b14079_c20140717000324408134_noaa_ops.h5,SVI04_npp_d20140716_t1757431_e1803235_b14079_c20140717000324402868_noaa_ops.dspace_rad,VNFF_npp_d20140716_t1757431_e1803235_b14079_v21.csv,World_EEZ_v8_2014.shp,WPP_BFAR_merge.shp,KKP_IDN_merge_20161208.shp,VNF-VBD_npp_20120301-20151231_global_asia-enhanced_c201607211230.bitmask,NCEI_NGA.union.nga_lead2.add_2015ntl.mask,timezone.shp,VBD_platforms-recurring_2015_r20170330.shp,999999,VBD_bridges_c20160811.shp,22.302559;20.657581;17.812403;13.013085;8.184108;3.331987;-1.539063;0.598278;2.699680;7.587820;12.484635;17.389103,102.195274;116.899490;131.129013;129.599106;128.217987;126.965988;125.829720;112.252083;98.601341;99.606560;100.547348;101.419044,npp_d20140716_t1757431_e1803235_b14079,141.531,41.5308,28.8969,-80.2703,32.5291,101.934
2581,VBD_npp_d20140716_t1801223_x1175055E_y071982N_l1972_s2573_v23,2017-05-23 13:09:55,7.198179,117.505470,6.48537,2014-07-16 18:01:22,2014-07-17 02:01:22,1972,2573,0.403891,7,2465,0.258134,0.221573,0.851523,0.4,0.679937,0.75,0.0481188,0.0001,0.0489269,999999,-1.680464e-01,3,,,,SVDNB_npp_d20140716_t1757431_e1803235_b14079_c20140717000324408388_noaa_ops.h5,GDNBO_npp_d20140716_t1757431_e1803235_b14079_c20140717000324408134_noaa_ops.h5,SVI04_npp_d20140716_t1757431_e1803235_b14079_c20140717000324402868_noaa_ops.dspace_rad,VNFF_npp_d20140716_t1757431_e1803235_b14079_v21.csv,World_EEZ_v8_2014.shp,WPP_BFAR_merge.shp,KKP_IDN_merge_20161208.shp,VNF-VBD_npp_20120301-20151231_global_asia-enhanced_c201607211230.bitmask,NCEI_NGA.union.nga_lead2.add_2015ntl.mask,timezone.shp,VBD_platforms-recurring_2015_r20170330.shp,999999,VBD_bridges_c20160811.shp,22.302559;20.657581;17.812403;13.013085;8.184108;3.331987;-1.539063;0.598278;2.699680;7.587820;12.484635;17.389103,102.195274;116.899490;131.129013;129.599106;128.217987;126.965988;125.829720;112.252083;98.601341;99.606560;100.547348;101.419044,npp_d20140716_t1757431_e1803235_b14079,141.547,41.6414,29.3237,-81.0243,32.4646,101.852
2582,VBD_npp_d20140716_t1801223_x1175077E_y071702N_l1976_s2574_v23,2017-05-23 13:09:55,7.170181,117.507698,32.5316,2014-07-16 18:01:22,2014-07-17 02:01:22,1976,2574,0.402897,8,18913,0.809954,0.19771,0.864792,0.4,0.919994,0.75,0.048129,0.0001,0.0490643,999999,8.007749e-03,3,Malaysian Exclusive Economic Zone,,,SVDNB_npp_d20140716_t1757431_e1803235_b14079_c20140717000324408388_noaa_ops.h5,GDNBO_npp_d20140716_t1757431_e1803235_b14079_c20140717000324408134_noaa_ops.h5,SVI04_npp_d20140716_t1757431_e1803235_b14079_c20140717000324402868_noaa_ops.dspace_rad,VNFF_npp_d20140716_t1757431_e1803235_b14079_v21.csv,World_EEZ_v8_2014.shp,WPP_BFAR_merge.shp,KKP_IDN_merge_20161208.shp,VNF-VBD_npp_20120301-20151231_global_asia-enhanced_c201607211230.bitmask,NCEI_NGA.union.nga_lead2.add_2015ntl.mask,timezone.shp,VBD_platforms-recurring_2015_r20170330.shp,0.662484,VBD_bridges_c20160811.shp,22.302559;20.657581;17.812403;13.013085;8.184108;3.331987;-1.539063;0.598278;2.699680;7.587820;12.484635;17.389103,102.195274;116.899490;131.129013;129.599106;128.217987;126.965988;125.829720;112.252083;98.601341;99.606560;100.547348;101.419044,npp_d20140716_t1757431_e1803235_b14079,141.567,41.6673,29.3697,-80.5983,32.4565,101.809
2583,VBD_npp_d20140716_t1801223_x1175268E_y071601N_l1977_s2577_v23,2017-05-23 13:09:55,7.160078,117.526833,10.6171,2014-07-16 18:01:22,2014-07-17 02:01:22,1977,2577,0.400466,1,2529,0.399748,0.198611,0.867818,0.4,0.778979,0.75,0.0481441,0.0001,0.0492593,999999,1.361088e-03,3,Malaysian Exclusive Economic Zone,,,SVDNB_npp_d20140716_t1757431_e1803235_b14079_c20140717000324408388_noaa_ops.h5,GDNBO_npp_d20140716_t1757431_e1803235_b14079_c20140717000324408134_noaa_ops.h5,SVI04_npp_d20140716_t1757431_e1803235_b14079_c20140717000324402868_noaa_ops.dspace_rad,VNFF_npp_d20140716_t1757431_e1803235_b14079_v21.csv,World_EEZ_v8_2014.shp,WPP_BFAR_merge.shp,KKP_IDN_merge_20161208.shp,VNF-VBD_npp_20120301-20151231_global_asia-enhanced_c201607211230.bitmask,NCEI_NGA.union.nga_lead2.add_2015ntl.mask,timezone.shp,VBD_platforms-recurring_2015_r20170330.shp,999999,VBD_bridges_c20160811.shp,22.302559;20.657581;17.812403;13.013085;8.184108;3.331987;-1.539063;0.598278;2.699680;7.587820;12.484635;17.389103,102.195274;116.899490;131.129013;129.599106;128.217987;126.965988;125.829720;112.252083;98.601341;99.606560;100.547348;101.419044,npp_d20140716_t1757431_e1803235_b14079,141.562,41.696,29.5112,-80.4903,32.4356,101.802
2584,VBD_npp_d20140716_t1801223_x1175404E_y071993N_l1971_s2578_v23,2017-05-23 13:09:55,7.199343,117.540398,9.68612,2014-07-16 18:01:22,2014-07-17 02:01:22,1971,2578,0.401516,1,2529,0.379694,0.191053,0.856435,0.4,0.770022,0.75,0.0481402,0.0001,0.0492005,999999,5.711919e-02,3,Malaysian Exclusive Economic Zone,,,SVDNB_npp_d20140716_t1757431_e1803235_b14079_c20140717000324408388_noaa_ops.h5,GDNBO_npp_d20140716_t1757431_e1803235_b14079_c20140717000324408134_noaa_ops.h5,SVI04_npp_d20140716_t1757431_e1803235_b14079_c20140717000324402868_noaa_ops.dspace_rad,VNFF_npp_d20140716_t1757431_e1803235_b14079_v21.csv,World_EEZ_v8_2014.shp,WPP_BFAR_merge.shp,KKP_IDN_merge_20161208.shp,VNF-VBD_npp_20120301-20151231_global_asia-enhanced_c201607211230.bitmask,NCEI_NGA.union.nga_lead2.add_2015ntl.mask,timezone.shp,VBD_platforms-recurring_2015_r20170330.shp,999999,VBD_bridges_c20160811.shp,22.302559;20.657581;17.812403;13.013085;8.184108;3.331987;-1.539063;0.598278;2.699680;7.587820;12.484635;17.389103,102.195274;116.899490;131.129013;129.599106;128.217987;126.965988;125.829720;112.252083;98.601341;99.606560;100.547348;101.419044,npp_d20140716_t1757431_e1803235_b14079,141.523,41.6775,29.56,-81.1229,32.4304,101.87
2585,VBD_npp_d20140716_t1801240_x1175159E_y070949N_l1987_s2578_v23,2017-05-23 13:09:55,7.094852,117.515862,17.7551,2014-07-16 18:01:24,2014-07-17 02:01:24,1987,2578,0.405825,1,2529,0.5705,0.203634,0.85174,0.4,0.856785,0.75,0.0481563,0.0001,0.0492339,999999,-3.570168e-02,3,Malaysian Exclusive Economic Zone,,,SVDNB_npp_d20140716_t1757431_e1803235_b14079_c20140717000324408388_noaa_ops.h5,GDNBO_npp_d20140716_t1757431_e1803235_b14079_c20140717000324408134_noaa_ops.h5,SVI04_npp_d20140716_t1757431_e1803235_b14079_c20140717000324402868_noaa_ops.dspace_rad,VNFF_npp_d20140716_t1757431_e1803235_b14079_v21.csv,World_EEZ_v8_2014.shp,WPP_BFAR_merge.shp,KKP_IDN_merge_20161208.shp,VNF-VBD_npp_20120301-20151231_global_asia-enhanced_c201607211230.bitmask,NCEI_NGA.union.nga_lead2.add_2015ntl.mask,timezone.shp,VBD_platforms-recurring_2015_r20170330.shp,999999,VBD_bridges_c20160811.shp,22.302559;20.657581;17.812403;13.013085;8.184108;3.331987;-1.539063;0.598278;2.699680;7.587820;12.484635;17.389103,102.195274;116.899490;131.129013;129.599106;128.217987;126.965988;125.829720;112.252083;98.601341;99.606560;100.547348;101.419044,npp_d20140716_t1757431_e1803235_b14079,141.613,41.747,29.5607,-81.1277,32.4258,101.697
2586,VBD_npp_d20140716_t1801312_x1174267E_y066904N_l2049_s2579_v23,2017-05-23 13:09:55,6.690425,117.426689,4.26242,2014-07-16 18:01:31,2014-07-17 02:01:31,2049,2579,0.371352,2,2209,0.106755,0.0927414,0.584704,0.4,0.46543,0.75,0.0481488,0.0001,0.0493673,999999,7.824419e-01,3,Malaysian Exclusive Economic Zone,,,SVDNB_npp_d20140716_t1757431_e1803235_b14079_c20140717000324408388_noaa_ops.h5,GDNBO_npp_d20140716_t1757431_e1803235_b14079_c20140717000324408134_noaa_ops.h5,SVI04_npp_d20140716_t1757431_e1803235_b14079_c20140717000324402868_noaa_ops.dspace_rad,VNFF_npp_d20140716_t1757431_e1803235_b14079_v21.csv,World_EEZ_v8_2014.shp,WPP_BFAR_merge.shp,KKP_IDN_merge_20161208.shp,VNF-VBD_npp_20120301-20151231_global_asia-enhanced_c201607211230.bitmask,NCEI_NGA.union.nga_lead2.add_2015ntl.mask,timezone.shp,VBD_platforms-recurring_2015_r20170330.shp,999999,VBD_bridges_c20160811.shp,22.302559;20.657581;17.812403;13.013085;8.184108;3.331987;-1.539063;0.598278;2.699680;7.587820;12.484635;17.389103,102.195274;116.899490;131.129013;129.599106;128.217987;126.965988;125.829720;112.252083;98.601341;99.606560;100.547348;101.419044,npp_d20140716_t1757431_e1803235_b14079,141.953,42.0269,29.6086,-81.3736,32.4046,101.033
2587,VBD_npp_d20140716_t1801151_x1176423E_y075534N_l1916_s2580_v23,2017-05-23 13:09:55,7.553366,117.642319,33.3565,2014-07-16 18:01:15,2014-07-17 02:01:15,1916,2580,0.265338,1,2529,0.55284,0.230312,0.78127,0.4,0.752532,0.75,0.0480713,0.0001,0.0493808,999999,-2.325236e-01,3,Philippines Exclusive Economic Zone,Region IV-B,,SVDNB_npp_d20140716_t1757431_e1803235_b14079_c20140717000324408388_noaa_ops.h5,GDNBO_npp_d20140716_t1757431_e1803235_b14079_c20140717000324408134_noaa_ops.h5,SVI04_npp_d20140716_t1757431_e1803235_b14079_c20140717000324402868_noaa_ops.dspace_rad,VNFF_npp_d20140716_t1757431_e1803235_b14079_v21.csv,World_EEZ_v8_2014.shp,WPP_BFAR_merge.shp,KKP_IDN_merge_20161208.shp,VNF-VBD_npp_20120301-20151231_global_asia-enhanced_c201607211230.bitmask,NCEI_NGA.union.nga_lead2.add_2015ntl.mask,timezone.shp,VBD_platforms-recurring_2015_r20170330.shp,999999,VBD_bridges_c20160811.shp,22.302559;20.657581;17.812403;13.013085;8.184108;3.331987;-1.539063;0.598278;2.699680;7.587820;12.484635;17.389103,102.195274;116.899490;131.129013;129.599106;128.217987;126.965988;125.829720;112.252083;98.601341;99.606560;100.547348;101.419044,npp_d20140716_t1757431_e1803235_b14079,141.211,41.4599,29.6535,-80.1379,32.434,102.46
2589,VBD_npp_d20140716_t1801240_x1175419E_y070837N_l1988_s2582_v23,2017-05-23 13:09:55,7.083650,117.541870,47.6809,2014-07-16 18:01:24,2014-07-17 02:01:24,1988,2582,0.412675,1,2529,0.949837,0.194149,0.880562,0.4,0.944706,0.75,0.0481742,0.0001,0.0494836,999999,3.427704e-02,3,Malaysian Exclusive Economic Zone,,,SVDNB_npp_d20140716_t1757431_e1803235_b14079_c20140717000324408388_noaa_ops.h5,GDNBO_npp_d20140716_t1757431_e1803235_b14079_c20140717000324408134_noaa_ops.h5,SVI04_npp_d20140716_t1757431_e1803235_b14079_c20140717000324402868_noaa_ops.dspace_rad,VNFF_npp_d20140716_t1757431_e1803235_b14079_v21.csv,World_EEZ_v8_2014.shp,WPP_BFAR_merge.shp,KKP_IDN_merge_20161208.shp,VNF-VBD_npp_20120301-20151231_global_asia-enhanced_c201607211230.bitmask,NCEI_NGA.union.nga_lead2.add_2015ntl.mask,timezone.shp,VBD_platforms-recurring_2015_r20170330.shp,999999,VBD_bridges_c20160811.shp,22.302559;20.657581;17.812403;13.013085;8.184108;3.331987;-1.539063;0.598278;2.699680;7.587820;12.484635;17.389103,102.195274;116.899490;131.129013;129.599106;128.217987;126.965988;125.829720;112.252083;98.601341;99.606560;100.547348;101.419044,npp_d20140716_t1757431_e1803235_b14079,141.604,41.7839,29.7489,-81.0167,32.3979,101.691
2591,VBD_npp_d20140716_t1801151_x1176854E_y075600N_l1914_s2586_v23,2017-05-23 13:09:55,7.559990,117.685432,98.4423,2014-07-16 18:01:15,2014-07-17 02:01:15,1914,2586,0.359585,1,2529,1.00714,0.1757,0.846037,0.4,0.844574,0.75,0.0480956,0.0001,0.0496767,999999,1.703909e-01,3,Philippines Exclusive Economic Zone,Region IV-B,,SVDNB_npp_d20140716_t1757431_e1803235_b14079_c20140717000324408388_noaa_ops.h5,GDNBO_npp_d20140716_t1757431_e1803235_b14079_c20140717000324408134_noaa_ops.h5,SVI04_npp_d20140716_t1757431_e1803235_b14079_c20140717000324402868_noaa_ops.dspace_rad,VNFF_npp_d20140716_t1757431_e1803235_b14079_v21.csv,World_EEZ_v8_2014.shp,WPP_BFAR_merge.shp,KKP_IDN_merge_20161208.shp,VNF-VBD_npp_20120301-20151231_global_asia-enhanced_c201607211230.bitmask,NCEI_NGA.union.nga_lead2.add_2015ntl.mask,timezone.shp,VBD_platforms-recurring_2015_r20170330.shp,999999,VBD_bridges_c20160811.shp,22.302559;20.657581;17.812403;13.013085;8.184108;3.331987;-1.539063;0.598278;2.699680;7.587820;12.484635;17.389103,102.195274;116.899490;131.129013;129.599106;128.217987;126.965988;125.829720;112.252083;98.601341;99.606560;100.547348;101.419044,npp_d20140716_t1757431_e1803235_b14079,141.178,41.4999,29.9364,-80.3452,32.3931,102.491
2592,VBD_npp_d20140716_t1801294_x1174930E_y067117N_l2044_s2587_v23,2017-05-23 13:09:55,6.711689,117.493050,7.20163,2014-07-16 18:01:29,2014-07-17 02:01:29,2044,2587,0.352679,2,2209,0.139457,0.129815,0.621174,0.4,0.584585,0.75,0.0481859,0.0001,0.0499483,999999,5.089204e-01,3,,,,SVDNB_npp_d20140716_t1757431_e1803235_b14079_c20140717000324408388_noaa_ops.h5,GDNBO_npp_d20140716_t1757431_e1803235_b14079_c20140717000324408134_noaa_ops.h5,SVI04_npp_d20140716_t1757431_e1803235_b14079_c20140717000324402868_noaa_ops.dspace_rad,VNFF_npp_d20140716_t1757431_e1803235_b14079_v21.csv,World_EEZ_v8_2014.shp,WPP_BFAR_merge.shp,KKP_IDN_merge_20161208.shp,VNF-VBD_npp_20120301-20151231_global_asia-enhanced_c201607211230.bitmask,NCEI_NGA.union.nga_lead2.add_2015ntl.mask,timezone.shp,VBD_platforms-recurring_2015_r20170330.shp,999999,VBD_bridges_c20160811.shp,22.302559;20.657581;17.812403;13.013085;8.184108;3.331987;-1.539063;0.598278;2.699680;7.587820;12.484635;17.389103,102.195274;116.899490;131.129013;129.599106;128.217987;126.965988;125.829720;112.252083;98.601341;99.606560;100.547348;101.419044,npp_d20140716_t1757431_e1803235_b14079,141.898,42.0711,29.983,-80.208,32.3502,101.092
2593,VBD_npp_d20140716_t1801294_x1174987E_y067038N_l2045_s2588_v23,2017-05-23 13:09:55,6.703784,117.498749,10.7767,2014-07-16 18:01:29,2014-07-17 02:01:29,2045,2588,0.367982,2,2977,0.269013,0.133498,0.621174,0.4,0.722028,0.75,0.0481902,0.0001,0.050013,999999,4.817518e-01,3,,,,SVDNB_npp_d20140716_t1757431_e1803235_b14079_c20140717000324408388_noaa_ops.h5,GDNBO_npp_d20140716_t1757431_e1803235_b14079_c20140717000324408134_noaa_ops.h5,SVI04_npp_d20140716_t1757431_e1803235_b14079_c20140717000324402868_noaa_ops.dspace_rad,VNFF_npp_d20140716_t1757431_e1803235_b14079_v21.csv,World_EEZ_v8_2014.shp,WPP_BFAR_merge.shp,KKP_IDN_merge_20161208.shp,VNF-VBD_npp_20120301-20151231_global_asia-enhanced_c201607211230.bitmask,NCEI_NGA.union.nga_lead2.add_2015ntl.mask,timezone.shp,VBD_platforms-recurring_2015_r20170330.shp,999999,VBD_bridges_c20160811.shp,22.302559;20.657581;17.812403;13.013085;8.184108;3.331987;-1.539063;0.598278;2.699680;7.587820;12.484635;17.389103,102.195274;116.899490;131.129013;129.599106;128.217987;126.965988;125.829720;112.252083;98.601341;99.606560;100.547348;101.419044,npp_d20140716_t1757431_e1803235_b14079,141.9,42.0839,30.0305,-80.1039,32.343,101.082
2594,VBD_npp_d20140716_t1801151_x1177059E_y075565N_l1914_s2589_v23,2017-05-23 13:09:55,7.556548,117.705933,430.571,2014-07-16 18:01:15,2014-07-17 02:01:15,1914,2589,0.390135,1,2529,1.59213,0.203682,0.867913,0.4,0.979106,0.75,0.0481092,0.0001,0.0498401,999999,-3.605474e-02,3,Philippines Exclusive Economic Zone,Region IV-B,,SVDNB_npp_d20140716_t1757431_e1803235_b14079_c20140717000324408388_noaa_ops.h5,GDNBO_npp_d20140716_t1757431_e1803235_b14079_c20140717000324408134_noaa_ops.h5,SVI04_npp_d20140716_t1757431_e1803235_b14079_c20140717000324402868_noaa_ops.dspace_rad,VNFF_npp_d20140716_t1757431_e1803235_b14079_v21.csv,World_EEZ_v8_2014.shp,WPP_BFAR_merge.shp,KKP_IDN_merge_20161208.shp,VNF-VBD_npp_20120301-20151231_global_asia-enhanced_c201607211230.bitmask,NCEI_NGA.union.nga_lead2.add_2015ntl.mask,timezone.shp,VBD_platforms-recurring_2015_r20170330.shp,999999,VBD_bridges_c20160811.shp,22.302559;20.657581;17.812403;13.013085;8.184108;3.331987;-1.539063;0.598278;2.699680;7.587820;12.484635;17.389103,102.195274;116.899490;131.129013;129.599106;128.217987;126.965988;125.829720;112.252083;98.601341;99.606560;100.547348;101.419044,npp_d20140716_t1757431_e1803235_b14079,141.167,41.5244,30.0782,-80.3436,32.3722,102.496
2595,VBD_npp_d20140716_t1801294_x1175113E_y066947N_l2046_s2590_v23,2017-05-23 13:09:55,6.694715,117.511314,13.2473,2014-07-16 18:01:29,2014-07-17 02:01:29,2046,2590,0.389748,2,2977,0.263198,0.150267,0.621174,0.4,0.541697,0.75,0.048199,0.0001,0.0501306,999999,3.580329e-01,3,,,,SVDNB_npp_d20140716_t1757431_e1803235_b14079_c20140717000324408388_noaa_ops.h5,GDNBO_npp_d20140716_t1757431_e1803235_b14079_c20140717000324408134_noaa_ops.h5,SVI04_npp_d20140716_t1757431_e1803235_b14079_c20140717000324402868_noaa_ops.dspace_rad,VNFF_npp_d20140716_t1757431_e1803235_b14079_v21.csv,World_EEZ_v8_2014.shp,WPP_BFAR_merge.shp,KKP_IDN_merge_20161208.shp,VNF-VBD_npp_20120301-20151231_global_asia-enhanced_c201607211230.bitmask,NCEI_NGA.union.nga_lead2.add_2015ntl.mask,timezone.shp,VBD_platforms-recurring_2015_r20170330.shp,999999,VBD_bridges_c20160811.shp,22.302559;20.657581;17.812403;13.013085;8.184108;3.331987;-1.539063;0.598278;2.699680;7.587820;12.484635;17.389103,102.195274;116.899490;131.129013;129.599106;128.217987;126.965988;125.829720;112.252083;98.601341;99.606560;100.547348;101.419044,npp_d20140716_t1757431_e1803235_b14079,141.899,42.1049,30.1254,-80.0002,32.3289,101.073
2597,VBD_npp_d20140716_t1801151_x1177265E_y075113N_l1920_s2593_v23,2017-05-23 13:09:55,7.511309,117.726494,14.2257,2014-07-16 18:01:15,2014-07-17 02:01:15,1920,2593,0.394555,1,3041,0.504802,0.185998,0.866104,0.4,0.840886,0.75,0.0481357,0.0001,0.0501702,999999,9.441307e-02,3,Philippines Exclusive Economic Zone,Region IV-B,,SVDNB_npp_d20140716_t1757431_e1803235_b14079_c20140717000324408388_noaa_ops.h5,GDNBO_npp_d20140716_t1757431_e1803235_b14079_c20140717000324408134_noaa_ops.h5,SVI04_npp_d20140716_t1757431_e1803235_b14079_c20140717000324402868_noaa_ops.dspace_rad,VNFF_npp_d20140716_t1757431_e1803235_b14079_v21.csv,World_EEZ_v8_2014.shp,WPP_BFAR_merge.shp,KKP_IDN_merge_20161208.shp,VNF-VBD_npp_20120301-20151231_global_asia-enhanced_c201607211230.bitmask,NCEI_NGA.union.nga_lead2.add_2015ntl.mask,timezone.shp,VBD_platforms-recurring_2015_r20170330.shp,999999,VBD_bridges_c20160811.shp,22.302559;20.657581;17.812403;13.013085;8.184108;3.331987;-1.539063;0.598278;2.699680;7.587820;12.484635;17.389103,102.195274;116.899490;131.129013;129.599106;128.217987;126.965988;125.829720;112.252083;98.601341;99.606560;100.547348;101.419044,npp_d20140716_t1757431_e1803235_b14079,141.187,41.5833,30.2692,-79.7218,32.3421,102.434
2599,VBD_npp_d20140716_t1801169_x1177259E_y075073N_l1921_s2594_v23,2017-05-23 13:09:55,7.507300,117.725906,18.2923,2014-07-16 18:01:16,2014-07-17 02:01:16,1921,2594,0.395273,1,2529,0.609319,0.18934,0.866104,0.4,0.864029,0.75,0.0481417,0.0001,0.04992,999999,6.976024e-02,3,Philippines Exclusive Economic Zone,Region IV-B,,SVDNB_npp_d20140716_t1757431_e1803235_b14079_c20140717000324408388_noaa_ops.h5,GDNBO_npp_d20140716_t1757431_e1803235_b14079_c20140717000324408134_noaa_ops.h5,SVI04_npp_d20140716_t1757431_e1803235_b14079_c20140717000324402868_noaa_ops.dspace_rad,VNFF_npp_d20140716_t1757431_e1803235_b14079_v21.csv,World_EEZ_v8_2014.shp,WPP_BFAR_merge.shp,KKP_IDN_merge_20161208.shp,VNF-VBD_npp_20120301-20151231_global_asia-enhanced_c201607211230.bitmask,NCEI_NGA.union.nga_lead2.add_2015ntl.mask,timezone.shp,VBD_platforms-recurring_2015_r20170330.shp,999999,VBD_bridges_c20160811.shp,22.302559;20.657581;17.812403;13.013085;8.184108;3.331987;-1.539063;0.598278;2.699680;7.587820;12.484635;17.389103,102.195274;116.899490;131.129013;129.599106;128.217987;126.965988;125.829720;112.252083;98.601341;99.606560;100.547348;101.419044,npp_d20140716_t1757431_e1803235_b14079,141.186,41.5938,30.318,-81.2742,32.3348,102.431
2600,VBD_npp_d20140716_t1801240_x1176262E_y070419N_l1992_s2595_v23,2017-05-23 13:09:55,7.041890,117.626160,10.2275,2014-07-16 18:01:24,2014-07-17 02:01:24,1992,2595,0.388865,1,3041,0.395593,0.191204,0.728454,0.4,0.783187,0.75,0.048232,0.0001,0.0502621,999999,-9.118282e-02,3,Malaysian Exclusive Economic Zone,,,SVDNB_npp_d20140716_t1757431_e1803235_b14079_c20140717000324408388_noaa_ops.h5,GDNBO_npp_d20140716_t1757431_e1803235_b14079_c20140717000324408134_noaa_ops.h5,SVI04_npp_d20140716_t1757431_e1803235_b14079_c20140717000324402868_noaa_ops.dspace_rad,VNFF_npp_d20140716_t1757431_e1803235_b14079_v21.csv,World_EEZ_v8_2014.shp,WPP_BFAR_merge.shp,KKP_IDN_merge_20161208.shp,VNF-VBD_npp_20120301-20151231_global_asia-enhanced_c201607211230.bitmask,NCEI_NGA.union.nga_lead2.add_2015ntl.mask,timezone.shp,VBD_platforms-recurring_2015_r20170330.shp,999999,VBD_bridges_c20160811.shp,22.302559;20.657581;17.812403;13.013085;8.184108;3.331987;-1.539063;0.598278;2.699680;7.587820;12.484635;17.389103,102.195274;116.899490;131.129013;129.599106;128.217987;126.965988;125.829720;112.252083;98.601341;99.606560;100.547348;101.419044,npp_d20140716_t1757431_e1803235_b14079,141.579,41.908,30.3621,-80.5871,32.3061,101.663
2601,VBD_npp_d20140716_t1801151_x1177643E_y075258N_l1917_s2598_v23,2017-05-23 13:09:55,7.525805,117.764305,351.105,2014-07-16 18:01:15,2014-07-17 02:01:15,1917,2598,0.395494,1,265185,1.67449,0.216024,0.892652,0.4,0.977116,0.75,0.0481541,0.0001,0.050372,999999,-1.271068e-01,3,Philippines Exclusive Economic Zone,Region IV-B,,SVDNB_npp_d20140716_t1757431_e1803235_b14079_c20140717000324408388_noaa_ops.h5,GDNBO_npp_d20140716_t1757431_e1803235_b14079_c20140717000324408134_noaa_ops.h5,SVI04_npp_d20140716_t1757431_e1803235_b14079_c20140717000324402868_noaa_ops.dspace_rad,VNFF_npp_d20140716_t1757431_e1803235_b14079_v21.csv,World_EEZ_v8_2014.shp,WPP_BFAR_merge.shp,KKP_IDN_merge_20161208.shp,VNF-VBD_npp_20120301-20151231_global_asia-enhanced_c201607211230.bitmask,NCEI_NGA.union.nga_lead2.add_2015ntl.mask,timezone.shp,VBD_platforms-recurring_2015_r20170330.shp,999999,VBD_bridges_c20160811.shp,22.302559;20.657581;17.812403;13.013085;8.184108;3.331987;-1.539063;0.598278;2.699680;7.587820;12.484635;17.389103,102.195274;116.899490;131.129013;129.599106;128.217987;126.965988;125.829720;112.252083;98.601341;99.606560;100.547348;101.419044,npp_d20140716_t1757431_e1803235_b14079,141.151,41.6112,30.5043,-80.0311,32.3081,102.475
2602,VBD_npp_d20140716_t1801276_x1176049E_y068707N_l2018_s2598_v23,2017-05-23 13:09:55,6.870735,117.604912,34.5752,2014-07-16 18:01:27,2014-07-17 02:01:27,2018,2598,0.406929,1,265185,0.818333,0.174404,0.844989,0.4,0.920387,0.75,0.0482405,0.0001,0.0503624,999999,4.569508e-02,3,Malaysian Exclusive Economic Zone,,,SVDNB_npp_d20140716_t1757431_e1803235_b14079_c20140717000324408388_noaa_ops.h5,GDNBO_npp_d20140716_t1757431_e1803235_b14079_c20140717000324408134_noaa_ops.h5,SVI04_npp_d20140716_t1757431_e1803235_b14079_c20140717000324402868_noaa_ops.dspace_rad,VNFF_npp_d20140716_t1757431_e1803235_b14079_v21.csv,World_EEZ_v8_2014.shp,WPP_BFAR_merge.shp,KKP_IDN_merge_20161208.shp,VNF-VBD_npp_20120301-20151231_global_asia-enhanced_c201607211230.bitmask,NCEI_NGA.union.nga_lead2.add_2015ntl.mask,timezone.shp,VBD_platforms-recurring_2015_r20170330.shp,999999,VBD_bridges_c20160811.shp,22.302559;20.657581;17.812403;13.013085;8.184108;3.331987;-1.539063;0.598278;2.699680;7.587820;12.484635;17.389103,102.195274;116.899490;131.129013;129.599106;128.217987;126.965988;125.829720;112.252083;98.601341;99.606560;100.547348;101.419044,npp_d20140716_t1757431_e1803235_b14079,141.711,42.0459,30.5088,-81.2184,32.2782,101.389
2603,VBD_npp_d20140716_t1801276_x1176164E_y068549N_l2020_s2600_v23,2017-05-23 13:09:55,6.854888,117.616417,5.26837,2014-07-16 18:01:27,2014-07-17 02:01:27,2020,2600,0.402455,7,2721,0.175614,0.165546,0.8437,0.4,0.566003,0.75,0.0482491,0.0001,0.0504998,999999,1.178621e-01,3,,,,SVDNB_npp_d20140716_t1757431_e1803235_b14079_c20140717000324408388_noaa_ops.h5,GDNBO_npp_d20140716_t1757431_e1803235_b14079_c20140717000324408134_noaa_ops.h5,SVI04_npp_d20140716_t1757431_e1803235_b14079_c20140717000324402868_noaa_ops.dspace_rad,VNFF_npp_d20140716_t1757431_e1803235_b14079_v21.csv,World_EEZ_v8_2014.shp,WPP_BFAR_merge.shp,KKP_IDN_merge_20161208.shp,VNF-VBD_npp_20120301-20151231_global_asia-enhanced_c201607211230.bitmask,NCEI_NGA.union.nga_lead2.add_2015ntl.mask,timezone.shp,VBD_platforms-recurring_2015_r20170330.shp,999999,VBD_bridges_c20160811.shp,22.302559;20.657581;17.812403;13.013085;8.184108;3.331987;-1.539063;0.598278;2.699680;7.587820;12.484635;17.389103,102.195274;116.899490;131.129013;129.599106;128.217987;126.965988;125.829720;112.252083;98.601341;99.606560;100.547348;101.419044,npp_d20140716_t1757431_e1803235_b14079,141.715,42.0715,30.6023,-81.0107,32.2637,101.369
2605,VBD_npp_d20140716_t1801223_x1176993E_y071042N_l1981_s2603_v23,2017-05-23 13:09:55,7.104157,117.699326,19.0229,2014-07-16 18:01:22,2014-07-17 02:01:22,1981,2603,0.398974,1,3041,0.615492,0.172187,0.826152,0.4,0.879266,0.75,0.0482671,0.0001,0.0507096,999999,6.375986e-02,3,Malaysian Exclusive Economic Zone,,,SVDNB_npp_d20140716_t1757431_e1803235_b14079_c20140717000324408388_noaa_ops.h5,GDNBO_npp_d20140716_t1757431_e1803235_b14079_c20140717000324408134_noaa_ops.h5,SVI04_npp_d20140716_t1757431_e1803235_b14079_c20140717000324402868_noaa_ops.dspace_rad,VNFF_npp_d20140716_t1757431_e1803235_b14079_v21.csv,World_EEZ_v8_2014.shp,WPP_BFAR_merge.shp,KKP_IDN_merge_20161208.shp,VNF-VBD_npp_20120301-20151231_global_asia-enhanced_c201607211230.bitmask,NCEI_NGA.union.nga_lead2.add_2015ntl.mask,timezone.shp,VBD_platforms-recurring_2015_r20170330.shp,999999,VBD_bridges_c20160811.shp,22.302559;20.657581;17.812403;13.013085;8.184108;3.331987;-1.539063;0.598278;2.699680;7.587820;12.484635;17.389103,102.195274;116.899490;131.129013;129.599106;128.217987;126.965988;125.829720;112.252083;98.601341;99.606560;100.547348;101.419044,npp_d20140716_t1757431_e1803235_b14079,141.489,41.9249,30.7337,-80.0789,32.2539,101.791
2606,VBD_npp_d20140716_t1801276_x1176459E_y068696N_l2017_s2604_v23,2017-05-23 13:09:55,6.869587,117.645897,12.9646,2014-07-16 18:01:27,2014-07-17 02:01:27,2017,2604,0.402013,1,3041,0.463552,0.190473,0.813851,0.4,0.822467,0.75,0.0482677,0.0001,0.0506314,999999,-8.523150e-02,3,Malaysian Exclusive Economic Zone,,,SVDNB_npp_d20140716_t1757431_e1803235_b14079_c20140717000324408388_noaa_ops.h5,GDNBO_npp_d20140716_t1757431_e1803235_b14079_c20140717000324408134_noaa_ops.h5,SVI04_npp_d20140716_t1757431_e1803235_b14079_c20140717000324402868_noaa_ops.dspace_rad,VNFF_npp_d20140716_t1757431_e1803235_b14079_v21.csv,World_EEZ_v8_2014.shp,WPP_BFAR_merge.shp,KKP_IDN_merge_20161208.shp,VNF-VBD_npp_20120301-20151231_global_asia-enhanced_c201607211230.bitmask,NCEI_NGA.union.nga_lead2.add_2015ntl.mask,timezone.shp,VBD_platforms-recurring_2015_r20170330.shp,999999,VBD_bridges_c20160811.shp,22.302559;20.657581;17.812403;13.013085;8.184108;3.331987;-1.539063;0.598278;2.699680;7.587820;12.484635;17.389103,102.195274;116.899490;131.129013;129.599106;128.217987;126.965988;125.829720;112.252083;98.601341;99.606560;100.547348;101.419044,npp_d20140716_t1757431_e1803235_b14079,141.684,42.09,30.7837,-81.2901,32.2375,101.405
2607,VBD_npp_d20140716_t1801223_x1177167E_y070876N_l1983_s2606_v23,2017-05-23 13:09:55,7.087602,117.716682,7.01688,2014-07-16 18:01:22,2014-07-17 02:01:22,1983,2606,0.414774,7,2977,0.277715,0.204894,0.80104,0.4,0.687395,0.75,0.0482833,0.0001,0.0508728,999999,-2.027281e-01,3,,,,SVDNB_npp_d20140716_t1757431_e1803235_b14079_c20140717000324408388_noaa_ops.h5,GDNBO_npp_d20140716_t1757431_e1803235_b14079_c20140717000324408134_noaa_ops.h5,SVI04_npp_d20140716_t1757431_e1803235_b14079_c20140717000324402868_noaa_ops.dspace_rad,VNFF_npp_d20140716_t1757431_e1803235_b14079_v21.csv,World_EEZ_v8_2014.shp,WPP_BFAR_merge.shp,KKP_IDN_merge_20161208.shp,VNF-VBD_npp_20120301-20151231_global_asia-enhanced_c201607211230.bitmask,NCEI_NGA.union.nga_lead2.add_2015ntl.mask,timezone.shp,VBD_platforms-recurring_2015_r20170330.shp,999999,VBD_bridges_c20160811.shp,22.302559;20.657581;17.812403;13.013085;8.184108;3.331987;-1.539063;0.598278;2.699680;7.587820;12.484635;17.389103,102.195274;116.899490;131.129013;129.599106;128.217987;126.965988;125.829720;112.252083;98.601341;99.606560;100.547348;101.419044,npp_d20140716_t1757431_e1803235_b14079,141.49,41.957,30.8683,-79.8813,32.2333,101.773
2608,VBD_npp_d20140716_t1801329_x1176113E_y065100N_l2071_s2611_v23,2017-05-23 13:09:55,6.510035,117.611267,10.38,2014-07-16 18:01:32,2014-07-17 02:01:32,2071,2611,0.317655,1,3041,0.366687,0.200233,0.816842,0.4,0.799265,0.75,0.0482889,0.0001,0.0511042,999999,-1.647480e-01,3,,,,SVDNB_npp_d20140716_t1757431_e1803235_b14079_c20140717000324408388_noaa_ops.h5,GDNBO_npp_d20140716_t1757431_e1803235_b14079_c20140717000324408134_noaa_ops.h5,SVI04_npp_d20140716_t1757431_e1803235_b14079_c20140717000324402868_noaa_ops.dspace_rad,VNFF_npp_d20140716_t1757431_e1803235_b14079_v21.csv,World_EEZ_v8_2014.shp,WPP_BFAR_merge.shp,KKP_IDN_merge_20161208.shp,VNF-VBD_npp_20120301-20151231_global_asia-enhanced_c201607211230.bitmask,NCEI_NGA.union.nga_lead2.add_2015ntl.mask,timezone.shp,VBD_platforms-recurring_2015_r20170330.shp,999999,VBD_bridges_c20160811.shp,22.302559;20.657581;17.812403;13.013085;8.184108;3.331987;-1.539063;0.598278;2.699680;7.587820;12.484635;17.389103,102.195274;116.899490;131.129013;129.599106;128.217987;126.965988;125.829720;112.252083;98.601341;99.606560;100.547348;101.419044,npp_d20140716_t1757431_e1803235_b14079,141.959,42.3844,31.0922,-80.7227,32.1801,100.827
2609,VBD_npp_d20140716_t1801294_x1177125E_y066686N_l2045_s2620_v23,2017-05-23 13:09:55,6.668647,117.712547,31.2303,2014-07-16 18:01:29,2014-07-17 02:01:29,2045,2620,0.42168,1,265185,0.803583,0.168229,0.859413,0.4,0.917965,0.75,0.0483345,0.0001,0.0515042,999999,9.600577e-02,3,Malaysian Exclusive Economic Zone,,,SVDNB_npp_d20140716_t1757431_e1803235_b14079_c20140717000324408388_noaa_ops.h5,GDNBO_npp_d20140716_t1757431_e1803235_b14079_c20140717000324408134_noaa_ops.h5,SVI04_npp_d20140716_t1757431_e1803235_b14079_c20140717000324402868_noaa_ops.dspace_rad,VNFF_npp_d20140716_t1757431_e1803235_b14079_v21.csv,World_EEZ_v8_2014.shp,WPP_BFAR_merge.shp,KKP_IDN_merge_20161208.shp,VNF-VBD_npp_20120301-20151231_global_asia-enhanced_c201607211230.bitmask,NCEI_NGA.union.nga_lead2.add_2015ntl.mask,timezone.shp,VBD_platforms-recurring_2015_r20170330.shp,999999,VBD_bridges_c20160811.shp,22.302559;20.657581;17.812403;13.013085;8.184108;3.331987;-1.539063;0.598278;2.699680;7.587820;12.484635;17.389103,102.195274;116.899490;131.129013;129.599106;128.217987;126.965988;125.829720;112.252083;98.601341;99.606560;100.547348;101.419044,npp_d20140716_t1757431_e1803235_b14079,141.784,42.339,31.492,-80.1151,32.1247,101.117
2610,VBD_npp_d20140716_t1801294_x1177346E_y066786N_l2043_s2623_v23,2017-05-23 13:09:55,6.678638,117.734650,5.51426,2014-07-16 18:01:29,2014-07-17 02:01:29,2043,2623,0.422343,7,2721,0.220631,0.1815,0.826573,0.4,0.648261,0.75,0.0483484,0.0001,0.0515995,999999,-1.212003e-02,3,,,,SVDNB_npp_d20140716_t1757431_e1803235_b14079_c20140717000324408388_noaa_ops.h5,GDNBO_npp_d20140716_t1757431_e1803235_b14079_c20140717000324408134_noaa_ops.h5,SVI04_npp_d20140716_t1757431_e1803235_b14079_c20140717000324402868_noaa_ops.dspace_rad,VNFF_npp_d20140716_t1757431_e1803235_b14079_v21.csv,World_EEZ_v8_2014.shp,WPP_BFAR_merge.shp,KKP_IDN_merge_20161208.shp,VNF-VBD_npp_20120301-20151231_global_asia-enhanced_c201607211230.bitmask,NCEI_NGA.union.nga_lead2.add_2015ntl.mask,timezone.shp,VBD_platforms-recurring_2015_r20170330.shp,999999,VBD_bridges_c20160811.shp,22.302559;20.657581;17.812403;13.013085;8.184108;3.331987;-1.539063;0.598278;2.699680;7.587820;12.484635;17.389103,102.195274;116.899490;131.129013;129.599106;128.217987;126.965988;125.829720;112.252083;98.601341;99.606560;100.547348;101.419044,npp_d20140716_t1757431_e1803235_b14079,141.761,42.3536,31.6257,-80.3079,32.1048,101.142
2611,VBD_npp_d20140716_t1801418_x1175648E_y059146N_l2160_s2624_v23,2017-05-23 13:09:55,5.914552,117.564751,18.2444,2014-07-16 18:01:41,2014-07-17 02:01:41,2160,2624,0.307048,1,3041,0.460844,0.126215,0.815332,0.4,0.829086,0.75,0.0483272,0.0001,0.0517133,999999,4.383135e-01,3,Malaysian Exclusive Economic Zone,,,SVDNB_npp_d20140716_t1757431_e1803235_b14079_c20140717000324408388_noaa_ops.h5,GDNBO_npp_d20140716_t1757431_e1803235_b14079_c20140717000324408134_noaa_ops.h5,SVI04_npp_d20140716_t1757431_e1803235_b14079_c20140717000324402868_noaa_ops.dspace_rad,VNFF_npp_d20140716_t1757431_e1803235_b14079_v21.csv,World_EEZ_v8_2014.shp,WPP_BFAR_merge.shp,KKP_IDN_merge_20161208.shp,VNF-VBD_npp_20120301-20151231_global_asia-enhanced_c201607211230.bitmask,NCEI_NGA.union.nga_lead2.add_2015ntl.mask,timezone.shp,VBD_platforms-recurring_2015_r20170330.shp,999999,VBD_bridges_c20160811.shp,22.302559;20.657581;17.812403;13.013085;8.184108;3.331987;-1.539063;0.598278;2.699680;7.587820;12.484635;17.389103,102.195274;116.899490;131.129013;129.599106;128.217987;126.965988;125.829720;112.252083;98.601341;99.606560;100.547348;101.419044,npp_d20140716_t1757431_e1803235_b14079,142.403,42.8942,31.6754,-79.8869,32.0821,99.8699
2612,VBD_npp_d20140716_t1801418_x1176068E_y059212N_l2158_s2630_v23,2017-05-23 13:09:55,5.921197,117.606827,46.9614,2014-07-16 18:01:41,2014-07-17 02:01:41,2158,2630,0.331631,1,265185,0.542121,0.125973,0.824635,0.4,0.860243,0.75,0.0483548,0.0001,0.0519346,999999,4.402929e-01,3,Malaysian Exclusive Economic Zone,,,SVDNB_npp_d20140716_t1757431_e1803235_b14079_c20140717000324408388_noaa_ops.h5,GDNBO_npp_d20140716_t1757431_e1803235_b14079_c20140717000324408134_noaa_ops.h5,SVI04_npp_d20140716_t1757431_e1803235_b14079_c20140717000324402868_noaa_ops.dspace_rad,VNFF_npp_d20140716_t1757431_e1803235_b14079_v21.csv,World_EEZ_v8_2014.shp,WPP_BFAR_merge.shp,KKP_IDN_merge_20161208.shp,VNF-VBD_npp_20120301-20151231_global_asia-enhanced_c201607211230.bitmask,NCEI_NGA.union.nga_lead2.add_2015ntl.mask,timezone.shp,VBD_platforms-recurring_2015_r20170330.shp,999999,VBD_bridges_c20160811.shp,22.302559;20.657581;17.812403;13.013085;8.184108;3.331987;-1.539063;0.598278;2.699680;7.587820;12.484635;17.389103,102.195274;116.899490;131.129013;129.599106;128.217987;126.965988;125.829720;112.252083;98.601341;99.606560;100.547348;101.419044,npp_d20140716_t1757431_e1803235_b14079,142.37,42.9324,31.9429,-80.0805,32.0413,99.8967
2613,VBD_npp_d20140716_t1801418_x1176380E_y059022N_l2160_s2635_v23,2017-05-23 13:09:55,5.902162,117.638031,17.8641,2014-07-16 18:01:41,2014-07-17 02:01:41,2160,2635,0.380136,2,2977,0.351198,0.143861,0.839002,0.4,0.723825,0.75,0.0483769,0.0001,0.0521057,999999,2.945429e-01,3,,,,SVDNB_npp_d20140716_t1757431_e1803235_b14079_c20140717000324408388_noaa_ops.h5,GDNBO_npp_d20140716_t1757431_e1803235_b14079_c20140717000324408134_noaa_ops.h5,SVI04_npp_d20140716_t1757431_e1803235_b14079_c20140717000324402868_noaa_ops.dspace_rad,VNFF_npp_d20140716_t1757431_e1803235_b14079_v21.csv,World_EEZ_v8_2014.shp,WPP_BFAR_merge.shp,KKP_IDN_merge_20161208.shp,VNF-VBD_npp_20120301-20151231_global_asia-enhanced_c201607211230.bitmask,NCEI_NGA.union.nga_lead2.add_2015ntl.mask,timezone.shp,VBD_platforms-recurring_2015_r20170330.shp,999999,VBD_bridges_c20160811.shp,22.302559;20.657581;17.812403;13.013085;8.184108;3.331987;-1.539063;0.598278;2.699680;7.587820;12.484635;17.389103,102.195274;116.899490;131.129013;129.599106;128.217987;126.965988;125.829720;112.252083;98.601341;99.606560;100.547348;101.419044,npp_d20140716_t1757431_e1803235_b14079,142.362,42.9819,32.1677,-79.8907,32.007,99.878
2615,VBD_npp_d20140716_t1801240_x1179279E_y070053N_l1990_s2640_v23,2017-05-23 13:09:55,7.005270,117.927864,270.351,2014-07-16 18:01:24,2014-07-17 02:01:24,1990,2640,0.424276,1,265185,1.55057,0.177382,0.901887,0.4,0.981609,0.75,0.0484352,0.0001,0.0520459,999999,2.142689e-02,3,Malaysian Exclusive Economic Zone,,,SVDNB_npp_d20140716_t1757431_e1803235_b14079_c20140717000324408388_noaa_ops.h5,GDNBO_npp_d20140716_t1757431_e1803235_b14079_c20140717000324408134_noaa_ops.h5,SVI04_npp_d20140716_t1757431_e1803235_b14079_c20140717000324402868_noaa_ops.dspace_rad,VNFF_npp_d20140716_t1757431_e1803235_b14079_v21.csv,World_EEZ_v8_2014.shp,WPP_BFAR_merge.shp,KKP_IDN_merge_20161208.shp,VNF-VBD_npp_20120301-20151231_global_asia-enhanced_c201607211230.bitmask,NCEI_NGA.union.nga_lead2.add_2015ntl.mask,timezone.shp,VBD_platforms-recurring_2015_r20170330.shp,999999,VBD_bridges_c20160811.shp,22.302559;20.657581;17.812403;13.013085;8.184108;3.331987;-1.539063;0.598278;2.699680;7.587820;12.484635;17.389103,102.195274;116.899490;131.129013;129.599106;128.217987;126.965988;125.829720;112.252083;98.601341;99.606560;100.547348;101.419044,npp_d20140716_t1757431_e1803235_b14079,141.406,42.2551,32.3884,-80.7411,32.001,101.74
2616,VBD_npp_d20140716_t1801240_x1179605E_y069514N_l1997_s2646_v23,2017-05-23 13:09:55,6.951391,117.960457,232.998,2014-07-16 18:01:24,2014-07-17 02:01:24,1997,2646,0.417536,1,265185,1.41864,0.186592,0.908177,0.4,0.974838,0.75,0.0484609,0.0001,0.052343,999999,-5.360636e-02,3,Philippines Exclusive Economic Zone,ARMM,,SVDNB_npp_d20140716_t1757431_e1803235_b14079_c20140717000324408388_noaa_ops.h5,GDNBO_npp_d20140716_t1757431_e1803235_b14079_c20140717000324408134_noaa_ops.h5,SVI04_npp_d20140716_t1757431_e1803235_b14079_c20140717000324402868_noaa_ops.dspace_rad,VNFF_npp_d20140716_t1757431_e1803235_b14079_v21.csv,World_EEZ_v8_2014.shp,WPP_BFAR_merge.shp,KKP_IDN_merge_20161208.shp,VNF-VBD_npp_20120301-20151231_global_asia-enhanced_c201607211230.bitmask,NCEI_NGA.union.nga_lead2.add_2015ntl.mask,timezone.shp,VBD_platforms-recurring_2015_r20170330.shp,999999,VBD_bridges_c20160811.shp,22.302559;20.657581;17.812403;13.013085;8.184108;3.331987;-1.539063;0.598278;2.699680;7.587820;12.484635;17.389103,102.195274;116.899490;131.129013;129.599106;128.217987;126.965988;125.829720;112.252083;98.601341;99.606560;100.547348;101.419044,npp_d20140716_t1757431_e1803235_b14079,141.424,42.3345,32.6577,-80.0786,31.9577,101.669
2617,VBD_npp_d20140716_t1801240_x1179695E_y069637N_l1995_s2647_v23,2017-05-23 13:09:55,6.963717,117.969498,213.649,2014-07-16 18:01:24,2014-07-17 02:01:24,1995,2647,0.418089,1,265185,1.48099,0.171257,0.901659,0.4,0.976636,0.75,0.0484658,0.0001,0.052342,999999,7.133192e-02,3,Philippines Exclusive Economic Zone,ARMM,,SVDNB_npp_d20140716_t1757431_e1803235_b14079_c20140717000324408388_noaa_ops.h5,GDNBO_npp_d20140716_t1757431_e1803235_b14079_c20140717000324408134_noaa_ops.h5,SVI04_npp_d20140716_t1757431_e1803235_b14079_c20140717000324402868_noaa_ops.dspace_rad,VNFF_npp_d20140716_t1757431_e1803235_b14079_v21.csv,World_EEZ_v8_2014.shp,WPP_BFAR_merge.shp,KKP_IDN_merge_20161208.shp,VNF-VBD_npp_20120301-20151231_global_asia-enhanced_c201607211230.bitmask,NCEI_NGA.union.nga_lead2.add_2015ntl.mask,timezone.shp,VBD_platforms-recurring_2015_r20170330.shp,999999,VBD_bridges_c20160811.shp,22.302559;20.657581;17.812403;13.013085;8.184108;3.331987;-1.539063;0.598278;2.699680;7.587820;12.484635;17.389103,102.195274;116.899490;131.129013;129.599106;128.217987;126.965988;125.829720;112.252083;98.601341;99.606560;100.547348;101.419044,npp_d20140716_t1757431_e1803235_b14079,141.408,42.3335,32.7021,-80.2658,31.9513,101.693
2618,VBD_npp_d20140716_t1801258_x1180042E_y068777N_l2007_s2655_v23,2017-05-23 13:09:55,6.877668,118.004234,124.405,2014-07-16 18:01:25,2014-07-17 02:01:25,2007,2655,0.415271,1,265185,1.21126,0.217932,0.907229,0.4,0.96201,0.75,0.0484995,0.0001,0.0525145,999999,-3.089578e-01,3,Philippines Exclusive Economic Zone,ARMM,,SVDNB_npp_d20140716_t1757431_e1803235_b14079_c20140717000324408388_noaa_ops.h5,GDNBO_npp_d20140716_t1757431_e1803235_b14079_c20140717000324408134_noaa_ops.h5,SVI04_npp_d20140716_t1757431_e1803235_b14079_c20140717000324402868_noaa_ops.dspace_rad,VNFF_npp_d20140716_t1757431_e1803235_b14079_v21.csv,World_EEZ_v8_2014.shp,WPP_BFAR_merge.shp,KKP_IDN_merge_20161208.shp,VNF-VBD_npp_20120301-20151231_global_asia-enhanced_c201607211230.bitmask,NCEI_NGA.union.nga_lead2.add_2015ntl.mask,timezone.shp,VBD_platforms-recurring_2015_r20170330.shp,999999,VBD_bridges_c20160811.shp,22.302559;20.657581;17.812403;13.013085;8.184108;3.331987;-1.539063;0.598278;2.699680;7.587820;12.484635;17.389103,102.195274;116.899490;131.129013;129.599106;128.217987;126.965988;125.829720;112.252083;98.601341;99.606560;100.547348;101.419044,npp_d20140716_t1757431_e1803235_b14079,141.444,42.4501,33.0636,-80.6472,31.8923,101.573
2619,VBD_npp_d20140716_t1801258_x1180122E_y068416N_l2012_s2657_v23,2017-05-23 13:09:55,6.841560,118.012199,155.368,2014-07-16 18:01:25,2014-07-17 02:01:25,2012,2657,0.42168,1,265185,1.37754,0.154932,0.904334,0.4,0.974123,0.75,0.0485076,0.0001,0.0526419,999999,2.043438e-01,3,Philippines Exclusive Economic Zone,ARMM,,SVDNB_npp_d20140716_t1757431_e1803235_b14079_c20140717000324408388_noaa_ops.h5,GDNBO_npp_d20140716_t1757431_e1803235_b14079_c20140717000324408134_noaa_ops.h5,SVI04_npp_d20140716_t1757431_e1803235_b14079_c20140717000324402868_noaa_ops.dspace_rad,VNFF_npp_d20140716_t1757431_e1803235_b14079_v21.csv,World_EEZ_v8_2014.shp,WPP_BFAR_merge.shp,KKP_IDN_merge_20161208.shp,VNF-VBD_npp_20120301-20151231_global_asia-enhanced_c201607211230.bitmask,NCEI_NGA.union.nga_lead2.add_2015ntl.mask,timezone.shp,VBD_platforms-recurring_2015_r20170330.shp,999999,VBD_bridges_c20160811.shp,22.302559;20.657581;17.812403;13.013085;8.184108;3.331987;-1.539063;0.598278;2.699680;7.587820;12.484635;17.389103,102.195274;116.899490;131.129013;129.599106;128.217987;126.965988;125.829720;112.252083;98.601341;99.606560;100.547348;101.419044,npp_d20140716_t1757431_e1803235_b14079,141.465,42.489,33.1535,-80.1827,31.8771,101.519
2624,VBD_npp_d20140716_t1801223_x1180908E_y070170N_l1984_s2662_v23,2017-05-23 13:09:55,7.016953,118.090813,119.938,2014-07-16 18:01:22,2014-07-17 02:01:22,1984,2662,0.41715,1,265185,1.26618,0.197892,0.876753,0.4,0.965277,0.75,0.0485354,0.0001,0.0527717,999999,-1.456789e-01,3,Philippines Exclusive Economic Zone,ARMM,,SVDNB_npp_d20140716_t1757431_e1803235_b14079_c20140717000324408388_noaa_ops.h5,GDNBO_npp_d20140716_t1757431_e1803235_b14079_c20140717000324408134_noaa_ops.h5,SVI04_npp_d20140716_t1757431_e1803235_b14079_c20140717000324402868_noaa_ops.dspace_rad,VNFF_npp_d20140716_t1757431_e1803235_b14079_v21.csv,World_EEZ_v8_2014.shp,WPP_BFAR_merge.shp,KKP_IDN_merge_20161208.shp,VNF-VBD_npp_20120301-20151231_global_asia-enhanced_c201607211230.bitmask,NCEI_NGA.union.nga_lead2.add_2015ntl.mask,timezone.shp,VBD_platforms-recurring_2015_r20170330.shp,999999,VBD_bridges_c20160811.shp,22.302559;20.657581;17.812403;13.013085;8.184108;3.331987;-1.539063;0.598278;2.699680;7.587820;12.484635;17.389103,102.195274;116.899490;131.129013;129.599106;128.217987;126.965988;125.829720;112.252083;98.601341;99.606560;100.547348;101.419044,npp_d20140716_t1757431_e1803235_b14079,141.293,42.407,33.3768,-79.7932,31.8497,101.83
2626,VBD_npp_d20140716_t1801240_x1180903E_y070131N_l1985_s2663_v23,2017-05-23 13:09:55,7.013108,118.090271,115.8,2014-07-16 18:01:24,2014-07-17 02:01:24,1985,2663,0.416542,1,265185,1.23751,0.181901,0.890696,0.4,0.969183,0.75,0.0485398,0.0001,0.0525443,999999,-1.539304e-02,3,Philippines Exclusive Economic Zone,ARMM,,SVDNB_npp_d20140716_t1757431_e1803235_b14079_c20140717000324408388_noaa_ops.h5,GDNBO_npp_d20140716_t1757431_e1803235_b14079_c20140717000324408134_noaa_ops.h5,SVI04_npp_d20140716_t1757431_e1803235_b14079_c20140717000324402868_noaa_ops.dspace_rad,VNFF_npp_d20140716_t1757431_e1803235_b14079_v21.csv,World_EEZ_v8_2014.shp,WPP_BFAR_merge.shp,KKP_IDN_merge_20161208.shp,VNF-VBD_npp_20120301-20151231_global_asia-enhanced_c201607211230.bitmask,NCEI_NGA.union.nga_lead2.add_2015ntl.mask,timezone.shp,VBD_platforms-recurring_2015_r20170330.shp,999999,VBD_bridges_c20160811.shp,22.302559;20.657581;17.812403;13.013085;8.184108;3.331987;-1.539063;0.598278;2.699680;7.587820;12.484635;17.389103,102.195274;116.899490;131.129013;129.599106;128.217987;126.965988;125.829720;112.252083;98.601341;99.606560;100.547348;101.419044,npp_d20140716_t1757431_e1803235_b14079,141.291,42.4173,33.4232,-81.1777,31.8424,101.827
2627,VBD_npp_d20140716_t1801223_x1181046E_y070146N_l1984_s2664_v23,2017-05-23 13:09:55,7.014598,118.104584,7.03483,2014-07-16 18:01:22,2014-07-17 02:01:22,1984,2664,0.41831,7,2721,0.178892,0.177081,0.890696,0.4,0.535103,0.75,0.0485444,0.0001,0.0528151,999999,2.388379e-02,3,,,,SVDNB_npp_d20140716_t1757431_e1803235_b14079_c20140717000324408388_noaa_ops.h5,GDNBO_npp_d20140716_t1757431_e1803235_b14079_c20140717000324408134_noaa_ops.h5,SVI04_npp_d20140716_t1757431_e1803235_b14079_c20140717000324402868_noaa_ops.dspace_rad,VNFF_npp_d20140716_t1757431_e1803235_b14079_v21.csv,World_EEZ_v8_2014.shp,WPP_BFAR_merge.shp,KKP_IDN_merge_20161208.shp,VNF-VBD_npp_20120301-20151231_global_asia-enhanced_c201607211230.bitmask,NCEI_NGA.union.nga_lead2.add_2015ntl.mask,timezone.shp,VBD_platforms-recurring_2015_r20170330.shp,999999,VBD_bridges_c20160811.shp,22.302559;20.657581;17.812403;13.013085;8.184108;3.331987;-1.539063;0.598278;2.699680;7.587820;12.484635;17.389103,102.195274;116.899490;131.129013;129.599106;128.217987;126.965988;125.829720;112.252083;98.601341;99.606560;100.547348;101.419044,npp_d20140716_t1757431_e1803235_b14079,141.285,42.4232,33.4667,-79.7933,31.8357,101.833
2629,VBD_npp_d20140716_t1801205_x1181404E_y071452N_l1964_s2665_v23,2017-05-23 13:09:55,7.145160,118.140373,339.623,2014-07-16 18:01:20,2014-07-17 02:01:20,1964,2665,0.419194,1,265185,1.51565,0.167737,0.884458,0.4,0.976876,0.75,0.0485227,0.0001,0.0527491,999999,1.000107e-01,3,Philippines Exclusive Economic Zone,Region IV-B,,SVDNB_npp_d20140716_t1757431_e1803235_b14079_c20140717000324408388_noaa_ops.h5,GDNBO_npp_d20140716_t1757431_e1803235_b14079_c20140717000324408134_noaa_ops.h5,SVI04_npp_d20140716_t1757431_e1803235_b14079_c20140717000324402868_noaa_ops.dspace_rad,VNFF_npp_d20140716_t1757431_e1803235_b14079_v21.csv,World_EEZ_v8_2014.shp,WPP_BFAR_merge.shp,KKP_IDN_merge_20161208.shp,VNF-VBD_npp_20120301-20151231_global_asia-enhanced_c201607211230.bitmask,NCEI_NGA.union.nga_lead2.add_2015ntl.mask,timezone.shp,VBD_platforms-recurring_2015_r20170330.shp,999999,VBD_bridges_c20160811.shp,22.302559;20.657581;17.812403;13.013085;8.184108;3.331987;-1.539063;0.598278;2.699680;7.587820;12.484635;17.389103,102.195274;116.899490;131.129013;129.599106;128.217987;126.965988;125.829720;112.252083;98.601341;99.606560;100.547348;101.419044,npp_d20140716_t1757431_e1803235_b14079,141.17,42.3431,33.5074,-80.1554,31.8349,102.056
2630,VBD_npp_d20140716_t1801240_x1181036E_y070095N_l1985_s2665_v23,2017-05-23 13:09:55,7.009511,118.103600,8.94609,2014-07-16 18:01:24,2014-07-17 02:01:24,1985,2665,0.414056,7,2977,0.235927,0.168003,0.890696,0.4,0.607762,0.75,0.0485488,0.0001,0.0525904,999999,9.784807e-02,3,,,,SVDNB_npp_d20140716_t1757431_e1803235_b14079_c20140717000324408388_noaa_ops.h5,GDNBO_npp_d20140716_t1757431_e1803235_b14079_c20140717000324408134_noaa_ops.h5,SVI04_npp_d20140716_t1757431_e1803235_b14079_c20140717000324402868_noaa_ops.dspace_rad,VNFF_npp_d20140716_t1757431_e1803235_b14079_v21.csv,World_EEZ_v8_2014.shp,WPP_BFAR_merge.shp,KKP_IDN_merge_20161208.shp,VNF-VBD_npp_20120301-20151231_global_asia-enhanced_c201607211230.bitmask,NCEI_NGA.union.nga_lead2.add_2015ntl.mask,timezone.shp,VBD_platforms-recurring_2015_r20170330.shp,999999,VBD_bridges_c20160811.shp,22.302559;20.657581;17.812403;13.013085;8.184108;3.331987;-1.539063;0.598278;2.699680;7.587820;12.484635;17.389103,102.195274;116.899490;131.129013;129.599106;128.217987;126.965988;125.829720;112.252083;98.601341;99.606560;100.547348;101.419044,npp_d20140716_t1757431_e1803235_b14079,141.285,42.4342,33.5116,-81.1562,31.8285,101.827
2632,VBD_npp_d20140716_t1801240_x1181078E_y069952N_l1987_s2666_v23,2017-05-23 13:09:55,6.995227,118.107849,219.42,2014-07-16 18:01:24,2014-07-17 02:01:24,1987,2666,0.418476,1,265185,1.42925,0.17378,0.888488,0.4,0.975335,0.75,0.0485529,0.0001,0.052654,999999,5.077430e-02,3,Philippines Exclusive Economic Zone,ARMM,,SVDNB_npp_d20140716_t1757431_e1803235_b14079_c20140717000324408388_noaa_ops.h5,GDNBO_npp_d20140716_t1757431_e1803235_b14079_c20140717000324408134_noaa_ops.h5,SVI04_npp_d20140716_t1757431_e1803235_b14079_c20140717000324402868_noaa_ops.dspace_rad,VNFF_npp_d20140716_t1757431_e1803235_b14079_v21.csv,World_EEZ_v8_2014.shp,WPP_BFAR_merge.shp,KKP_IDN_merge_20161208.shp,VNF-VBD_npp_20120301-20151231_global_asia-enhanced_c201607211230.bitmask,NCEI_NGA.union.nga_lead2.add_2015ntl.mask,timezone.shp,VBD_platforms-recurring_2015_r20170330.shp,999999,VBD_bridges_c20160811.shp,22.302559;20.657581;17.812403;13.013085;8.184108;3.331987;-1.539063;0.598278;2.699680;7.587820;12.484635;17.389103,102.195274;116.899490;131.129013;129.599106;128.217987;126.965988;125.829720;112.252083;98.601341;99.606560;100.547348;101.419044,npp_d20140716_t1757431_e1803235_b14079,141.293,42.4506,33.5528,-80.9766,31.8213,101.806
2633,VBD_npp_d20140716_t1801205_x1181686E_y071540N_l1962_s2669_v23,2017-05-23 13:09:55,7.153995,118.168556,212.063,2014-07-16 18:01:20,2014-07-17 02:01:20,1962,2669,0.420243,1,265185,1.45512,0.167607,0.885096,0.4,0.965286,0.75,0.0485379,0.0001,0.0527876,999999,1.010701e-01,3,Philippines Exclusive Economic Zone,Region IV-B,,SVDNB_npp_d20140716_t1757431_e1803235_b14079_c20140717000324408388_noaa_ops.h5,GDNBO_npp_d20140716_t1757431_e1803235_b14079_c20140717000324408134_noaa_ops.h5,SVI04_npp_d20140716_t1757431_e1803235_b14079_c20140717000324402868_noaa_ops.dspace_rad,VNFF_npp_d20140716_t1757431_e1803235_b14079_v21.csv,World_EEZ_v8_2014.shp,WPP_BFAR_merge.shp,KKP_IDN_merge_20161208.shp,VNF-VBD_npp_20120301-20151231_global_asia-enhanced_c201607211230.bitmask,NCEI_NGA.union.nga_lead2.add_2015ntl.mask,timezone.shp,VBD_platforms-recurring_2015_r20170330.shp,999999,VBD_bridges_c20160811.shp,22.302559;20.657581;17.812403;13.013085;8.184108;3.331987;-1.539063;0.598278;2.699680;7.587820;12.484635;17.389103,102.195274;116.899490;131.129013;129.599106;128.217987;126.965988;125.829720;112.252083;98.601341;99.606560;100.547348;101.419044,npp_d20140716_t1757431_e1803235_b14079,141.145,42.3649,33.6761,-80.3316,31.809,102.083
2635,VBD_npp_d20140716_t1801294_x1181217E_y066482N_l2038_s2680_v23,2017-05-23 13:09:55,6.648197,118.121704,356.692,2014-07-16 18:01:29,2014-07-17 02:01:29,2038,2680,0.32804,1,265185,1.26361,0.161497,0.841051,0.4,0.933956,0.75,0.0486061,0.0001,0.0530243,999999,1.508513e-01,3,Philippines Exclusive Economic Zone,ARMM,,SVDNB_npp_d20140716_t1757431_e1803235_b14079_c20140717000324408388_noaa_ops.h5,GDNBO_npp_d20140716_t1757431_e1803235_b14079_c20140717000324408134_noaa_ops.h5,SVI04_npp_d20140716_t1757431_e1803235_b14079_c20140717000324402868_noaa_ops.dspace_rad,VNFF_npp_d20140716_t1757431_e1803235_b14079_v21.csv,World_EEZ_v8_2014.shp,WPP_BFAR_merge.shp,KKP_IDN_merge_20161208.shp,VNF-VBD_npp_20120301-20151231_global_asia-enhanced_c201607211230.bitmask,NCEI_NGA.union.nga_lead2.add_2015ntl.mask,timezone.shp,VBD_platforms-recurring_2015_r20170330.shp,999999,VBD_bridges_c20160811.shp,22.302559;20.657581;17.812403;13.013085;8.184108;3.331987;-1.539063;0.598278;2.699680;7.587820;12.484635;17.389103,102.195274;116.899490;131.129013;129.599106;128.217987;126.965988;125.829720;112.252083;98.601341;99.606560;100.547348;101.419044,npp_d20140716_t1757431_e1803235_b14079,141.524,42.7824,34.1425,-80.7308,31.716,101.261
2636,VBD_npp_d20140716_t1801294_x1181414E_y066449N_l2038_s2683_v23,2017-05-23 13:09:55,6.644916,118.141426,437.443,2014-07-16 18:01:29,2014-07-17 02:01:29,2038,2683,0.421183,1,265185,1.44165,0.200298,0.851995,0.4,0.973895,0.75,0.0486193,0.0001,0.0530635,999999,-1.652827e-01,3,Philippines Exclusive Economic Zone,ARMM,,SVDNB_npp_d20140716_t1757431_e1803235_b14079_c20140717000324408388_noaa_ops.h5,GDNBO_npp_d20140716_t1757431_e1803235_b14079_c20140717000324408134_noaa_ops.h5,SVI04_npp_d20140716_t1757431_e1803235_b14079_c20140717000324402868_noaa_ops.dspace_rad,VNFF_npp_d20140716_t1757431_e1803235_b14079_v21.csv,World_EEZ_v8_2014.shp,WPP_BFAR_merge.shp,KKP_IDN_merge_20161208.shp,VNF-VBD_npp_20120301-20151231_global_asia-enhanced_c201607211230.bitmask,NCEI_NGA.union.nga_lead2.add_2015ntl.mask,timezone.shp,VBD_platforms-recurring_2015_r20170330.shp,999999,VBD_bridges_c20160811.shp,22.302559;20.657581;17.812403;13.013085;8.184108;3.331987;-1.539063;0.598278;2.699680;7.587820;12.484635;17.389103,102.195274;116.899490;131.129013;129.599106;128.217987;126.965988;125.829720;112.252083;98.601341;99.606560;100.547348;101.419044,npp_d20140716_t1757431_e1803235_b14079,141.513,42.8056,34.2696,-80.7281,31.6958,101.264
2637,VBD_npp_d20140716_t1801258_x1181988E_y068175N_l2011_s2685_v23,2017-05-23 13:09:55,6.817503,118.198799,146.515,2014-07-16 18:01:25,2014-07-17 02:01:25,2011,2685,0.42179,1,265185,1.37846,0.175056,0.911915,0.4,0.975199,0.75,0.0486331,0.0001,0.0531183,999999,4.038456e-02,3,Philippines Exclusive Economic Zone,ARMM,,SVDNB_npp_d20140716_t1757431_e1803235_b14079_c20140717000324408388_noaa_ops.h5,GDNBO_npp_d20140716_t1757431_e1803235_b14079_c20140717000324408134_noaa_ops.h5,SVI04_npp_d20140716_t1757431_e1803235_b14079_c20140717000324402868_noaa_ops.dspace_rad,VNFF_npp_d20140716_t1757431_e1803235_b14079_v21.csv,World_EEZ_v8_2014.shp,WPP_BFAR_merge.shp,KKP_IDN_merge_20161208.shp,VNF-VBD_npp_20120301-20151231_global_asia-enhanced_c201607211230.bitmask,NCEI_NGA.union.nga_lead2.add_2015ntl.mask,timezone.shp,VBD_platforms-recurring_2015_r20170330.shp,999999,VBD_bridges_c20160811.shp,22.302559;20.657581;17.812403;13.013085;8.184108;3.331987;-1.539063;0.598278;2.699680;7.587820;12.484635;17.389103,102.195274;116.899490;131.129013;129.599106;128.217987;126.965988;125.829720;112.252083;98.601341;99.606560;100.547348;101.419044,npp_d20140716_t1757431_e1803235_b14079,141.357,42.7025,34.3574,-80.2693,31.6879,101.563
2638,VBD_npp_d20140716_t1801276_x1181975E_y067709N_l2018_s2687_v23,2017-05-23 13:09:55,6.770897,118.197533,258.839,2014-07-16 18:01:27,2014-07-17 02:01:27,2018,2687,0.423337,1,265185,1.59758,0.185397,0.907953,0.4,0.980078,0.75,0.0486406,0.0001,0.0530127,999999,-4.387017e-02,3,Philippines Exclusive Economic Zone,ARMM,,SVDNB_npp_d20140716_t1757431_e1803235_b14079_c20140717000324408388_noaa_ops.h5,GDNBO_npp_d20140716_t1757431_e1803235_b14079_c20140717000324408134_noaa_ops.h5,SVI04_npp_d20140716_t1757431_e1803235_b14079_c20140717000324402868_noaa_ops.dspace_rad,VNFF_npp_d20140716_t1757431_e1803235_b14079_v21.csv,World_EEZ_v8_2014.shp,WPP_BFAR_merge.shp,KKP_IDN_merge_20161208.shp,VNF-VBD_npp_20120301-20151231_global_asia-enhanced_c201607211230.bitmask,NCEI_NGA.union.nga_lead2.add_2015ntl.mask,timezone.shp,VBD_platforms-recurring_2015_r20170330.shp,999999,VBD_bridges_c20160811.shp,22.302559;20.657581;17.812403;13.013085;8.184108;3.331987;-1.539063;0.598278;2.699680;7.587820;12.484635;17.389103,102.195274;116.899490;131.129013;129.599106;128.217987;126.965988;125.829720;112.252083;98.601341;99.606560;100.547348;101.419044,npp_d20140716_t1757431_e1803235_b14079,141.387,42.7484,34.4444,-81.0585,31.6727,101.49
2639,VBD_npp_d20140716_t1801294_x1181743E_y065983N_l2044_s2689_v23,2017-05-23 13:09:55,6.598285,118.174255,210.233,2014-07-16 18:01:29,2014-07-17 02:01:29,2044,2689,0.419912,1,265185,1.4788,0.182108,0.879237,0.4,0.977414,0.75,0.0486445,0.0001,0.0532122,999999,-1.707483e-02,3,Philippines Exclusive Economic Zone,ARMM,,SVDNB_npp_d20140716_t1757431_e1803235_b14079_c20140717000324408388_noaa_ops.h5,GDNBO_npp_d20140716_t1757431_e1803235_b14079_c20140717000324408134_noaa_ops.h5,SVI04_npp_d20140716_t1757431_e1803235_b14079_c20140717000324402868_noaa_ops.dspace_rad,VNFF_npp_d20140716_t1757431_e1803235_b14079_v21.csv,World_EEZ_v8_2014.shp,WPP_BFAR_merge.shp,KKP_IDN_merge_20161208.shp,VNF-VBD_npp_20120301-20151231_global_asia-enhanced_c201607211230.bitmask,NCEI_NGA.union.nga_lead2.add_2015ntl.mask,timezone.shp,VBD_platforms-recurring_2015_r20170330.shp,999999,VBD_bridges_c20160811.shp,22.302559;20.657581;17.812403;13.013085;8.184108;3.331987;-1.539063;0.598278;2.699680;7.587820;12.484635;17.389103,102.195274;116.899490;131.129013;129.599106;128.217987;126.965988;125.829720;112.252083;98.601341;99.606560;100.547348;101.419044,npp_d20140716_t1757431_e1803235_b14079,141.525,42.8793,34.5235,-80.2014,31.6541,101.203
2640,VBD_npp_d20140716_t1801329_x1181696E_y063688N_l2078_s2696_v23,2017-05-23 13:09:55,6.368793,118.169624,188.302,2014-07-16 18:01:32,2014-07-17 02:01:32,2078,2696,0.408476,1,265185,1.32105,0.174065,0.876898,0.4,0.966564,0.75,0.0486689,0.0001,0.0533189,999999,4.845895e-02,3,Philippines Exclusive Economic Zone,ARMM,,SVDNB_npp_d20140716_t1757431_e1803235_b14079_c20140717000324408388_noaa_ops.h5,GDNBO_npp_d20140716_t1757431_e1803235_b14079_c20140717000324408134_noaa_ops.h5,SVI04_npp_d20140716_t1757431_e1803235_b14079_c20140717000324402868_noaa_ops.dspace_rad,VNFF_npp_d20140716_t1757431_e1803235_b14079_v21.csv,World_EEZ_v8_2014.shp,WPP_BFAR_merge.shp,KKP_IDN_merge_20161208.shp,VNF-VBD_npp_20120301-20151231_global_asia-enhanced_c201607211230.bitmask,NCEI_NGA.union.nga_lead2.add_2015ntl.mask,timezone.shp,VBD_platforms-recurring_2015_r20170330.shp,999999,VBD_bridges_c20160811.shp,22.302559;20.657581;17.812403;13.013085;8.184108;3.331987;-1.539063;0.598278;2.699680;7.587820;12.484635;17.389103,102.195274;116.899490;131.129013;129.599106;128.217987;126.965988;125.829720;112.252083;98.601341;99.606560;100.547348;101.419044,npp_d20140716_t1757431_e1803235_b14079,141.686,43.0873,34.8234,-80.0472,31.6,100.833
2641,VBD_npp_d20140716_t1801329_x1181897E_y064067N_l2072_s2698_v23,2017-05-23 13:09:55,6.406734,118.189720,57.1756,2014-07-16 18:01:32,2014-07-17 02:01:32,2072,2698,0.401239,1,265185,1.03037,0.189926,0.868764,0.4,0.951607,0.75,0.0486789,0.0001,0.0532766,999999,-8.077258e-02,3,Philippines Exclusive Economic Zone,ARMM,,SVDNB_npp_d20140716_t1757431_e1803235_b14079_c20140717000324408388_noaa_ops.h5,GDNBO_npp_d20140716_t1757431_e1803235_b14079_c20140717000324408134_noaa_ops.h5,SVI04_npp_d20140716_t1757431_e1803235_b14079_c20140717000324402868_noaa_ops.dspace_rad,VNFF_npp_d20140716_t1757431_e1803235_b14079_v21.csv,World_EEZ_v8_2014.shp,WPP_BFAR_merge.shp,KKP_IDN_merge_20161208.shp,VNF-VBD_npp_20120301-20151231_global_asia-enhanced_c201607211230.bitmask,NCEI_NGA.union.nga_lead2.add_2015ntl.mask,timezone.shp,VBD_platforms-recurring_2015_r20170330.shp,999999,VBD_bridges_c20160811.shp,22.302559;20.657581;17.812403;13.013085;8.184108;3.331987;-1.539063;0.598278;2.699680;7.587820;12.484635;17.389103,102.195274;116.899490;131.129013;129.599106;128.217987;126.965988;125.829720;112.252083;98.601341;99.606560;100.547348;101.419044,npp_d20140716_t1757431_e1803235_b14079,141.644,43.0752,34.9077,-80.5632,31.5873,100.904
2642,VBD_npp_d20140716_t1801329_x1181907E_y063721N_l2077_s2699_v23,2017-05-23 13:09:55,6.372101,118.190742,7.2085,2014-07-16 18:01:32,2014-07-17 02:01:32,2077,2699,0.406156,7,2721,0.172255,0.162041,0.870056,0.4,0.480039,0.75,0.0486823,0.0001,0.0533318,999999,1.464241e-01,3,,,,SVDNB_npp_d20140716_t1757431_e1803235_b14079_c20140717000324408388_noaa_ops.h5,GDNBO_npp_d20140716_t1757431_e1803235_b14079_c20140717000324408134_noaa_ops.h5,SVI04_npp_d20140716_t1757431_e1803235_b14079_c20140717000324402868_noaa_ops.dspace_rad,VNFF_npp_d20140716_t1757431_e1803235_b14079_v21.csv,World_EEZ_v8_2014.shp,WPP_BFAR_merge.shp,KKP_IDN_merge_20161208.shp,VNF-VBD_npp_20120301-20151231_global_asia-enhanced_c201607211230.bitmask,NCEI_NGA.union.nga_lead2.add_2015ntl.mask,timezone.shp,VBD_platforms-recurring_2015_r20170330.shp,999999,VBD_bridges_c20160811.shp,22.302559;20.657581;17.812403;13.013085;8.184108;3.331987;-1.539063;0.598278;2.699680;7.587820;12.484635;17.389103,102.195274;116.899490;131.129013;129.599106;128.217987;126.965988;125.829720;112.252083;98.601341;99.606560;100.547348;101.419044,npp_d20140716_t1757431_e1803235_b14079,141.669,43.1062,34.9505,-80.1328,31.5797,100.848
2643,VBD_npp_d20140716_t1801329_x1181874E_y063520N_l2080_s2699_v23,2017-05-23 13:09:55,6.351989,118.187355,310.644,2014-07-16 18:01:32,2014-07-17 02:01:32,2080,2699,0.408366,1,265185,1.49009,0.166826,0.86218,0.4,0.961222,0.75,0.0486818,0.0001,0.0533519,999999,1.074348e-01,3,Philippines Exclusive Economic Zone,ARMM,,SVDNB_npp_d20140716_t1757431_e1803235_b14079_c20140717000324408388_noaa_ops.h5,GDNBO_npp_d20140716_t1757431_e1803235_b14079_c20140717000324408134_noaa_ops.h5,SVI04_npp_d20140716_t1757431_e1803235_b14079_c20140717000324402868_noaa_ops.dspace_rad,VNFF_npp_d20140716_t1757431_e1803235_b14079_v21.csv,World_EEZ_v8_2014.shp,WPP_BFAR_merge.shp,KKP_IDN_merge_20161208.shp,VNF-VBD_npp_20120301-20151231_global_asia-enhanced_c201607211230.bitmask,NCEI_NGA.union.nga_lead2.add_2015ntl.mask,timezone.shp,VBD_platforms-recurring_2015_r20170330.shp,999999,VBD_bridges_c20160811.shp,22.302559;20.657581;17.812403;13.013085;8.184108;3.331987;-1.539063;0.598278;2.699680;7.587820;12.484635;17.389103,102.195274;116.899490;131.129013;129.599106;128.217987;126.965988;125.829720;112.252083;98.601341;99.606560;100.547348;101.419044,npp_d20140716_t1757431_e1803235_b14079,141.686,43.1201,34.9515,-79.8749,31.5792,100.813
2644,VBD_npp_d20140716_t1801347_x1181865E_y063471N_l2081_s2700_v23,2017-05-23 13:09:55,6.347063,118.186455,7.03168,2014-07-16 18:01:34,2014-07-17 02:01:34,2081,2700,0.414774,7,2721,0.186817,0.172235,0.86218,0.4,0.421526,0.75,0.048686,0.0001,0.0532152,999999,6.336163e-02,3,,,,SVDNB_npp_d20140716_t1757431_e1803235_b14079_c20140717000324408388_noaa_ops.h5,GDNBO_npp_d20140716_t1757431_e1803235_b14079_c20140717000324408134_noaa_ops.h5,SVI04_npp_d20140716_t1757431_e1803235_b14079_c20140717000324402868_noaa_ops.dspace_rad,VNFF_npp_d20140716_t1757431_e1803235_b14079_v21.csv,World_EEZ_v8_2014.shp,WPP_BFAR_merge.shp,KKP_IDN_merge_20161208.shp,VNF-VBD_npp_20120301-20151231_global_asia-enhanced_c201607211230.bitmask,NCEI_NGA.union.nga_lead2.add_2015ntl.mask,timezone.shp,VBD_platforms-recurring_2015_r20170330.shp,999999,VBD_bridges_c20160811.shp,22.302559;20.657581;17.812403;13.013085;8.184108;3.331987;-1.539063;0.598278;2.699680;7.587820;12.484635;17.389103,102.195274;116.899490;131.129013;129.599106;128.217987;126.965988;125.829720;112.252083;98.601341;99.606560;100.547348;101.419044,npp_d20140716_t1757431_e1803235_b14079,141.685,43.131,34.9955,-81.1695,31.572,100.808
2645,VBD_npp_d20140716_t1801258_x1183028E_y067861N_l2013_s2701_v23,2017-05-23 13:09:55,6.786123,118.302811,108.307,2014-07-16 18:01:25,2014-07-17 02:01:25,2013,2701,0.420022,1,265185,1.19725,0.173735,0.896756,0.4,0.965235,0.75,0.0487031,0.0001,0.0532826,999999,5.114201e-02,3,Philippines Exclusive Economic Zone,ARMM,,SVDNB_npp_d20140716_t1757431_e1803235_b14079_c20140717000324408388_noaa_ops.h5,GDNBO_npp_d20140716_t1757431_e1803235_b14079_c20140717000324408134_noaa_ops.h5,SVI04_npp_d20140716_t1757431_e1803235_b14079_c20140717000324402868_noaa_ops.dspace_rad,VNFF_npp_d20140716_t1757431_e1803235_b14079_v21.csv,World_EEZ_v8_2014.shp,WPP_BFAR_merge.shp,KKP_IDN_merge_20161208.shp,VNF-VBD_npp_20120301-20151231_global_asia-enhanced_c201607211230.bitmask,NCEI_NGA.union.nga_lead2.add_2015ntl.mask,timezone.shp,VBD_platforms-recurring_2015_r20170330.shp,999999,VBD_bridges_c20160811.shp,22.302559;20.657581;17.812403;13.013085;8.184108;3.331987;-1.539063;0.598278;2.699680;7.587820;12.484635;17.389103,102.195274;116.899490;131.129013;129.599106;128.217987;126.965988;125.829720;112.252083;98.601341;99.606560;100.547348;101.419044,npp_d20140716_t1757431_e1803235_b14079,141.31,42.8362,35.0363,-80.0905,31.5788,101.559
2646,VBD_npp_d20140716_t1801240_x1183371E_y068676N_l2000_s2703_v23,2017-05-23 13:09:55,6.867555,118.337074,120.615,2014-07-16 18:01:24,2014-07-17 02:01:24,2000,2703,0.41958,1,265185,1.30458,0.173773,0.873599,0.4,0.969576,0.75,0.0487143,0.0001,0.0533126,999999,5.083160e-02,3,Philippines Exclusive Economic Zone,ARMM,,SVDNB_npp_d20140716_t1757431_e1803235_b14079_c20140717000324408388_noaa_ops.h5,GDNBO_npp_d20140716_t1757431_e1803235_b14079_c20140717000324408134_noaa_ops.h5,SVI04_npp_d20140716_t1757431_e1803235_b14079_c20140717000324402868_noaa_ops.dspace_rad,VNFF_npp_d20140716_t1757431_e1803235_b14079_v21.csv,World_EEZ_v8_2014.shp,WPP_BFAR_merge.shp,KKP_IDN_merge_20161208.shp,VNF-VBD_npp_20120301-20151231_global_asia-enhanced_c201607211230.bitmask,NCEI_NGA.union.nga_lead2.add_2015ntl.mask,timezone.shp,VBD_platforms-recurring_2015_r20170330.shp,999999,VBD_bridges_c20160811.shp,22.302559;20.657581;17.812403;13.013085;8.184108;3.331987;-1.539063;0.598278;2.699680;7.587820;12.484635;17.389103,102.195274;116.899490;131.129013;129.599106;128.217987;126.965988;125.829720;112.252083;98.601341;99.606560;100.547348;101.419044,npp_d20140716_t1757431_e1803235_b14079,141.232,42.7948,35.1199,-79.8191,31.5688,101.704
2647,VBD_npp_d20140716_t1801258_x1183366E_y068633N_l2001_s2704_v23,2017-05-23 13:09:55,6.863303,118.336594,87.4524,2014-07-16 18:01:25,2014-07-17 02:01:25,2001,2704,0.421293,1,265185,1.18767,0.16592,0.873599,0.4,0.967156,0.75,0.0487185,0.0001,0.0530832,999999,1.148155e-01,3,Philippines Exclusive Economic Zone,ARMM,,SVDNB_npp_d20140716_t1757431_e1803235_b14079_c20140717000324408388_noaa_ops.h5,GDNBO_npp_d20140716_t1757431_e1803235_b14079_c20140717000324408134_noaa_ops.h5,SVI04_npp_d20140716_t1757431_e1803235_b14079_c20140717000324402868_noaa_ops.dspace_rad,VNFF_npp_d20140716_t1757431_e1803235_b14079_v21.csv,World_EEZ_v8_2014.shp,WPP_BFAR_merge.shp,KKP_IDN_merge_20161208.shp,VNF-VBD_npp_20120301-20151231_global_asia-enhanced_c201607211230.bitmask,NCEI_NGA.union.nga_lead2.add_2015ntl.mask,timezone.shp,VBD_platforms-recurring_2015_r20170330.shp,999999,VBD_bridges_c20160811.shp,22.302559;20.657581;17.812403;13.013085;8.184108;3.331987;-1.539063;0.598278;2.699680;7.587820;12.484635;17.389103,102.195274;116.899490;131.129013;129.599106;128.217987;126.965988;125.829720;112.252083;98.601341;99.606560;100.547348;101.419044,npp_d20140716_t1757431_e1803235_b14079,141.231,42.8055,35.1657,-81.1153,31.5613,101.7
2648,VBD_npp_d20140716_t1801258_x1183363E_y067804N_l2013_s2706_v23,2017-05-23 13:09:55,6.780418,118.336349,89.9178,2014-07-16 18:01:25,2014-07-17 02:01:25,2013,2706,0.40356,1,265185,1.06078,0.211832,0.900284,0.4,0.874434,0.75,0.048725,0.0001,0.0533042,999999,-2.592570e-01,3,Philippines Exclusive Economic Zone,ARMM,,SVDNB_npp_d20140716_t1757431_e1803235_b14079_c20140717000324408388_noaa_ops.h5,GDNBO_npp_d20140716_t1757431_e1803235_b14079_c20140717000324408134_noaa_ops.h5,SVI04_npp_d20140716_t1757431_e1803235_b14079_c20140717000324402868_noaa_ops.dspace_rad,VNFF_npp_d20140716_t1757431_e1803235_b14079_v21.csv,World_EEZ_v8_2014.shp,WPP_BFAR_merge.shp,KKP_IDN_merge_20161208.shp,VNF-VBD_npp_20120301-20151231_global_asia-enhanced_c201607211230.bitmask,NCEI_NGA.union.nga_lead2.add_2015ntl.mask,timezone.shp,VBD_platforms-recurring_2015_r20170330.shp,999999,VBD_bridges_c20160811.shp,22.302559;20.657581;17.812403;13.013085;8.184108;3.331987;-1.539063;0.598278;2.699680;7.587820;12.484635;17.389103,102.195274;116.899490;131.129013;129.599106;128.217987;126.965988;125.829720;112.252083;98.601341;99.606560;100.547348;101.419044,npp_d20140716_t1757431_e1803235_b14079,141.292,42.8755,35.2487,-80.089,31.5446,101.565
2649,VBD_npp_d20140716_t1801258_x1183836E_y068140N_l2007_s2712_v23,2017-05-23 13:09:55,6.813980,118.383636,176.018,2014-07-16 18:01:25,2014-07-17 02:01:25,2007,2712,0.415713,1,265185,1.31294,0.184853,0.908351,0.4,0.971329,0.75,0.0487525,0.0001,0.0532232,999999,-3.943957e-02,3,Philippines Exclusive Economic Zone,ARMM,,SVDNB_npp_d20140716_t1757431_e1803235_b14079_c20140717000324408388_noaa_ops.h5,GDNBO_npp_d20140716_t1757431_e1803235_b14079_c20140717000324408134_noaa_ops.h5,SVI04_npp_d20140716_t1757431_e1803235_b14079_c20140717000324402868_noaa_ops.dspace_rad,VNFF_npp_d20140716_t1757431_e1803235_b14079_v21.csv,World_EEZ_v8_2014.shp,WPP_BFAR_merge.shp,KKP_IDN_merge_20161208.shp,VNF-VBD_npp_20120301-20151231_global_asia-enhanced_c201607211230.bitmask,NCEI_NGA.union.nga_lead2.add_2015ntl.mask,timezone.shp,VBD_platforms-recurring_2015_r20170330.shp,999999,VBD_bridges_c20160811.shp,22.302559;20.657581;17.812403;13.013085;8.184108;3.331987;-1.539063;0.598278;2.699680;7.587820;12.484635;17.389103,102.195274;116.899490;131.129013;129.599106;128.217987;126.965988;125.829720;112.252083;98.601341;99.606560;100.547348;101.419044,npp_d20140716_t1757431_e1803235_b14079,141.235,42.8955,35.5034,-80.5958,31.5047,101.641
2650,VBD_npp_d20140716_t1801258_x1184051E_y068173N_l2006_s2715_v23,2017-05-23 13:09:55,6.817324,118.405113,50.1581,2014-07-16 18:01:25,2014-07-17 02:01:25,2006,2715,0.370081,1,265185,0.710716,0.173182,0.899702,0.4,0.863321,0.75,0.0487659,0.0001,0.0532055,999999,5.564765e-02,3,Philippines Exclusive Economic Zone,ARMM,,SVDNB_npp_d20140716_t1757431_e1803235_b14079_c20140717000324408388_noaa_ops.h5,GDNBO_npp_d20140716_t1757431_e1803235_b14079_c20140717000324408134_noaa_ops.h5,SVI04_npp_d20140716_t1757431_e1803235_b14079_c20140717000324402868_noaa_ops.dspace_rad,VNFF_npp_d20140716_t1757431_e1803235_b14079_v21.csv,World_EEZ_v8_2014.shp,WPP_BFAR_merge.shp,KKP_IDN_merge_20161208.shp,VNF-VBD_npp_20120301-20151231_global_asia-enhanced_c201607211230.bitmask,NCEI_NGA.union.nga_lead2.add_2015ntl.mask,timezone.shp,VBD_platforms-recurring_2015_r20170330.shp,999999,VBD_bridges_c20160811.shp,22.302559;20.657581;17.812403;13.013085;8.184108;3.331987;-1.539063;0.598278;2.699680;7.587820;12.484635;17.389103,102.195274;116.899490;131.129013;129.599106;128.217987;126.965988;125.829720;112.252083;98.601341;99.606560;100.547348;101.419044,npp_d20140716_t1757431_e1803235_b14079,141.218,42.9147,35.6313,-80.6777,31.4842,101.656
2651,VBD_npp_d20140716_t1801258_x1183948E_y067566N_l2015_s2715_v23,2017-05-23 13:09:55,6.756577,118.394814,107.536,2014-07-16 18:01:25,2014-07-17 02:01:25,2015,2715,0.400963,1,265185,1.26013,0.192498,0.895049,0.4,0.958938,0.75,0.0487642,0.0001,0.0533427,999999,-1.017303e-01,3,Philippines Exclusive Economic Zone,ARMM,,SVDNB_npp_d20140716_t1757431_e1803235_b14079_c20140717000324408388_noaa_ops.h5,GDNBO_npp_d20140716_t1757431_e1803235_b14079_c20140717000324408134_noaa_ops.h5,SVI04_npp_d20140716_t1757431_e1803235_b14079_c20140717000324402868_noaa_ops.dspace_rad,VNFF_npp_d20140716_t1757431_e1803235_b14079_v21.csv,World_EEZ_v8_2014.shp,WPP_BFAR_merge.shp,KKP_IDN_merge_20161208.shp,VNF-VBD_npp_20120301-20151231_global_asia-enhanced_c201607211230.bitmask,NCEI_NGA.union.nga_lead2.add_2015ntl.mask,timezone.shp,VBD_platforms-recurring_2015_r20170330.shp,999999,VBD_bridges_c20160811.shp,22.302559;20.657581;17.812403;13.013085;8.184108;3.331987;-1.539063;0.598278;2.699680;7.587820;12.484635;17.389103,102.195274;116.899490;131.129013;129.599106;128.217987;126.965988;125.829720;112.252083;98.601341;99.606560;100.547348;101.419044,npp_d20140716_t1757431_e1803235_b14079,141.27,42.9557,35.6319,-79.9173,31.482,101.552
2652,VBD_npp_d20140716_t1801258_x1184096E_y068027N_l2008_s2716_v23,2017-05-23 13:09:55,6.802684,118.409622,290.337,2014-07-16 18:01:25,2014-07-17 02:01:25,2008,2716,0.415161,1,265185,1.57557,0.176185,0.911462,0.4,0.979737,0.75,0.0487699,0.0001,0.0532408,999999,3.118393e-02,3,Philippines Exclusive Economic Zone,ARMM,,SVDNB_npp_d20140716_t1757431_e1803235_b14079_c20140717000324408388_noaa_ops.h5,GDNBO_npp_d20140716_t1757431_e1803235_b14079_c20140717000324408134_noaa_ops.h5,SVI04_npp_d20140716_t1757431_e1803235_b14079_c20140717000324402868_noaa_ops.dspace_rad,VNFF_npp_d20140716_t1757431_e1803235_b14079_v21.csv,World_EEZ_v8_2014.shp,WPP_BFAR_merge.shp,KKP_IDN_merge_20161208.shp,VNF-VBD_npp_20120301-20151231_global_asia-enhanced_c201607211230.bitmask,NCEI_NGA.union.nga_lead2.add_2015ntl.mask,timezone.shp,VBD_platforms-recurring_2015_r20170330.shp,999999,VBD_bridges_c20160811.shp,22.302559;20.657581;17.812403;13.013085;8.184108;3.331987;-1.539063;0.598278;2.699680;7.587820;12.484635;17.389103,102.195274;116.899490;131.129013;129.599106;128.217987;126.965988;125.829720;112.252083;98.601341;99.606560;100.547348;101.419044,npp_d20140716_t1757431_e1803235_b14079,141.226,42.9317,35.6735,-80.508,31.4767,101.634
2653,VBD_npp_d20140716_t1801258_x1184210E_y068286N_l2004_s2717_v23,2017-05-23 13:09:55,6.828564,118.420998,12.4613,2014-07-16 18:01:25,2014-07-17 02:01:25,2004,2717,0.407813,1,3041,0.41731,0.239172,0.899702,0.4,0.793514,0.75,0.048775,0.0001,0.053165,999999,-4.820140e-01,3,Philippines Exclusive Economic Zone,ARMM,,SVDNB_npp_d20140716_t1757431_e1803235_b14079_c20140717000324408388_noaa_ops.h5,GDNBO_npp_d20140716_t1757431_e1803235_b14079_c20140717000324408134_noaa_ops.h5,SVI04_npp_d20140716_t1757431_e1803235_b14079_c20140717000324402868_noaa_ops.dspace_rad,VNFF_npp_d20140716_t1757431_e1803235_b14079_v21.csv,World_EEZ_v8_2014.shp,WPP_BFAR_merge.shp,KKP_IDN_merge_20161208.shp,VNF-VBD_npp_20120301-20151231_global_asia-enhanced_c201607211230.bitmask,NCEI_NGA.union.nga_lead2.add_2015ntl.mask,timezone.shp,VBD_platforms-recurring_2015_r20170330.shp,999999,VBD_bridges_c20160811.shp,22.302559;20.657581;17.812403;13.013085;8.184108;3.331987;-1.539063;0.598278;2.699680;7.587820;12.484635;17.389103,102.195274;116.899490;131.129013;129.599106;128.217987;126.965988;125.829720;112.252083;98.601341;99.606560;100.547348;101.419044,npp_d20140716_t1757431_e1803235_b14079,141.199,42.9214,35.717,-80.8445,31.4708,101.681
2654,VBD_npp_d20140716_t1801258_x1184118E_y067745N_l2012_s2717_v23,2017-05-23 13:09:55,6.774520,118.411819,111.973,2014-07-16 18:01:25,2014-07-17 02:01:25,2012,2717,0.401571,1,265185,1.22175,0.180504,0.911228,0.4,0.955752,0.75,0.0487735,0.0001,0.0533023,999999,-4.008085e-03,3,Philippines Exclusive Economic Zone,ARMM,,SVDNB_npp_d20140716_t1757431_e1803235_b14079_c20140717000324408388_noaa_ops.h5,GDNBO_npp_d20140716_t1757431_e1803235_b14079_c20140717000324408134_noaa_ops.h5,SVI04_npp_d20140716_t1757431_e1803235_b14079_c20140717000324402868_noaa_ops.dspace_rad,VNFF_npp_d20140716_t1757431_e1803235_b14079_v21.csv,World_EEZ_v8_2014.shp,WPP_BFAR_merge.shp,KKP_IDN_merge_20161208.shp,VNF-VBD_npp_20120301-20151231_global_asia-enhanced_c201607211230.bitmask,NCEI_NGA.union.nga_lead2.add_2015ntl.mask,timezone.shp,VBD_platforms-recurring_2015_r20170330.shp,999999,VBD_bridges_c20160811.shp,22.302559;20.657581;17.812403;13.013085;8.184108;3.331987;-1.539063;0.598278;2.699680;7.587820;12.484635;17.389103,102.195274;116.899490;131.129013;129.599106;128.217987;126.965988;125.829720;112.252083;98.601341;99.606560;100.547348;101.419044,npp_d20140716_t1757431_e1803235_b14079,141.245,42.9579,35.7162,-80.17,31.4688,101.589
2655,VBD_npp_d20140716_t1801223_x1184811E_y069793N_l1980_s2720_v23,2017-05-23 13:09:55,6.979259,118.481079,3.80999,2014-07-16 18:01:22,2014-07-17 02:01:22,1980,2720,0.408532,2,2721,0.125335,0.0904116,0.443693,0.4,0.567271,0.75,0.048788,0.0001,0.0532515,999999,7.300297e-01,3,Philippines Exclusive Economic Zone,ARMM,,SVDNB_npp_d20140716_t1757431_e1803235_b14079_c20140717000324408388_noaa_ops.h5,GDNBO_npp_d20140716_t1757431_e1803235_b14079_c20140717000324408134_noaa_ops.h5,SVI04_npp_d20140716_t1757431_e1803235_b14079_c20140717000324402868_noaa_ops.dspace_rad,VNFF_npp_d20140716_t1757431_e1803235_b14079_v21.csv,World_EEZ_v8_2014.shp,WPP_BFAR_merge.shp,KKP_IDN_merge_20161208.shp,VNF-VBD_npp_20120301-20151231_global_asia-enhanced_c201607211230.bitmask,NCEI_NGA.union.nga_lead2.add_2015ntl.mask,timezone.shp,VBD_platforms-recurring_2015_r20170330.shp,999999,VBD_bridges_c20160811.shp,22.302559;20.657581;17.812403;13.013085;8.184108;3.331987;-1.539063;0.598278;2.699680;7.587820;12.484635;17.389103,102.195274;116.899490;131.129013;129.599106;128.217987;126.965988;125.829720;112.252083;98.601341;99.606560;100.547348;101.419044,npp_d20140716_t1757431_e1803235_b14079,141.058,42.8407,35.841,-80.1474,31.4569,101.949
2656,VBD_npp_d20140716_t1801258_x1184711E_y068342N_l2002_s2724_v23,2017-05-23 13:09:55,6.834176,118.471077,131.459,2014-07-16 18:01:25,2014-07-17 02:01:25,2002,2724,0.387539,1,265185,1.26402,0.199133,0.890378,0.4,0.964917,0.75,0.0488061,0.0001,0.053104,999999,-1.557928e-01,3,Philippines Exclusive Economic Zone,ARMM,,SVDNB_npp_d20140716_t1757431_e1803235_b14079_c20140717000324408388_noaa_ops.h5,GDNBO_npp_d20140716_t1757431_e1803235_b14079_c20140717000324408134_noaa_ops.h5,SVI04_npp_d20140716_t1757431_e1803235_b14079_c20140717000324402868_noaa_ops.dspace_rad,VNFF_npp_d20140716_t1757431_e1803235_b14079_v21.csv,World_EEZ_v8_2014.shp,WPP_BFAR_merge.shp,KKP_IDN_merge_20161208.shp,VNF-VBD_npp_20120301-20151231_global_asia-enhanced_c201607211230.bitmask,NCEI_NGA.union.nga_lead2.add_2015ntl.mask,timezone.shp,VBD_platforms-recurring_2015_r20170330.shp,999999,VBD_bridges_c20160811.shp,22.302559;20.657581;17.812403;13.013085;8.184108;3.331987;-1.539063;0.598278;2.699680;7.587820;12.484635;17.389103,102.195274;116.899490;131.129013;129.599106;128.217987;126.965988;125.829720;112.252083;98.601341;99.606560;100.547348;101.419044,npp_d20140716_t1757431_e1803235_b14079,141.161,42.9679,36.0159,-81.0041,31.4225,101.713
2657,VBD_npp_d20140716_t1801258_x1184870E_y068036N_l2006_s2727_v23,2017-05-23 13:09:55,6.803633,118.487038,88.4238,2014-07-16 18:01:25,2014-07-17 02:01:25,2006,2727,0.400908,1,265185,1.1879,0.168933,0.886383,0.4,0.963547,0.75,0.0488186,0.0001,0.0531711,999999,9.026624e-02,3,Philippines Exclusive Economic Zone,ARMM,,SVDNB_npp_d20140716_t1757431_e1803235_b14079_c20140717000324408388_noaa_ops.h5,GDNBO_npp_d20140716_t1757431_e1803235_b14079_c20140717000324408134_noaa_ops.h5,SVI04_npp_d20140716_t1757431_e1803235_b14079_c20140717000324402868_noaa_ops.dspace_rad,VNFF_npp_d20140716_t1757431_e1803235_b14079_v21.csv,World_EEZ_v8_2014.shp,WPP_BFAR_merge.shp,KKP_IDN_merge_20161208.shp,VNF-VBD_npp_20120301-20151231_global_asia-enhanced_c201607211230.bitmask,NCEI_NGA.union.nga_lead2.add_2015ntl.mask,timezone.shp,VBD_platforms-recurring_2015_r20170330.shp,999999,VBD_bridges_c20160811.shp,22.302559;20.657581;17.812403;13.013085;8.184108;3.331987;-1.539063;0.598278;2.699680;7.587820;12.484635;17.389103,102.195274;116.899490;131.129013;129.599106;128.217987;126.965988;125.829720;112.252083;98.601341;99.606560;100.547348;101.419044,npp_d20140716_t1757431_e1803235_b14079,141.173,43.0101,36.1423,-80.6665,31.4005,101.671
2658,VBD_npp_d20140716_t1801312_x1184469E_y064170N_l2064_s2734_v23,2017-05-23 13:09:55,6.417034,118.446930,51.683,2014-07-16 18:01:31,2014-07-17 02:01:31,2064,2734,0.355663,1,265185,0.789634,0.182685,0.806704,0.4,0.881456,0.75,0.0488386,0.0001,0.0533131,999999,-2.177334e-02,3,Philippines Exclusive Economic Zone,ARMM,,SVDNB_npp_d20140716_t1757431_e1803235_b14079_c20140717000324408388_noaa_ops.h5,GDNBO_npp_d20140716_t1757431_e1803235_b14079_c20140717000324408134_noaa_ops.h5,SVI04_npp_d20140716_t1757431_e1803235_b14079_c20140717000324402868_noaa_ops.dspace_rad,VNFF_npp_d20140716_t1757431_e1803235_b14079_v21.csv,World_EEZ_v8_2014.shp,WPP_BFAR_merge.shp,KKP_IDN_merge_20161208.shp,VNF-VBD_npp_20120301-20151231_global_asia-enhanced_c201607211230.bitmask,NCEI_NGA.union.nga_lead2.add_2015ntl.mask,timezone.shp,VBD_platforms-recurring_2015_r20170330.shp,999999,VBD_bridges_c20160811.shp,22.302559;20.657581;17.812403;13.013085;8.184108;3.331987;-1.539063;0.598278;2.699680;7.587820;12.484635;17.389103,102.195274;116.899490;131.129013;129.599106;128.217987;126.965988;125.829720;112.252083;98.601341;99.606560;100.547348;101.419044,npp_d20140716_t1757431_e1803235_b14079,141.467,43.3222,36.4237,-79.8782,31.3417,101.027
2659,VBD_npp_d20140716_t1801329_x1184724E_y063320N_l2076_s2741_v23,2017-05-23 13:09:55,6.331994,118.472435,438.899,2014-07-16 18:01:32,2014-07-17 02:01:32,2076,2741,0.41726,1,265185,1.71287,0.165814,0.898135,0.4,0.986216,0.75,0.0488672,0.0001,0.053231,999999,1.156775e-01,3,Philippines Exclusive Economic Zone,ARMM,,SVDNB_npp_d20140716_t1757431_e1803235_b14079_c20140717000324408388_noaa_ops.h5,GDNBO_npp_d20140716_t1757431_e1803235_b14079_c20140717000324408134_noaa_ops.h5,SVI04_npp_d20140716_t1757431_e1803235_b14079_c20140717000324402868_noaa_ops.dspace_rad,VNFF_npp_d20140716_t1757431_e1803235_b14079_v21.csv,World_EEZ_v8_2014.shp,WPP_BFAR_merge.shp,KKP_IDN_merge_20161208.shp,VNF-VBD_npp_20120301-20151231_global_asia-enhanced_c201607211230.bitmask,NCEI_NGA.union.nga_lead2.add_2015ntl.mask,timezone.shp,VBD_platforms-recurring_2015_r20170330.shp,999999,VBD_bridges_c20160811.shp,22.302559;20.657581;17.812403;13.013085;8.184108;3.331987;-1.539063;0.598278;2.699680;7.587820;12.484635;17.389103,102.195274;116.899490;131.129013;129.599106;128.217987;126.965988;125.829720;112.252083;98.601341;99.606560;100.547348;101.419044,npp_d20140716_t1757431_e1803235_b14079,141.506,43.4291,36.7039,-80.2119,31.2929,100.901
2672,VBD_npp_d20140716_t1801578_x1183229E_y048565N_l2298_s2770_v23,2017-05-23 13:09:55,4.856527,118.322922,12.3071,2014-07-16 18:01:57,2014-07-17 02:01:57,2298,2770,0.329422,1,3041,0.396242,0.183383,0.634947,0.4,0.754781,0.75,0.0489343,0.0001,0.0527817,999999,-2.746730e-02,3,Malaysian Exclusive Economic Zone,,,SVDNB_npp_d20140716_t1757431_e1803235_b14079_c20140717000324408388_noaa_ops.h5,GDNBO_npp_d20140716_t1757431_e1803235_b14079_c20140717000324408134_noaa_ops.h5,SVI04_npp_d20140716_t1757431_e1803235_b14079_c20140717000324402868_noaa_ops.dspace_rad,VNFF_npp_d20140716_t1757431_e1803235_b14079_v21.csv,World_EEZ_v8_2014.shp,WPP_BFAR_merge.shp,KKP_IDN_merge_20161208.shp,VNF-VBD_npp_20120301-20151231_global_asia-enhanced_c201607211230.bitmask,NCEI_NGA.union.nga_lead2.add_2015ntl.mask,timezone.shp,VBD_platforms-recurring_2015_r20170330.shp,999999,VBD_bridges_c20160811.shp,22.302559;20.657581;17.812403;13.013085;8.184108;3.331987;-1.539063;0.598278;2.699680;7.587820;12.484635;17.389103,102.195274;116.899490;131.129013;129.599106;128.217987;126.965988;125.829720;112.252083;98.601341;99.606560;100.547348;101.419044,npp_d20140716_t1757431_e1803235_b14079,142.598,44.6987,37.8665,-80.5087,31.0902,98.4279
2673,VBD_npp_d20140716_t1801418_x1186437E_y058174N_l2148_s2784_v23,2017-05-23 13:09:55,5.817447,118.643707,8.14798,2014-07-16 18:01:41,2014-07-17 02:01:41,2148,2784,0.270642,1,3041,0.346342,0.229282,0.581708,0.4,0.751562,0.75,0.0490394,0.0001,0.0524606,999999,-4.014288e-01,3,Malaysian Exclusive Economic Zone,,,SVDNB_npp_d20140716_t1757431_e1803235_b14079_c20140717000324408388_noaa_ops.h5,GDNBO_npp_d20140716_t1757431_e1803235_b14079_c20140717000324408134_noaa_ops.h5,SVI04_npp_d20140716_t1757431_e1803235_b14079_c20140717000324402868_noaa_ops.dspace_rad,VNFF_npp_d20140716_t1757431_e1803235_b14079_v21.csv,World_EEZ_v8_2014.shp,WPP_BFAR_merge.shp,KKP_IDN_merge_20161208.shp,VNF-VBD_npp_20120301-20151231_global_asia-enhanced_c201607211230.bitmask,NCEI_NGA.union.nga_lead2.add_2015ntl.mask,timezone.shp,VBD_platforms-recurring_2015_r20170330.shp,999999,VBD_bridges_c20160811.shp,22.302559;20.657581;17.812403;13.013085;8.184108;3.331987;-1.539063;0.598278;2.699680;7.587820;12.484635;17.389103,102.195274;116.899490;131.129013;129.599106;128.217987;126.965988;125.829720;112.252083;98.601341;99.606560;100.547348;101.419044,npp_d20140716_t1757431_e1803235_b14079,141.735,44.0895,38.4284,-80.8634,30.9919,100.131
2674,VBD_npp_d20140716_t1801347_x1187658E_y061667N_l2093_s2789_v23,2017-05-23 13:09:55,6.166713,118.765846,7.27344,2014-07-16 18:01:34,2014-07-17 02:01:34,2093,2789,0.245671,7,2721,0.194595,0.174216,0.739177,0.4,0.541309,0.75,0.0490734,0.0001,0.0523487,999999,4.722100e-02,3,,,,SVDNB_npp_d20140716_t1757431_e1803235_b14079_c20140717000324408388_noaa_ops.h5,GDNBO_npp_d20140716_t1757431_e1803235_b14079_c20140717000324408134_noaa_ops.h5,SVI04_npp_d20140716_t1757431_e1803235_b14079_c20140717000324402868_noaa_ops.dspace_rad,VNFF_npp_d20140716_t1757431_e1803235_b14079_v21.csv,World_EEZ_v8_2014.shp,WPP_BFAR_merge.shp,KKP_IDN_merge_20161208.shp,VNF-VBD_npp_20120301-20151231_global_asia-enhanced_c201607211230.bitmask,NCEI_NGA.union.nga_lead2.add_2015ntl.mask,timezone.shp,VBD_platforms-recurring_2015_r20170330.shp,999999,VBD_bridges_c20160811.shp,22.302559;20.657581;17.812403;13.013085;8.184108;3.331987;-1.539063;0.598278;2.699680;7.587820;12.484635;17.389103,102.195274;116.899490;131.129013;129.599106;128.217987;126.965988;125.829720;112.252083;98.601341;99.606560;100.547348;101.419044,npp_d20140716_t1757431_e1803235_b14079,141.419,43.8768,38.629,-80.1241,30.9634,100.754
2675,VBD_npp_d20140716_t1801347_x1187942E_y061696N_l2092_s2793_v23,2017-05-23 13:09:55,6.169572,118.794159,79.0876,2014-07-16 18:01:34,2014-07-17 02:01:34,2092,2793,0.219375,1,265185,0.952718,0.171063,0.777667,0.4,0.919326,0.75,0.0490907,0.0001,0.0522289,999999,7.291440e-02,3,Philippines Exclusive Economic Zone,ARMM,,SVDNB_npp_d20140716_t1757431_e1803235_b14079_c20140717000324408388_noaa_ops.h5,GDNBO_npp_d20140716_t1757431_e1803235_b14079_c20140717000324408134_noaa_ops.h5,SVI04_npp_d20140716_t1757431_e1803235_b14079_c20140717000324402868_noaa_ops.dspace_rad,VNFF_npp_d20140716_t1757431_e1803235_b14079_v21.csv,World_EEZ_v8_2014.shp,WPP_BFAR_merge.shp,KKP_IDN_merge_20161208.shp,VNF-VBD_npp_20120301-20151231_global_asia-enhanced_c201607211230.bitmask,NCEI_NGA.union.nga_lead2.add_2015ntl.mask,timezone.shp,VBD_platforms-recurring_2015_r20170330.shp,999999,VBD_bridges_c20160811.shp,22.302559;20.657581;17.812403;13.013085;8.184108;3.331987;-1.539063;0.598278;2.699680;7.587820;12.484635;17.389103,102.195274;116.899490;131.129013;129.599106;128.217987;126.965988;125.829720;112.252083;98.601341;99.606560;100.547348;101.419044,npp_d20140716_t1757431_e1803235_b14079,141.398,43.9028,38.7884,-80.2066,30.9358,100.771
2678,VBD_npp_d20140716_t1803179_x1175519E_y001706N_l3011_s2815_v23,2017-05-23 13:09:55,0.170624,117.551926,7.6789,2014-07-16 18:03:17,2014-07-17 02:03:17,3011,2815,0.411073,2,2465,0.287628,0.165562,0.813178,0.4,0.699775,0.75,0.0488425,0.0001,0.0493354,999999,1.177366e-01,3,Indonesian Exclusive Economic Zone,WPP713,,SVDNB_npp_d20140716_t1757431_e1803235_b14079_c20140717000324408388_noaa_ops.h5,GDNBO_npp_d20140716_t1757431_e1803235_b14079_c20140717000324408134_noaa_ops.h5,SVI04_npp_d20140716_t1757431_e1803235_b14079_c20140717000324402868_noaa_ops.dspace_rad,VNFF_npp_d20140716_t1757431_e1803235_b14079_v21.csv,World_EEZ_v8_2014.shp,WPP_BFAR_merge.shp,KKP_IDN_merge_20161208.shp,VNF-VBD_npp_20120301-20151231_global_asia-enhanced_c201607211230.bitmask,NCEI_NGA.union.nga_lead2.add_2015ntl.mask,timezone.shp,VBD_platforms-recurring_2015_r20170330.shp,999999,VBD_bridges_c20160811.shp,22.302559;20.657581;17.812403;13.013085;8.184108;3.331987;-1.539063;0.598278;2.699680;7.587820;12.484635;17.389103,102.195274;116.899490;131.129013;129.599106;128.217987;126.965988;125.829720;112.252083;98.601341;99.606560;100.547348;101.419044,npp_d20140716_t1757431_e1803235_b14079,146.124,49.0359,39.6206,-81.4724,31.1766,90.4377
2679,VBD_npp_d20140716_t1801418_x1188489E_y057208N_l2157_s2817_v23,2017-05-23 13:09:55,5.720801,118.848900,16.2153,2014-07-16 18:01:41,2014-07-17 02:01:41,2157,2817,0.236556,1,3041,0.550962,0.19458,0.741632,0.4,0.860201,0.75,0.0491791,0.0001,0.0515212,999999,-1.186890e-01,3,Malaysian Exclusive Economic Zone,,,SVDNB_npp_d20140716_t1757431_e1803235_b14079_c20140717000324408388_noaa_ops.h5,GDNBO_npp_d20140716_t1757431_e1803235_b14079_c20140717000324408134_noaa_ops.h5,SVI04_npp_d20140716_t1757431_e1803235_b14079_c20140717000324402868_noaa_ops.dspace_rad,VNFF_npp_d20140716_t1757431_e1803235_b14079_v21.csv,World_EEZ_v8_2014.shp,WPP_BFAR_merge.shp,KKP_IDN_merge_20161208.shp,VNF-VBD_npp_20120301-20151231_global_asia-enhanced_c201607211230.bitmask,NCEI_NGA.union.nga_lead2.add_2015ntl.mask,timezone.shp,VBD_platforms-recurring_2015_r20170330.shp,999999,VBD_bridges_c20160811.shp,22.302559;20.657581;17.812403;13.013085;8.184108;3.331987;-1.539063;0.598278;2.699680;7.587820;12.484635;17.389103,102.195274;116.899490;131.129013;129.599106;128.217987;126.965988;125.829720;112.252083;98.601341;99.606560;100.547348;101.419044,npp_d20140716_t1757431_e1803235_b14079,141.661,44.3807,39.6897,-80.1704,30.7706,100.051
2680,VBD_npp_d20140716_t1803179_x1175607E_y001418N_l3015_s2817_v23,2017-05-23 13:09:55,0.141833,117.560669,5.08123,2014-07-16 18:03:17,2014-07-17 02:03:17,3015,2817,0.411791,7,2209,0.164943,0.15822,0.821854,0.4,0.555522,0.75,0.0488511,0.0001,0.0490272,999999,1.775508e-01,3,,,,SVDNB_npp_d20140716_t1757431_e1803235_b14079_c20140717000324408388_noaa_ops.h5,GDNBO_npp_d20140716_t1757431_e1803235_b14079_c20140717000324408134_noaa_ops.h5,SVI04_npp_d20140716_t1757431_e1803235_b14079_c20140717000324402868_noaa_ops.dspace_rad,VNFF_npp_d20140716_t1757431_e1803235_b14079_v21.csv,World_EEZ_v8_2014.shp,WPP_BFAR_merge.shp,KKP_IDN_merge_20161208.shp,VNF-VBD_npp_20120301-20151231_global_asia-enhanced_c201607211230.bitmask,NCEI_NGA.union.nga_lead2.add_2015ntl.mask,timezone.shp,VBD_platforms-recurring_2015_r20170330.shp,999999,VBD_bridges_c20160811.shp,22.302559;20.657581;17.812403;13.013085;8.184108;3.331987;-1.539063;0.598278;2.699680;7.587820;12.484635;17.389103,102.195274;116.899490;131.129013;129.599106;128.217987;126.965988;125.829720;112.252083;98.601341;99.606560;100.547348;101.419044,npp_d20140716_t1757431_e1803235_b14079,146.137,49.0769,39.6949,-81.1804,31.1675,90.3893
2681,VBD_npp_d20140716_t1803179_x1175725E_y001743N_l3010_s2818_v23,2017-05-23 13:09:55,0.174283,117.572456,5.32959,2014-07-16 18:03:17,2014-07-17 02:03:17,3010,2818,0.410907,2,2209,0.188406,0.183278,0.733702,0.4,0.57669,0.75,0.0488554,0.0001,0.0492927,999999,-2.661071e-02,3,Indonesian Exclusive Economic Zone,WPP713,,SVDNB_npp_d20140716_t1757431_e1803235_b14079_c20140717000324408388_noaa_ops.h5,GDNBO_npp_d20140716_t1757431_e1803235_b14079_c20140717000324408134_noaa_ops.h5,SVI04_npp_d20140716_t1757431_e1803235_b14079_c20140717000324402868_noaa_ops.dspace_rad,VNFF_npp_d20140716_t1757431_e1803235_b14079_v21.csv,World_EEZ_v8_2014.shp,WPP_BFAR_merge.shp,KKP_IDN_merge_20161208.shp,VNF-VBD_npp_20120301-20151231_global_asia-enhanced_c201607211230.bitmask,NCEI_NGA.union.nga_lead2.add_2015ntl.mask,timezone.shp,VBD_platforms-recurring_2015_r20170330.shp,999999,VBD_bridges_c20160811.shp,22.302559;20.657581;17.812403;13.013085;8.184108;3.331987;-1.539063;0.598278;2.699680;7.587820;12.484635;17.389103,102.195274;116.899490;131.129013;129.599106;128.217987;126.965988;125.829720;112.252083;98.601341;99.606560;100.547348;101.419044,npp_d20140716_t1757431_e1803235_b14079,146.106,49.0519,39.7338,-81.5444,31.1558,90.4442
2682,VBD_npp_d20140716_t1803215_x1175156E_y000942S_l3051_s2818_v23,2017-05-23 13:09:55,-0.094167,117.515648,10.8524,2014-07-16 18:03:21,2014-07-17 02:03:21,3051,2818,0.412288,8,18913,0.401275,0.175196,0.696524,0.4,0.750357,0.75,0.0488554,0.0001,0.048537,999999,3.924350e-02,3,Indonesian Exclusive Economic Zone,WPP713,,SVDNB_npp_d20140716_t1757431_e1803235_b14079_c20140717000324408388_noaa_ops.h5,GDNBO_npp_d20140716_t1757431_e1803235_b14079_c20140717000324408134_noaa_ops.h5,SVI04_npp_d20140716_t1757431_e1803235_b14079_c20140717000324402868_noaa_ops.dspace_rad,VNFF_npp_d20140716_t1757431_e1803235_b14079_v21.csv,World_EEZ_v8_2014.shp,WPP_BFAR_merge.shp,KKP_IDN_merge_20161208.shp,VNF-VBD_npp_20120301-20151231_global_asia-enhanced_c201607211230.bitmask,NCEI_NGA.union.nga_lead2.add_2015ntl.mask,timezone.shp,VBD_platforms-recurring_2015_r20170330.shp,0.446952,VBD_bridges_c20160811.shp,22.302559;20.657581;17.812403;13.013085;8.184108;3.331987;-1.539063;0.598278;2.699680;7.587820;12.484635;17.389103,102.195274;116.899490;131.129013;129.599106;128.217987;126.965988;125.829720;112.252083;98.601341;99.606560;100.547348;101.419044,npp_d20140716_t1757431_e1803235_b14079,146.314,49.3145,39.7298,-80.9087,31.1979,89.9908
2683,VBD_npp_d20140716_t1803179_x1175715E_y001264N_l3017_s2819_v23,2017-05-23 13:09:55,0.126388,117.571541,61.2263,2014-07-16 18:03:17,2014-07-17 02:03:17,3017,2819,0.415437,1,2529,1.06526,0.164843,0.882041,0.4,0.95847,0.75,0.0488597,0.0001,0.0488349,999999,1.235937e-01,3,Indonesian Exclusive Economic Zone,WPP713,,SVDNB_npp_d20140716_t1757431_e1803235_b14079_c20140717000324408388_noaa_ops.h5,GDNBO_npp_d20140716_t1757431_e1803235_b14079_c20140717000324408134_noaa_ops.h5,SVI04_npp_d20140716_t1757431_e1803235_b14079_c20140717000324402868_noaa_ops.dspace_rad,VNFF_npp_d20140716_t1757431_e1803235_b14079_v21.csv,World_EEZ_v8_2014.shp,WPP_BFAR_merge.shp,KKP_IDN_merge_20161208.shp,VNF-VBD_npp_20120301-20151231_global_asia-enhanced_c201607211230.bitmask,NCEI_NGA.union.nga_lead2.add_2015ntl.mask,timezone.shp,VBD_platforms-recurring_2015_r20170330.shp,999999,VBD_bridges_c20160811.shp,22.302559;20.657581;17.812403;13.013085;8.184108;3.331987;-1.539063;0.598278;2.699680;7.587820;12.484635;17.389103,102.195274;116.899490;131.129013;129.599106;128.217987;126.965988;125.829720;112.252083;98.601341;99.606560;100.547348;101.419044,npp_d20140716_t1757431_e1803235_b14079,146.138,49.1049,39.7699,-81.0348,31.1564,90.3633
2686,VBD_npp_d20140716_t1803108_x1176702E_y004939N_l2960_s2821_v23,2017-05-23 13:09:55,0.493934,117.670158,14.359,2014-07-16 18:03:10,2014-07-17 02:03:10,2960,2821,0.412841,11,18913,0.503884,0.183827,0.846333,0.4,0.8307,0.75,0.0488804,0.0001,0.048735,999999,-3.108274e-02,3,Indonesian Exclusive Economic Zone,WPP713,,SVDNB_npp_d20140716_t1757431_e1803235_b14079_c20140717000324408388_noaa_ops.h5,GDNBO_npp_d20140716_t1757431_e1803235_b14079_c20140717000324408134_noaa_ops.h5,SVI04_npp_d20140716_t1757431_e1803235_b14079_c20140717000324402868_noaa_ops.dspace_rad,VNFF_npp_d20140716_t1757431_e1803235_b14079_v21.csv,World_EEZ_v8_2014.shp,WPP_BFAR_merge.shp,KKP_IDN_merge_20161208.shp,VNF-VBD_npp_20120301-20151231_global_asia-enhanced_c201607211230.bitmask,NCEI_NGA.union.nga_lead2.add_2015ntl.mask,timezone.shp,VBD_platforms-recurring_2015_r20170330.shp,0.441714,VBD_bridges_c20160811.shp,22.302559;20.657581;17.812403;13.013085;8.184108;3.331987;-1.539063;0.598278;2.699680;7.587820;12.484635;17.389103,102.195274;116.899490;131.129013;129.599106;128.217987;126.965988;125.829720;112.252083;98.601341;99.606560;100.547348;101.419044,npp_d20140716_t1757431_e1803235_b14079,145.845,48.7617,39.841,-80.486,31.0897,90.987
2687,VBD_npp_d20140716_t1803179_x1175888E_y001511N_l3013_s2821_v23,2017-05-23 13:09:55,0.151137,117.588799,9.51768,2014-07-16 18:03:17,2014-07-17 02:03:17,3013,2821,0.412067,8,18913,0.368638,0.200786,0.871433,0.4,0.768392,0.75,0.0488683,0.0001,0.0490107,999999,-1.692609e-01,3,Indonesian Exclusive Economic Zone,WPP713,,SVDNB_npp_d20140716_t1757431_e1803235_b14079_c20140717000324408388_noaa_ops.h5,GDNBO_npp_d20140716_t1757431_e1803235_b14079_c20140717000324408134_noaa_ops.h5,SVI04_npp_d20140716_t1757431_e1803235_b14079_c20140717000324402868_noaa_ops.dspace_rad,VNFF_npp_d20140716_t1757431_e1803235_b14079_v21.csv,World_EEZ_v8_2014.shp,WPP_BFAR_merge.shp,KKP_IDN_merge_20161208.shp,VNF-VBD_npp_20120301-20151231_global_asia-enhanced_c201607211230.bitmask,NCEI_NGA.union.nga_lead2.add_2015ntl.mask,timezone.shp,VBD_platforms-recurring_2015_r20170330.shp,0.620707,VBD_bridges_c20160811.shp,22.302559;20.657581;17.812403;13.013085;8.184108;3.331987;-1.539063;0.598278;2.699680;7.587820;12.484635;17.389103,102.195274;116.899490;131.129013;129.599106;128.217987;126.965988;125.829720;112.252083;98.601341;99.606560;100.547348;101.419044,npp_d20140716_t1757431_e1803235_b14079,146.109,49.0939,39.8457,-81.3255,31.139,90.4054
2689,VBD_npp_d20140716_t1803108_x1176843E_y004985N_l2959_s2823_v23,2017-05-23 13:09:55,0.498521,117.684258,28.2548,2014-07-16 18:03:10,2014-07-17 02:03:10,2959,2823,0.412399,1,2529,0.764248,0.200736,0.841138,0.4,0.917085,0.75,0.0488899,0.0001,0.0487261,999999,-1.688489e-01,3,Indonesian Exclusive Economic Zone,WPP713,,SVDNB_npp_d20140716_t1757431_e1803235_b14079_c20140717000324408388_noaa_ops.h5,GDNBO_npp_d20140716_t1757431_e1803235_b14079_c20140717000324408134_noaa_ops.h5,SVI04_npp_d20140716_t1757431_e1803235_b14079_c20140717000324402868_noaa_ops.dspace_rad,VNFF_npp_d20140716_t1757431_e1803235_b14079_v21.csv,World_EEZ_v8_2014.shp,WPP_BFAR_merge.shp,KKP_IDN_merge_20161208.shp,VNF-VBD_npp_20120301-20151231_global_asia-enhanced_c201607211230.bitmask,NCEI_NGA.union.nga_lead2.add_2015ntl.mask,timezone.shp,VBD_platforms-recurring_2015_r20170330.shp,999999,VBD_bridges_c20160811.shp,22.302559;20.657581;17.812403;13.013085;8.184108;3.331987;-1.539063;0.598278;2.699680;7.587820;12.484635;17.389103,102.195274;116.899490;131.129013;129.599106;128.217987;126.965988;125.829720;112.252083;98.601341;99.606560;100.547348;101.419044,npp_d20140716_t1757431_e1803235_b14079,145.831,48.7704,39.916,-80.5594,31.0755,90.9953
2691,VBD_npp_d20140716_t1803108_x1176993E_y005512N_l2951_s2824_v23,2017-05-23 13:09:55,0.551159,117.699280,5.71715,2014-07-16 18:03:10,2014-07-17 02:03:10,2951,2824,0.413614,8,18593,0.213475,0.169269,0.795771,0.4,0.615307,0.75,0.0489012,0.0001,0.0491635,999999,8.753319e-02,3,Indonesian Exclusive Economic Zone,WPP713,,SVDNB_npp_d20140716_t1757431_e1803235_b14079_c20140717000324408388_noaa_ops.h5,GDNBO_npp_d20140716_t1757431_e1803235_b14079_c20140717000324408134_noaa_ops.h5,SVI04_npp_d20140716_t1757431_e1803235_b14079_c20140717000324402868_noaa_ops.dspace_rad,VNFF_npp_d20140716_t1757431_e1803235_b14079_v21.csv,World_EEZ_v8_2014.shp,WPP_BFAR_merge.shp,KKP_IDN_merge_20161208.shp,VNF-VBD_npp_20120301-20151231_global_asia-enhanced_c201607211230.bitmask,NCEI_NGA.union.nga_lead2.add_2015ntl.mask,timezone.shp,VBD_platforms-recurring_2015_r20170330.shp,0.801681,VBD_bridges_c20160811.shp,22.302559;20.657581;17.812403;13.013085;8.184108;3.331987;-1.539063;0.598278;2.699680;7.587820;12.484635;17.389103,102.195274;116.899490;131.129013;129.599106;128.217987;126.965988;125.829720;112.252083;98.601341;99.606560;100.547348;101.419044,npp_d20140716_t1757431_e1803235_b14079,145.785,48.7269,39.9532,-81.1395,31.0612,91.085
2692,VBD_npp_d20140716_t1803144_x1176581E_y003765N_l2978_s2824_v23,2017-05-23 13:09:55,0.376538,117.658058,7.68595,2014-07-16 18:03:14,2014-07-17 02:03:14,2978,2824,0.415106,2,2465,0.317523,0.181467,0.649775,0.4,0.743432,0.75,0.0488812,0.0001,0.0492651,999999,-1.185631e-02,3,Indonesian Exclusive Economic Zone,WPP713,,SVDNB_npp_d20140716_t1757431_e1803235_b14079_c20140717000324408388_noaa_ops.h5,GDNBO_npp_d20140716_t1757431_e1803235_b14079_c20140717000324408134_noaa_ops.h5,SVI04_npp_d20140716_t1757431_e1803235_b14079_c20140717000324402868_noaa_ops.dspace_rad,VNFF_npp_d20140716_t1757431_e1803235_b14079_v21.csv,World_EEZ_v8_2014.shp,WPP_BFAR_merge.shp,KKP_IDN_merge_20161208.shp,VNF-VBD_npp_20120301-20151231_global_asia-enhanced_c201607211230.bitmask,NCEI_NGA.union.nga_lead2.add_2015ntl.mask,timezone.shp,VBD_platforms-recurring_2015_r20170330.shp,999999,VBD_bridges_c20160811.shp,22.302559;20.657581;17.812403;13.013085;8.184108;3.331987;-1.539063;0.598278;2.699680;7.587820;12.484635;17.389103,102.195274;116.899490;131.129013;129.599106;128.217987;126.965988;125.829720;112.252083;98.601341;99.606560;100.547348;101.419044,npp_d20140716_t1757431_e1803235_b14079,145.92,48.8948,39.9569,-81.5229,31.0856,90.788
2695,VBD_npp_d20140716_t1803197_x1175999E_y000143N_l3033_s2827_v23,2017-05-23 13:09:55,0.014322,117.599899,9.14242,2014-07-16 18:03:19,2014-07-17 02:03:19,3033,2827,0.415161,1,2529,0.361497,0.162025,0.70021,0.4,0.77902,0.75,0.0488942,0.0001,0.0484539,999999,1.465491e-01,3,Indonesian Exclusive Economic Zone,WPP713,,SVDNB_npp_d20140716_t1757431_e1803235_b14079_c20140717000324408388_noaa_ops.h5,GDNBO_npp_d20140716_t1757431_e1803235_b14079_c20140717000324408134_noaa_ops.h5,SVI04_npp_d20140716_t1757431_e1803235_b14079_c20140717000324402868_noaa_ops.dspace_rad,VNFF_npp_d20140716_t1757431_e1803235_b14079_v21.csv,World_EEZ_v8_2014.shp,WPP_BFAR_merge.shp,KKP_IDN_merge_20161208.shp,VNF-VBD_npp_20120301-20151231_global_asia-enhanced_c201607211230.bitmask,NCEI_NGA.union.nga_lead2.add_2015ntl.mask,timezone.shp,VBD_platforms-recurring_2015_r20170330.shp,999999,VBD_bridges_c20160811.shp,22.302559;20.657581;17.812403;13.013085;8.184108;3.331987;-1.539063;0.598278;2.699680;7.587820;12.484635;17.389103,102.195274;116.899490;131.129013;129.599106;128.217987;126.965988;125.829720;112.252083;98.601341;99.606560;100.547348;101.419044,npp_d20140716_t1757431_e1803235_b14079,146.185,49.2663,40.0684,-81.0483,31.1198,90.1742
2697,VBD_npp_d20140716_t1803072_x1177742E_y007205N_l2924_s2829_v23,2017-05-23 13:09:55,0.720478,117.774208,9.5534,2014-07-16 18:03:07,2014-07-17 02:03:07,2924,2829,0.394941,1,2529,0.36344,0.212273,0.775521,0.4,0.753825,0.75,0.0489461,0.0001,0.0488748,999999,-2.628447e-01,3,Indonesian Exclusive Economic Zone,WPP713,,SVDNB_npp_d20140716_t1757431_e1803235_b14079_c20140717000324408388_noaa_ops.h5,GDNBO_npp_d20140716_t1757431_e1803235_b14079_c20140717000324408134_noaa_ops.h5,SVI04_npp_d20140716_t1757431_e1803235_b14079_c20140717000324402868_noaa_ops.dspace_rad,VNFF_npp_d20140716_t1757431_e1803235_b14079_v21.csv,World_EEZ_v8_2014.shp,WPP_BFAR_merge.shp,KKP_IDN_merge_20161208.shp,VNF-VBD_npp_20120301-20151231_global_asia-enhanced_c201607211230.bitmask,NCEI_NGA.union.nga_lead2.add_2015ntl.mask,timezone.shp,VBD_platforms-recurring_2015_r20170330.shp,999999,VBD_bridges_c20160811.shp,22.302559;20.657581;17.812403;13.013085;8.184108;3.331987;-1.539063;0.598278;2.699680;7.587820;12.484635;17.389103,102.195274;116.899490;131.129013;129.599106;128.217987;126.965988;125.829720;112.252083;98.601341;99.606560;100.547348;101.419044,npp_d20140716_t1757431_e1803235_b14079,145.628,48.5994,40.144,-80.7581,31.0034,91.3754
2698,VBD_npp_d20140716_t1803072_x1177884E_y007251N_l2923_s2831_v23,2017-05-23 13:09:55,0.725092,117.788399,8.92691,2014-07-16 18:03:07,2014-07-17 02:03:07,2923,2831,0.413669,8,18913,0.351609,0.234273,0.739109,0.4,0.758998,0.75,0.0489556,0.0001,0.0488563,999999,-4.420941e-01,3,Indonesian Exclusive Economic Zone,WPP713,,SVDNB_npp_d20140716_t1757431_e1803235_b14079_c20140717000324408388_noaa_ops.h5,GDNBO_npp_d20140716_t1757431_e1803235_b14079_c20140717000324408134_noaa_ops.h5,SVI04_npp_d20140716_t1757431_e1803235_b14079_c20140717000324402868_noaa_ops.dspace_rad,VNFF_npp_d20140716_t1757431_e1803235_b14079_v21.csv,World_EEZ_v8_2014.shp,WPP_BFAR_merge.shp,KKP_IDN_merge_20161208.shp,VNF-VBD_npp_20120301-20151231_global_asia-enhanced_c201607211230.bitmask,NCEI_NGA.union.nga_lead2.add_2015ntl.mask,timezone.shp,VBD_platforms-recurring_2015_r20170330.shp,0.722748,VBD_bridges_c20160811.shp,22.302559;20.657581;17.812403;13.013085;8.184108;3.331987;-1.539063;0.598278;2.699680;7.587820;12.484635;17.389103,102.195274;116.899490;131.129013;129.599106;128.217987;126.965988;125.829720;112.252083;98.601341;99.606560;100.547348;101.419044,npp_d20140716_t1757431_e1803235_b14079,145.615,48.6082,40.2193,-80.8306,30.9891,91.384
2702,VBD_npp_d20140716_t1802512_x1182791E_y016655N_l2772_s2872_v23,2017-05-23 13:09:55,1.665455,118.279068,9.60051,2014-07-16 18:02:51,2014-07-17 02:02:51,2772,2872,0.409636,1,2529,0.37889,0.169712,0.724017,0.4,0.770752,0.75,0.0492538,0.0001,0.0481262,999999,8.392223e-02,3,Indonesian Exclusive Economic Zone,WPP716,,SVDNB_npp_d20140716_t1757431_e1803235_b14079_c20140717000324408388_noaa_ops.h5,GDNBO_npp_d20140716_t1757431_e1803235_b14079_c20140717000324408134_noaa_ops.h5,SVI04_npp_d20140716_t1757431_e1803235_b14079_c20140717000324402868_noaa_ops.dspace_rad,VNFF_npp_d20140716_t1757431_e1803235_b14079_v21.csv,World_EEZ_v8_2014.shp,WPP_BFAR_merge.shp,KKP_IDN_merge_20161208.shp,VNF-VBD_npp_20120301-20151231_global_asia-enhanced_c201607211230.bitmask,NCEI_NGA.union.nga_lead2.add_2015ntl.mask,timezone.shp,VBD_platforms-recurring_2015_r20170330.shp,999999,VBD_bridges_c20160811.shp,22.302559;20.657581;17.812403;13.013085;8.184108;3.331987;-1.539063;0.598278;2.699680;7.587820;12.484635;17.389103,102.195274;116.899490;131.129013;129.599106;128.217987;126.965988;125.829720;112.252083;98.601341;99.606560;100.547348;101.419044,npp_d20140716_t1757431_e1803235_b14079,144.673,48.0136,41.7426,-81.2218,30.5935,93.0318
2703,VBD_npp_d20140716_t1803179_x1179291E_y000834N_l3015_s2873_v23,2017-05-23 13:09:55,0.083400,117.929146,94.6669,2014-07-16 18:03:17,2014-07-17 02:03:17,3015,2873,0.42505,4,100837,1.25272,0.132423,0.895638,0.4,0.97458,0.75,0.0490923,0.0001,0.0467117,999999,3.877348e-01,3,Indonesian Exclusive Economic Zone,WPP713,,SVDNB_npp_d20140716_t1757431_e1803235_b14079_c20140717000324408388_noaa_ops.h5,GDNBO_npp_d20140716_t1757431_e1803235_b14079_c20140717000324408134_noaa_ops.h5,SVI04_npp_d20140716_t1757431_e1803235_b14079_c20140717000324402868_noaa_ops.dspace_rad,VNFF_npp_d20140716_t1757431_e1803235_b14079_v21.csv,World_EEZ_v8_2014.shp,WPP_BFAR_merge.shp,KKP_IDN_merge_20161208.shp,VNF-VBD_npp_20120301-20151231_global_asia-enhanced_c201607211230.bitmask,NCEI_NGA.union.nga_lead2.add_2015ntl.mask,timezone.shp,VBD_platforms-recurring_2015_r20170330.shp,999999,VBD_bridges_c20160811.shp,22.302559;20.657581;17.812403;13.013085;8.184108;3.331987;-1.539063;0.598278;2.699680;7.587820;12.484635;17.389103,102.195274;116.899490;131.129013;129.599106;128.217987;126.965988;125.829720;112.252083;98.601341;99.606560;100.547348;101.419044,npp_d20140716_t1757431_e1803235_b14079,145.895,49.4999,41.7812,-81.1757,30.7931,90.2944
2704,VBD_npp_d20140716_t1803161_x1179721E_y001847N_l2999_s2876_v23,2017-05-23 13:09:55,0.184689,117.972137,48.0709,2014-07-16 18:03:16,2014-07-17 02:03:16,2999,2876,0.408476,1,2529,0.984383,0.165068,0.875054,0.4,0.952344,0.75,0.0491052,0.0001,0.0466675,999999,1.217551e-01,3,Indonesian Exclusive Economic Zone,WPP713,,SVDNB_npp_d20140716_t1757431_e1803235_b14079_c20140717000324408388_noaa_ops.h5,GDNBO_npp_d20140716_t1757431_e1803235_b14079_c20140717000324408134_noaa_ops.h5,SVI04_npp_d20140716_t1757431_e1803235_b14079_c20140717000324402868_noaa_ops.dspace_rad,VNFF_npp_d20140716_t1757431_e1803235_b14079_v21.csv,World_EEZ_v8_2014.shp,WPP_BFAR_merge.shp,KKP_IDN_merge_20161208.shp,VNF-VBD_npp_20120301-20151231_global_asia-enhanced_c201607211230.bitmask,NCEI_NGA.union.nga_lead2.add_2015ntl.mask,timezone.shp,VBD_platforms-recurring_2015_r20170330.shp,999999,VBD_bridges_c20160811.shp,22.302559;20.657581;17.812403;13.013085;8.184108;3.331987;-1.539063;0.598278;2.699680;7.587820;12.484635;17.389103,102.195274;116.899490;131.129013;129.599106;128.217987;126.965988;125.829720;112.252083;98.601341;99.606560;100.547348;101.419044,npp_d20140716_t1757431_e1803235_b14079,145.802,49.4206,41.8889,-81.1682,30.7574,90.4686
2705,VBD_npp_d20140716_t1802512_x1183118E_y016603N_l2772_s2877_v23,2017-05-23 13:09:55,1.660253,118.311775,9.46048,2014-07-16 18:02:51,2014-07-17 02:02:51,2772,2877,0.403781,1,2529,0.382785,0.172939,0.714315,0.4,0.782186,0.75,0.0492752,0.0001,0.047885,999999,5.762905e-02,3,Indonesian Exclusive Economic Zone,WPP716,,SVDNB_npp_d20140716_t1757431_e1803235_b14079_c20140717000324408388_noaa_ops.h5,GDNBO_npp_d20140716_t1757431_e1803235_b14079_c20140717000324408134_noaa_ops.h5,SVI04_npp_d20140716_t1757431_e1803235_b14079_c20140717000324402868_noaa_ops.dspace_rad,VNFF_npp_d20140716_t1757431_e1803235_b14079_v21.csv,World_EEZ_v8_2014.shp,WPP_BFAR_merge.shp,KKP_IDN_merge_20161208.shp,VNF-VBD_npp_20120301-20151231_global_asia-enhanced_c201607211230.bitmask,NCEI_NGA.union.nga_lead2.add_2015ntl.mask,timezone.shp,VBD_platforms-recurring_2015_r20170330.shp,999999,VBD_bridges_c20160811.shp,22.302559;20.657581;17.812403;13.013085;8.184108;3.331987;-1.539063;0.598278;2.699680;7.587820;12.484635;17.389103,102.195274;116.899490;131.129013;129.599106;128.217987;126.965988;125.829720;112.252083;98.601341;99.606560;100.547348;101.419044,npp_d20140716_t1757431_e1803235_b14079,144.652,48.0508,41.9232,-81.2201,30.5601,93.0267
2706,VBD_npp_d20140716_t1803161_x1179939E_y001950N_l2997_s2879_v23,2017-05-23 13:09:55,0.194951,117.993950,10.9438,2014-07-16 18:03:16,2014-07-17 02:03:16,2997,2879,0.41157,1,2529,0.456262,0.173017,0.849491,0.4,0.822891,0.75,0.0491179,0.0001,0.0466358,999999,5.699521e-02,3,Indonesian Exclusive Economic Zone,WPP713,,SVDNB_npp_d20140716_t1757431_e1803235_b14079_c20140717000324408388_noaa_ops.h5,GDNBO_npp_d20140716_t1757431_e1803235_b14079_c20140717000324408134_noaa_ops.h5,SVI04_npp_d20140716_t1757431_e1803235_b14079_c20140717000324402868_noaa_ops.dspace_rad,VNFF_npp_d20140716_t1757431_e1803235_b14079_v21.csv,World_EEZ_v8_2014.shp,WPP_BFAR_merge.shp,KKP_IDN_merge_20161208.shp,VNF-VBD_npp_20120301-20151231_global_asia-enhanced_c201607211230.bitmask,NCEI_NGA.union.nga_lead2.add_2015ntl.mask,timezone.shp,VBD_platforms-recurring_2015_r20170330.shp,999999,VBD_bridges_c20160811.shp,22.302559;20.657581;17.812403;13.013085;8.184108;3.331987;-1.539063;0.598278;2.699680;7.587820;12.484635;17.389103,102.195274;116.899490;131.129013;129.599106;128.217987;126.965988;125.829720;112.252083;98.601341;99.606560;100.547348;101.419044,npp_d20140716_t1757431_e1803235_b14079,145.779,49.43,41.9977,-81.3031,30.7353,90.4866
2707,VBD_npp_d20140716_t1802530_x1186711E_y014872N_l2789_s2935_v23,2017-05-23 13:09:55,1.487249,118.671097,6.23195,2014-07-16 18:02:53,2014-07-17 02:02:53,2789,2935,0.408366,1,2529,0.285843,0.178089,0.577747,0.4,0.750396,0.75,0.0495081,0.0001,0.0446054,999999,1.566604e-02,3,Indonesian Exclusive Economic Zone,WPP716,,SVDNB_npp_d20140716_t1757431_e1803235_b14079_c20140717000324408388_noaa_ops.h5,GDNBO_npp_d20140716_t1757431_e1803235_b14079_c20140717000324408134_noaa_ops.h5,SVI04_npp_d20140716_t1757431_e1803235_b14079_c20140717000324402868_noaa_ops.dspace_rad,VNFF_npp_d20140716_t1757431_e1803235_b14079_v21.csv,World_EEZ_v8_2014.shp,WPP_BFAR_merge.shp,KKP_IDN_merge_20161208.shp,VNF-VBD_npp_20120301-20151231_global_asia-enhanced_c201607211230.bitmask,NCEI_NGA.union.nga_lead2.add_2015ntl.mask,timezone.shp,VBD_platforms-recurring_2015_r20170330.shp,999999,VBD_bridges_c20160811.shp,22.302559;20.657581;17.812403;13.013085;8.184108;3.331987;-1.539063;0.598278;2.699680;7.587820;12.484635;17.389103,102.195274;116.899490;131.129013;129.599106;128.217987;126.965988;125.829720;112.252083;98.601341;99.606560;100.547348;101.419044,npp_d20140716_t1757431_e1803235_b14079,144.493,48.5853,43.9898,-81.1375,30.1797,92.768
2708,VBD_npp_d20140716_t1801401_x1202253E_y056375N_l2135_s3020_v23,2017-05-23 13:09:55,5.637520,120.225342,15.0619,2014-07-16 18:01:40,2014-07-17 02:01:40,2135,3020,0.164849,7,2465,0.290688,0.150418,0.592069,0.4,0.603671,0.75,0.0500454,0.0001,0.0402439,999999,2.411195e-01,3,,,,SVDNB_npp_d20140716_t1757431_e1803235_b14079_c20140717000324408388_noaa_ops.h5,GDNBO_npp_d20140716_t1757431_e1803235_b14079_c20140717000324408134_noaa_ops.h5,SVI04_npp_d20140716_t1757431_e1803235_b14079_c20140717000324402868_noaa_ops.dspace_rad,VNFF_npp_d20140716_t1757431_e1803235_b14079_v21.csv,World_EEZ_v8_2014.shp,WPP_BFAR_merge.shp,KKP_IDN_merge_20161208.shp,VNF-VBD_npp_20120301-20151231_global_asia-enhanced_c201607211230.bitmask,NCEI_NGA.union.nga_lead2.add_2015ntl.mask,timezone.shp,VBD_platforms-recurring_2015_r20170330.shp,999999,VBD_bridges_c20160811.shp,22.302559;20.657581;17.812403;13.013085;8.184108;3.331987;-1.539063;0.598278;2.699680;7.587820;12.484635;17.389103,102.195274;116.899490;131.129013;129.599106;128.217987;126.965988;125.829720;112.252083;98.601341;99.606560;100.547348;101.419044,npp_d20140716_t1757431_e1803235_b14079,140.755,45.7866,46.8346,-80.4528,29.3941,100.47
2709,VBD_npp_d20140716_t1801401_x1202352E_y056152N_l2138_s3022_v23,2017-05-23 13:09:55,5.615181,120.235191,20.2944,2014-07-16 18:01:40,2014-07-17 02:01:40,2138,3022,0.159877,8,18849,0.368819,0.188523,0.592069,0.4,0.660249,0.75,0.0500531,0.0001,0.0401225,999999,-6.934007e-02,3,Philippines Exclusive Economic Zone,ARMM,,SVDNB_npp_d20140716_t1757431_e1803235_b14079_c20140717000324408388_noaa_ops.h5,GDNBO_npp_d20140716_t1757431_e1803235_b14079_c20140717000324408134_noaa_ops.h5,SVI04_npp_d20140716_t1757431_e1803235_b14079_c20140717000324402868_noaa_ops.dspace_rad,VNFF_npp_d20140716_t1757431_e1803235_b14079_v21.csv,World_EEZ_v8_2014.shp,WPP_BFAR_merge.shp,KKP_IDN_merge_20161208.shp,VNF-VBD_npp_20120301-20151231_global_asia-enhanced_c201607211230.bitmask,NCEI_NGA.union.nga_lead2.add_2015ntl.mask,timezone.shp,VBD_platforms-recurring_2015_r20170330.shp,0.661194,VBD_bridges_c20160811.shp,22.302559;20.657581;17.812403;13.013085;8.184108;3.331987;-1.539063;0.598278;2.699680;7.587820;12.484635;17.389103,102.195274;116.899490;131.129013;129.599106;128.217987;126.965988;125.829720;112.252083;98.601341;99.606560;100.547348;101.419044,npp_d20140716_t1757431_e1803235_b14079,140.764,45.8156,46.8991,-80.278,29.3802,100.434
2710,VBD_npp_d20140716_t1801383_x1202616E_y056907N_l2126_s3023_v23,2017-05-23 13:09:55,5.690689,120.261574,69.6765,2014-07-16 18:01:38,2014-07-17 02:01:38,2126,3023,0.204569,1,2529,0.737638,0.16336,0.644775,0.4,0.842498,0.75,0.0500599,0.0001,0.0400683,999999,1.356772e-01,3,Philippines Exclusive Economic Zone,ARMM,,SVDNB_npp_d20140716_t1757431_e1803235_b14079_c20140717000324408388_noaa_ops.h5,GDNBO_npp_d20140716_t1757431_e1803235_b14079_c20140717000324408134_noaa_ops.h5,SVI04_npp_d20140716_t1757431_e1803235_b14079_c20140717000324402868_noaa_ops.dspace_rad,VNFF_npp_d20140716_t1757431_e1803235_b14079_v21.csv,World_EEZ_v8_2014.shp,WPP_BFAR_merge.shp,KKP_IDN_merge_20161208.shp,VNF-VBD_npp_20120301-20151231_global_asia-enhanced_c201607211230.bitmask,NCEI_NGA.union.nga_lead2.add_2015ntl.mask,timezone.shp,VBD_platforms-recurring_2015_r20170330.shp,999999,VBD_bridges_c20160811.shp,22.302559;20.657581;17.812403;13.013085;8.184108;3.331987;-1.539063;0.598278;2.699680;7.587820;12.484635;17.389103,102.195274;116.899490;131.129013;129.599106;128.217987;126.965988;125.829720;112.252083;98.601341;99.606560;100.547348;101.419044,npp_d20140716_t1757431_e1803235_b14079,140.698,45.7673,46.9295,-80.0297,29.375,100.577
2711,VBD_npp_d20140716_t1801401_x1202531E_y056397N_l2134_s3024_v23,2017-05-23 13:09:55,5.639704,120.253128,18.1855,2014-07-16 18:01:40,2014-07-17 02:01:40,2134,3024,0.207608,2,2465,0.269019,0.157954,0.606876,0.4,0.539431,0.75,0.0500624,0.0001,0.0399657,999999,1.797235e-01,3,Philippines Exclusive Economic Zone,ARMM,,SVDNB_npp_d20140716_t1757431_e1803235_b14079_c20140717000324408388_noaa_ops.h5,GDNBO_npp_d20140716_t1757431_e1803235_b14079_c20140717000324408134_noaa_ops.h5,SVI04_npp_d20140716_t1757431_e1803235_b14079_c20140717000324402868_noaa_ops.dspace_rad,VNFF_npp_d20140716_t1757431_e1803235_b14079_v21.csv,World_EEZ_v8_2014.shp,WPP_BFAR_merge.shp,KKP_IDN_merge_20161208.shp,VNF-VBD_npp_20120301-20151231_global_asia-enhanced_c201607211230.bitmask,NCEI_NGA.union.nga_lead2.add_2015ntl.mask,timezone.shp,VBD_platforms-recurring_2015_r20170330.shp,999999,VBD_bridges_c20160811.shp,22.302559;20.657581;17.812403;13.013085;8.184108;3.331987;-1.539063;0.598278;2.699680;7.587820;12.484635;17.389103,102.195274;116.899490;131.129013;129.599106;128.217987;126.965988;125.829720;112.252083;98.601341;99.606560;100.547348;101.419044,npp_d20140716_t1757431_e1803235_b14079,140.734,45.811,46.9642,-80.5079,29.3668,100.485
2713,VBD_npp_d20140716_t1801258_x1210681E_y063696N_l2005_s3117_v23,2017-05-23 13:09:55,6.369569,121.068085,156.842,2014-07-16 18:01:25,2014-07-17 02:01:25,2005,3117,0.31992,1,2529,1.30672,0.174203,0.900264,0.4,0.968367,0.75,0.0504701,0.0001,0.0334643,999999,4.732789e-02,3,Philippines Exclusive Economic Zone,ARMM,,SVDNB_npp_d20140716_t1757431_e1803235_b14079_c20140717000324408388_noaa_ops.h5,GDNBO_npp_d20140716_t1757431_e1803235_b14079_c20140717000324408134_noaa_ops.h5,SVI04_npp_d20140716_t1757431_e1803235_b14079_c20140717000324402868_noaa_ops.dspace_rad,VNFF_npp_d20140716_t1757431_e1803235_b14079_v21.csv,World_EEZ_v8_2014.shp,WPP_BFAR_merge.shp,KKP_IDN_merge_20161208.shp,VNF-VBD_npp_20120301-20151231_global_asia-enhanced_c201607211230.bitmask,NCEI_NGA.union.nga_lead2.add_2015ntl.mask,timezone.shp,VBD_platforms-recurring_2015_r20170330.shp,999999,VBD_bridges_c20160811.shp,22.302559;20.657581;17.812403;13.013085;8.184108;3.331987;-1.539063;0.598278;2.699680;7.587820;12.484635;17.389103,102.195274;116.899490;131.129013;129.599106;128.217987;126.965988;125.829720;112.252083;98.601341;99.606560;100.547348;101.419044,npp_d20140716_t1757431_e1803235_b14079,139.686,45.8899,49.8274,-80.3713,28.7619,102.151
2714,VBD_npp_d20140716_t1801258_x1210772E_y063820N_l2003_s3118_v23,2017-05-23 13:09:55,6.381969,121.077194,257.915,2014-07-16 18:01:25,2014-07-17 02:01:25,2003,3118,0.311799,8,18913,1.4319,0.173905,0.900264,0.4,0.968267,0.75,0.0504745,0.0001,0.0333693,999999,4.975833e-02,3,Philippines Exclusive Economic Zone,ARMM,,SVDNB_npp_d20140716_t1757431_e1803235_b14079_c20140717000324408388_noaa_ops.h5,GDNBO_npp_d20140716_t1757431_e1803235_b14079_c20140717000324408134_noaa_ops.h5,SVI04_npp_d20140716_t1757431_e1803235_b14079_c20140717000324402868_noaa_ops.dspace_rad,VNFF_npp_d20140716_t1757431_e1803235_b14079_v21.csv,World_EEZ_v8_2014.shp,WPP_BFAR_merge.shp,KKP_IDN_merge_20161208.shp,VNF-VBD_npp_20120301-20151231_global_asia-enhanced_c201607211230.bitmask,NCEI_NGA.union.nga_lead2.add_2015ntl.mask,timezone.shp,VBD_platforms-recurring_2015_r20170330.shp,0.265537,VBD_bridges_c20160811.shp,22.302559;20.657581;17.812403;13.013085;8.184108;3.331987;-1.539063;0.598278;2.699680;7.587820;12.484635;17.389103,102.195274;116.899490;131.129013;129.599106;128.217987;126.965988;125.829720;112.252083;98.601341;99.606560;100.547348;101.419044,npp_d20140716_t1757431_e1803235_b14079,139.671,45.8879,49.8579,-80.4772,28.7556,102.178
2715,VBD_npp_d20140716_t1801258_x1210708E_y063062N_l2014_s3119_v23,2017-05-23 13:09:55,6.306233,121.070824,19.6981,2014-07-16 18:01:25,2014-07-17 02:01:25,2014,3119,0.291469,1,2529,0.609287,0.180539,0.851661,0.4,0.851847,0.75,0.0504768,0.0001,0.0334227,999999,-4.290996e-03,3,Philippines Exclusive Economic Zone,ARMM,,SVDNB_npp_d20140716_t1757431_e1803235_b14079_c20140717000324408388_noaa_ops.h5,GDNBO_npp_d20140716_t1757431_e1803235_b14079_c20140717000324408134_noaa_ops.h5,SVI04_npp_d20140716_t1757431_e1803235_b14079_c20140717000324402868_noaa_ops.dspace_rad,VNFF_npp_d20140716_t1757431_e1803235_b14079_v21.csv,World_EEZ_v8_2014.shp,WPP_BFAR_merge.shp,KKP_IDN_merge_20161208.shp,VNF-VBD_npp_20120301-20151231_global_asia-enhanced_c201607211230.bitmask,NCEI_NGA.union.nga_lead2.add_2015ntl.mask,timezone.shp,VBD_platforms-recurring_2015_r20170330.shp,999999,VBD_bridges_c20160811.shp,22.302559;20.657581;17.812403;13.013085;8.184108;3.331987;-1.539063;0.598278;2.699680;7.587820;12.484635;17.389103,102.195274;116.899490;131.129013;129.599106;128.217987;126.965988;125.829720;112.252083;98.601341;99.606560;100.547348;101.419044,npp_d20140716_t1757431_e1803235_b14079,139.728,45.9461,49.8872,-79.8897,28.7458,102.037
2716,VBD_npp_d20140716_t1801258_x1210883E_y063661N_l2005_s3120_v23,2017-05-23 13:09:55,6.366107,121.088272,82.0147,2014-07-16 18:01:25,2014-07-17 02:01:25,2005,3120,0.258985,1,2529,0.968971,0.156267,0.897443,0.4,0.780229,0.75,0.0504823,0.0001,0.0332567,999999,1.934678e-01,3,Philippines Exclusive Economic Zone,ARMM,,SVDNB_npp_d20140716_t1757431_e1803235_b14079_c20140717000324408388_noaa_ops.h5,GDNBO_npp_d20140716_t1757431_e1803235_b14079_c20140717000324408134_noaa_ops.h5,SVI04_npp_d20140716_t1757431_e1803235_b14079_c20140717000324402868_noaa_ops.dspace_rad,VNFF_npp_d20140716_t1757431_e1803235_b14079_v21.csv,World_EEZ_v8_2014.shp,WPP_BFAR_merge.shp,KKP_IDN_merge_20161208.shp,VNF-VBD_npp_20120301-20151231_global_asia-enhanced_c201607211230.bitmask,NCEI_NGA.union.nga_lead2.add_2015ntl.mask,timezone.shp,VBD_platforms-recurring_2015_r20170330.shp,999999,VBD_bridges_c20160811.shp,22.302559;20.657581;17.812403;13.013085;8.184108;3.331987;-1.539063;0.598278;2.699680;7.587820;12.484635;17.389103,102.195274;116.899490;131.129013;129.599106;128.217987;126.965988;125.829720;112.252083;98.601341;99.606560;100.547348;101.419044,npp_d20140716_t1757431_e1803235_b14079,139.674,45.9115,49.9177,-80.3689,28.7413,102.155
2717,VBD_npp_d20140716_t1801258_x1210982E_y063434N_l2008_s3122_v23,2017-05-23 13:09:55,6.343421,121.098160,24.2158,2014-07-16 18:01:25,2014-07-17 02:01:25,2008,3122,0.244842,1,2529,0.587406,0.171298,0.887754,0.4,0.805845,0.75,0.0504899,0.0001,0.0331538,999999,7.099781e-02,3,Philippines Exclusive Economic Zone,ARMM,,SVDNB_npp_d20140716_t1757431_e1803235_b14079_c20140717000324408388_noaa_ops.h5,GDNBO_npp_d20140716_t1757431_e1803235_b14079_c20140717000324408134_noaa_ops.h5,SVI04_npp_d20140716_t1757431_e1803235_b14079_c20140717000324402868_noaa_ops.dspace_rad,VNFF_npp_d20140716_t1757431_e1803235_b14079_v21.csv,World_EEZ_v8_2014.shp,WPP_BFAR_merge.shp,KKP_IDN_merge_20161208.shp,VNF-VBD_npp_20120301-20151231_global_asia-enhanced_c201607211230.bitmask,NCEI_NGA.union.nga_lead2.add_2015ntl.mask,timezone.shp,VBD_platforms-recurring_2015_r20170330.shp,999999,VBD_bridges_c20160811.shp,22.302559;20.657581;17.812403;13.013085;8.184108;3.331987;-1.539063;0.598278;2.699680;7.587820;12.484635;17.389103,102.195274;116.899490;131.129013;129.599106;128.217987;126.965988;125.829720;112.252083;98.601341;99.606560;100.547348;101.419044,npp_d20140716_t1757431_e1803235_b14079,139.683,45.9399,49.9775,-80.2075,28.7267,102.119
2718,VBD_npp_d20140716_t1801258_x1212897E_y062689N_l2014_s3152_v23,2017-05-23 13:09:55,6.268918,121.289749,27.3405,2014-07-16 18:01:25,2014-07-17 02:01:25,2014,3152,0.0921469,1,2529,0.552601,0.2131,0.771325,0.4,0.795983,0.75,0.0506106,0.0001,0.0311832,999999,-2.695877e-01,3,Philippines Exclusive Economic Zone,ARMM,,SVDNB_npp_d20140716_t1757431_e1803235_b14079_c20140717000324408388_noaa_ops.h5,GDNBO_npp_d20140716_t1757431_e1803235_b14079_c20140717000324408134_noaa_ops.h5,SVI04_npp_d20140716_t1757431_e1803235_b14079_c20140717000324402868_noaa_ops.dspace_rad,VNFF_npp_d20140716_t1757431_e1803235_b14079_v21.csv,World_EEZ_v8_2014.shp,WPP_BFAR_merge.shp,KKP_IDN_merge_20161208.shp,VNF-VBD_npp_20120301-20151231_global_asia-enhanced_c201607211230.bitmask,NCEI_NGA.union.nga_lead2.add_2015ntl.mask,timezone.shp,VBD_platforms-recurring_2015_r20170330.shp,999999,VBD_bridges_c20160811.shp,22.302559;20.657581;17.812403;13.013085;8.184108;3.331987;-1.539063;0.598278;2.699680;7.587820;12.484635;17.389103,102.195274;116.899490;131.129013;129.599106;128.217987;126.965988;125.829720;112.252083;98.601341;99.606560;100.547348;101.419044,npp_d20140716_t1757431_e1803235_b14079,139.598,46.1796,50.8528,-79.8805,28.5217,102.078
2719,VBD_npp_d20140716_t1801240_x1213314E_y064309N_l1989_s3153_v23,2017-05-23 13:09:55,6.430873,121.331383,58.5325,2014-07-16 18:01:24,2014-07-17 02:01:24,1989,3153,0.14474,1,2529,0.86436,0.192903,0.818988,0.4,0.893448,0.75,0.0506186,0.0001,0.0310124,999999,-1.050256e-01,3,Philippines Exclusive Economic Zone,ARMM,,SVDNB_npp_d20140716_t1757431_e1803235_b14079_c20140717000324408388_noaa_ops.h5,GDNBO_npp_d20140716_t1757431_e1803235_b14079_c20140717000324408134_noaa_ops.h5,SVI04_npp_d20140716_t1757431_e1803235_b14079_c20140717000324402868_noaa_ops.dspace_rad,VNFF_npp_d20140716_t1757431_e1803235_b14079_v21.csv,World_EEZ_v8_2014.shp,WPP_BFAR_merge.shp,KKP_IDN_merge_20161208.shp,VNF-VBD_npp_20120301-20151231_global_asia-enhanced_c201607211230.bitmask,NCEI_NGA.union.nga_lead2.add_2015ntl.mask,timezone.shp,VBD_platforms-recurring_2015_r20170330.shp,999999,VBD_bridges_c20160811.shp,22.302559;20.657581;17.812403;13.013085;8.184108;3.331987;-1.539063;0.598278;2.699680;7.587820;12.484635;17.389103,102.195274;116.899490;131.129013;129.599106;128.217987;126.965988;125.829720;112.252083;98.601341;99.606560;100.547348;101.419044,npp_d20140716_t1757431_e1803235_b14079,139.461,46.0742,50.879,-80.3187,28.5226,102.393
2720,VBD_npp_d20140716_t1801240_x1213385E_y063953N_l1994_s3155_v23,2017-05-23 13:09:55,6.395284,121.338539,66.0683,2014-07-16 18:01:24,2014-07-17 02:01:24,1994,3155,0.117891,1,2529,0.793113,0.181016,0.863616,0.4,0.863281,0.75,0.0506259,0.0001,0.0309375,999999,-8.180443e-03,3,Philippines Exclusive Economic Zone,ARMM,,SVDNB_npp_d20140716_t1757431_e1803235_b14079_c20140717000324408388_noaa_ops.h5,GDNBO_npp_d20140716_t1757431_e1803235_b14079_c20140717000324408134_noaa_ops.h5,SVI04_npp_d20140716_t1757431_e1803235_b14079_c20140717000324402868_noaa_ops.dspace_rad,VNFF_npp_d20140716_t1757431_e1803235_b14079_v21.csv,World_EEZ_v8_2014.shp,WPP_BFAR_merge.shp,KKP_IDN_merge_20161208.shp,VNF-VBD_npp_20120301-20151231_global_asia-enhanced_c201607211230.bitmask,NCEI_NGA.union.nga_lead2.add_2015ntl.mask,timezone.shp,VBD_platforms-recurring_2015_r20170330.shp,999999,VBD_bridges_c20160811.shp,22.302559;20.657581;17.812403;13.013085;8.184108;3.331987;-1.539063;0.598278;2.699680;7.587820;12.484635;17.389103,102.195274;116.899490;131.129013;129.599106;128.217987;126.965988;125.829720;112.252083;98.601341;99.606560;100.547348;101.419044,npp_d20140716_t1757431_e1803235_b14079,139.48,46.1107,50.9352,-80.0633,28.5078,102.331
2721,VBD_npp_d20140716_t1801258_x1213093E_y062655N_l2014_s3155_v23,2017-05-23 13:09:55,6.265471,121.309265,36.4697,2014-07-16 18:01:25,2014-07-17 02:01:25,2014,3155,0.0813742,1,2529,0.614108,0.210752,0.779883,0.4,0.813702,0.75,0.0506228,0.0001,0.0309855,999999,-2.504541e-01,3,Philippines Exclusive Economic Zone,ARMM,,SVDNB_npp_d20140716_t1757431_e1803235_b14079_c20140717000324408388_noaa_ops.h5,GDNBO_npp_d20140716_t1757431_e1803235_b14079_c20140717000324408134_noaa_ops.h5,SVI04_npp_d20140716_t1757431_e1803235_b14079_c20140717000324402868_noaa_ops.dspace_rad,VNFF_npp_d20140716_t1757431_e1803235_b14079_v21.csv,World_EEZ_v8_2014.shp,WPP_BFAR_merge.shp,KKP_IDN_merge_20161208.shp,VNF-VBD_npp_20120301-20151231_global_asia-enhanced_c201607211230.bitmask,NCEI_NGA.union.nga_lead2.add_2015ntl.mask,timezone.shp,VBD_platforms-recurring_2015_r20170330.shp,999999,VBD_bridges_c20160811.shp,22.302559;20.657581;17.812403;13.013085;8.184108;3.331987;-1.539063;0.598278;2.699680;7.587820;12.484635;17.389103,102.195274;116.899490;131.129013;129.599106;128.217987;126.965988;125.829720;112.252083;98.601341;99.606560;100.547348;101.419044,npp_d20140716_t1757431_e1803235_b14079,139.586,46.2004,50.9377,-79.8788,28.5017,102.082
2722,VBD_npp_d20140716_t1801240_x1213380E_y063541N_l2000_s3156_v23,2017-05-23 13:09:55,6.354110,121.338036,94.7285,2014-07-16 18:01:24,2014-07-17 02:01:24,2000,3156,0.220369,1,2529,0.997516,0.181327,0.856254,0.4,0.935252,0.75,0.050629,0.0001,0.0309281,999999,-1.070953e-02,3,Philippines Exclusive Economic Zone,ARMM,,SVDNB_npp_d20140716_t1757431_e1803235_b14079_c20140717000324408388_noaa_ops.h5,GDNBO_npp_d20140716_t1757431_e1803235_b14079_c20140717000324408134_noaa_ops.h5,SVI04_npp_d20140716_t1757431_e1803235_b14079_c20140717000324402868_noaa_ops.dspace_rad,VNFF_npp_d20140716_t1757431_e1803235_b14079_v21.csv,World_EEZ_v8_2014.shp,WPP_BFAR_merge.shp,KKP_IDN_merge_20161208.shp,VNF-VBD_npp_20120301-20151231_global_asia-enhanced_c201607211230.bitmask,NCEI_NGA.union.nga_lead2.add_2015ntl.mask,timezone.shp,VBD_platforms-recurring_2015_r20170330.shp,999999,VBD_bridges_c20160811.shp,22.302559;20.657581;17.812403;13.013085;8.184108;3.331987;-1.539063;0.598278;2.699680;7.587820;12.484635;17.389103,102.195274;116.899490;131.129013;129.599106;128.217987;126.965988;125.829720;112.252083;98.601341;99.606560;100.547348;101.419044,npp_d20140716_t1757431_e1803235_b14079,139.509,46.145,50.9639,-79.7582,28.4994,102.255
2723,VBD_npp_d20140716_t1801258_x1213193E_y062843N_l2011_s3156_v23,2017-05-23 13:09:55,6.284338,121.319305,23.991,2014-07-16 18:01:25,2014-07-17 02:01:25,2011,3156,0.0628121,2,2465,0.463623,0.20866,0.779883,0.4,0.734188,0.75,0.0506273,0.0001,0.0308931,999999,-2.334132e-01,3,Philippines Exclusive Economic Zone,ARMM,,SVDNB_npp_d20140716_t1757431_e1803235_b14079_c20140717000324408388_noaa_ops.h5,GDNBO_npp_d20140716_t1757431_e1803235_b14079_c20140717000324408134_noaa_ops.h5,SVI04_npp_d20140716_t1757431_e1803235_b14079_c20140717000324402868_noaa_ops.dspace_rad,VNFF_npp_d20140716_t1757431_e1803235_b14079_v21.csv,World_EEZ_v8_2014.shp,WPP_BFAR_merge.shp,KKP_IDN_merge_20161208.shp,VNF-VBD_npp_20120301-20151231_global_asia-enhanced_c201607211230.bitmask,NCEI_NGA.union.nga_lead2.add_2015ntl.mask,timezone.shp,VBD_platforms-recurring_2015_r20170330.shp,999999,VBD_bridges_c20160811.shp,22.302559;20.657581;17.812403;13.013085;8.184108;3.331987;-1.539063;0.598278;2.699680;7.587820;12.484635;17.389103,102.195274;116.899490;131.129013;129.599106;128.217987;126.965988;125.829720;112.252083;98.601341;99.606560;100.547348;101.419044,npp_d20140716_t1757431_e1803235_b14079,139.566,46.1936,50.9659,-80.0304,28.4958,102.121
2724,VBD_npp_d20140716_t1801240_x1213528E_y063997N_l1993_s3157_v23,2017-05-23 13:09:55,6.399675,121.352791,48.4535,2014-07-16 18:01:24,2014-07-17 02:01:24,1993,3157,0.117449,8,18913,0.658694,0.154041,0.863616,0.4,0.833049,0.75,0.0506342,0.0001,0.0307951,999999,2.116050e-01,3,Philippines Exclusive Economic Zone,ARMM,,SVDNB_npp_d20140716_t1757431_e1803235_b14079_c20140717000324408388_noaa_ops.h5,GDNBO_npp_d20140716_t1757431_e1803235_b14079_c20140717000324408134_noaa_ops.h5,SVI04_npp_d20140716_t1757431_e1803235_b14079_c20140717000324402868_noaa_ops.dspace_rad,VNFF_npp_d20140716_t1757431_e1803235_b14079_v21.csv,World_EEZ_v8_2014.shp,WPP_BFAR_merge.shp,KKP_IDN_merge_20161208.shp,VNF-VBD_npp_20120301-20151231_global_asia-enhanced_c201607211230.bitmask,NCEI_NGA.union.nga_lead2.add_2015ntl.mask,timezone.shp,VBD_platforms-recurring_2015_r20170330.shp,0.586951,VBD_bridges_c20160811.shp,22.302559;20.657581;17.812403;13.013085;8.184108;3.331987;-1.539063;0.598278;2.699680;7.587820;12.484635;17.389103,102.195274;116.899490;131.129013;129.599106;128.217987;126.965988;125.829720;112.252083;98.601341;99.606560;100.547348;101.419044,npp_d20140716_t1757431_e1803235_b14079,139.467,46.1201,50.9919,-80.1127,28.4947,102.347
2725,VBD_npp_d20140716_t1801258_x1213394E_y063221N_l2005_s3158_v23,2017-05-23 13:09:55,6.322118,121.339447,25.6437,2014-07-16 18:01:25,2014-07-17 02:01:25,2005,3158,0.147281,1,2529,0.511787,0.191966,0.822039,0.4,0.781638,0.75,0.0506364,0.0001,0.0306993,999999,-9.739841e-02,3,Philippines Exclusive Economic Zone,ARMM,,SVDNB_npp_d20140716_t1757431_e1803235_b14079_c20140717000324408388_noaa_ops.h5,GDNBO_npp_d20140716_t1757431_e1803235_b14079_c20140717000324408134_noaa_ops.h5,SVI04_npp_d20140716_t1757431_e1803235_b14079_c20140717000324402868_noaa_ops.dspace_rad,VNFF_npp_d20140716_t1757431_e1803235_b14079_v21.csv,World_EEZ_v8_2014.shp,WPP_BFAR_merge.shp,KKP_IDN_merge_20161208.shp,VNF-VBD_npp_20120301-20151231_global_asia-enhanced_c201607211230.bitmask,NCEI_NGA.union.nga_lead2.add_2015ntl.mask,timezone.shp,VBD_platforms-recurring_2015_r20170330.shp,999999,VBD_bridges_c20160811.shp,22.302559;20.657581;17.812403;13.013085;8.184108;3.331987;-1.539063;0.598278;2.699680;7.587820;12.484635;17.389103,102.195274;116.899490;131.129013;129.599106;128.217987;126.965988;125.829720;112.252083;98.601341;99.606560;100.547348;101.419044,npp_d20140716_t1757431_e1803235_b14079,139.525,46.1801,51.0231,-80.3334,28.484,102.201
2726,VBD_npp_d20140716_t1801258_x1213324E_y062820N_l2011_s3158_v23,2017-05-23 13:09:55,6.282048,121.332382,15.511,2014-07-16 18:01:25,2014-07-17 02:01:25,2011,3158,0.0646352,7,2465,0.283846,0.193192,0.779883,0.4,0.617056,0.75,0.0506354,0.0001,0.0307612,999999,-1.073843e-01,3,,,,SVDNB_npp_d20140716_t1757431_e1803235_b14079_c20140717000324408388_noaa_ops.h5,GDNBO_npp_d20140716_t1757431_e1803235_b14079_c20140717000324408134_noaa_ops.h5,SVI04_npp_d20140716_t1757431_e1803235_b14079_c20140717000324402868_noaa_ops.dspace_rad,VNFF_npp_d20140716_t1757431_e1803235_b14079_v21.csv,World_EEZ_v8_2014.shp,WPP_BFAR_merge.shp,KKP_IDN_merge_20161208.shp,VNF-VBD_npp_20120301-20151231_global_asia-enhanced_c201607211230.bitmask,NCEI_NGA.union.nga_lead2.add_2015ntl.mask,timezone.shp,VBD_platforms-recurring_2015_r20170330.shp,999999,VBD_bridges_c20160811.shp,22.302559;20.657581;17.812403;13.013085;8.184108;3.331987;-1.539063;0.598278;2.699680;7.587820;12.484635;17.389103,102.195274;116.899490;131.129013;129.599106;128.217987;126.965988;125.829720;112.252083;98.601341;99.606560;100.547348;101.419044,npp_d20140716_t1757431_e1803235_b14079,139.558,46.2076,51.0226,-80.0292,28.4824,102.124
2727,VBD_npp_d20140716_t1801240_x1213600E_y063640N_l1998_s3159_v23,2017-05-23 13:09:55,6.363986,121.359993,93.4156,2014-07-16 18:01:24,2014-07-17 02:01:24,1998,3159,0.177168,1,2529,0.990964,0.152346,0.870638,0.4,0.919589,0.75,0.0506415,0.0001,0.0307126,999999,2.254158e-01,3,Philippines Exclusive Economic Zone,ARMM,,SVDNB_npp_d20140716_t1757431_e1803235_b14079_c20140717000324408388_noaa_ops.h5,GDNBO_npp_d20140716_t1757431_e1803235_b14079_c20140717000324408134_noaa_ops.h5,SVI04_npp_d20140716_t1757431_e1803235_b14079_c20140717000324402868_noaa_ops.dspace_rad,VNFF_npp_d20140716_t1757431_e1803235_b14079_v21.csv,World_EEZ_v8_2014.shp,WPP_BFAR_merge.shp,KKP_IDN_merge_20161208.shp,VNF-VBD_npp_20120301-20151231_global_asia-enhanced_c201607211230.bitmask,NCEI_NGA.union.nga_lead2.add_2015ntl.mask,timezone.shp,VBD_platforms-recurring_2015_r20170330.shp,999999,VBD_bridges_c20160811.shp,22.302559;20.657581;17.812403;13.013085;8.184108;3.331987;-1.539063;0.598278;2.699680;7.587820;12.484635;17.389103,102.195274;116.899490;131.129013;129.599106;128.217987;126.965988;125.829720;112.252083;98.601341;99.606560;100.547348;101.419044,npp_d20140716_t1757431_e1803235_b14079,139.487,46.1568,51.0487,-79.8579,28.4798,102.285
2728,VBD_npp_d20140716_t1801258_x1213507E_y063477N_l2001_s3159_v23,2017-05-23 13:09:55,6.347712,121.350731,54.5717,2014-07-16 18:01:25,2014-07-17 02:01:25,2001,3159,0.203796,2,2465,0.752369,0.162671,0.857765,0.4,0.719093,0.75,0.0506411,0.0001,0.0305853,999999,1.412893e-01,3,Philippines Exclusive Economic Zone,ARMM,,SVDNB_npp_d20140716_t1757431_e1803235_b14079_c20140717000324408388_noaa_ops.h5,GDNBO_npp_d20140716_t1757431_e1803235_b14079_c20140717000324408134_noaa_ops.h5,SVI04_npp_d20140716_t1757431_e1803235_b14079_c20140717000324402868_noaa_ops.dspace_rad,VNFF_npp_d20140716_t1757431_e1803235_b14079_v21.csv,World_EEZ_v8_2014.shp,WPP_BFAR_merge.shp,KKP_IDN_merge_20161208.shp,VNF-VBD_npp_20120301-20151231_global_asia-enhanced_c201607211230.bitmask,NCEI_NGA.union.nga_lead2.add_2015ntl.mask,timezone.shp,VBD_platforms-recurring_2015_r20170330.shp,999999,VBD_bridges_c20160811.shp,22.302559;20.657581;17.812403;13.013085;8.184108;3.331987;-1.539063;0.598278;2.699680;7.587820;12.484635;17.389103,102.195274;116.899490;131.129013;129.599106;128.217987;126.965988;125.829720;112.252083;98.601341;99.606560;100.547348;101.419044,npp_d20140716_t1757431_e1803235_b14079,139.499,46.1689,51.0524,-80.5353,28.4784,102.254
2729,VBD_npp_d20140716_t1801240_x1213712E_y063896N_l1994_s3160_v23,2017-05-23 13:09:55,6.389565,121.371246,97.3657,2014-07-16 18:01:24,2014-07-17 02:01:24,1994,3160,0.161202,8,18913,0.948244,0.177898,0.859021,0.4,0.890519,0.75,0.0506462,0.0001,0.0306078,999999,1.722702e-02,3,Philippines Exclusive Economic Zone,ARMM,,SVDNB_npp_d20140716_t1757431_e1803235_b14079_c20140717000324408388_noaa_ops.h5,GDNBO_npp_d20140716_t1757431_e1803235_b14079_c20140717000324408134_noaa_ops.h5,SVI04_npp_d20140716_t1757431_e1803235_b14079_c20140717000324402868_noaa_ops.dspace_rad,VNFF_npp_d20140716_t1757431_e1803235_b14079_v21.csv,World_EEZ_v8_2014.shp,WPP_BFAR_merge.shp,KKP_IDN_merge_20161208.shp,VNF-VBD_npp_20120301-20151231_global_asia-enhanced_c201607211230.bitmask,NCEI_NGA.union.nga_lead2.add_2015ntl.mask,timezone.shp,VBD_platforms-recurring_2015_r20170330.shp,0.905907,VBD_bridges_c20160811.shp,22.302559;20.657581;17.812403;13.013085;8.184108;3.331987;-1.539063;0.598278;2.699680;7.587820;12.484635;17.389103,102.195274;116.899490;131.129013;129.599106;128.217987;126.965988;125.829720;112.252083;98.601341;99.606560;100.547348;101.419044,npp_d20140716_t1757431_e1803235_b14079,139.461,46.1455,51.0769,-80.06,28.4743,102.337
2730,VBD_npp_d20140716_t1801258_x1213568E_y063054N_l2007_s3161_v23,2017-05-23 13:09:55,6.305354,121.356781,17.1348,2014-07-16 18:01:25,2014-07-17 02:01:25,2007,3161,0.0659611,2,2465,0.249528,0.168898,0.798503,0.4,0.564016,0.75,0.0506482,0.0001,0.0305233,999999,9.055353e-02,3,Philippines Exclusive Economic Zone,ARMM,,SVDNB_npp_d20140716_t1757431_e1803235_b14079_c20140717000324408388_noaa_ops.h5,GDNBO_npp_d20140716_t1757431_e1803235_b14079_c20140717000324408134_noaa_ops.h5,SVI04_npp_d20140716_t1757431_e1803235_b14079_c20140717000324402868_noaa_ops.dspace_rad,VNFF_npp_d20140716_t1757431_e1803235_b14079_v21.csv,World_EEZ_v8_2014.shp,WPP_BFAR_merge.shp,KKP_IDN_merge_20161208.shp,VNF-VBD_npp_20120301-20151231_global_asia-enhanced_c201607211230.bitmask,NCEI_NGA.union.nga_lead2.add_2015ntl.mask,timezone.shp,VBD_platforms-recurring_2015_r20170330.shp,999999,VBD_bridges_c20160811.shp,22.302559;20.657581;17.812403;13.013085;8.184108;3.331987;-1.539063;0.598278;2.699680;7.587820;12.484635;17.389103,102.195274;116.899490;131.129013;129.599106;128.217987;126.965988;125.829720;112.252083;98.601341;99.606560;100.547348;101.419044,npp_d20140716_t1757431_e1803235_b14079,139.524,46.2102,51.1079,-80.2298,28.4633,102.179
2731,VBD_npp_d20140716_t1801258_x1213687E_y062964N_l2008_s3163_v23,2017-05-23 13:09:55,6.296381,121.368744,17.1973,2014-07-16 18:01:25,2014-07-17 02:01:25,2008,3163,0.0585031,2,2465,0.254814,0.196915,0.778875,0.4,0.537928,0.75,0.0506562,0.0001,0.0304017,999999,-1.377137e-01,3,Philippines Exclusive Economic Zone,ARMM,,SVDNB_npp_d20140716_t1757431_e1803235_b14079_c20140717000324408388_noaa_ops.h5,GDNBO_npp_d20140716_t1757431_e1803235_b14079_c20140717000324408134_noaa_ops.h5,SVI04_npp_d20140716_t1757431_e1803235_b14079_c20140717000324402868_noaa_ops.dspace_rad,VNFF_npp_d20140716_t1757431_e1803235_b14079_v21.csv,World_EEZ_v8_2014.shp,WPP_BFAR_merge.shp,KKP_IDN_merge_20161208.shp,VNF-VBD_npp_20120301-20151231_global_asia-enhanced_c201607211230.bitmask,NCEI_NGA.union.nga_lead2.add_2015ntl.mask,timezone.shp,VBD_platforms-recurring_2015_r20170330.shp,999999,VBD_bridges_c20160811.shp,22.302559;20.657581;17.812403;13.013085;8.184108;3.331987;-1.539063;0.598278;2.699680;7.587820;12.484635;17.389103,102.195274;116.899490;131.129013;129.599106;128.217987;126.965988;125.829720;112.252083;98.601341;99.606560;100.547348;101.419044,npp_d20140716_t1757431_e1803235_b14079,139.522,46.2288,51.1646,-80.1778,28.4496,102.168
2732,VBD_npp_d20140716_t1801258_x1213652E_y062763N_l2011_s3163_v23,2017-05-23 13:09:55,6.276299,121.365211,22.1912,2014-07-16 18:01:25,2014-07-17 02:01:25,2011,3163,0.0817057,2,2465,0.384786,0.212885,0.727707,0.4,0.70117,0.75,0.0506557,0.0001,0.0304309,999999,-2.678328e-01,3,Philippines Exclusive Economic Zone,ARMM,,SVDNB_npp_d20140716_t1757431_e1803235_b14079_c20140717000324408388_noaa_ops.h5,GDNBO_npp_d20140716_t1757431_e1803235_b14079_c20140717000324408134_noaa_ops.h5,SVI04_npp_d20140716_t1757431_e1803235_b14079_c20140717000324402868_noaa_ops.dspace_rad,VNFF_npp_d20140716_t1757431_e1803235_b14079_v21.csv,World_EEZ_v8_2014.shp,WPP_BFAR_merge.shp,KKP_IDN_merge_20161208.shp,VNF-VBD_npp_20120301-20151231_global_asia-enhanced_c201607211230.bitmask,NCEI_NGA.union.nga_lead2.add_2015ntl.mask,timezone.shp,VBD_platforms-recurring_2015_r20170330.shp,999999,VBD_bridges_c20160811.shp,22.302559;20.657581;17.812403;13.013085;8.184108;3.331987;-1.539063;0.598278;2.699680;7.587820;12.484635;17.389103,102.195274;116.899490;131.129013;129.599106;128.217987;126.965988;125.829720;112.252083;98.601341;99.606560;100.547348;101.419044,npp_d20140716_t1757431_e1803235_b14079,139.538,46.2425,51.1645,-80.026,28.4488,102.129
2733,VBD_npp_d20140716_t1801258_x1213890E_y063343N_l2002_s3165_v23,2017-05-23 13:09:55,6.334291,121.389046,21.0382,2014-07-16 18:01:25,2014-07-17 02:01:25,2002,3165,0.0782806,2,2465,0.327154,0.206259,0.829604,0.4,0.61684,0.75,0.0506652,0.0001,0.0302022,999999,-2.138458e-01,3,Philippines Exclusive Economic Zone,ARMM,,SVDNB_npp_d20140716_t1757431_e1803235_b14079_c20140717000324408388_noaa_ops.h5,GDNBO_npp_d20140716_t1757431_e1803235_b14079_c20140717000324408134_noaa_ops.h5,SVI04_npp_d20140716_t1757431_e1803235_b14079_c20140717000324402868_noaa_ops.dspace_rad,VNFF_npp_d20140716_t1757431_e1803235_b14079_v21.csv,World_EEZ_v8_2014.shp,WPP_BFAR_merge.shp,KKP_IDN_merge_20161208.shp,VNF-VBD_npp_20120301-20151231_global_asia-enhanced_c201607211230.bitmask,NCEI_NGA.union.nga_lead2.add_2015ntl.mask,timezone.shp,VBD_platforms-recurring_2015_r20170330.shp,999999,VBD_bridges_c20160811.shp,22.302559;20.657581;17.812403;13.013085;8.184108;3.331987;-1.539063;0.598278;2.699680;7.587820;12.484635;17.389103,102.195274;116.899490;131.129013;129.599106;128.217987;126.965988;125.829720;112.252083;98.601341;99.606560;100.547348;101.419044,npp_d20140716_t1757431_e1803235_b14079,139.481,46.2153,51.2224,-80.4797,28.4377,102.248
2734,VBD_npp_d20140716_t1801258_x1213885E_y062929N_l2008_s3166_v23,2017-05-23 13:09:55,6.292946,121.388542,18.7146,2014-07-16 18:01:25,2014-07-17 02:01:25,2008,3166,0.0531996,2,2209,0.228854,0.177897,0.778875,0.4,0.458109,0.75,0.0506683,0.0001,0.0302034,999999,1.723570e-02,3,Philippines Exclusive Economic Zone,ARMM,,SVDNB_npp_d20140716_t1757431_e1803235_b14079_c20140717000324408388_noaa_ops.h5,GDNBO_npp_d20140716_t1757431_e1803235_b14079_c20140717000324408134_noaa_ops.h5,SVI04_npp_d20140716_t1757431_e1803235_b14079_c20140717000324402868_noaa_ops.dspace_rad,VNFF_npp_d20140716_t1757431_e1803235_b14079_v21.csv,World_EEZ_v8_2014.shp,WPP_BFAR_merge.shp,KKP_IDN_merge_20161208.shp,VNF-VBD_npp_20120301-20151231_global_asia-enhanced_c201607211230.bitmask,NCEI_NGA.union.nga_lead2.add_2015ntl.mask,timezone.shp,VBD_platforms-recurring_2015_r20170330.shp,999999,VBD_bridges_c20160811.shp,22.302559;20.657581;17.812403;13.013085;8.184108;3.331987;-1.539063;0.598278;2.699680;7.587820;12.484635;17.389103,102.195274;116.899490;131.129013;129.599106;128.217987;126.965988;125.829720;112.252083;98.601341;99.606560;100.547348;101.419044,npp_d20140716_t1757431_e1803235_b14079,139.51,46.2498,51.2498,-80.1757,28.4293,102.172
2735,VBD_npp_d20140716_t1802566_x1201380E_y009738N_l2830_s3166_v23,2017-05-23 13:09:55,0.973843,120.138016,6.22585,2014-07-16 18:02:56,2014-07-17 02:02:56,2830,3166,0.404941,1,2529,0.338535,0.210694,0.732202,0.4,0.815611,0.75,0.0504363,0.0001,0.0290817,999999,-2.499843e-01,3,Indonesian Exclusive Economic Zone,WPP716,,SVDNB_npp_d20140716_t1757431_e1803235_b14079_c20140717000324408388_noaa_ops.h5,GDNBO_npp_d20140716_t1757431_e1803235_b14079_c20140717000324408134_noaa_ops.h5,SVI04_npp_d20140716_t1757431_e1803235_b14079_c20140717000324402868_noaa_ops.dspace_rad,VNFF_npp_d20140716_t1757431_e1803235_b14079_v21.csv,World_EEZ_v8_2014.shp,WPP_BFAR_merge.shp,KKP_IDN_merge_20161208.shp,VNF-VBD_npp_20120301-20151231_global_asia-enhanced_c201607211230.bitmask,NCEI_NGA.union.nga_lead2.add_2015ntl.mask,timezone.shp,VBD_platforms-recurring_2015_r20170330.shp,999999,VBD_bridges_c20160811.shp,22.302559;20.657581;17.812403;13.013085;8.184108;3.331987;-1.539063;0.598278;2.699680;7.587820;12.484635;17.389103,102.195274;116.899490;131.129013;129.599106;128.217987;126.965988;125.829720;112.252083;98.601341;99.606560;100.547348;101.419044,npp_d20140716_t1757431_e1803235_b14079,143.699,50.4849,51.2512,-80.6413,28.6554,91.9824
2736,VBD_npp_d20140716_t1801240_x1214185E_y063882N_l1993_s3167_v23,2017-05-23 13:09:55,6.388206,121.418541,40.0102,2014-07-16 18:01:24,2014-07-17 02:01:24,1993,3167,0.145402,1,2529,0.61458,0.182366,0.797674,0.4,0.818976,0.75,0.0506747,0.0001,0.0301348,999999,-1.917832e-02,3,Philippines Exclusive Economic Zone,ARMM,,SVDNB_npp_d20140716_t1757431_e1803235_b14079_c20140717000324408388_noaa_ops.h5,GDNBO_npp_d20140716_t1757431_e1803235_b14079_c20140717000324408134_noaa_ops.h5,SVI04_npp_d20140716_t1757431_e1803235_b14079_c20140717000324402868_noaa_ops.dspace_rad,VNFF_npp_d20140716_t1757431_e1803235_b14079_v21.csv,World_EEZ_v8_2014.shp,WPP_BFAR_merge.shp,KKP_IDN_merge_20161208.shp,VNF-VBD_npp_20120301-20151231_global_asia-enhanced_c201607211230.bitmask,NCEI_NGA.union.nga_lead2.add_2015ntl.mask,timezone.shp,VBD_platforms-recurring_2015_r20170330.shp,999999,VBD_bridges_c20160811.shp,22.302559;20.657581;17.812403;13.013085;8.184108;3.331987;-1.539063;0.598278;2.699680;7.587820;12.484635;17.389103,102.195274;116.899490;131.129013;129.599106;128.217987;126.965988;125.829720;112.252083;98.601341;99.606560;100.547348;101.419044,npp_d20140716_t1757431_e1803235_b14079,139.428,46.19,51.2757,-80.1058,28.4273,102.359
2737,VBD_npp_d20140716_t1801258_x1214011E_y063253N_l2003_s3167_v23,2017-05-23 13:09:55,6.325329,121.401070,18.4333,2014-07-16 18:01:25,2014-07-17 02:01:25,2003,3167,0.0586688,2,2465,0.271062,0.192288,0.759868,0.4,0.552632,0.75,0.0506732,0.0001,0.0300822,999999,-1.000213e-01,3,Philippines Exclusive Economic Zone,ARMM,,SVDNB_npp_d20140716_t1757431_e1803235_b14079_c20140717000324408388_noaa_ops.h5,GDNBO_npp_d20140716_t1757431_e1803235_b14079_c20140717000324408134_noaa_ops.h5,SVI04_npp_d20140716_t1757431_e1803235_b14079_c20140717000324402868_noaa_ops.dspace_rad,VNFF_npp_d20140716_t1757431_e1803235_b14079_v21.csv,World_EEZ_v8_2014.shp,WPP_BFAR_merge.shp,KKP_IDN_merge_20161208.shp,VNF-VBD_npp_20120301-20151231_global_asia-enhanced_c201607211230.bitmask,NCEI_NGA.union.nga_lead2.add_2015ntl.mask,timezone.shp,VBD_platforms-recurring_2015_r20170330.shp,999999,VBD_bridges_c20160811.shp,22.302559;20.657581;17.812403;13.013085;8.184108;3.331987;-1.539063;0.598278;2.699680;7.587820;12.484635;17.389103,102.195274;116.899490;131.129013;129.599106;128.217987;126.965988;125.829720;112.252083;98.601341;99.606560;100.547348;101.419044,npp_d20140716_t1757431_e1803235_b14079,139.479,46.2338,51.279,-80.4275,28.4239,102.238
2738,VBD_npp_d20140716_t1801240_x1214287E_y064072N_l1990_s3168_v23,2017-05-23 13:09:55,6.407179,121.428719,31.9024,2014-07-16 18:01:24,2014-07-17 02:01:24,1990,3168,0.126564,2,2465,0.491877,0.146488,0.756636,0.4,0.684617,0.75,0.0506793,0.0001,0.0300355,999999,2.731378e-01,3,Philippines Exclusive Economic Zone,ARMM,,SVDNB_npp_d20140716_t1757431_e1803235_b14079_c20140717000324408388_noaa_ops.h5,GDNBO_npp_d20140716_t1757431_e1803235_b14079_c20140717000324408134_noaa_ops.h5,SVI04_npp_d20140716_t1757431_e1803235_b14079_c20140717000324402868_noaa_ops.dspace_rad,VNFF_npp_d20140716_t1757431_e1803235_b14079_v21.csv,World_EEZ_v8_2014.shp,WPP_BFAR_merge.shp,KKP_IDN_merge_20161208.shp,VNF-VBD_npp_20120301-20151231_global_asia-enhanced_c201607211230.bitmask,NCEI_NGA.union.nga_lead2.add_2015ntl.mask,timezone.shp,VBD_platforms-recurring_2015_r20170330.shp,999999,VBD_bridges_c20160811.shp,22.302559;20.657581;17.812403;13.013085;8.184108;3.331987;-1.539063;0.598278;2.699680;7.587820;12.484635;17.389103,102.195274;116.899490;131.129013;129.599106;128.217987;126.965988;125.829720;112.252083;98.601341;99.606560;100.547348;101.419044,npp_d20140716_t1757431_e1803235_b14079,139.407,46.1833,51.3044,-80.2566,28.4214,102.399
2739,VBD_npp_d20140716_t1801258_x1213947E_y062504N_l2014_s3168_v23,2017-05-23 13:09:55,6.250389,121.394676,14.675,2014-07-16 18:01:25,2014-07-17 02:01:25,2014,3168,0.0497192,2,2465,0.248199,0.212809,0.674642,0.4,0.560715,0.75,0.0506755,0.0001,0.0301261,999999,-2.672124e-01,3,Philippines Exclusive Economic Zone,ARMM,,SVDNB_npp_d20140716_t1757431_e1803235_b14079_c20140717000324408388_noaa_ops.h5,GDNBO_npp_d20140716_t1757431_e1803235_b14079_c20140717000324408134_noaa_ops.h5,SVI04_npp_d20140716_t1757431_e1803235_b14079_c20140717000324402868_noaa_ops.dspace_rad,VNFF_npp_d20140716_t1757431_e1803235_b14079_v21.csv,World_EEZ_v8_2014.shp,WPP_BFAR_merge.shp,KKP_IDN_merge_20161208.shp,VNF-VBD_npp_20120301-20151231_global_asia-enhanced_c201607211230.bitmask,NCEI_NGA.union.nga_lead2.add_2015ntl.mask,timezone.shp,VBD_platforms-recurring_2015_r20170330.shp,999999,VBD_bridges_c20160811.shp,22.302559;20.657581;17.812403;13.013085;8.184108;3.331987;-1.539063;0.598278;2.699680;7.587820;12.484635;17.389103,102.195274;116.899490;131.129013;129.599106;128.217987;126.965988;125.829720;112.252083;98.601341;99.606560;100.547348;101.419044,npp_d20140716_t1757431_e1803235_b14079,139.535,46.2914,51.3066,-79.8713,28.4142,102.097
2740,VBD_npp_d20140716_t1801240_x1214294E_y063725N_l1995_s3169_v23,2017-05-23 13:09:55,6.372472,121.429413,15.8296,2014-07-16 18:01:24,2014-07-17 02:01:24,1995,3169,0.0785015,7,2209,0.225733,0.168666,0.797557,0.4,0.474894,0.75,0.0506825,0.0001,0.0300231,999999,9.244214e-02,3,,,,SVDNB_npp_d20140716_t1757431_e1803235_b14079_c20140717000324408388_noaa_ops.h5,GDNBO_npp_d20140716_t1757431_e1803235_b14079_c20140717000324408134_noaa_ops.h5,SVI04_npp_d20140716_t1757431_e1803235_b14079_c20140717000324402868_noaa_ops.dspace_rad,VNFF_npp_d20140716_t1757431_e1803235_b14079_v21.csv,World_EEZ_v8_2014.shp,WPP_BFAR_merge.shp,KKP_IDN_merge_20161208.shp,VNF-VBD_npp_20120301-20151231_global_asia-enhanced_c201607211230.bitmask,NCEI_NGA.union.nga_lead2.add_2015ntl.mask,timezone.shp,VBD_platforms-recurring_2015_r20170330.shp,999999,VBD_bridges_c20160811.shp,22.302559;20.657581;17.812403;13.013085;8.184108;3.331987;-1.539063;0.598278;2.699680;7.587820;12.484635;17.389103,102.195274;116.899490;131.129013;129.599106;128.217987;126.965988;125.829720;112.252083;98.601341;99.606560;100.547348;101.419044,npp_d20140716_t1757431_e1803235_b14079,139.431,46.2132,51.3325,-80.0035,28.4132,102.336
2741,VBD_npp_d20140716_t1801240_x1214432E_y064116N_l1989_s3170_v23,2017-05-23 13:09:55,6.411601,121.443153,30.2544,2014-07-16 18:01:24,2014-07-17 02:01:24,1989,3170,0.110875,2,2465,0.492575,0.138413,0.756636,0.4,0.690185,0.75,0.0506875,0.0001,0.0298915,999999,3.389292e-01,3,Philippines Exclusive Economic Zone,ARMM,,SVDNB_npp_d20140716_t1757431_e1803235_b14079_c20140717000324408388_noaa_ops.h5,GDNBO_npp_d20140716_t1757431_e1803235_b14079_c20140717000324408134_noaa_ops.h5,SVI04_npp_d20140716_t1757431_e1803235_b14079_c20140717000324402868_noaa_ops.dspace_rad,VNFF_npp_d20140716_t1757431_e1803235_b14079_v21.csv,World_EEZ_v8_2014.shp,WPP_BFAR_merge.shp,KKP_IDN_merge_20161208.shp,VNF-VBD_npp_20120301-20151231_global_asia-enhanced_c201607211230.bitmask,NCEI_NGA.union.nga_lead2.add_2015ntl.mask,timezone.shp,VBD_platforms-recurring_2015_r20170330.shp,999999,VBD_bridges_c20160811.shp,22.302559;20.657581;17.812403;13.013085;8.184108;3.331987;-1.539063;0.598278;2.699680;7.587820;12.484635;17.389103,102.195274;116.899490;131.129013;129.599106;128.217987;126.965988;125.829720;112.252083;98.601341;99.606560;100.547348;101.419044,npp_d20140716_t1757431_e1803235_b14079,139.394,46.1928,51.3614,-80.3055,28.4082,102.415
2742,VBD_npp_d20140716_t1801240_x1214313E_y063444N_l1999_s3170_v23,2017-05-23 13:09:55,6.344443,121.431313,19.266,2014-07-16 18:01:24,2014-07-17 02:01:24,1999,3170,0.0333669,2,2465,0.259982,0.210534,0.781534,0.4,0.554578,0.75,0.050686,0.0001,0.0299937,999999,-2.486826e-01,3,Philippines Exclusive Economic Zone,ARMM,,SVDNB_npp_d20140716_t1757431_e1803235_b14079_c20140717000324408388_noaa_ops.h5,GDNBO_npp_d20140716_t1757431_e1803235_b14079_c20140717000324408134_noaa_ops.h5,SVI04_npp_d20140716_t1757431_e1803235_b14079_c20140717000324402868_noaa_ops.dspace_rad,VNFF_npp_d20140716_t1757431_e1803235_b14079_v21.csv,World_EEZ_v8_2014.shp,WPP_BFAR_merge.shp,KKP_IDN_merge_20161208.shp,VNF-VBD_npp_20120301-20151231_global_asia-enhanced_c201607211230.bitmask,NCEI_NGA.union.nga_lead2.add_2015ntl.mask,timezone.shp,VBD_platforms-recurring_2015_r20170330.shp,999999,VBD_bridges_c20160811.shp,22.302559;20.657581;17.812403;13.013085;8.184108;3.331987;-1.539063;0.598278;2.699680;7.587820;12.484635;17.389103,102.195274;116.899490;131.129013;129.599106;128.217987;126.965988;125.829720;112.252083;98.601341;99.606560;100.547348;101.419044,npp_d20140716_t1757431_e1803235_b14079,139.449,46.2386,51.3612,-79.801,28.4053,102.285
2743,VBD_npp_d20140716_t1801258_x1214198E_y063152N_l2004_s3170_v23,2017-05-23 13:09:55,6.315210,121.419754,21.5995,2014-07-16 18:01:25,2014-07-17 02:01:25,2004,3170,0.0423164,2,2465,0.30989,0.189469,0.759868,0.4,0.589549,0.75,0.0506852,0.0001,0.0298956,999999,-7.705044e-02,3,Philippines Exclusive Economic Zone,ARMM,,SVDNB_npp_d20140716_t1757431_e1803235_b14079_c20140717000324408388_noaa_ops.h5,GDNBO_npp_d20140716_t1757431_e1803235_b14079_c20140717000324408134_noaa_ops.h5,SVI04_npp_d20140716_t1757431_e1803235_b14079_c20140717000324402868_noaa_ops.dspace_rad,VNFF_npp_d20140716_t1757431_e1803235_b14079_v21.csv,World_EEZ_v8_2014.shp,WPP_BFAR_merge.shp,KKP_IDN_merge_20161208.shp,VNF-VBD_npp_20120301-20151231_global_asia-enhanced_c201607211230.bitmask,NCEI_NGA.union.nga_lead2.add_2015ntl.mask,timezone.shp,VBD_platforms-recurring_2015_r20170330.shp,999999,VBD_bridges_c20160811.shp,22.302559;20.657581;17.812403;13.013085;8.184108;3.331987;-1.539063;0.598278;2.699680;7.587820;12.484635;17.389103,102.195274;116.899490;131.129013;129.599106;128.217987;126.965988;125.829720;112.252083;98.601341;99.606560;100.547348;101.419044,npp_d20140716_t1757431_e1803235_b14079,139.472,46.2595,51.364,-80.3746,28.4033,102.229
2744,VBD_npp_d20140716_t1801258_x1214276E_y063208N_l2003_s3171_v23,2017-05-23 13:09:55,6.320788,121.427582,16.1385,2014-07-16 18:01:25,2014-07-17 02:01:25,2003,3171,0.0399409,7,2209,0.204607,0.196259,0.676661,0.4,0.464558,0.75,0.0506894,0.0001,0.0298179,999999,-1.323729e-01,3,,,,SVDNB_npp_d20140716_t1757431_e1803235_b14079_c20140717000324408388_noaa_ops.h5,GDNBO_npp_d20140716_t1757431_e1803235_b14079_c20140717000324408134_noaa_ops.h5,SVI04_npp_d20140716_t1757431_e1803235_b14079_c20140717000324402868_noaa_ops.dspace_rad,VNFF_npp_d20140716_t1757431_e1803235_b14079_v21.csv,World_EEZ_v8_2014.shp,WPP_BFAR_merge.shp,KKP_IDN_merge_20161208.shp,VNF-VBD_npp_20120301-20151231_global_asia-enhanced_c201607211230.bitmask,NCEI_NGA.union.nga_lead2.add_2015ntl.mask,timezone.shp,VBD_platforms-recurring_2015_r20170330.shp,999999,VBD_bridges_c20160811.shp,22.302559;20.657581;17.812403;13.013085;8.184108;3.331987;-1.539063;0.598278;2.699680;7.587820;12.484635;17.389103,102.195274;116.899490;131.129013;129.599106;128.217987;126.965988;125.829720;112.252083;98.601341;99.606560;100.547348;101.419044,npp_d20140716_t1757431_e1803235_b14079,139.463,46.2619,51.3927,-80.4243,28.3968,102.243
2745,VBD_npp_d20140716_t1801240_x1214748E_y063576N_l1996_s3176_v23,2017-05-23 13:09:55,6.357565,121.474762,16.5046,2014-07-16 18:01:24,2014-07-17 02:01:24,1996,3176,0.0369577,7,2209,0.200209,0.187287,0.63013,0.4,0.421431,0.75,0.0507109,0.0001,0.0295689,999999,-5.926936e-02,3,,,,SVDNB_npp_d20140716_t1757431_e1803235_b14079_c20140717000324408388_noaa_ops.h5,GDNBO_npp_d20140716_t1757431_e1803235_b14079_c20140717000324408134_noaa_ops.h5,SVI04_npp_d20140716_t1757431_e1803235_b14079_c20140717000324402868_noaa_ops.dspace_rad,VNFF_npp_d20140716_t1757431_e1803235_b14079_v21.csv,World_EEZ_v8_2014.shp,WPP_BFAR_merge.shp,KKP_IDN_merge_20161208.shp,VNF-VBD_npp_20120301-20151231_global_asia-enhanced_c201607211230.bitmask,NCEI_NGA.union.nga_lead2.add_2015ntl.mask,timezone.shp,VBD_platforms-recurring_2015_r20170330.shp,999999,VBD_bridges_c20160811.shp,22.302559;20.657581;17.812403;13.013085;8.184108;3.331987;-1.539063;0.598278;2.699680;7.587820;12.484635;17.389103,102.195274;116.899490;131.129013;129.599106;128.217987;126.965988;125.829720;112.252083;98.601341;99.606560;100.547348;101.419044,npp_d20140716_t1757431_e1803235_b14079,139.409,46.2672,51.5317,-79.9486,28.3652,102.331
2746,VBD_npp_d20140716_t1801240_x1215047E_y063314N_l1999_s3181_v23,2017-05-23 13:09:55,6.331416,121.504669,31.0381,2014-07-16 18:01:24,2014-07-17 02:01:24,1999,3181,0.0432556,8,18849,0.252234,0.120692,0.584572,0.4,0.356376,0.75,0.0507308,0.0001,0.0292637,999999,4.833131e-01,3,Philippines Exclusive Economic Zone,ARMM,,SVDNB_npp_d20140716_t1757431_e1803235_b14079_c20140717000324408388_noaa_ops.h5,GDNBO_npp_d20140716_t1757431_e1803235_b14079_c20140717000324408134_noaa_ops.h5,SVI04_npp_d20140716_t1757431_e1803235_b14079_c20140717000324402868_noaa_ops.dspace_rad,VNFF_npp_d20140716_t1757431_e1803235_b14079_v21.csv,World_EEZ_v8_2014.shp,WPP_BFAR_merge.shp,KKP_IDN_merge_20161208.shp,VNF-VBD_npp_20120301-20151231_global_asia-enhanced_c201607211230.bitmask,NCEI_NGA.union.nga_lead2.add_2015ntl.mask,timezone.shp,VBD_platforms-recurring_2015_r20170330.shp,0.850831,VBD_bridges_c20160811.shp,22.302559;20.657581;17.812403;13.013085;8.184108;3.331987;-1.539063;0.598278;2.699680;7.587820;12.484635;17.389103,102.195274;116.899490;131.129013;129.599106;128.217987;126.965988;125.829720;112.252083;98.601341;99.606560;100.547348;101.419044,npp_d20140716_t1757431_e1803235_b14079,139.405,46.3165,51.6744,-79.7947,28.3301,102.298
2747,VBD_npp_d20140716_t1801258_x1214884E_y062756N_l2008_s3181_v23,2017-05-23 13:09:55,6.275588,121.488411,23.1405,2014-07-16 18:01:25,2014-07-17 02:01:25,2008,3181,0.0443052,2,2465,0.304539,0.175245,0.590482,0.4,0.580588,0.75,0.0507294,0.0001,0.0292097,999999,3.884236e-02,3,Philippines Exclusive Economic Zone,ARMM,,SVDNB_npp_d20140716_t1757431_e1803235_b14079_c20140717000324408388_noaa_ops.h5,GDNBO_npp_d20140716_t1757431_e1803235_b14079_c20140717000324408134_noaa_ops.h5,SVI04_npp_d20140716_t1757431_e1803235_b14079_c20140717000324402868_noaa_ops.dspace_rad,VNFF_npp_d20140716_t1757431_e1803235_b14079_v21.csv,World_EEZ_v8_2014.shp,WPP_BFAR_merge.shp,KKP_IDN_merge_20161208.shp,VNF-VBD_npp_20120301-20151231_global_asia-enhanced_c201607211230.bitmask,NCEI_NGA.union.nga_lead2.add_2015ntl.mask,timezone.shp,VBD_platforms-recurring_2015_r20170330.shp,999999,VBD_bridges_c20160811.shp,22.302559;20.657581;17.812403;13.013085;8.184108;3.331987;-1.539063;0.598278;2.699680;7.587820;12.484635;17.389103,102.195274;116.899490;131.129013;129.599106;128.217987;126.965988;125.829720;112.252083;98.601341;99.606560;100.547348;101.419044,npp_d20140716_t1757431_e1803235_b14079,139.45,46.3556,51.6767,-80.1651,28.327,102.19
2748,VBD_npp_d20140716_t1801240_x1215193E_y063358N_l1998_s3183_v23,2017-05-23 13:09:55,6.335786,121.519295,25.3623,2014-07-16 18:01:24,2014-07-17 02:01:24,1998,3183,0.0518737,7,2209,0.172559,0.129067,0.53673,0.4,0.481219,0.75,0.0507392,0.0001,0.0291222,999999,4.150833e-01,3,,,,SVDNB_npp_d20140716_t1757431_e1803235_b14079_c20140717000324408388_noaa_ops.h5,GDNBO_npp_d20140716_t1757431_e1803235_b14079_c20140717000324408134_noaa_ops.h5,SVI04_npp_d20140716_t1757431_e1803235_b14079_c20140717000324402868_noaa_ops.dspace_rad,VNFF_npp_d20140716_t1757431_e1803235_b14079_v21.csv,World_EEZ_v8_2014.shp,WPP_BFAR_merge.shp,KKP_IDN_merge_20161208.shp,VNF-VBD_npp_20120301-20151231_global_asia-enhanced_c201607211230.bitmask,NCEI_NGA.union.nga_lead2.add_2015ntl.mask,timezone.shp,VBD_platforms-recurring_2015_r20170330.shp,999999,VBD_bridges_c20160811.shp,22.302559;20.657581;17.812403;13.013085;8.184108;3.331987;-1.539063;0.598278;2.699680;7.587820;12.484635;17.389103,102.195274;116.899490;131.129013;129.599106;128.217987;126.965988;125.829720;112.252083;98.601341;99.606560;100.547348;101.419044,npp_d20140716_t1757431_e1803235_b14079,139.392,46.3262,51.7314,-79.8437,28.3166,102.314
2749,VBD_npp_d20140716_t1801258_x1215102E_y063205N_l2001_s3183_v23,2017-05-23 13:09:55,6.320549,121.510239,27.222,2014-07-16 18:01:25,2014-07-17 02:01:25,2001,3183,0.0499954,7,2465,0.30809,0.128224,0.566095,0.4,0.602041,0.75,0.0507387,0.0001,0.0289995,999999,4.219510e-01,3,,,,SVDNB_npp_d20140716_t1757431_e1803235_b14079_c20140717000324408388_noaa_ops.h5,GDNBO_npp_d20140716_t1757431_e1803235_b14079_c20140717000324408134_noaa_ops.h5,SVI04_npp_d20140716_t1757431_e1803235_b14079_c20140717000324402868_noaa_ops.dspace_rad,VNFF_npp_d20140716_t1757431_e1803235_b14079_v21.csv,World_EEZ_v8_2014.shp,WPP_BFAR_merge.shp,KKP_IDN_merge_20161208.shp,VNF-VBD_npp_20120301-20151231_global_asia-enhanced_c201607211230.bitmask,NCEI_NGA.union.nga_lead2.add_2015ntl.mask,timezone.shp,VBD_platforms-recurring_2015_r20170330.shp,999999,VBD_bridges_c20160811.shp,22.302559;20.657581;17.812403;13.013085;8.184108;3.331987;-1.539063;0.598278;2.699680;7.587820;12.484635;17.389103,102.195274;116.899490;131.129013;129.599106;128.217987;126.965988;125.829720;112.252083;98.601341;99.606560;100.547348;101.419044,npp_d20140716_t1757431_e1803235_b14079,139.403,46.3375,51.7351,-80.5149,28.3152,102.285
2750,VBD_npp_d20140716_t1801240_x1215272E_y063414N_l1997_s3184_v23,2017-05-23 13:09:55,6.341355,121.527222,24.9196,2014-07-16 18:01:24,2014-07-17 02:01:24,1997,3184,0.0457968,7,2465,0.329189,0.125009,0.53673,0.4,0.59983,0.75,0.0507434,0.0001,0.0290468,999999,4.481418e-01,3,,,,SVDNB_npp_d20140716_t1757431_e1803235_b14079_c20140717000324408388_noaa_ops.h5,GDNBO_npp_d20140716_t1757431_e1803235_b14079_c20140717000324408134_noaa_ops.h5,SVI04_npp_d20140716_t1757431_e1803235_b14079_c20140717000324402868_noaa_ops.dspace_rad,VNFF_npp_d20140716_t1757431_e1803235_b14079_v21.csv,World_EEZ_v8_2014.shp,WPP_BFAR_merge.shp,KKP_IDN_merge_20161208.shp,VNF-VBD_npp_20120301-20151231_global_asia-enhanced_c201607211230.bitmask,NCEI_NGA.union.nga_lead2.add_2015ntl.mask,timezone.shp,VBD_platforms-recurring_2015_r20170330.shp,999999,VBD_bridges_c20160811.shp,22.302559;20.657581;17.812403;13.013085;8.184108;3.331987;-1.539063;0.598278;2.699680;7.587820;12.484635;17.389103,102.195274;116.899490;131.129013;129.599106;128.217987;126.965988;125.829720;112.252083;98.601341;99.606560;100.547348;101.419044,npp_d20140716_t1757431_e1803235_b14079,139.382,46.3287,51.7599,-79.8933,28.31,102.328
2751,VBD_npp_d20140716_t1801240_x1215248E_y063278N_l1999_s3184_v23,2017-05-23 13:09:55,6.327832,121.524841,18.4994,2014-07-16 18:01:24,2014-07-17 02:01:24,1999,3184,0.0459626,7,2209,0.160984,0.130981,0.566095,0.4,0.343693,0.75,0.0507431,0.0001,0.0290642,999999,3.994888e-01,3,,,,SVDNB_npp_d20140716_t1757431_e1803235_b14079_c20140717000324408388_noaa_ops.h5,GDNBO_npp_d20140716_t1757431_e1803235_b14079_c20140717000324408134_noaa_ops.h5,SVI04_npp_d20140716_t1757431_e1803235_b14079_c20140717000324402868_noaa_ops.dspace_rad,VNFF_npp_d20140716_t1757431_e1803235_b14079_v21.csv,World_EEZ_v8_2014.shp,WPP_BFAR_merge.shp,KKP_IDN_merge_20161208.shp,VNF-VBD_npp_20120301-20151231_global_asia-enhanced_c201607211230.bitmask,NCEI_NGA.union.nga_lead2.add_2015ntl.mask,timezone.shp,VBD_platforms-recurring_2015_r20170330.shp,999999,VBD_bridges_c20160811.shp,22.302559;20.657581;17.812403;13.013085;8.184108;3.331987;-1.539063;0.598278;2.699680;7.587820;12.484635;17.389103,102.195274;116.899490;131.129013;129.599106;128.217987;126.965988;125.829720;112.252083;98.601341;99.606560;100.547348;101.419044,npp_d20140716_t1757431_e1803235_b14079,139.393,46.3379,51.7601,-79.793,28.3094,102.302
2752,VBD_npp_d20140716_t1801258_x1215293E_y063103N_l2002_s3186_v23,2017-05-23 13:09:55,6.310331,121.529282,21.0327,2014-07-16 18:01:25,2014-07-17 02:01:25,2002,3186,0.0499954,2,2465,0.258149,0.145401,0.566095,0.4,0.536945,0.75,0.0507508,0.0001,0.0288125,999999,2.819968e-01,3,Philippines Exclusive Economic Zone,ARMM,,SVDNB_npp_d20140716_t1757431_e1803235_b14079_c20140717000324408388_noaa_ops.h5,GDNBO_npp_d20140716_t1757431_e1803235_b14079_c20140717000324408134_noaa_ops.h5,SVI04_npp_d20140716_t1757431_e1803235_b14079_c20140717000324402868_noaa_ops.dspace_rad,VNFF_npp_d20140716_t1757431_e1803235_b14079_v21.csv,World_EEZ_v8_2014.shp,WPP_BFAR_merge.shp,KKP_IDN_merge_20161208.shp,VNF-VBD_npp_20120301-20151231_global_asia-enhanced_c201607211230.bitmask,NCEI_NGA.union.nga_lead2.add_2015ntl.mask,timezone.shp,VBD_platforms-recurring_2015_r20170330.shp,999999,VBD_bridges_c20160811.shp,22.302559;20.657581;17.812403;13.013085;8.184108;3.331987;-1.539063;0.598278;2.699680;7.587820;12.484635;17.389103,102.195274;116.899490;131.129013;129.599106;128.217987;126.965988;125.829720;112.252083;98.601341;99.606560;100.547348;101.419044,npp_d20140716_t1757431_e1803235_b14079,139.397,46.3635,51.8205,-80.4622,28.2942,102.275
2753,VBD_npp_d20140716_t1801151_x1216773E_y068333N_l1920_s3188_v23,2017-05-23 13:09:55,6.833337,121.677254,22.1788,2014-07-16 18:01:15,2014-07-17 02:01:15,1920,3188,0.20015,2,2465,0.372464,0.18532,0.662266,0.4,0.738879,0.75,0.050682,0.0001,0.0287216,999999,-4.324709e-02,3,Philippines Exclusive Economic Zone,ARMM,,SVDNB_npp_d20140716_t1757431_e1803235_b14079_c20140717000324408388_noaa_ops.h5,GDNBO_npp_d20140716_t1757431_e1803235_b14079_c20140717000324408134_noaa_ops.h5,SVI04_npp_d20140716_t1757431_e1803235_b14079_c20140717000324402868_noaa_ops.dspace_rad,VNFF_npp_d20140716_t1757431_e1803235_b14079_v21.csv,World_EEZ_v8_2014.shp,WPP_BFAR_merge.shp,KKP_IDN_merge_20161208.shp,VNF-VBD_npp_20120301-20151231_global_asia-enhanced_c201607211230.bitmask,NCEI_NGA.union.nga_lead2.add_2015ntl.mask,timezone.shp,VBD_platforms-recurring_2015_r20170330.shp,999999,VBD_bridges_c20160811.shp,22.302559;20.657581;17.812403;13.013085;8.184108;3.331987;-1.539063;0.598278;2.699680;7.587820;12.484635;17.389103,102.195274;116.899490;131.129013;129.599106;128.217987;126.965988;125.829720;112.252083;98.601341;99.606560;100.547348;101.419044,npp_d20140716_t1757431_e1803235_b14079,138.961,46.0208,51.8741,-79.6622,28.3085,103.298
2754,VBD_npp_d20140716_t1801169_x1216800E_y068086N_l1924_s3190_v23,2017-05-23 13:09:55,6.808556,121.679985,14.1917,2014-07-16 18:01:16,2014-07-17 02:01:16,1924,3190,0.212801,8,18849,0.394212,0.156436,0.662409,0.4,0.749878,0.75,0.0506953,0.0001,0.0284532,999999,1.920929e-01,3,Philippines Exclusive Economic Zone,ARMM,,SVDNB_npp_d20140716_t1757431_e1803235_b14079_c20140717000324408388_noaa_ops.h5,GDNBO_npp_d20140716_t1757431_e1803235_b14079_c20140717000324408134_noaa_ops.h5,SVI04_npp_d20140716_t1757431_e1803235_b14079_c20140717000324402868_noaa_ops.dspace_rad,VNFF_npp_d20140716_t1757431_e1803235_b14079_v21.csv,World_EEZ_v8_2014.shp,WPP_BFAR_merge.shp,KKP_IDN_merge_20161208.shp,VNF-VBD_npp_20120301-20151231_global_asia-enhanced_c201607211230.bitmask,NCEI_NGA.union.nga_lead2.add_2015ntl.mask,timezone.shp,VBD_platforms-recurring_2015_r20170330.shp,0.550933,VBD_bridges_c20160811.shp,22.302559;20.657581;17.812403;13.013085;8.184108;3.331987;-1.539063;0.598278;2.699680;7.587820;12.484635;17.389103,102.195274;116.899490;131.129013;129.599106;128.217987;126.965988;125.829720;112.252083;98.601341;99.606560;100.547348;101.419044,npp_d20140716_t1757431_e1803235_b14079,138.971,46.0505,51.9322,-80.2751,28.293,103.258
2755,VBD_npp_d20140716_t1801240_x1215653E_y063206N_l1999_s3190_v23,2017-05-23 13:09:55,6.320631,121.565346,18.0271,2014-07-16 18:01:24,2014-07-17 02:01:24,1999,3190,0.0387808,2,2465,0.234945,0.142179,0.518372,0.4,0.518501,0.75,0.0507676,0.0001,0.0286652,999999,3.082528e-01,3,Philippines Exclusive Economic Zone,ARMM,,SVDNB_npp_d20140716_t1757431_e1803235_b14079_c20140717000324408388_noaa_ops.h5,GDNBO_npp_d20140716_t1757431_e1803235_b14079_c20140717000324408134_noaa_ops.h5,SVI04_npp_d20140716_t1757431_e1803235_b14079_c20140717000324402868_noaa_ops.dspace_rad,VNFF_npp_d20140716_t1757431_e1803235_b14079_v21.csv,World_EEZ_v8_2014.shp,WPP_BFAR_merge.shp,KKP_IDN_merge_20161208.shp,VNF-VBD_npp_20120301-20151231_global_asia-enhanced_c201607211230.bitmask,NCEI_NGA.union.nga_lead2.add_2015ntl.mask,timezone.shp,VBD_platforms-recurring_2015_r20170330.shp,999999,VBD_bridges_c20160811.shp,22.302559;20.657581;17.812403;13.013085;8.184108;3.331987;-1.539063;0.598278;2.699680;7.587820;12.484635;17.389103,102.195274;116.899490;131.129013;129.599106;128.217987;126.965988;125.829720;112.252083;98.601341;99.606560;100.547348;101.419044,npp_d20140716_t1757431_e1803235_b14079,139.369,46.3809,51.9314,-79.7895,28.2679,102.309
2756,VBD_npp_d20140716_t1801134_x1217655E_y070161N_l1891_s3195_v23,2017-05-23 13:09:55,7.016118,121.765526,53.0469,2014-07-16 18:01:13,2014-07-17 02:01:13,1891,3195,0.317876,1,2529,0.961687,0.182985,0.841537,0.4,0.849092,0.75,0.0506739,0.0001,0.0280539,999999,-2.421952e-02,3,Philippines Exclusive Economic Zone,Region IX,,SVDNB_npp_d20140716_t1757431_e1803235_b14079_c20140717000324408388_noaa_ops.h5,GDNBO_npp_d20140716_t1757431_e1803235_b14079_c20140717000324408134_noaa_ops.h5,SVI04_npp_d20140716_t1757431_e1803235_b14079_c20140717000324402868_noaa_ops.dspace_rad,VNFF_npp_d20140716_t1757431_e1803235_b14079_v21.csv,World_EEZ_v8_2014.shp,WPP_BFAR_merge.shp,KKP_IDN_merge_20161208.shp,VNF-VBD_npp_20120301-20151231_global_asia-enhanced_c201607211230.bitmask,NCEI_NGA.union.nga_lead2.add_2015ntl.mask,timezone.shp,VBD_platforms-recurring_2015_r20170330.shp,999999,VBD_bridges_c20160811.shp,22.302559;20.657581;17.812403;13.013085;8.184108;3.331987;-1.539063;0.598278;2.699680;7.587820;12.484635;17.389103,102.195274;116.899490;131.129013;129.599106;128.217987;126.965988;125.829720;112.252083;98.601341;99.606560;100.547348;101.419044,npp_d20140716_t1757431_e1803235_b14079,138.776,45.9439,52.0729,-80.2875,28.2723,103.681
2757,VBD_npp_d20140716_t1801134_x1217941E_y070182N_l1890_s3199_v23,2017-05-23 13:09:55,7.018175,121.794113,6.32773,2014-07-16 18:01:13,2014-07-17 02:01:13,1890,3199,0.26136,7,2465,0.239067,0.216845,0.834786,0.4,0.632408,0.75,0.0506891,0.0001,0.027773,999999,-3.000979e-01,3,,,,SVDNB_npp_d20140716_t1757431_e1803235_b14079_c20140717000324408388_noaa_ops.h5,GDNBO_npp_d20140716_t1757431_e1803235_b14079_c20140717000324408134_noaa_ops.h5,SVI04_npp_d20140716_t1757431_e1803235_b14079_c20140717000324402868_noaa_ops.dspace_rad,VNFF_npp_d20140716_t1757431_e1803235_b14079_v21.csv,World_EEZ_v8_2014.shp,WPP_BFAR_merge.shp,KKP_IDN_merge_20161208.shp,VNF-VBD_npp_20120301-20151231_global_asia-enhanced_c201607211230.bitmask,NCEI_NGA.union.nga_lead2.add_2015ntl.mask,timezone.shp,VBD_platforms-recurring_2015_r20170330.shp,999999,VBD_bridges_c20160811.shp,22.302559;20.657581;17.812403;13.013085;8.184108;3.331987;-1.539063;0.598278;2.699680;7.587820;12.484635;17.389103,102.195274;116.899490;131.129013;129.599106;128.217987;126.965988;125.829720;112.252083;98.601341;99.606560;100.547348;101.419044,npp_d20140716_t1757431_e1803235_b14079,138.754,45.9682,52.1877,-80.3337,28.2448,103.701
2758,VBD_npp_d20140716_t1801116_x1218274E_y070783N_l1880_s3201_v23,2017-05-23 13:09:55,7.078299,121.827354,296.621,2014-07-16 18:01:11,2014-07-17 02:01:11,1880,3201,0.358425,1,2529,1.59205,0.176959,0.909174,0.4,0.968993,0.75,0.0506893,0.0001,0.0276935,999999,2.487693e-02,3,Philippines Exclusive Economic Zone,Region IX,,SVDNB_npp_d20140716_t1757431_e1803235_b14079_c20140717000324408388_noaa_ops.h5,GDNBO_npp_d20140716_t1757431_e1803235_b14079_c20140717000324408134_noaa_ops.h5,SVI04_npp_d20140716_t1757431_e1803235_b14079_c20140717000324402868_noaa_ops.dspace_rad,VNFF_npp_d20140716_t1757431_e1803235_b14079_v21.csv,World_EEZ_v8_2014.shp,WPP_BFAR_merge.shp,KKP_IDN_merge_20161208.shp,VNF-VBD_npp_20120301-20151231_global_asia-enhanced_c201607211230.bitmask,NCEI_NGA.union.nga_lead2.add_2015ntl.mask,timezone.shp,VBD_platforms-recurring_2015_r20170330.shp,999999,VBD_bridges_c20160811.shp,22.302559;20.657581;17.812403;13.013085;8.184108;3.331987;-1.539063;0.598278;2.699680;7.587820;12.484635;17.389103,102.195274;116.899490;131.129013;129.599106;128.217987;126.965988;125.829720;112.252083;98.601341;99.606560;100.547348;101.419044,npp_d20140716_t1757431_e1803235_b14079,138.694,45.9424,52.2494,-80.0187,28.2338,103.827
2759,VBD_npp_d20140716_t1801116_x1218379E_y070975N_l1877_s3202_v23,2017-05-23 13:09:55,7.097538,121.837898,121.263,2014-07-16 18:01:11,2014-07-17 02:01:11,1877,3202,0.355884,1,2529,1.34447,0.18046,0.908465,0.4,0.966968,0.75,0.0506933,0.0001,0.0275798,999999,-3.648582e-03,3,Philippines Exclusive Economic Zone,Region IX,,SVDNB_npp_d20140716_t1757431_e1803235_b14079_c20140717000324408388_noaa_ops.h5,GDNBO_npp_d20140716_t1757431_e1803235_b14079_c20140717000324408134_noaa_ops.h5,SVI04_npp_d20140716_t1757431_e1803235_b14079_c20140717000324402868_noaa_ops.dspace_rad,VNFF_npp_d20140716_t1757431_e1803235_b14079_v21.csv,World_EEZ_v8_2014.shp,WPP_BFAR_merge.shp,KKP_IDN_merge_20161208.shp,VNF-VBD_npp_20120301-20151231_global_asia-enhanced_c201607211230.bitmask,NCEI_NGA.union.nga_lead2.add_2015ntl.mask,timezone.shp,VBD_platforms-recurring_2015_r20170330.shp,999999,VBD_bridges_c20160811.shp,22.302559;20.657581;17.812403;13.013085;8.184108;3.331987;-1.539063;0.598278;2.699680;7.587820;12.484635;17.389103,102.195274;116.899490;131.129013;129.599106;128.217987;126.965988;125.829720;112.252083;98.601341;99.606560;100.547348;101.419044,npp_d20140716_t1757431_e1803235_b14079,138.673,45.9363,52.2785,-80.1672,28.2282,103.868
2760,VBD_npp_d20140716_t1801169_x1217884E_y067827N_l1925_s3206_v23,2017-05-23 13:09:55,6.782717,121.788368,9.49062,2014-07-16 18:01:16,2014-07-17 02:01:16,1925,3206,0.158937,7,2465,0.301675,0.192095,0.766683,0.4,0.578297,0.75,0.0507621,0.0001,0.0274075,999999,-9.844911e-02,3,,,,SVDNB_npp_d20140716_t1757431_e1803235_b14079_c20140717000324408388_noaa_ops.h5,GDNBO_npp_d20140716_t1757431_e1803235_b14079_c20140717000324408134_noaa_ops.h5,SVI04_npp_d20140716_t1757431_e1803235_b14079_c20140717000324402868_noaa_ops.dspace_rad,VNFF_npp_d20140716_t1757431_e1803235_b14079_v21.csv,World_EEZ_v8_2014.shp,WPP_BFAR_merge.shp,KKP_IDN_merge_20161208.shp,VNF-VBD_npp_20120301-20151231_global_asia-enhanced_c201607211230.bitmask,NCEI_NGA.union.nga_lead2.add_2015ntl.mask,timezone.shp,VBD_platforms-recurring_2015_r20170330.shp,999999,VBD_bridges_c20160811.shp,22.302559;20.657581;17.812403;13.013085;8.184108;3.331987;-1.539063;0.598278;2.699680;7.587820;12.484635;17.389103,102.195274;116.899490;131.129013;129.599106;128.217987;126.965988;125.829720;112.252083;98.601341;99.606560;100.547348;101.419044,npp_d20140716_t1757431_e1803235_b14079,138.911,46.1704,52.3905,-80.2115,28.1806,103.27
2761,VBD_npp_d20140716_t1801169_x1217998E_y067666N_l1927_s3208_v23,2017-05-23 13:09:55,6.766633,121.799759,37.3046,2014-07-16 18:01:16,2014-07-17 02:01:16,1927,3208,0.149104,1,2529,0.779181,0.173669,0.797508,0.4,0.901608,0.75,0.0507729,0.0001,0.0273022,999999,5.168440e-02,3,Philippines Exclusive Economic Zone,Region IX,,SVDNB_npp_d20140716_t1757431_e1803235_b14079_c20140717000324408388_noaa_ops.h5,GDNBO_npp_d20140716_t1757431_e1803235_b14079_c20140717000324408134_noaa_ops.h5,SVI04_npp_d20140716_t1757431_e1803235_b14079_c20140717000324402868_noaa_ops.dspace_rad,VNFF_npp_d20140716_t1757431_e1803235_b14079_v21.csv,World_EEZ_v8_2014.shp,WPP_BFAR_merge.shp,KKP_IDN_merge_20161208.shp,VNF-VBD_npp_20120301-20151231_global_asia-enhanced_c201607211230.bitmask,NCEI_NGA.union.nga_lead2.add_2015ntl.mask,timezone.shp,VBD_platforms-recurring_2015_r20170330.shp,999999,VBD_bridges_c20160811.shp,22.302559;20.657581;17.812403;13.013085;8.184108;3.331987;-1.539063;0.598278;2.699680;7.587820;12.484635;17.389103,102.195274;116.899490;131.129013;129.599106;128.217987;126.965988;125.829720;112.252083;98.601341;99.606560;100.547348;101.419044,npp_d20140716_t1757431_e1803235_b14079,138.914,46.194,52.4477,-80.1105,28.1657,103.246
2762,VBD_npp_d20140716_t1802548_x1206224E_y010173N_l2812_s3235_v23,2017-05-23 13:09:55,1.017263,120.622437,3.56089,2014-07-16 18:02:54,2014-07-17 02:02:54,2812,3235,0.406764,2,2209,0.199079,0.171203,0.678585,0.4,0.747831,0.75,0.050733,0.0001,0.0248606,999999,7.177549e-02,3,Indonesian Exclusive Economic Zone,WPP716,,SVDNB_npp_d20140716_t1757431_e1803235_b14079_c20140717000324408388_noaa_ops.h5,GDNBO_npp_d20140716_t1757431_e1803235_b14079_c20140717000324408134_noaa_ops.h5,SVI04_npp_d20140716_t1757431_e1803235_b14079_c20140717000324402868_noaa_ops.dspace_rad,VNFF_npp_d20140716_t1757431_e1803235_b14079_v21.csv,World_EEZ_v8_2014.shp,WPP_BFAR_merge.shp,KKP_IDN_merge_20161208.shp,VNF-VBD_npp_20120301-20151231_global_asia-enhanced_c201607211230.bitmask,NCEI_NGA.union.nga_lead2.add_2015ntl.mask,timezone.shp,VBD_platforms-recurring_2015_r20170330.shp,999999,VBD_bridges_c20160811.shp,22.302559;20.657581;17.812403;13.013085;8.184108;3.331987;-1.539063;0.598278;2.699680;7.587820;12.484635;17.389103,102.195274;116.899490;131.129013;129.599106;128.217987;126.965988;125.829720;112.252083;98.601341;99.606560;100.547348;101.419044,npp_d20140716_t1757431_e1803235_b14079,143.302,50.8564,53.1739,-80.7347,28.1726,92.1048
2763,VBD_npp_d20140716_t1802530_x1206846E_y011003N_l2798_s3241_v23,2017-05-23 13:09:55,1.100318,120.684578,8.36487,2014-07-16 18:02:53,2014-07-17 02:02:53,2798,3241,0.39903,1,2529,0.448502,0.213849,0.816461,0.4,0.884561,0.75,0.0507683,0.0001,0.0244898,999999,-2.756919e-01,3,Indonesian Exclusive Economic Zone,WPP716,,SVDNB_npp_d20140716_t1757431_e1803235_b14079_c20140717000324408388_noaa_ops.h5,GDNBO_npp_d20140716_t1757431_e1803235_b14079_c20140717000324408134_noaa_ops.h5,SVI04_npp_d20140716_t1757431_e1803235_b14079_c20140717000324402868_noaa_ops.dspace_rad,VNFF_npp_d20140716_t1757431_e1803235_b14079_v21.csv,World_EEZ_v8_2014.shp,WPP_BFAR_merge.shp,KKP_IDN_merge_20161208.shp,VNF-VBD_npp_20120301-20151231_global_asia-enhanced_c201607211230.bitmask,NCEI_NGA.union.nga_lead2.add_2015ntl.mask,timezone.shp,VBD_platforms-recurring_2015_r20170330.shp,999999,VBD_bridges_c20160811.shp,22.302559;20.657581;17.812403;13.013085;8.184108;3.331987;-1.539063;0.598278;2.699680;7.587820;12.484635;17.389103,102.195274;116.899490;131.129013;129.599106;128.217987;126.965988;125.829720;112.252083;98.601341;99.606560;100.547348;101.419044,npp_d20140716_t1757431_e1803235_b14079,143.208,50.8175,53.3393,-80.622,28.12,92.2682
2764,VBD_npp_d20140716_t1802548_x1206775E_y010636N_l2804_s3242_v23,2017-05-23 13:09:55,1.063555,120.677521,9.92401,2014-07-16 18:02:54,2014-07-17 02:02:54,2804,3242,0.403118,1,2529,0.500305,0.186807,0.84642,0.4,0.90765,0.75,0.0507678,0.0001,0.0246307,999999,-5.536449e-02,3,Indonesian Exclusive Economic Zone,WPP716,,SVDNB_npp_d20140716_t1757431_e1803235_b14079_c20140717000324408388_noaa_ops.h5,GDNBO_npp_d20140716_t1757431_e1803235_b14079_c20140717000324408134_noaa_ops.h5,SVI04_npp_d20140716_t1757431_e1803235_b14079_c20140717000324402868_noaa_ops.dspace_rad,VNFF_npp_d20140716_t1757431_e1803235_b14079_v21.csv,World_EEZ_v8_2014.shp,WPP_BFAR_merge.shp,KKP_IDN_merge_20161208.shp,VNF-VBD_npp_20120301-20151231_global_asia-enhanced_c201607211230.bitmask,NCEI_NGA.union.nga_lead2.add_2015ntl.mask,timezone.shp,VBD_platforms-recurring_2015_r20170330.shp,999999,VBD_bridges_c20160811.shp,22.302559;20.657581;17.812403;13.013085;8.184108;3.331987;-1.539063;0.598278;2.699680;7.587820;12.484635;17.389103,102.195274;116.899490;131.129013;129.599106;128.217987;126.965988;125.829720;112.252083;98.601341;99.606560;100.547348;101.419044,npp_d20140716_t1757431_e1803235_b14079,143.23,50.8559,53.3628,-81.1143,28.1184,92.198
2765,VBD_npp_d20140716_t1802530_x1207524E_y010961N_l2797_s3251_v23,2017-05-23 13:09:55,1.096107,120.752419,4.25962,2014-07-16 18:02:53,2014-07-17 02:02:53,2797,3251,0.401295,2,2465,0.231472,0.19495,0.874196,0.4,0.74794,0.75,0.05081,0.0001,0.0239148,999999,-1.217092e-01,3,Indonesian Exclusive Economic Zone,WPP716,,SVDNB_npp_d20140716_t1757431_e1803235_b14079_c20140717000324408388_noaa_ops.h5,GDNBO_npp_d20140716_t1757431_e1803235_b14079_c20140717000324408134_noaa_ops.h5,SVI04_npp_d20140716_t1757431_e1803235_b14079_c20140717000324402868_noaa_ops.dspace_rad,VNFF_npp_d20140716_t1757431_e1803235_b14079_v21.csv,World_EEZ_v8_2014.shp,WPP_BFAR_merge.shp,KKP_IDN_merge_20161208.shp,VNF-VBD_npp_20120301-20151231_global_asia-enhanced_c201607211230.bitmask,NCEI_NGA.union.nga_lead2.add_2015ntl.mask,timezone.shp,VBD_platforms-recurring_2015_r20170330.shp,999999,VBD_bridges_c20160811.shp,22.302559;20.657581;17.812403;13.013085;8.184108;3.331987;-1.539063;0.598278;2.699680;7.587820;12.484635;17.389103,102.195274;116.899490;131.129013;129.599106;128.217987;126.965988;125.829720;112.252083;98.601341;99.606560;100.547348;101.419044,npp_d20140716_t1757431_e1803235_b14079,143.158,50.8804,53.6087,-80.6692,28.051,92.2666
2766,VBD_npp_d20140716_t1802530_x1207646E_y011288N_l2792_s3252_v23,2017-05-23 13:09:55,1.128826,120.764603,6.12126,2014-07-16 18:02:53,2014-07-17 02:02:53,2792,3252,0.404609,1,2529,0.348407,0.22195,0.835898,0.4,0.839363,0.75,0.0508179,0.0001,0.0239716,999999,-3.416939e-01,3,Indonesian Exclusive Economic Zone,WPP716,,SVDNB_npp_d20140716_t1757431_e1803235_b14079_c20140717000324408388_noaa_ops.h5,GDNBO_npp_d20140716_t1757431_e1803235_b14079_c20140717000324408134_noaa_ops.h5,SVI04_npp_d20140716_t1757431_e1803235_b14079_c20140717000324402868_noaa_ops.dspace_rad,VNFF_npp_d20140716_t1757431_e1803235_b14079_v21.csv,World_EEZ_v8_2014.shp,WPP_BFAR_merge.shp,KKP_IDN_merge_20161208.shp,VNF-VBD_npp_20120301-20151231_global_asia-enhanced_c201607211230.bitmask,NCEI_NGA.union.nga_lead2.add_2015ntl.mask,timezone.shp,VBD_platforms-recurring_2015_r20170330.shp,999999,VBD_bridges_c20160811.shp,22.302559;20.657581;17.812403;13.013085;8.184108;3.331987;-1.539063;0.598278;2.699680;7.587820;12.484635;17.389103,102.195274;116.899490;131.129013;129.599106;128.217987;126.965988;125.829720;112.252083;98.601341;99.606560;100.547348;101.419044,npp_d20140716_t1757431_e1803235_b14079,143.127,50.857,53.6358,-80.9057,28.0399,92.3304
2767,VBD_npp_d20140716_t1802530_x1207580E_y010882N_l2798_s3252_v23,2017-05-23 13:09:55,1.088241,120.758034,5.84557,2014-07-16 18:02:53,2014-07-17 02:02:53,2798,3252,0.398974,1,2529,0.317664,0.173524,0.874196,0.4,0.79608,0.75,0.0508134,0.0001,0.0238309,999999,5.286255e-02,3,Indonesian Exclusive Economic Zone,WPP716,,SVDNB_npp_d20140716_t1757431_e1803235_b14079_c20140717000324408388_noaa_ops.h5,GDNBO_npp_d20140716_t1757431_e1803235_b14079_c20140717000324408134_noaa_ops.h5,SVI04_npp_d20140716_t1757431_e1803235_b14079_c20140717000324402868_noaa_ops.dspace_rad,VNFF_npp_d20140716_t1757431_e1803235_b14079_v21.csv,World_EEZ_v8_2014.shp,WPP_BFAR_merge.shp,KKP_IDN_merge_20161208.shp,VNF-VBD_npp_20120301-20151231_global_asia-enhanced_c201607211230.bitmask,NCEI_NGA.union.nga_lead2.add_2015ntl.mask,timezone.shp,VBD_platforms-recurring_2015_r20170330.shp,999999,VBD_bridges_c20160811.shp,22.302559;20.657581;17.812403;13.013085;8.184108;3.331987;-1.539063;0.598278;2.699680;7.587820;12.484635;17.389103,102.195274;116.899490;131.129013;129.599106;128.217987;126.965988;125.829720;112.252083;98.601341;99.606560;100.547348;101.419044,npp_d20140716_t1757431_e1803235_b14079,143.158,50.8933,53.6358,-80.6219,28.045,92.2521
2768,VBD_npp_d20140716_t1802530_x1207558E_y010747N_l2800_s3252_v23,2017-05-23 13:09:55,1.074711,120.755844,7.76507,2014-07-16 18:02:53,2014-07-17 02:02:53,2800,3252,0.402068,1,2529,0.420356,0.166606,0.884586,0.4,0.864087,0.75,0.0508119,0.0001,0.0237821,999999,1.092270e-01,3,Indonesian Exclusive Economic Zone,WPP716,,SVDNB_npp_d20140716_t1757431_e1803235_b14079_c20140717000324408388_noaa_ops.h5,GDNBO_npp_d20140716_t1757431_e1803235_b14079_c20140717000324408134_noaa_ops.h5,SVI04_npp_d20140716_t1757431_e1803235_b14079_c20140717000324402868_noaa_ops.dspace_rad,VNFF_npp_d20140716_t1757431_e1803235_b14079_v21.csv,World_EEZ_v8_2014.shp,WPP_BFAR_merge.shp,KKP_IDN_merge_20161208.shp,VNF-VBD_npp_20120301-20151231_global_asia-enhanced_c201607211230.bitmask,NCEI_NGA.union.nga_lead2.add_2015ntl.mask,timezone.shp,VBD_platforms-recurring_2015_r20170330.shp,999999,VBD_bridges_c20160811.shp,22.302559;20.657581;17.812403;13.013085;8.184108;3.331987;-1.539063;0.598278;2.699680;7.587820;12.484635;17.389103,102.195274;116.899490;131.129013;129.599106;128.217987;126.965988;125.829720;112.252083;98.601341;99.606560;100.547348;101.419044,npp_d20140716_t1757431_e1803235_b14079,143.168,50.9055,53.636,-80.5273,28.0466,92.226
2769,VBD_npp_d20140716_t1802548_x1207455E_y010597N_l2803_s3252_v23,2017-05-23 13:09:55,1.059671,120.745491,5.22444,2014-07-16 18:02:54,2014-07-17 02:02:54,2803,3252,0.402455,1,2529,0.306324,0.175859,0.870817,0.4,0.832378,0.75,0.0508096,0.0001,0.02405,999999,3.384127e-02,3,Indonesian Exclusive Economic Zone,WPP716,,SVDNB_npp_d20140716_t1757431_e1803235_b14079_c20140717000324408388_noaa_ops.h5,GDNBO_npp_d20140716_t1757431_e1803235_b14079_c20140717000324408134_noaa_ops.h5,SVI04_npp_d20140716_t1757431_e1803235_b14079_c20140717000324402868_noaa_ops.dspace_rad,VNFF_npp_d20140716_t1757431_e1803235_b14079_v21.csv,World_EEZ_v8_2014.shp,WPP_BFAR_merge.shp,KKP_IDN_merge_20161208.shp,VNF-VBD_npp_20120301-20151231_global_asia-enhanced_c201607211230.bitmask,NCEI_NGA.union.nga_lead2.add_2015ntl.mask,timezone.shp,VBD_platforms-recurring_2015_r20170330.shp,999999,VBD_bridges_c20160811.shp,22.302559;20.657581;17.812403;13.013085;8.184108;3.331987;-1.539063;0.598278;2.699680;7.587820;12.484635;17.389103,102.195274;116.899490;131.129013;129.599106;128.217987;126.965988;125.829720;112.252083;98.601341;99.606560;100.547348;101.419044,npp_d20140716_t1757431_e1803235_b14079,143.18,50.9185,53.6327,-81.1599,28.0493,92.1968
2770,VBD_npp_d20140716_t1802530_x1207669E_y011007N_l2796_s3253_v23,2017-05-23 13:09:55,1.100670,120.766937,8.70913,2014-07-16 18:02:53,2014-07-17 02:02:53,2796,3253,0.400355,1,2529,0.463738,0.192546,0.874196,0.4,0.883983,0.75,0.050819,0.0001,0.0238188,999999,-1.021199e-01,3,Indonesian Exclusive Economic Zone,WPP716,,SVDNB_npp_d20140716_t1757431_e1803235_b14079_c20140717000324408388_noaa_ops.h5,GDNBO_npp_d20140716_t1757431_e1803235_b14079_c20140717000324408134_noaa_ops.h5,SVI04_npp_d20140716_t1757431_e1803235_b14079_c20140717000324402868_noaa_ops.dspace_rad,VNFF_npp_d20140716_t1757431_e1803235_b14079_v21.csv,World_EEZ_v8_2014.shp,WPP_BFAR_merge.shp,KKP_IDN_merge_20161208.shp,VNF-VBD_npp_20120301-20151231_global_asia-enhanced_c201607211230.bitmask,NCEI_NGA.union.nga_lead2.add_2015ntl.mask,timezone.shp,VBD_platforms-recurring_2015_r20170330.shp,999999,VBD_bridges_c20160811.shp,22.302559;20.657581;17.812403;13.013085;8.184108;3.331987;-1.539063;0.598278;2.699680;7.587820;12.484635;17.389103,102.195274;116.899490;131.129013;129.599106;128.217987;126.965988;125.829720;112.252083;98.601341;99.606560;100.547348;101.419044,npp_d20140716_t1757431_e1803235_b14079,143.143,50.8881,53.6627,-80.7165,28.0364,92.2767
2771,VBD_npp_d20140716_t1802548_x1207557E_y010372N_l2806_s3254_v23,2017-05-23 13:09:55,1.037225,120.755653,6.89215,2014-07-16 18:02:54,2014-07-17 02:02:54,2806,3254,0.403836,1,2529,0.388185,0.171255,0.870817,0.4,0.872563,0.75,0.0508155,0.0001,0.0238625,999999,7.134952e-02,3,Indonesian Exclusive Economic Zone,WPP716,,SVDNB_npp_d20140716_t1757431_e1803235_b14079_c20140717000324408388_noaa_ops.h5,GDNBO_npp_d20140716_t1757431_e1803235_b14079_c20140717000324408134_noaa_ops.h5,SVI04_npp_d20140716_t1757431_e1803235_b14079_c20140717000324402868_noaa_ops.dspace_rad,VNFF_npp_d20140716_t1757431_e1803235_b14079_v21.csv,World_EEZ_v8_2014.shp,WPP_BFAR_merge.shp,KKP_IDN_merge_20161208.shp,VNF-VBD_npp_20120301-20151231_global_asia-enhanced_c201607211230.bitmask,NCEI_NGA.union.nga_lead2.add_2015ntl.mask,timezone.shp,VBD_platforms-recurring_2015_r20170330.shp,999999,VBD_bridges_c20160811.shp,22.302559;20.657581;17.812403;13.013085;8.184108;3.331987;-1.539063;0.598278;2.699680;7.587820;12.484635;17.389103,102.195274;116.899490;131.129013;129.599106;128.217987;126.965988;125.829720;112.252083;98.601341;99.606560;100.547348;101.419044,npp_d20140716_t1757431_e1803235_b14079,143.186,50.9506,53.6861,-81.0177,28.0381,92.1547
2772,VBD_npp_d20140716_t1802548_x1207657E_y010565N_l2803_s3255_v23,2017-05-23 13:09:55,1.056463,120.765694,4.20073,2014-07-16 18:02:54,2014-07-17 02:02:54,2803,3255,0.399969,1,2529,0.249866,0.156848,0.862423,0.4,0.798978,0.75,0.0508219,0.0001,0.0238694,999999,1.887360e-01,3,Indonesian Exclusive Economic Zone,WPP716,,SVDNB_npp_d20140716_t1757431_e1803235_b14079_c20140717000324408388_noaa_ops.h5,GDNBO_npp_d20140716_t1757431_e1803235_b14079_c20140717000324408134_noaa_ops.h5,SVI04_npp_d20140716_t1757431_e1803235_b14079_c20140717000324402868_noaa_ops.dspace_rad,VNFF_npp_d20140716_t1757431_e1803235_b14079_v21.csv,World_EEZ_v8_2014.shp,WPP_BFAR_merge.shp,KKP_IDN_merge_20161208.shp,VNF-VBD_npp_20120301-20151231_global_asia-enhanced_c201607211230.bitmask,NCEI_NGA.union.nga_lead2.add_2015ntl.mask,timezone.shp,VBD_platforms-recurring_2015_r20170330.shp,999999,VBD_bridges_c20160811.shp,22.302559;20.657581;17.812403;13.013085;8.184108;3.331987;-1.539063;0.598278;2.699680;7.587820;12.484635;17.389103,102.195274;116.899490;131.129013;129.599106;128.217987;126.965988;125.829720;112.252083;98.601341;99.606560;100.547348;101.419044,npp_d20140716_t1757431_e1803235_b14079,143.166,50.9392,53.7137,-81.1594,28.0287,92.1925
2773,VBD_npp_d20140716_t1802548_x1207747E_y010689N_l2801_s3256_v23,2017-05-23 13:09:55,1.068944,120.774658,9.59156,2014-07-16 18:02:54,2014-07-17 02:02:54,2801,3256,0.39682,2,2465,0.496183,0.163057,0.873099,0.4,0.637781,0.75,0.0508275,0.0001,0.0238527,999999,1.381407e-01,3,Indonesian Exclusive Economic Zone,WPP716,,SVDNB_npp_d20140716_t1757431_e1803235_b14079_c20140717000324408388_noaa_ops.h5,GDNBO_npp_d20140716_t1757431_e1803235_b14079_c20140717000324408134_noaa_ops.h5,SVI04_npp_d20140716_t1757431_e1803235_b14079_c20140717000324402868_noaa_ops.dspace_rad,VNFF_npp_d20140716_t1757431_e1803235_b14079_v21.csv,World_EEZ_v8_2014.shp,WPP_BFAR_merge.shp,KKP_IDN_merge_20161208.shp,VNF-VBD_npp_20120301-20151231_global_asia-enhanced_c201607211230.bitmask,NCEI_NGA.union.nga_lead2.add_2015ntl.mask,timezone.shp,VBD_platforms-recurring_2015_r20170330.shp,999999,VBD_bridges_c20160811.shp,22.302559;20.657581;17.812403;13.013085;8.184108;3.331987;-1.539063;0.598278;2.699680;7.587820;12.484635;17.389103,102.195274;116.899490;131.129013;129.599106;128.217987;126.965988;125.829720;112.252083;98.601341;99.606560;100.547348;101.419044,npp_d20140716_t1757431_e1803235_b14079,143.152,50.934,53.7412,-81.2536,28.0201,92.2172
2775,VBD_npp_d20140716_t1801098_x1223809E_y071158N_l1860_s3279_v23,2017-05-23 13:09:55,7.115796,122.380928,60.5894,2014-07-16 18:01:09,2014-07-17 02:01:09,1860,3279,0.216336,1,2529,0.792836,0.171355,0.799552,0.4,0.865152,0.75,0.0510083,0.0001,0.0228064,999999,7.053372e-02,3,Philippines Exclusive Economic Zone,Region IX,,SVDNB_npp_d20140716_t1757431_e1803235_b14079_c20140717000324408388_noaa_ops.h5,GDNBO_npp_d20140716_t1757431_e1803235_b14079_c20140717000324408134_noaa_ops.h5,SVI04_npp_d20140716_t1757431_e1803235_b14079_c20140717000324402868_noaa_ops.dspace_rad,VNFF_npp_d20140716_t1757431_e1803235_b14079_v21.csv,World_EEZ_v8_2014.shp,WPP_BFAR_merge.shp,KKP_IDN_merge_20161208.shp,VNF-VBD_npp_20120301-20151231_global_asia-enhanced_c201607211230.bitmask,NCEI_NGA.union.nga_lead2.add_2015ntl.mask,timezone.shp,VBD_platforms-recurring_2015_r20170330.shp,999999,VBD_bridges_c20160811.shp,22.302559;20.657581;17.812403;13.013085;8.184108;3.331987;-1.539063;0.598278;2.699680;7.587820;12.484635;17.389103,102.195274;116.899490;131.129013;129.599106;128.217987;126.965988;125.829720;112.252083;98.601341;99.606560;100.547348;101.419044,npp_d20140716_t1757431_e1803235_b14079,138.277,46.4035,54.3627,-80.1222,27.7087,104.217
2776,VBD_npp_d20140716_t1801098_x1224190E_y071011N_l1861_s3285_v23,2017-05-23 13:09:55,7.101129,122.419014,43.2753,2014-07-16 18:01:09,2014-07-17 02:01:09,1861,3285,0.174185,8,18913,0.615539,0.134037,0.787478,0.4,0.791875,0.75,0.0510323,0.0001,0.0224812,999999,2.038412e-01,3,Philippines Exclusive Economic Zone,Region IX,,SVDNB_npp_d20140716_t1757431_e1803235_b14079_c20140717000324408388_noaa_ops.h5,GDNBO_npp_d20140716_t1757431_e1803235_b14079_c20140717000324408134_noaa_ops.h5,SVI04_npp_d20140716_t1757431_e1803235_b14079_c20140717000324402868_noaa_ops.dspace_rad,VNFF_npp_d20140716_t1757431_e1803235_b14079_v21.csv,World_EEZ_v8_2014.shp,WPP_BFAR_merge.shp,KKP_IDN_merge_20161208.shp,VNF-VBD_npp_20120301-20151231_global_asia-enhanced_c201607211230.bitmask,NCEI_NGA.union.nga_lead2.add_2015ntl.mask,timezone.shp,VBD_platforms-recurring_2015_r20170330.shp,0.392949,VBD_bridges_c20160811.shp,22.302559;20.657581;17.812403;13.013085;8.184108;3.331987;-1.539063;0.598278;2.699680;7.587820;12.484635;17.389103,102.195274;116.899490;131.129013;129.599106;128.217987;126.965988;125.829720;112.252083;98.601341;99.606560;100.547348;101.419044,npp_d20140716_t1757431_e1803235_b14079,138.26,46.4493,54.5165,-80.0645,27.6678,104.212
2777,VBD_npp_d20140716_t1801098_x1224291E_y071198N_l1858_s3286_v23,2017-05-23 13:09:55,7.119776,122.429092,29.2742,2014-07-16 18:01:09,2014-07-17 02:01:09,1858,3286,0.248378,1,2529,0.599717,0.182382,0.769108,0.4,0.802243,0.75,0.0510361,0.0001,0.0223842,999999,-2.516410e-01,3,Philippines Exclusive Economic Zone,Region IX,,SVDNB_npp_d20140716_t1757431_e1803235_b14079_c20140717000324408388_noaa_ops.h5,GDNBO_npp_d20140716_t1757431_e1803235_b14079_c20140717000324408134_noaa_ops.h5,SVI04_npp_d20140716_t1757431_e1803235_b14079_c20140717000324402868_noaa_ops.dspace_rad,VNFF_npp_d20140716_t1757431_e1803235_b14079_v21.csv,World_EEZ_v8_2014.shp,WPP_BFAR_merge.shp,KKP_IDN_merge_20161208.shp,VNF-VBD_npp_20120301-20151231_global_asia-enhanced_c201607211230.bitmask,NCEI_NGA.union.nga_lead2.add_2015ntl.mask,timezone.shp,VBD_platforms-recurring_2015_r20170330.shp,999999,VBD_bridges_c20160811.shp,22.302559;20.657581;17.812403;13.013085;8.184108;3.331987;-1.539063;0.598278;2.699680;7.587820;12.484635;17.389103,102.195274;116.899490;131.129013;129.599106;128.217987;126.965988;125.829720;112.252083;98.601341;99.606560;100.547348;101.419044,npp_d20140716_t1757431_e1803235_b14079,138.239,46.4431,54.5422,-80.1983,27.6626,104.253
2778,VBD_npp_d20140716_t1801080_x1224684E_y071527N_l1852_s3290_v23,2017-05-23 13:09:55,7.152702,122.468445,19.2288,2014-07-16 18:01:08,2014-07-17 02:01:08,1852,3290,0.260145,2,2465,0.398904,0.207155,0.679305,0.4,0.69172,0.75,0.0510518,0.0001,0.0222696,999999,-4.850389e-01,3,Philippines Exclusive Economic Zone,Region IX,,SVDNB_npp_d20140716_t1757431_e1803235_b14079_c20140717000324408388_noaa_ops.h5,GDNBO_npp_d20140716_t1757431_e1803235_b14079_c20140717000324408134_noaa_ops.h5,SVI04_npp_d20140716_t1757431_e1803235_b14079_c20140717000324402868_noaa_ops.dspace_rad,VNFF_npp_d20140716_t1757431_e1803235_b14079_v21.csv,World_EEZ_v8_2014.shp,WPP_BFAR_merge.shp,KKP_IDN_merge_20161208.shp,VNF-VBD_npp_20120301-20151231_global_asia-enhanced_c201607211230.bitmask,NCEI_NGA.union.nga_lead2.add_2015ntl.mask,timezone.shp,VBD_platforms-recurring_2015_r20170330.shp,999999,VBD_bridges_c20160811.shp,22.302559;20.657581;17.812403;13.013085;8.184108;3.331987;-1.539063;0.598278;2.699680;7.587820;12.484635;17.389103,102.195274;116.899490;131.129013;129.599106;128.217987;126.965988;125.829720;112.252083;98.601341;99.606560;100.547348;101.419044,npp_d20140716_t1757431_e1803235_b14079,138.194,46.4448,54.6406,-79.7316,27.6395,104.335
2779,VBD_npp_d20140716_t1801080_x1224661E_y071395N_l1854_s3290_v23,2017-05-23 13:09:55,7.139483,122.466057,25.0791,2014-07-16 18:01:08,2014-07-17 02:01:08,1854,3290,0.207773,2,2465,0.446041,0.182616,0.679305,0.4,0.691115,0.75,0.0510519,0.0001,0.0222939,999999,-2.538418e-01,3,Philippines Exclusive Economic Zone,Region IX,,SVDNB_npp_d20140716_t1757431_e1803235_b14079_c20140717000324408388_noaa_ops.h5,GDNBO_npp_d20140716_t1757431_e1803235_b14079_c20140717000324408134_noaa_ops.h5,SVI04_npp_d20140716_t1757431_e1803235_b14079_c20140717000324402868_noaa_ops.dspace_rad,VNFF_npp_d20140716_t1757431_e1803235_b14079_v21.csv,World_EEZ_v8_2014.shp,WPP_BFAR_merge.shp,KKP_IDN_merge_20161208.shp,VNF-VBD_npp_20120301-20151231_global_asia-enhanced_c201607211230.bitmask,NCEI_NGA.union.nga_lead2.add_2015ntl.mask,timezone.shp,VBD_platforms-recurring_2015_r20170330.shp,999999,VBD_bridges_c20160811.shp,22.302559;20.657581;17.812403;13.013085;8.184108;3.331987;-1.539063;0.598278;2.699680;7.587820;12.484635;17.389103,102.195274;116.899490;131.129013;129.599106;128.217987;126.965988;125.829720;112.252083;98.601341;99.606560;100.547348;101.419044,npp_d20140716_t1757431_e1803235_b14079,138.205,46.4534,54.6407,-79.6419,27.6385,104.308
2780,VBD_npp_d20140716_t1801080_x1224844E_y071293N_l1855_s3293_v23,2017-05-23 13:09:55,7.129331,122.484375,10.6746,2014-07-16 18:01:08,2014-07-17 02:01:08,1855,3293,0.133193,7,2209,0.115279,0.10236,0.660461,0.4,0.281005,0.75,0.051064,0.0001,0.0221386,999999,5.022842e-01,3,,,,SVDNB_npp_d20140716_t1757431_e1803235_b14079_c20140717000324408388_noaa_ops.h5,GDNBO_npp_d20140716_t1757431_e1803235_b14079_c20140717000324408134_noaa_ops.h5,SVI04_npp_d20140716_t1757431_e1803235_b14079_c20140717000324402868_noaa_ops.dspace_rad,VNFF_npp_d20140716_t1757431_e1803235_b14079_v21.csv,World_EEZ_v8_2014.shp,WPP_BFAR_merge.shp,KKP_IDN_merge_20161208.shp,VNF-VBD_npp_20120301-20151231_global_asia-enhanced_c201607211230.bitmask,NCEI_NGA.union.nga_lead2.add_2015ntl.mask,timezone.shp,VBD_platforms-recurring_2015_r20170330.shp,999999,VBD_bridges_c20160811.shp,22.302559;20.657581;17.812403;13.013085;8.184108;3.331987;-1.539063;0.598278;2.699680;7.587820;12.484635;17.389103,102.195274;116.899490;131.129013;129.599106;128.217987;126.965988;125.829720;112.252083;98.601341;99.606560;100.547348;101.419044,npp_d20140716_t1757431_e1803235_b14079,138.198,46.478,54.7164,-79.595,27.618,104.3
2781,VBD_npp_d20140716_t1801098_x1224823E_y071173N_l1857_s3294_v23,2017-05-23 13:09:55,7.117298,122.482300,9.98535,2014-07-16 18:01:09,2014-07-17 02:01:09,1857,3294,0.125404,2,2209,0.182753,0.127545,0.660461,0.4,0.422417,0.75,0.051068,0.0001,0.0219266,999999,2.650007e-01,3,Philippines Exclusive Economic Zone,Region IX,,SVDNB_npp_d20140716_t1757431_e1803235_b14079_c20140717000324408388_noaa_ops.h5,GDNBO_npp_d20140716_t1757431_e1803235_b14079_c20140717000324408134_noaa_ops.h5,SVI04_npp_d20140716_t1757431_e1803235_b14079_c20140717000324402868_noaa_ops.dspace_rad,VNFF_npp_d20140716_t1757431_e1803235_b14079_v21.csv,World_EEZ_v8_2014.shp,WPP_BFAR_merge.shp,KKP_IDN_merge_20161208.shp,VNF-VBD_npp_20120301-20151231_global_asia-enhanced_c201607211230.bitmask,NCEI_NGA.union.nga_lead2.add_2015ntl.mask,timezone.shp,VBD_platforms-recurring_2015_r20170330.shp,999999,VBD_bridges_c20160811.shp,22.302559;20.657581;17.812403;13.013085;8.184108;3.331987;-1.539063;0.598278;2.699680;7.587820;12.484635;17.389103,102.195274;116.899490;131.129013;129.599106;128.217987;126.965988;125.829720;112.252083;98.601341;99.606560;100.547348;101.419044,npp_d20140716_t1757431_e1803235_b14079,138.203,46.4925,54.7439,-80.2361,27.61,104.28
2783,VBD_npp_d20140716_t1801116_x1224803E_y069557N_l1881_s3299_v23,2017-05-23 13:09:55,6.955679,122.480263,51.4761,2014-07-16 18:01:11,2014-07-17 02:01:11,1881,3299,0.118277,1,2529,0.821003,0.14785,0.797115,0.4,0.886929,0.75,0.0510892,0.0001,0.0217748,999999,7.370139e-02,3,Philippines Exclusive Economic Zone,Region IX,,SVDNB_npp_d20140716_t1757431_e1803235_b14079_c20140717000324408388_noaa_ops.h5,GDNBO_npp_d20140716_t1757431_e1803235_b14079_c20140717000324408134_noaa_ops.h5,SVI04_npp_d20140716_t1757431_e1803235_b14079_c20140717000324402868_noaa_ops.dspace_rad,VNFF_npp_d20140716_t1757431_e1803235_b14079_v21.csv,World_EEZ_v8_2014.shp,WPP_BFAR_merge.shp,KKP_IDN_merge_20161208.shp,VNF-VBD_npp_20120301-20151231_global_asia-enhanced_c201607211230.bitmask,NCEI_NGA.union.nga_lead2.add_2015ntl.mask,timezone.shp,VBD_platforms-recurring_2015_r20170330.shp,999999,VBD_bridges_c20160811.shp,22.302559;20.657581;17.812403;13.013085;8.184108;3.331987;-1.539063;0.598278;2.699680;7.587820;12.484635;17.389103,102.195274;116.899490;131.129013;129.599106;128.217987;126.965988;125.829720;112.252083;98.601341;99.606560;100.547348;101.419044,npp_d20140716_t1757431_e1803235_b14079,138.31,46.6287,54.8705,-79.8942,27.5649,103.977
2784,VBD_npp_d20140716_t1801098_x1225114E_y070163N_l1871_s3301_v23,2017-05-23 13:09:55,7.016288,122.511368,37.119,2014-07-16 18:01:09,2014-07-17 02:01:09,1871,3301,0.205619,1,2529,0.725512,0.137106,0.7904,0.4,0.87564,0.75,0.0510967,0.0001,0.0217135,999999,1.749307e-01,3,Philippines Exclusive Economic Zone,Region IX,,SVDNB_npp_d20140716_t1757431_e1803235_b14079_c20140717000324408388_noaa_ops.h5,GDNBO_npp_d20140716_t1757431_e1803235_b14079_c20140717000324408134_noaa_ops.h5,SVI04_npp_d20140716_t1757431_e1803235_b14079_c20140717000324402868_noaa_ops.dspace_rad,VNFF_npp_d20140716_t1757431_e1803235_b14079_v21.csv,World_EEZ_v8_2014.shp,WPP_BFAR_merge.shp,KKP_IDN_merge_20161208.shp,VNF-VBD_npp_20120301-20151231_global_asia-enhanced_c201607211230.bitmask,NCEI_NGA.union.nga_lead2.add_2015ntl.mask,timezone.shp,VBD_platforms-recurring_2015_r20170330.shp,999999,VBD_bridges_c20160811.shp,22.302559;20.657581;17.812403;13.013085;8.184108;3.331987;-1.539063;0.598278;2.699680;7.587820;12.484635;17.389103,102.195274;116.899490;131.129013;129.599106;128.217987;126.965988;125.829720;112.252083;98.601341;99.606560;100.547348;101.419044,npp_d20140716_t1757431_e1803235_b14079,138.251,46.6003,54.9196,-79.6046,27.5565,104.107
2785,VBD_npp_d20140716_t1801080_x1225505E_y071585N_l1849_s3302_v23,2017-05-23 13:09:55,7.158504,122.550545,15.5996,2014-07-16 18:01:08,2014-07-17 02:01:08,1849,3302,0.197056,2,2465,0.416052,0.162396,0.653792,0.4,0.594441,0.75,0.0510996,0.0001,0.0215664,999999,-6.334106e-02,3,Philippines Exclusive Economic Zone,Region IX,,SVDNB_npp_d20140716_t1757431_e1803235_b14079_c20140717000324408388_noaa_ops.h5,GDNBO_npp_d20140716_t1757431_e1803235_b14079_c20140717000324408134_noaa_ops.h5,SVI04_npp_d20140716_t1757431_e1803235_b14079_c20140717000324402868_noaa_ops.dspace_rad,VNFF_npp_d20140716_t1757431_e1803235_b14079_v21.csv,World_EEZ_v8_2014.shp,WPP_BFAR_merge.shp,KKP_IDN_merge_20161208.shp,VNF-VBD_npp_20120301-20151231_global_asia-enhanced_c201607211230.bitmask,NCEI_NGA.union.nga_lead2.add_2015ntl.mask,timezone.shp,VBD_platforms-recurring_2015_r20170330.shp,999999,VBD_bridges_c20160811.shp,22.302559;20.657581;17.812403;13.013085;8.184108;3.331987;-1.539063;0.598278;2.699680;7.587820;12.484635;17.389103,102.195274;116.899490;131.129013;129.599106;128.217987;126.965988;125.829720;112.252083;98.601341;99.606560;100.547348;101.419044,npp_d20140716_t1757431_e1803235_b14079,138.131,46.513,54.9435,-79.8566,27.5608,104.395
2786,VBD_npp_d20140716_t1801062_x1226135E_y072821N_l1829_s3307_v23,2017-05-23 13:09:55,7.282067,122.613548,24.0963,2014-07-16 18:01:06,2014-07-17 02:01:06,1829,3307,0.283955,2,2465,0.630471,0.168291,0.883851,0.4,0.735138,0.75,0.0511186,0.0001,0.0212157,999999,-1.188780e-01,3,Philippines Exclusive Economic Zone,Region IX,,SVDNB_npp_d20140716_t1757431_e1803235_b14079_c20140717000324408388_noaa_ops.h5,GDNBO_npp_d20140716_t1757431_e1803235_b14079_c20140717000324408134_noaa_ops.h5,SVI04_npp_d20140716_t1757431_e1803235_b14079_c20140717000324402868_noaa_ops.dspace_rad,VNFF_npp_d20140716_t1757431_e1803235_b14079_v21.csv,World_EEZ_v8_2014.shp,WPP_BFAR_merge.shp,KKP_IDN_merge_20161208.shp,VNF-VBD_npp_20120301-20151231_global_asia-enhanced_c201607211230.bitmask,NCEI_NGA.union.nga_lead2.add_2015ntl.mask,timezone.shp,VBD_platforms-recurring_2015_r20170330.shp,999999,VBD_bridges_c20160811.shp,22.302559;20.657581;17.812403;13.013085;8.184108;3.331987;-1.539063;0.598278;2.699680;7.587820;12.484635;17.389103,102.195274;116.899490;131.129013;129.599106;128.217987;126.965988;125.829720;112.252083;98.601341;99.606560;100.547348;101.419044,npp_d20140716_t1757431_e1803235_b14079,138.006,46.4625,55.0683,-80.0109,27.5378,104.664
2787,VBD_npp_d20140716_t1801062_x1226286E_y072519N_l1833_s3310_v23,2017-05-23 13:09:55,7.251865,122.628586,88.7306,2014-07-16 18:01:06,2014-07-17 02:01:06,1833,3310,0.282077,1,2529,1.12475,0.123018,0.889647,0.4,0.951999,0.75,0.0511308,0.0001,0.0211049,999999,3.076565e-01,3,Philippines Exclusive Economic Zone,Region IX,,SVDNB_npp_d20140716_t1757431_e1803235_b14079_c20140717000324408388_noaa_ops.h5,GDNBO_npp_d20140716_t1757431_e1803235_b14079_c20140717000324408134_noaa_ops.h5,SVI04_npp_d20140716_t1757431_e1803235_b14079_c20140717000324402868_noaa_ops.dspace_rad,VNFF_npp_d20140716_t1757431_e1803235_b14079_v21.csv,World_EEZ_v8_2014.shp,WPP_BFAR_merge.shp,KKP_IDN_merge_20161208.shp,VNF-VBD_npp_20120301-20151231_global_asia-enhanced_c201607211230.bitmask,NCEI_NGA.union.nga_lead2.add_2015ntl.mask,timezone.shp,VBD_platforms-recurring_2015_r20170330.shp,999999,VBD_bridges_c20160811.shp,22.302559;20.657581;17.812403;13.013085;8.184108;3.331987;-1.539063;0.598278;2.699680;7.587820;12.484635;17.389103,102.195274;116.899490;131.129013;129.599106;128.217987;126.965988;125.829720;112.252083;98.601341;99.606560;100.547348;101.419044,npp_d20140716_t1757431_e1803235_b14079,138.016,46.5002,55.1439,-79.8302,27.5154,104.616
2788,VBD_npp_d20140716_t1801062_x1226401E_y072774N_l1829_s3311_v23,2017-05-23 13:09:55,7.277361,122.640106,33.1677,2014-07-16 18:01:06,2014-07-17 02:01:06,1829,3311,0.254952,1,2529,0.792335,0.180803,0.885031,0.4,0.908946,0.75,0.0511346,0.0001,0.0209961,999999,-2.367613e-01,3,Philippines Exclusive Economic Zone,Region IX,,SVDNB_npp_d20140716_t1757431_e1803235_b14079_c20140717000324408388_noaa_ops.h5,GDNBO_npp_d20140716_t1757431_e1803235_b14079_c20140717000324408134_noaa_ops.h5,SVI04_npp_d20140716_t1757431_e1803235_b14079_c20140717000324402868_noaa_ops.dspace_rad,VNFF_npp_d20140716_t1757431_e1803235_b14079_v21.csv,World_EEZ_v8_2014.shp,WPP_BFAR_merge.shp,KKP_IDN_merge_20161208.shp,VNF-VBD_npp_20120301-20151231_global_asia-enhanced_c201607211230.bitmask,NCEI_NGA.union.nga_lead2.add_2015ntl.mask,timezone.shp,VBD_platforms-recurring_2015_r20170330.shp,999999,VBD_bridges_c20160811.shp,22.302559;20.657581;17.812403;13.013085;8.184108;3.331987;-1.539063;0.598278;2.699680;7.587820;12.484635;17.389103,102.195274;116.899490;131.129013;129.599106;128.217987;126.965988;125.829720;112.252083;98.601341;99.606560;100.547348;101.419044,npp_d20140716_t1757431_e1803235_b14079,137.99,46.4898,55.1696,-80.0074,27.5107,104.671
2789,VBD_npp_d20140716_t1801062_x1226473E_y072416N_l1834_s3313_v23,2017-05-23 13:09:55,7.241610,122.647331,135.355,2014-07-16 18:01:06,2014-07-17 02:01:06,1834,3313,0.311964,8,18913,1.1632,0.118373,0.89084,0.4,0.949821,0.75,0.0511428,0.0001,0.0209529,999999,3.514206e-01,3,Philippines Exclusive Economic Zone,Region IX,,SVDNB_npp_d20140716_t1757431_e1803235_b14079_c20140717000324408388_noaa_ops.h5,GDNBO_npp_d20140716_t1757431_e1803235_b14079_c20140717000324408134_noaa_ops.h5,SVI04_npp_d20140716_t1757431_e1803235_b14079_c20140717000324402868_noaa_ops.dspace_rad,VNFF_npp_d20140716_t1757431_e1803235_b14079_v21.csv,World_EEZ_v8_2014.shp,WPP_BFAR_merge.shp,KKP_IDN_merge_20161208.shp,VNF-VBD_npp_20120301-20151231_global_asia-enhanced_c201607211230.bitmask,NCEI_NGA.union.nga_lead2.add_2015ntl.mask,timezone.shp,VBD_platforms-recurring_2015_r20170330.shp,0.554233,VBD_bridges_c20160811.shp,22.302559;20.657581;17.812403;13.013085;8.184108;3.331987;-1.539063;0.598278;2.699680;7.587820;12.484635;17.389103,102.195274;116.899490;131.129013;129.599106;128.217987;126.965988;125.829720;112.252083;98.601341;99.606560;100.547348;101.419044,npp_d20140716_t1757431_e1803235_b14079,138.009,46.525,55.2199,-79.7833,27.4945,104.608
2790,VBD_npp_d20140716_t1801045_x1226802E_y073092N_l1823_s3315_v23,2017-05-23 13:09:55,7.309151,122.680214,28.5629,2014-07-16 18:01:04,2014-07-17 02:01:04,1823,3315,0.276829,1,2529,0.722923,0.180407,0.839496,0.4,0.872889,0.75,0.0511503,0.0001,0.0208821,999999,-2.330343e-01,3,Philippines Exclusive Economic Zone,Region IX,,SVDNB_npp_d20140716_t1757431_e1803235_b14079_c20140717000324408388_noaa_ops.h5,GDNBO_npp_d20140716_t1757431_e1803235_b14079_c20140717000324408134_noaa_ops.h5,SVI04_npp_d20140716_t1757431_e1803235_b14079_c20140717000324402868_noaa_ops.dspace_rad,VNFF_npp_d20140716_t1757431_e1803235_b14079_v21.csv,World_EEZ_v8_2014.shp,WPP_BFAR_merge.shp,KKP_IDN_merge_20161208.shp,VNF-VBD_npp_20120301-20151231_global_asia-enhanced_c201607211230.bitmask,NCEI_NGA.union.nga_lead2.add_2015ntl.mask,timezone.shp,VBD_platforms-recurring_2015_r20170330.shp,999999,VBD_bridges_c20160811.shp,22.302559;20.657581;17.812403;13.013085;8.184108;3.331987;-1.539063;0.598278;2.699680;7.587820;12.484635;17.389103,102.195274;116.899490;131.129013;129.599106;128.217987;126.965988;125.829720;112.252083;98.601341;99.606560;100.547348;101.419044,npp_d20140716_t1757431_e1803235_b14079,137.944,46.4932,55.27,-79.5433,27.4868,104.752
2791,VBD_npp_d20140716_t1803037_x1211829E_y003696N_l2895_s3337_v23,2017-05-23 13:09:55,0.369643,121.182854,4.27666,2014-07-16 18:03:03,2014-07-17 02:03:03,2895,3337,0.409415,8,18913,0.282338,0.14123,0.662276,0.4,0.859105,0.75,0.0510793,0.0001,0.018822,999999,1.360705e-01,3,Indonesian Exclusive Economic Zone,WPP715,,SVDNB_npp_d20140716_t1757431_e1803235_b14079_c20140717000324408388_noaa_ops.h5,GDNBO_npp_d20140716_t1757431_e1803235_b14079_c20140717000324408134_noaa_ops.h5,SVI04_npp_d20140716_t1757431_e1803235_b14079_c20140717000324402868_noaa_ops.dspace_rad,VNFF_npp_d20140716_t1757431_e1803235_b14079_v21.csv,World_EEZ_v8_2014.shp,WPP_BFAR_merge.shp,KKP_IDN_merge_20161208.shp,VNF-VBD_npp_20120301-20151231_global_asia-enhanced_c201607211230.bitmask,NCEI_NGA.union.nga_lead2.add_2015ntl.mask,timezone.shp,VBD_platforms-recurring_2015_r20170330.shp,0.598051,VBD_bridges_c20160811.shp,22.302559;20.657581;17.812403;13.013085;8.184108;3.331987;-1.539063;0.598278;2.699680;7.587820;12.484635;17.389103,102.195274;116.899490;131.129013;129.599106;128.217987;126.965988;125.829720;112.252083;98.601341;99.606560;100.547348;101.419044,npp_d20140716_t1757431_e1803235_b14079,143.239,52.0415,55.8368,-80.6835,27.55,90.892
2792,VBD_npp_d20140716_t1803037_x1213105E_y004190N_l2885_s3354_v23,2017-05-23 13:09:55,0.418992,121.310471,6.07981,2014-07-16 18:03:03,2014-07-17 02:03:03,2885,3354,0.404554,8,18913,0.351622,0.137844,0.729257,0.4,0.861811,0.75,0.0511557,0.0001,0.0181491,999999,1.679709e-01,3,Indonesian Exclusive Economic Zone,WPP715,,SVDNB_npp_d20140716_t1757431_e1803235_b14079_c20140717000324408388_noaa_ops.h5,GDNBO_npp_d20140716_t1757431_e1803235_b14079_c20140717000324408134_noaa_ops.h5,SVI04_npp_d20140716_t1757431_e1803235_b14079_c20140717000324402868_noaa_ops.dspace_rad,VNFF_npp_d20140716_t1757431_e1803235_b14079_v21.csv,World_EEZ_v8_2014.shp,WPP_BFAR_merge.shp,KKP_IDN_merge_20161208.shp,VNF-VBD_npp_20120301-20151231_global_asia-enhanced_c201607211230.bitmask,NCEI_NGA.union.nga_lead2.add_2015ntl.mask,timezone.shp,VBD_platforms-recurring_2015_r20170330.shp,0.304653,VBD_bridges_c20160811.shp,22.302559;20.657581;17.812403;13.013085;8.184108;3.331987;-1.539063;0.598278;2.699680;7.587820;12.484635;17.389103,102.195274;116.899490;131.129013;129.599106;128.217987;126.965988;125.829720;112.252083;98.601341;99.606560;100.547348;101.419044,npp_d20140716_t1757431_e1803235_b14079,143.108,52.0952,56.2709,-81.1251,27.4212,90.9938
2799,VBD_npp_d20140716_t1802388_x1226517E_y016776N_l2664_s3504_v23,2017-05-23 13:09:55,1.677555,122.651703,6.80929,2014-07-16 18:02:38,2014-07-17 02:02:38,2664,3504,0.386765,1,2529,0.400439,0.153937,0.78185,0.4,0.888929,0.75,0.051901,0.0001,0.0119522,999999,1.635485e-02,3,Indonesian Exclusive Economic Zone,WPP716,,SVDNB_npp_d20140716_t1757431_e1803235_b14079_c20140717000324408388_noaa_ops.h5,GDNBO_npp_d20140716_t1757431_e1803235_b14079_c20140717000324408134_noaa_ops.h5,SVI04_npp_d20140716_t1757431_e1803235_b14079_c20140717000324402868_noaa_ops.dspace_rad,VNFF_npp_d20140716_t1757431_e1803235_b14079_v21.csv,World_EEZ_v8_2014.shp,WPP_BFAR_merge.shp,KKP_IDN_merge_20161208.shp,VNF-VBD_npp_20120301-20151231_global_asia-enhanced_c201607211230.bitmask,NCEI_NGA.union.nga_lead2.add_2015ntl.mask,timezone.shp,VBD_platforms-recurring_2015_r20170330.shp,999999,VBD_bridges_c20160811.shp,22.302559;20.657581;17.812403;13.013085;8.184108;3.331987;-1.539063;0.598278;2.699680;7.587820;12.484635;17.389103,102.195274;116.899490;131.129013;129.599106;128.217987;126.965988;125.829720;112.252083;98.601341;99.606560;100.547348;101.419044,npp_d20140716_t1757431_e1803235_b14079,141.358,51.8227,59.7934,-80.7293,26.2132,93.6578
2810,VBD_npp_d20140716_t1802050_x1254455E_y032306N_l2360_s3851_v23,2017-05-23 13:09:55,3.230616,125.445465,3.66614,2014-07-16 18:02:05,2014-07-17 02:02:05,2360,3851,0.370965,1,2273,0.176417,0.171746,0.527269,0.4,0.79267,0.75,0.0532153,0.0001,0.00378179,999999,-1.514353e-01,3,Indonesian Exclusive Economic Zone,WPP716,,SVDNB_npp_d20140716_t1757431_e1803235_b14079_c20140717000324408388_noaa_ops.h5,GDNBO_npp_d20140716_t1757431_e1803235_b14079_c20140717000324408134_noaa_ops.h5,SVI04_npp_d20140716_t1757431_e1803235_b14079_c20140717000324402868_noaa_ops.dspace_rad,VNFF_npp_d20140716_t1757431_e1803235_b14079_v21.csv,World_EEZ_v8_2014.shp,WPP_BFAR_merge.shp,KKP_IDN_merge_20161208.shp,VNF-VBD_npp_20120301-20151231_global_asia-enhanced_c201607211230.bitmask,NCEI_NGA.union.nga_lead2.add_2015ntl.mask,timezone.shp,VBD_platforms-recurring_2015_r20170330.shp,999999,VBD_bridges_c20160811.shp,22.302559;20.657581;17.812403;13.013085;8.184108;3.331987;-1.539063;0.598278;2.699680;7.587820;12.484635;17.389103,102.195274;116.899490;131.129013;129.599106;128.217987;126.965988;125.829720;112.252083;98.601341;99.606560;100.547348;101.419044,npp_d20140716_t1757431_e1803235_b14079,138.312,52.4131,66.5391,-80.2314,23.6831,97.741
1,VBD_npp_d20140716_t1804273_x0978432E_y009314S_l0571_s0017_v23,2017-05-23 13:08:46,-0.931437,97.843178,7.65406,2014-07-16 18:04:27,2014-07-17 01:04:27,571,17,0.354779,1,2529,0.253853,0.150973,0.586602,0.4,0.839599,0.75,0.0333077,0.0001,2.23576e-34,999999,1.100658e-01,3,Indonesian Exclusive Economic Zone,WPP572,,SVDNB_npp_d20140716_t1803247_e1809051_b14079_c20140717000905445784_noaa_ops.h5,GDNBO_npp_d20140716_t1803247_e1809051_b14079_c20140717000905445471_noaa_ops.h5,SVI04_npp_d20140716_t1803247_e1809051_b14079_c20140717000905432367_noaa_ops.dspace_rad,VNFF_npp_d20140716_t1803247_e1809051_b14079_v21.csv,World_EEZ_v8_2014.shp,WPP_BFAR_merge.shp,KKP_IDN_merge_20161208.shp,VNF-VBD_npp_20120301-20151231_global_asia-enhanced_c201607211230.bitmask,NCEI_NGA.union.nga_lead2.add_2015ntl.mask,timezone.shp,VBD_platforms-recurring_2015_r20170330.shp,999999,VBD_bridges_c20160811.shp,2.701723;0.592520;-1.537733;-6.424739;-11.321091;-16.224911;-21.132078;-19.454973;-16.614069;-11.826628;-7.007390;-2.161976,98.595314;112.244095;125.823792;124.798187;123.864281;123.023224;122.264351;107.621338;93.259468;94.789581;96.172417;97.426979,npp_d20140716_t1803247_e1809051_b14079,158.398,19.1107,69.9829,99.2066,50.8683,89.316
2,VBD_npp_d20140716_t1803588_x0982854E_y007171N_l0310_s0025_v23,2017-05-23 13:08:46,0.717062,98.285385,8.94294,2014-07-16 18:03:58,2014-07-17 01:03:58,310,25,0.335057,1,2529,0.282099,0.164997,0.607758,0.4,0.768816,0.75,0.0335628,0.0001,7.6697e-34,999999,-1.594493e-02,3,Indonesian Exclusive Economic Zone,WPP572,,SVDNB_npp_d20140716_t1803247_e1809051_b14079_c20140717000905445784_noaa_ops.h5,GDNBO_npp_d20140716_t1803247_e1809051_b14079_c20140717000905445471_noaa_ops.h5,SVI04_npp_d20140716_t1803247_e1809051_b14079_c20140717000905432367_noaa_ops.dspace_rad,VNFF_npp_d20140716_t1803247_e1809051_b14079_v21.csv,World_EEZ_v8_2014.shp,WPP_BFAR_merge.shp,KKP_IDN_merge_20161208.shp,VNF-VBD_npp_20120301-20151231_global_asia-enhanced_c201607211230.bitmask,NCEI_NGA.union.nga_lead2.add_2015ntl.mask,timezone.shp,VBD_platforms-recurring_2015_r20170330.shp,999999,VBD_bridges_c20160811.shp,2.701723;0.592520;-1.537733;-6.424739;-11.321091;-16.224911;-21.132078;-19.454973;-16.614069;-11.826628;-7.007390;-2.161976,98.595314;112.244095;125.823792;124.798187;123.864281;123.023224;122.264351;107.621338;93.259468;94.789581;96.172417;97.426979,npp_d20140716_t1803247_e1809051_b14079,156.733,18.5623,69.8565,98.9464,50.5374,90.7039
3,VBD_npp_d20140716_t1803446_x0986738E_y014704N_l0186_s0055_v23,2017-05-23 13:08:46,1.470392,98.673752,14.0792,2014-07-16 18:03:44,2014-07-17 01:03:44,186,55,0.261526,2,2465,0.357765,0.15153,0.582036,0.4,0.669394,0.75,0.0339052,0.0001,7.28805e-33,999999,1.050676e-01,3,Indonesian Exclusive Economic Zone,WPP572,,SVDNB_npp_d20140716_t1803247_e1809051_b14079_c20140717000905445784_noaa_ops.h5,GDNBO_npp_d20140716_t1803247_e1809051_b14079_c20140717000905445471_noaa_ops.h5,SVI04_npp_d20140716_t1803247_e1809051_b14079_c20140717000905432367_noaa_ops.dspace_rad,VNFF_npp_d20140716_t1803247_e1809051_b14079_v21.csv,World_EEZ_v8_2014.shp,WPP_BFAR_merge.shp,KKP_IDN_merge_20161208.shp,VNF-VBD_npp_20120301-20151231_global_asia-enhanced_c201607211230.bitmask,NCEI_NGA.union.nga_lead2.add_2015ntl.mask,timezone.shp,VBD_platforms-recurring_2015_r20170330.shp,999999,VBD_bridges_c20160811.shp,2.701723;0.592520;-1.537733;-6.424739;-11.321091;-16.224911;-21.132078;-19.454973;-16.614069;-11.826628;-7.007390;-2.161976,98.595314;112.244095;125.823792;124.798187;123.864281;123.023224;122.264351;107.621338;93.259468;94.789581;96.172417;97.426979,npp_d20140716_t1803247_e1809051_b14079,155.914,18.7301,69.39,98.6405,50.2164,91.3569
4,VBD_npp_d20140716_t1804148_x0983560E_y002497S_l0455_s0067_v23,2017-05-23 13:08:46,-0.249653,98.356018,53.0918,2014-07-16 18:04:14,2014-07-17 01:04:14,455,67,0.358314,1,2529,0.967792,0.15496,0.846954,0.4,0.953912,0.75,0.0336332,0.0001,8.5975e-33,999999,7.424456e-02,3,Indonesian Exclusive Economic Zone,WPP572,,SVDNB_npp_d20140716_t1803247_e1809051_b14079_c20140717000905445784_noaa_ops.h5,GDNBO_npp_d20140716_t1803247_e1809051_b14079_c20140717000905445471_noaa_ops.h5,SVI04_npp_d20140716_t1803247_e1809051_b14079_c20140717000905432367_noaa_ops.dspace_rad,VNFF_npp_d20140716_t1803247_e1809051_b14079_v21.csv,World_EEZ_v8_2014.shp,WPP_BFAR_merge.shp,KKP_IDN_merge_20161208.shp,VNF-VBD_npp_20120301-20151231_global_asia-enhanced_c201607211230.bitmask,NCEI_NGA.union.nga_lead2.add_2015ntl.mask,timezone.shp,VBD_platforms-recurring_2015_r20170330.shp,999999,VBD_bridges_c20160811.shp,2.701723;0.592520;-1.537733;-6.424739;-11.321091;-16.224911;-21.132078;-19.454973;-16.614069;-11.826628;-7.007390;-2.161976,98.595314;112.244095;125.823792;124.798187;123.864281;123.023224;122.264351;107.621338;93.259468;94.789581;96.172417;97.426979,npp_d20140716_t1803247_e1809051_b14079,157.602,19.6222,69.2128,99.1403,50.3958,89.8842
5,VBD_npp_d20140716_t1804060_x0985724E_y002638N_l0372_s0081_v23,2017-05-23 13:08:46,0.263850,98.572357,16.3035,2014-07-16 18:04:06,2014-07-17 01:04:06,372,81,0.349254,1,2529,0.511513,0.152977,0.857304,0.4,0.853289,0.75,0.0338351,0.0001,2.58734e-32,999999,9.206228e-02,3,Indonesian Exclusive Economic Zone,WPP572,,SVDNB_npp_d20140716_t1803247_e1809051_b14079_c20140717000905445784_noaa_ops.h5,GDNBO_npp_d20140716_t1803247_e1809051_b14079_c20140717000905445471_noaa_ops.h5,SVI04_npp_d20140716_t1803247_e1809051_b14079_c20140717000905432367_noaa_ops.dspace_rad,VNFF_npp_d20140716_t1803247_e1809051_b14079_v21.csv,World_EEZ_v8_2014.shp,WPP_BFAR_merge.shp,KKP_IDN_merge_20161208.shp,VNF-VBD_npp_20120301-20151231_global_asia-enhanced_c201607211230.bitmask,NCEI_NGA.union.nga_lead2.add_2015ntl.mask,timezone.shp,VBD_platforms-recurring_2015_r20170330.shp,999999,VBD_bridges_c20160811.shp,2.701723;0.592520;-1.537733;-6.424739;-11.321091;-16.224911;-21.132078;-19.454973;-16.614069;-11.826628;-7.007390;-2.161976,98.595314;112.244095;125.823792;124.798187;123.864281;123.023224;122.264351;107.621338;93.259468;94.789581;96.172417;97.426979,npp_d20140716_t1803247_e1809051_b14079,157.058,19.6136,68.9949,99.1059,50.2142,90.323
6,VBD_npp_d20140716_t1804042_x0986007E_y002953N_l0366_s0083_v23,2017-05-23 13:08:46,0.295345,98.600723,14.0062,2014-07-16 18:04:04,2014-07-17 01:04:04,366,83,0.351188,1,2529,0.472876,0.145121,0.869976,0.4,0.837862,0.75,0.0338558,0.0001,2.94681e-32,999999,1.626550e-01,3,Indonesian Exclusive Economic Zone,WPP572,,SVDNB_npp_d20140716_t1803247_e1809051_b14079_c20140717000905445784_noaa_ops.h5,GDNBO_npp_d20140716_t1803247_e1809051_b14079_c20140717000905445471_noaa_ops.h5,SVI04_npp_d20140716_t1803247_e1809051_b14079_c20140717000905432367_noaa_ops.dspace_rad,VNFF_npp_d20140716_t1803247_e1809051_b14079_v21.csv,World_EEZ_v8_2014.shp,WPP_BFAR_merge.shp,KKP_IDN_merge_20161208.shp,VNF-VBD_npp_20120301-20151231_global_asia-enhanced_c201607211230.bitmask,NCEI_NGA.union.nga_lead2.add_2015ntl.mask,timezone.shp,VBD_platforms-recurring_2015_r20170330.shp,999999,VBD_bridges_c20160811.shp,2.701723;0.592520;-1.537733;-6.424739;-11.321091;-16.224911;-21.132078;-19.454973;-16.614069;-11.826628;-7.007390;-2.161976,98.595314;112.244095;125.823792;124.798187;123.864281;123.023224;122.264351;107.621338;93.259468;94.789581;96.172417;97.426979,npp_d20140716_t1803247_e1809051_b14079,157.021,19.6353,68.9592,98.7933,50.193,90.3503
7,VBD_npp_d20140716_t1804060_x0985877E_y002683N_l0371_s0083_v23,2017-05-23 13:08:46,0.268262,98.587746,16.6324,2014-07-16 18:04:06,2014-07-17 01:04:06,371,83,0.351906,1,2529,0.537092,0.155708,0.870669,0.4,0.893971,0.75,0.0338491,0.0001,2.97789e-32,999999,6.752564e-02,3,Indonesian Exclusive Economic Zone,WPP572,,SVDNB_npp_d20140716_t1803247_e1809051_b14079_c20140717000905445784_noaa_ops.h5,GDNBO_npp_d20140716_t1803247_e1809051_b14079_c20140717000905445471_noaa_ops.h5,SVI04_npp_d20140716_t1803247_e1809051_b14079_c20140717000905432367_noaa_ops.dspace_rad,VNFF_npp_d20140716_t1803247_e1809051_b14079_v21.csv,World_EEZ_v8_2014.shp,WPP_BFAR_merge.shp,KKP_IDN_merge_20161208.shp,VNF-VBD_npp_20120301-20151231_global_asia-enhanced_c201607211230.bitmask,NCEI_NGA.union.nga_lead2.add_2015ntl.mask,timezone.shp,VBD_platforms-recurring_2015_r20170330.shp,999999,VBD_bridges_c20160811.shp,2.701723;0.592520;-1.537733;-6.424739;-11.321091;-16.224911;-21.132078;-19.454973;-16.614069;-11.826628;-7.007390;-2.161976,98.595314;112.244095;125.823792;124.798187;123.864281;123.023224;122.264351;107.621338;93.259468;94.789581;96.172417;97.426979,npp_d20140716_t1803247_e1809051_b14079,157.048,19.6444,68.9617,99.1347,50.1987,90.3269
8,VBD_npp_d20140716_t1804042_x0986090E_y003009N_l0365_s0084_v23,2017-05-23 13:08:46,0.300939,98.608978,6.77844,2014-07-16 18:04:04,2014-07-17 01:04:04,365,84,0.349752,2,2465,0.235324,0.141329,0.869976,0.4,0.599464,0.75,0.0338635,0.0001,3.17025e-32,999999,1.967297e-01,3,Indonesian Exclusive Economic Zone,WPP572,,SVDNB_npp_d20140716_t1803247_e1809051_b14079_c20140717000905445784_noaa_ops.h5,GDNBO_npp_d20140716_t1803247_e1809051_b14079_c20140717000905445471_noaa_ops.h5,SVI04_npp_d20140716_t1803247_e1809051_b14079_c20140717000905432367_noaa_ops.dspace_rad,VNFF_npp_d20140716_t1803247_e1809051_b14079_v21.csv,World_EEZ_v8_2014.shp,WPP_BFAR_merge.shp,KKP_IDN_merge_20161208.shp,VNF-VBD_npp_20120301-20151231_global_asia-enhanced_c201607211230.bitmask,NCEI_NGA.union.nga_lead2.add_2015ntl.mask,timezone.shp,VBD_platforms-recurring_2015_r20170330.shp,999999,VBD_bridges_c20160811.shp,2.701723;0.592520;-1.537733;-6.424739;-11.321091;-16.224911;-21.132078;-19.454973;-16.614069;-11.826628;-7.007390;-2.161976,98.595314;112.244095;125.823792;124.798187;123.864281;123.023224;122.264351;107.621338;93.259468;94.789581;96.172417;97.426979,npp_d20140716_t1803247_e1809051_b14079,157.013,19.6492,68.9424,98.822,50.1847,90.3551
9,VBD_npp_d20140716_t1804042_x0986269E_y002775N_l0368_s0087_v23,2017-05-23 13:08:46,0.277471,98.626938,35.2913,2014-07-16 18:04:04,2014-07-17 01:04:04,368,87,0.352845,1,2529,0.845149,0.149548,0.873795,0.4,0.94425,0.75,0.0338785,0.0001,3.80938e-32,999999,1.228733e-01,3,Indonesian Exclusive Economic Zone,WPP572,,SVDNB_npp_d20140716_t1803247_e1809051_b14079_c20140717000905445784_noaa_ops.h5,GDNBO_npp_d20140716_t1803247_e1809051_b14079_c20140717000905445471_noaa_ops.h5,SVI04_npp_d20140716_t1803247_e1809051_b14079_c20140717000905432367_noaa_ops.dspace_rad,VNFF_npp_d20140716_t1803247_e1809051_b14079_v21.csv,World_EEZ_v8_2014.shp,WPP_BFAR_merge.shp,KKP_IDN_merge_20161208.shp,VNF-VBD_npp_20120301-20151231_global_asia-enhanced_c201607211230.bitmask,NCEI_NGA.union.nga_lead2.add_2015ntl.mask,timezone.shp,VBD_platforms-recurring_2015_r20170330.shp,999999,VBD_bridges_c20160811.shp,2.701723;0.592520;-1.537733;-6.424739;-11.321091;-16.224911;-21.132078;-19.454973;-16.614069;-11.826628;-7.007390;-2.161976,98.595314;112.244095;125.823792;124.798187;123.864281;123.023224;122.264351;107.621338;93.259468;94.789581;96.172417;97.426979,npp_d20140716_t1803247_e1809051_b14079,157.029,19.7078,68.8936,98.736,50.1664,90.3352
10,VBD_npp_d20140716_t1804095_x0985651E_y000334N_l0407_s0087_v23,2017-05-23 13:08:46,0.033355,98.565125,11.0534,2014-07-16 18:04:09,2014-07-17 01:04:09,407,87,0.353563,1,2529,0.375687,0.173435,0.706073,0.4,0.811877,0.75,0.0338261,0.0001,3.56817e-32,999999,-9.176779e-02,3,Indonesian Exclusive Economic Zone,WPP572,,SVDNB_npp_d20140716_t1803247_e1809051_b14079_c20140717000905445784_noaa_ops.h5,GDNBO_npp_d20140716_t1803247_e1809051_b14079_c20140717000905445471_noaa_ops.h5,SVI04_npp_d20140716_t1803247_e1809051_b14079_c20140717000905432367_noaa_ops.dspace_rad,VNFF_npp_d20140716_t1803247_e1809051_b14079_v21.csv,World_EEZ_v8_2014.shp,WPP_BFAR_merge.shp,KKP_IDN_merge_20161208.shp,VNF-VBD_npp_20120301-20151231_global_asia-enhanced_c201607211230.bitmask,NCEI_NGA.union.nga_lead2.add_2015ntl.mask,timezone.shp,VBD_platforms-recurring_2015_r20170330.shp,999999,VBD_bridges_c20160811.shp,2.701723;0.592520;-1.537733;-6.424739;-11.321091;-16.224911;-21.132078;-19.454973;-16.614069;-11.826628;-7.007390;-2.161976,98.595314;112.244095;125.823792;124.798187;123.864281;123.023224;122.264351;107.621338;93.259468;94.789581;96.172417;97.426979,npp_d20140716_t1803247_e1809051_b14079,157.272,19.8153,68.8945,99.0685,50.2061,90.1256
11,VBD_npp_d20140716_t1804060_x0986255E_y002759N_l0369_s0088_v23,2017-05-23 13:08:46,0.275916,98.625511,32.8319,2014-07-16 18:04:06,2014-07-17 01:04:06,369,88,0.346713,1,2529,0.831324,0.154354,0.873795,0.4,0.934129,0.75,0.0338835,0.0001,4.21003e-32,999999,7.968777e-02,3,Indonesian Exclusive Economic Zone,WPP572,,SVDNB_npp_d20140716_t1803247_e1809051_b14079_c20140717000905445784_noaa_ops.h5,GDNBO_npp_d20140716_t1803247_e1809051_b14079_c20140717000905445471_noaa_ops.h5,SVI04_npp_d20140716_t1803247_e1809051_b14079_c20140717000905432367_noaa_ops.dspace_rad,VNFF_npp_d20140716_t1803247_e1809051_b14079_v21.csv,World_EEZ_v8_2014.shp,WPP_BFAR_merge.shp,KKP_IDN_merge_20161208.shp,VNF-VBD_npp_20120301-20151231_global_asia-enhanced_c201607211230.bitmask,NCEI_NGA.union.nga_lead2.add_2015ntl.mask,timezone.shp,VBD_platforms-recurring_2015_r20170330.shp,999999,VBD_bridges_c20160811.shp,2.701723;0.592520;-1.537733;-6.424739;-11.321091;-16.224911;-21.132078;-19.454973;-16.614069;-11.826628;-7.007390;-2.161976,98.595314;112.244095;125.823792;124.798187;123.864281;123.023224;122.264351;107.621338;93.259468;94.789581;96.172417;97.426979,npp_d20140716_t1803247_e1809051_b14079,157.028,19.7224,68.879,99.1922,50.1606,90.3338
12,VBD_npp_d20140716_t1804042_x0986698E_y003601N_l0355_s0091_v23,2017-05-23 13:08:46,0.360069,98.669769,6.02981,2014-07-16 18:04:04,2014-07-17 01:04:04,355,91,0.349033,1,2273,0.192454,0.169754,0.576508,0.4,0.757004,0.75,0.0339212,0.0001,5.34923e-32,999999,-5.868940e-02,3,Indonesian Exclusive Economic Zone,WPP572,,SVDNB_npp_d20140716_t1803247_e1809051_b14079_c20140717000905445784_noaa_ops.h5,GDNBO_npp_d20140716_t1803247_e1809051_b14079_c20140717000905445471_noaa_ops.h5,SVI04_npp_d20140716_t1803247_e1809051_b14079_c20140717000905432367_noaa_ops.dspace_rad,VNFF_npp_d20140716_t1803247_e1809051_b14079_v21.csv,World_EEZ_v8_2014.shp,WPP_BFAR_merge.shp,KKP_IDN_merge_20161208.shp,VNF-VBD_npp_20120301-20151231_global_asia-enhanced_c201607211230.bitmask,NCEI_NGA.union.nga_lead2.add_2015ntl.mask,timezone.shp,VBD_platforms-recurring_2015_r20170330.shp,999999,VBD_bridges_c20160811.shp,2.701723;0.592520;-1.537733;-6.424739;-11.321091;-16.224911;-21.132078;-19.454973;-16.614069;-11.826628;-7.007390;-2.161976,98.595314;112.244095;125.823792;124.798187;123.864281;123.023224;122.264351;107.621338;93.259468;94.789581;96.172417;97.426979,npp_d20140716_t1803247_e1809051_b14079,156.937,19.7374,68.8256,99.1091,50.1236,90.4065
14,VBD_npp_d20140716_t1804042_x0986798E_y002898N_l0365_s0094_v23,2017-05-23 13:08:46,0.289788,98.679848,8.72485,2014-07-16 18:04:04,2014-07-17 01:04:04,365,94,0.343619,1,2529,0.312467,0.182596,0.820662,0.4,0.836682,0.75,0.0339269,0.0001,6.17186e-32,999999,-1.740847e-01,3,Indonesian Exclusive Economic Zone,WPP572,,SVDNB_npp_d20140716_t1803247_e1809051_b14079_c20140717000905445784_noaa_ops.h5,GDNBO_npp_d20140716_t1803247_e1809051_b14079_c20140717000905445471_noaa_ops.h5,SVI04_npp_d20140716_t1803247_e1809051_b14079_c20140717000905432367_noaa_ops.dspace_rad,VNFF_npp_d20140716_t1803247_e1809051_b14079_v21.csv,World_EEZ_v8_2014.shp,WPP_BFAR_merge.shp,KKP_IDN_merge_20161208.shp,VNF-VBD_npp_20120301-20151231_global_asia-enhanced_c201607211230.bitmask,NCEI_NGA.union.nga_lead2.add_2015ntl.mask,timezone.shp,VBD_platforms-recurring_2015_r20170330.shp,999999,VBD_bridges_c20160811.shp,2.701723;0.592520;-1.537733;-6.424739;-11.321091;-16.224911;-21.132078;-19.454973;-16.614069;-11.826628;-7.007390;-2.161976,98.595314;112.244095;125.823792;124.798187;123.864281;123.023224;122.264351;107.621338;93.259468;94.789581;96.172417;97.426979,npp_d20140716_t1803247_e1809051_b14079,156.999,19.8156,68.7776,98.8222,50.1129,90.3463
15,VBD_npp_d20140716_t1804131_x0985814E_y001873S_l0440_s0096_v23,2017-05-23 13:08:46,-0.187302,98.581383,10.2,2014-07-16 18:04:13,2014-07-17 01:04:13,440,96,0.359861,1,2529,0.393361,0.135129,0.800826,0.4,0.899595,0.75,0.0338377,0.0001,6.06906e-32,999999,2.524363e-01,3,Indonesian Exclusive Economic Zone,WPP572,,SVDNB_npp_d20140716_t1803247_e1809051_b14079_c20140717000905445784_noaa_ops.h5,GDNBO_npp_d20140716_t1803247_e1809051_b14079_c20140717000905445471_noaa_ops.h5,SVI04_npp_d20140716_t1803247_e1809051_b14079_c20140717000905432367_noaa_ops.dspace_rad,VNFF_npp_d20140716_t1803247_e1809051_b14079_v21.csv,World_EEZ_v8_2014.shp,WPP_BFAR_merge.shp,KKP_IDN_merge_20161208.shp,VNF-VBD_npp_20120301-20151231_global_asia-enhanced_c201607211230.bitmask,NCEI_NGA.union.nga_lead2.add_2015ntl.mask,timezone.shp,VBD_platforms-recurring_2015_r20170330.shp,999999,VBD_bridges_c20160811.shp,2.701723;0.592520;-1.537733;-6.424739;-11.321091;-16.224911;-21.132078;-19.454973;-16.614069;-11.826628;-7.007390;-2.161976,98.595314;112.244095;125.823792;124.798187;123.864281;123.023224;122.264351;107.621338;93.259468;94.789581;96.172417;97.426979,npp_d20140716_t1803247_e1809051_b14079,157.469,20.0658,68.7434,99.0874,50.1751,89.9364
16,VBD_npp_d20140716_t1804060_x0987023E_y002156N_l0376_s0100_v23,2017-05-23 13:08:46,0.215636,98.702339,14.216,2014-07-16 18:04:06,2014-07-17 01:04:06,376,100,0.360745,1,2529,0.479355,0.154499,0.842829,0.4,0.848367,0.75,0.0339503,0.0001,8.94888e-32,999999,7.838718e-02,3,Indonesian Exclusive Economic Zone,WPP572,,SVDNB_npp_d20140716_t1803247_e1809051_b14079_c20140717000905445784_noaa_ops.h5,GDNBO_npp_d20140716_t1803247_e1809051_b14079_c20140717000905445471_noaa_ops.h5,SVI04_npp_d20140716_t1803247_e1809051_b14079_c20140717000905432367_noaa_ops.dspace_rad,VNFF_npp_d20140716_t1803247_e1809051_b14079_v21.csv,World_EEZ_v8_2014.shp,WPP_BFAR_merge.shp,KKP_IDN_merge_20161208.shp,VNF-VBD_npp_20120301-20151231_global_asia-enhanced_c201607211230.bitmask,NCEI_NGA.union.nga_lead2.add_2015ntl.mask,timezone.shp,VBD_platforms-recurring_2015_r20170330.shp,999999,VBD_bridges_c20160811.shp,2.701723;0.592520;-1.537733;-6.424739;-11.321091;-16.224911;-21.132078;-19.454973;-16.614069;-11.826628;-7.007390;-2.161976,98.595314;112.244095;125.823792;124.798187;123.864281;123.023224;122.264351;107.621338;93.259468;94.789581;96.172417;97.426979,npp_d20140716_t1803247_e1809051_b14079,157.059,19.9416,68.6822,98.9924,50.0826,90.2828
17,VBD_npp_d20140716_t1804131_x0986047E_y002197S_l0444_s0100_v23,2017-05-23 13:08:46,-0.219656,98.604721,29.3186,2014-07-16 18:04:13,2014-07-17 01:04:13,444,100,0.354171,1,2529,0.741714,0.174441,0.821699,0.4,0.754843,0.75,0.0338576,0.0001,7.70022e-32,999999,-1.008033e-01,3,Indonesian Exclusive Economic Zone,WPP572,,SVDNB_npp_d20140716_t1803247_e1809051_b14079_c20140717000905445784_noaa_ops.h5,GDNBO_npp_d20140716_t1803247_e1809051_b14079_c20140717000905445471_noaa_ops.h5,SVI04_npp_d20140716_t1803247_e1809051_b14079_c20140717000905432367_noaa_ops.dspace_rad,VNFF_npp_d20140716_t1803247_e1809051_b14079_v21.csv,World_EEZ_v8_2014.shp,WPP_BFAR_merge.shp,KKP_IDN_merge_20161208.shp,VNF-VBD_npp_20120301-20151231_global_asia-enhanced_c201607211230.bitmask,NCEI_NGA.union.nga_lead2.add_2015ntl.mask,timezone.shp,VBD_platforms-recurring_2015_r20170330.shp,999999,VBD_bridges_c20160811.shp,2.701723;0.592520;-1.537733;-6.424739;-11.321091;-16.224911;-21.132078;-19.454973;-16.614069;-11.826628;-7.007390;-2.161976,98.595314;112.244095;125.823792;124.798187;123.864281;123.023224;122.264351;107.621338;93.259468;94.789581;96.172417;97.426979,npp_d20140716_t1803247_e1809051_b14079,157.491,20.1454,68.6784,98.9674,50.1516,89.9085
18,VBD_npp_d20140716_t1804060_x0987221E_y002484N_l0371_s0102_v23,2017-05-23 13:08:46,0.248382,98.722092,30.6686,2014-07-16 18:04:06,2014-07-17 01:04:06,371,102,0.353895,1,2529,0.794254,0.144783,0.882068,0.4,0.94268,0.75,0.0339694,0.0001,1.04892e-31,999999,1.656923e-01,3,Indonesian Exclusive Economic Zone,WPP572,,SVDNB_npp_d20140716_t1803247_e1809051_b14079_c20140717000905445784_noaa_ops.h5,GDNBO_npp_d20140716_t1803247_e1809051_b14079_c20140717000905445471_noaa_ops.h5,SVI04_npp_d20140716_t1803247_e1809051_b14079_c20140717000905432367_noaa_ops.dspace_rad,VNFF_npp_d20140716_t1803247_e1809051_b14079_v21.csv,World_EEZ_v8_2014.shp,WPP_BFAR_merge.shp,KKP_IDN_merge_20161208.shp,VNF-VBD_npp_20120301-20151231_global_asia-enhanced_c201607211230.bitmask,NCEI_NGA.union.nga_lead2.add_2015ntl.mask,timezone.shp,VBD_platforms-recurring_2015_r20170330.shp,999999,VBD_bridges_c20160811.shp,2.701723;0.592520;-1.537733;-6.424739;-11.321091;-16.224911;-21.132078;-19.454973;-16.614069;-11.826628;-7.007390;-2.161976,98.595314;112.244095;125.823792;124.798187;123.864281;123.023224;122.264351;107.621338;93.259468;94.789581;96.172417;97.426979,npp_d20140716_t1803247_e1809051_b14079,157.022,19.9591,68.6489,99.1433,50.0628,90.3111
19,VBD_npp_d20140716_t1804042_x0987392E_y002574N_l0368_s0103_v23,2017-05-23 13:08:46,0.257405,98.739182,14.1689,2014-07-16 18:04:04,2014-07-17 01:04:04,368,103,0.348812,1,2529,0.523193,0.141754,0.872082,0.4,0.869865,0.75,0.0339797,0.0001,1.09122e-31,999999,1.929054e-01,3,Indonesian Exclusive Economic Zone,WPP572,,SVDNB_npp_d20140716_t1803247_e1809051_b14079_c20140717000905445784_noaa_ops.h5,GDNBO_npp_d20140716_t1803247_e1809051_b14079_c20140717000905445471_noaa_ops.h5,SVI04_npp_d20140716_t1803247_e1809051_b14079_c20140717000905432367_noaa_ops.dspace_rad,VNFF_npp_d20140716_t1803247_e1809051_b14079_v21.csv,World_EEZ_v8_2014.shp,WPP_BFAR_merge.shp,KKP_IDN_merge_20161208.shp,VNF-VBD_npp_20120301-20151231_global_asia-enhanced_c201607211230.bitmask,NCEI_NGA.union.nga_lead2.add_2015ntl.mask,timezone.shp,VBD_platforms-recurring_2015_r20170330.shp,999999,VBD_bridges_c20160811.shp,2.701723;0.592520;-1.537733;-6.424739;-11.321091;-16.224911;-21.132078;-19.454973;-16.614069;-11.826628;-7.007390;-2.161976,98.595314;112.244095;125.823792;124.798187;123.864281;123.023224;122.264351;107.621338;93.259468;94.789581;96.172417;97.426979,npp_d20140716_t1803247_e1809051_b14079,157.01,19.9733,68.6305,98.7253,50.0528,90.3191
20,VBD_npp_d20140716_t1804024_x0987812E_y004282N_l0342_s0104_v23,2017-05-23 13:08:46,0.428206,98.781242,20.8339,2014-07-16 18:04:02,2014-07-17 01:04:02,342,104,0.348426,1,2529,0.649646,0.155225,0.820909,0.4,0.90048,0.75,0.0340206,0.0001,1.27583e-31,999999,7.186093e-02,3,Indonesian Exclusive Economic Zone,WPP572,,SVDNB_npp_d20140716_t1803247_e1809051_b14079_c20140717000905445784_noaa_ops.h5,GDNBO_npp_d20140716_t1803247_e1809051_b14079_c20140717000905445471_noaa_ops.h5,SVI04_npp_d20140716_t1803247_e1809051_b14079_c20140717000905432367_noaa_ops.dspace_rad,VNFF_npp_d20140716_t1803247_e1809051_b14079_v21.csv,World_EEZ_v8_2014.shp,WPP_BFAR_merge.shp,KKP_IDN_merge_20161208.shp,VNF-VBD_npp_20120301-20151231_global_asia-enhanced_c201607211230.bitmask,NCEI_NGA.union.nga_lead2.add_2015ntl.mask,timezone.shp,VBD_platforms-recurring_2015_r20170330.shp,999999,VBD_bridges_c20160811.shp,2.701723;0.592520;-1.537733;-6.424739;-11.321091;-16.224911;-21.132078;-19.454973;-16.614069;-11.826628;-7.007390;-2.161976,98.595314;112.244095;125.823792;124.798187;123.864281;123.023224;122.264351;107.621338;93.259468;94.789581;96.172417;97.426979,npp_d20140716_t1803247_e1809051_b14079,156.837,19.9132,68.6127,99.0042,50.0186,90.4666
21,VBD_npp_d20140716_t1804060_x0987383E_y002601N_l0369_s0104_v23,2017-05-23 13:08:46,0.260107,98.738312,12.014,2014-07-16 18:04:06,2014-07-17 01:04:06,369,104,0.348812,1,2529,0.440039,0.148459,0.872082,0.4,0.844771,0.75,0.0339846,0.0001,1.2075e-31,999999,1.326595e-01,3,Indonesian Exclusive Economic Zone,WPP572,,SVDNB_npp_d20140716_t1803247_e1809051_b14079_c20140717000905445784_noaa_ops.h5,GDNBO_npp_d20140716_t1803247_e1809051_b14079_c20140717000905445471_noaa_ops.h5,SVI04_npp_d20140716_t1803247_e1809051_b14079_c20140717000905432367_noaa_ops.dspace_rad,VNFF_npp_d20140716_t1803247_e1809051_b14079_v21.csv,World_EEZ_v8_2014.shp,WPP_BFAR_merge.shp,KKP_IDN_merge_20161208.shp,VNF-VBD_npp_20120301-20151231_global_asia-enhanced_c201607211230.bitmask,NCEI_NGA.union.nga_lead2.add_2015ntl.mask,timezone.shp,VBD_platforms-recurring_2015_r20170330.shp,999999,VBD_bridges_c20160811.shp,2.701723;0.592520;-1.537733;-6.424739;-11.321091;-16.224911;-21.132078;-19.454973;-16.614069;-11.826628;-7.007390;-2.161976,98.595314;112.244095;125.823792;124.798187;123.864281;123.023224;122.264351;107.621338;93.259468;94.789581;96.172417;97.426979,npp_d20140716_t1803247_e1809051_b14079,157.005,19.9857,68.6161,99.2037,50.0464,90.3213
22,VBD_npp_d20140716_t1804148_x0986471E_y002892S_l0454_s0109_v23,2017-05-23 13:08:46,-0.289249,98.647072,10.3408,2014-07-16 18:04:14,2014-07-17 01:04:14,454,109,0.353563,1,2529,0.39294,0.149268,0.832005,0.4,0.817904,0.75,0.0338999,0.0001,1.33695e-31,999999,1.253916e-01,3,Indonesian Exclusive Economic Zone,WPP572,,SVDNB_npp_d20140716_t1803247_e1809051_b14079_c20140717000905445784_noaa_ops.h5,GDNBO_npp_d20140716_t1803247_e1809051_b14079_c20140717000905445471_noaa_ops.h5,SVI04_npp_d20140716_t1803247_e1809051_b14079_c20140717000905432367_noaa_ops.dspace_rad,VNFF_npp_d20140716_t1803247_e1809051_b14079_v21.csv,World_EEZ_v8_2014.shp,WPP_BFAR_merge.shp,KKP_IDN_merge_20161208.shp,VNF-VBD_npp_20120301-20151231_global_asia-enhanced_c201607211230.bitmask,NCEI_NGA.union.nga_lead2.add_2015ntl.mask,timezone.shp,VBD_platforms-recurring_2015_r20170330.shp,999999,VBD_bridges_c20160811.shp,2.701723;0.592520;-1.537733;-6.424739;-11.321091;-16.224911;-21.132078;-19.454973;-16.614069;-11.826628;-7.007390;-2.161976,98.595314;112.244095;125.823792;124.798187;123.864281;123.023224;122.264351;107.621338;93.259468;94.789581;96.172417;97.426979,npp_d20140716_t1803247_e1809051_b14079,157.539,20.3162,68.5384,99.171,50.1016,89.8484
23,VBD_npp_d20140716_t1804148_x0986412E_y003241S_l0459_s0109_v23,2017-05-23 13:08:46,-0.324115,98.641190,20.1955,2014-07-16 18:04:14,2014-07-17 01:04:14,459,109,0.354447,1,2529,0.599861,0.159341,0.79629,0.4,0.838875,0.75,0.033893,0.0001,1.2964e-31,999999,3.487324e-02,3,Indonesian Exclusive Economic Zone,WPP572,,SVDNB_npp_d20140716_t1803247_e1809051_b14079_c20140717000905445784_noaa_ops.h5,GDNBO_npp_d20140716_t1803247_e1809051_b14079_c20140717000905445471_noaa_ops.h5,SVI04_npp_d20140716_t1803247_e1809051_b14079_c20140717000905432367_noaa_ops.dspace_rad,VNFF_npp_d20140716_t1803247_e1809051_b14079_v21.csv,World_EEZ_v8_2014.shp,WPP_BFAR_merge.shp,KKP_IDN_merge_20161208.shp,VNF-VBD_npp_20120301-20151231_global_asia-enhanced_c201607211230.bitmask,NCEI_NGA.union.nga_lead2.add_2015ntl.mask,timezone.shp,VBD_platforms-recurring_2015_r20170330.shp,999999,VBD_bridges_c20160811.shp,2.701723;0.592520;-1.537733;-6.424739;-11.321091;-16.224911;-21.132078;-19.454973;-16.614069;-11.826628;-7.007390;-2.161976,98.595314;112.244095;125.823792;124.798187;123.864281;123.023224;122.264351;107.621338;93.259468;94.789581;96.172417;97.426979,npp_d20140716_t1803247_e1809051_b14079,157.574,20.3322,68.5391,99.0201,50.1077,89.8185
24,VBD_npp_d20140716_t1804006_x0988620E_y004562N_l0335_s0114_v23,2017-05-23 13:08:46,0.456209,98.862038,12.2968,2014-07-16 18:04:00,2014-07-17 01:04:00,335,114,0.345884,1,2529,0.471357,0.152728,0.797848,0.4,0.882963,0.75,0.0340922,0.0001,2.34635e-31,999999,9.429843e-02,3,Indonesian Exclusive Economic Zone,WPP572,,SVDNB_npp_d20140716_t1803247_e1809051_b14079_c20140717000905445784_noaa_ops.h5,GDNBO_npp_d20140716_t1803247_e1809051_b14079_c20140717000905445471_noaa_ops.h5,SVI04_npp_d20140716_t1803247_e1809051_b14079_c20140717000905432367_noaa_ops.dspace_rad,VNFF_npp_d20140716_t1803247_e1809051_b14079_v21.csv,World_EEZ_v8_2014.shp,WPP_BFAR_merge.shp,KKP_IDN_merge_20161208.shp,VNF-VBD_npp_20120301-20151231_global_asia-enhanced_c201607211230.bitmask,NCEI_NGA.union.nga_lead2.add_2015ntl.mask,timezone.shp,VBD_platforms-recurring_2015_r20170330.shp,999999,VBD_bridges_c20160811.shp,2.701723;0.592520;-1.537733;-6.424739;-11.321091;-16.224911;-21.132078;-19.454973;-16.614069;-11.826628;-7.007390;-2.161976,98.595314;112.244095;125.823792;124.798187;123.864281;123.023224;122.264351;107.621338;93.259468;94.789581;96.172417;97.426979,npp_d20140716_t1803247_e1809051_b14079,156.786,20.0524,68.4545,98.7076,49.9444,90.492
25,VBD_npp_d20140716_t1804131_x0986983E_y002561S_l0447_s0114_v23,2017-05-23 13:08:46,-0.256057,98.698334,55.6646,2014-07-16 18:04:13,2014-07-17 01:04:13,447,114,0.345829,1,2529,1.04636,0.163403,0.884282,0.4,0.962753,0.75,0.0339407,0.0001,1.86756e-31,999999,-1.622326e-03,3,Indonesian Exclusive Economic Zone,WPP572,,SVDNB_npp_d20140716_t1803247_e1809051_b14079_c20140717000905445784_noaa_ops.h5,GDNBO_npp_d20140716_t1803247_e1809051_b14079_c20140717000905445471_noaa_ops.h5,SVI04_npp_d20140716_t1803247_e1809051_b14079_c20140717000905432367_noaa_ops.dspace_rad,VNFF_npp_d20140716_t1803247_e1809051_b14079_v21.csv,World_EEZ_v8_2014.shp,WPP_BFAR_merge.shp,KKP_IDN_merge_20161208.shp,VNF-VBD_npp_20120301-20151231_global_asia-enhanced_c201607211230.bitmask,NCEI_NGA.union.nga_lead2.add_2015ntl.mask,timezone.shp,VBD_platforms-recurring_2015_r20170330.shp,999999,VBD_bridges_c20160811.shp,2.701723;0.592520;-1.537733;-6.424739;-11.321091;-16.224911;-21.132078;-19.454973;-16.614069;-11.826628;-7.007390;-2.161976,98.595314;112.244095;125.823792;124.798187;123.864281;123.023224;122.264351;107.621338;93.259468;94.789581;96.172417;97.426979,npp_d20140716_t1803247_e1809051_b14079,157.493,20.3874,68.4502,98.8761,50.057,89.8767
26,VBD_npp_d20140716_t1804024_x0988631E_y004508N_l0337_s0115_v23,2017-05-23 13:08:46,0.450833,98.863060,9.34619,2014-07-16 18:04:02,2014-07-17 01:04:02,337,115,0.345884,1,2529,0.370854,0.162872,0.79262,0.4,0.842855,0.75,0.0340958,0.0001,2.65096e-31,999999,3.145204e-03,3,Indonesian Exclusive Economic Zone,WPP572,,SVDNB_npp_d20140716_t1803247_e1809051_b14079_c20140717000905445784_noaa_ops.h5,GDNBO_npp_d20140716_t1803247_e1809051_b14079_c20140717000905445471_noaa_ops.h5,SVI04_npp_d20140716_t1803247_e1809051_b14079_c20140717000905432367_noaa_ops.dspace_rad,VNFF_npp_d20140716_t1803247_e1809051_b14079_v21.csv,World_EEZ_v8_2014.shp,WPP_BFAR_merge.shp,KKP_IDN_merge_20161208.shp,VNF-VBD_npp_20120301-20151231_global_asia-enhanced_c201607211230.bitmask,NCEI_NGA.union.nga_lead2.add_2015ntl.mask,timezone.shp,VBD_platforms-recurring_2015_r20170330.shp,999999,VBD_bridges_c20160811.shp,2.701723;0.592520;-1.537733;-6.424739;-11.321091;-16.224911;-21.132078;-19.454973;-16.614069;-11.826628;-7.007390;-2.161976,98.595314;112.244095;125.823792;124.798187;123.864281;123.023224;122.264351;107.621338;93.259468;94.789581;96.172417;97.426979,npp_d20140716_t1803247_e1809051_b14079,156.788,20.0752,68.4328,99.1559,49.9361,90.4874
27,VBD_npp_d20140716_t1804024_x0988711E_y004138N_l0342_s0117_v23,2017-05-23 13:08:46,0.413844,98.871101,11.4527,2014-07-16 18:04:02,2014-07-17 01:04:02,342,117,0.343067,1,2529,0.413631,0.176535,0.777705,0.4,0.845115,0.75,0.0341015,0.0001,2.92836e-31,999999,-1.196249e-01,3,Indonesian Exclusive Economic Zone,WPP572,,SVDNB_npp_d20140716_t1803247_e1809051_b14079_c20140717000905445784_noaa_ops.h5,GDNBO_npp_d20140716_t1803247_e1809051_b14079_c20140717000905445471_noaa_ops.h5,SVI04_npp_d20140716_t1803247_e1809051_b14079_c20140717000905432367_noaa_ops.dspace_rad,VNFF_npp_d20140716_t1803247_e1809051_b14079_v21.csv,World_EEZ_v8_2014.shp,WPP_BFAR_merge.shp,KKP_IDN_merge_20161208.shp,VNF-VBD_npp_20120301-20151231_global_asia-enhanced_c201607211230.bitmask,NCEI_NGA.union.nga_lead2.add_2015ntl.mask,timezone.shp,VBD_platforms-recurring_2015_r20170330.shp,999999,VBD_bridges_c20160811.shp,2.701723;0.592520;-1.537733;-6.424739;-11.321091;-16.224911;-21.132078;-19.454973;-16.614069;-11.826628;-7.007390;-2.161976,98.595314;112.244095;125.823792;124.798187;123.864281;123.023224;122.264351;107.621338;93.259468;94.789581;96.172417;97.426979,npp_d20140716_t1803247_e1809051_b14079,156.82,20.1226,68.4006,99.0049,49.9277,90.4555
28,VBD_npp_d20140716_t1804024_x0989110E_y004004N_l0343_s0123_v23,2017-05-23 13:08:46,0.400350,98.910980,8.15319,2014-07-16 18:04:02,2014-07-17 01:04:02,343,123,0.294231,1,2529,0.261065,0.195306,0.612016,0.4,0.750322,0.75,0.0341376,0.0001,4.24561e-31,999999,-2.882923e-01,3,Indonesian Exclusive Economic Zone,WPP572,,SVDNB_npp_d20140716_t1803247_e1809051_b14079_c20140717000905445784_noaa_ops.h5,GDNBO_npp_d20140716_t1803247_e1809051_b14079_c20140717000905445471_noaa_ops.h5,SVI04_npp_d20140716_t1803247_e1809051_b14079_c20140717000905432367_noaa_ops.dspace_rad,VNFF_npp_d20140716_t1803247_e1809051_b14079_v21.csv,World_EEZ_v8_2014.shp,WPP_BFAR_merge.shp,KKP_IDN_merge_20161208.shp,VNF-VBD_npp_20120301-20151231_global_asia-enhanced_c201607211230.bitmask,NCEI_NGA.union.nga_lead2.add_2015ntl.mask,timezone.shp,VBD_platforms-recurring_2015_r20170330.shp,999999,VBD_bridges_c20160811.shp,2.701723;0.592520;-1.537733;-6.424739;-11.321091;-16.224911;-21.132078;-19.454973;-16.614069;-11.826628;-7.007390;-2.161976,98.595314;112.244095;125.823792;124.798187;123.864281;123.023224;122.264351;107.621338;93.259468;94.789581;96.172417;97.426979,npp_d20140716_t1803247_e1809051_b14079,156.819,20.2211,68.3032,98.9749,49.8873,90.4444
29,VBD_npp_d20140716_t1804113_x0988176E_y001626S_l0430_s0128_v23,2017-05-23 13:08:46,-0.162568,98.817589,20.2707,2014-07-16 18:04:11,2014-07-17 01:04:11,430,128,0.351077,1,2529,0.666053,0.156965,0.79035,0.4,0.92502,0.75,0.0340513,0.0001,4.64643e-31,999999,5.623134e-02,3,Indonesian Exclusive Economic Zone,WPP572,,SVDNB_npp_d20140716_t1803247_e1809051_b14079_c20140717000905445784_noaa_ops.h5,GDNBO_npp_d20140716_t1803247_e1809051_b14079_c20140717000905445471_noaa_ops.h5,SVI04_npp_d20140716_t1803247_e1809051_b14079_c20140717000905432367_noaa_ops.dspace_rad,VNFF_npp_d20140716_t1803247_e1809051_b14079_v21.csv,World_EEZ_v8_2014.shp,WPP_BFAR_merge.shp,KKP_IDN_merge_20161208.shp,VNF-VBD_npp_20120301-20151231_global_asia-enhanced_c201607211230.bitmask,NCEI_NGA.union.nga_lead2.add_2015ntl.mask,timezone.shp,VBD_platforms-recurring_2015_r20170330.shp,999999,VBD_bridges_c20160811.shp,2.701723;0.592520;-1.537733;-6.424739;-11.321091;-16.224911;-21.132078;-19.454973;-16.614069;-11.826628;-7.007390;-2.161976,98.595314;112.244095;125.823792;124.798187;123.864281;123.023224;122.264351;107.621338;93.259468;94.789581;96.172417;97.426979,npp_d20140716_t1803247_e1809051_b14079,157.366,20.5603,68.2258,98.8807,49.9435,89.9569
30,VBD_npp_d20140716_t1804060_x0989154E_y001816N_l0376_s0131_v23,2017-05-23 13:08:46,0.181576,98.915390,8.47007,2014-07-16 18:04:06,2014-07-17 01:04:06,376,131,0.285226,2,2465,0.21662,0.222434,0.415093,0.4,0.709611,0.75,0.0341434,0.0001,6.39562e-31,999999,-5.320607e-01,3,Indonesian Exclusive Economic Zone,WPP572,,SVDNB_npp_d20140716_t1803247_e1809051_b14079_c20140717000905445784_noaa_ops.h5,GDNBO_npp_d20140716_t1803247_e1809051_b14079_c20140717000905445471_noaa_ops.h5,SVI04_npp_d20140716_t1803247_e1809051_b14079_c20140717000905432367_noaa_ops.dspace_rad,VNFF_npp_d20140716_t1803247_e1809051_b14079_v21.csv,World_EEZ_v8_2014.shp,WPP_BFAR_merge.shp,KKP_IDN_merge_20161208.shp,VNF-VBD_npp_20120301-20151231_global_asia-enhanced_c201607211230.bitmask,NCEI_NGA.union.nga_lead2.add_2015ntl.mask,timezone.shp,VBD_platforms-recurring_2015_r20170330.shp,999999,VBD_bridges_c20160811.shp,2.701723;0.592520;-1.537733;-6.424739;-11.321091;-16.224911;-21.132078;-19.454973;-16.614069;-11.826628;-7.007390;-2.161976,98.595314;112.244095;125.823792;124.798187;123.864281;123.023224;122.264351;107.621338;93.259468;94.789581;96.172417;97.426979,npp_d20140716_t1803247_e1809051_b14079,157.018,20.4419,68.1777,98.9929,49.867,90.255
31,VBD_npp_d20140716_t1804006_x0990730E_y004304N_l0334_s0145_v23,2017-05-23 13:08:46,0.430431,99.073044,9.90787,2014-07-16 18:04:00,2014-07-17 01:04:00,334,145,0.350801,1,2529,0.356991,0.156778,0.52486,0.4,0.807819,0.75,0.0342866,0.0001,1.60097e-30,999999,5.791006e-02,3,Indonesian Exclusive Economic Zone,WPP572,,SVDNB_npp_d20140716_t1803247_e1809051_b14079_c20140717000905445784_noaa_ops.h5,GDNBO_npp_d20140716_t1803247_e1809051_b14079_c20140717000905445471_noaa_ops.h5,SVI04_npp_d20140716_t1803247_e1809051_b14079_c20140717000905432367_noaa_ops.dspace_rad,VNFF_npp_d20140716_t1803247_e1809051_b14079_v21.csv,World_EEZ_v8_2014.shp,WPP_BFAR_merge.shp,KKP_IDN_merge_20161208.shp,VNF-VBD_npp_20120301-20151231_global_asia-enhanced_c201607211230.bitmask,NCEI_NGA.union.nga_lead2.add_2015ntl.mask,timezone.shp,VBD_platforms-recurring_2015_r20170330.shp,999999,VBD_bridges_c20160811.shp,2.701723;0.592520;-1.537733;-6.424739;-11.321091;-16.224911;-21.132078;-19.454973;-16.614069;-11.826628;-7.007390;-2.161976,98.595314;112.244095;125.823792;124.798187;123.864281;123.023224;122.264351;107.621338;93.259468;94.789581;96.172417;97.426979,npp_d20140716_t1803247_e1809051_b14079,156.737,20.5356,67.9532,98.7386,49.7309,90.4728
32,VBD_npp_d20140716_t1804077_x0990082E_y000397N_l0395_s0149_v23,2017-05-23 13:08:46,0.039724,99.008240,16.7471,2014-07-16 18:04:07,2014-07-17 01:04:07,395,149,0.290309,1,2529,0.460845,0.176303,0.762025,0.4,0.833134,0.75,0.0342302,0.0001,1.80619e-30,999999,-1.175423e-01,3,Indonesian Exclusive Economic Zone,WPP572,,SVDNB_npp_d20140716_t1803247_e1809051_b14079_c20140717000905445784_noaa_ops.h5,GDNBO_npp_d20140716_t1803247_e1809051_b14079_c20140717000905445471_noaa_ops.h5,SVI04_npp_d20140716_t1803247_e1809051_b14079_c20140717000905432367_noaa_ops.dspace_rad,VNFF_npp_d20140716_t1803247_e1809051_b14079_v21.csv,World_EEZ_v8_2014.shp,WPP_BFAR_merge.shp,KKP_IDN_merge_20161208.shp,VNF-VBD_npp_20120301-20151231_global_asia-enhanced_c201607211230.bitmask,NCEI_NGA.union.nga_lead2.add_2015ntl.mask,timezone.shp,VBD_platforms-recurring_2015_r20170330.shp,999999,VBD_bridges_c20160811.shp,2.701723;0.592520;-1.537733;-6.424739;-11.321091;-16.224911;-21.132078;-19.454973;-16.614069;-11.826628;-7.007390;-2.161976,98.595314;112.244095;125.823792;124.798187;123.864281;123.023224;122.264351;107.621338;93.259468;94.789581;96.172417;97.426979,npp_d20140716_t1803247_e1809051_b14079,157.115,20.7819,67.8896,98.9245,49.7654,90.1323
33,VBD_npp_d20140716_t1804077_x0990036E_y000123N_l0399_s0149_v23,2017-05-23 13:08:46,0.012282,99.003624,9.96247,2014-07-16 18:04:07,2014-07-17 01:04:07,399,149,0.333399,1,2529,0.403437,0.183117,0.77071,0.4,0.858451,0.75,0.0342248,0.0001,1.76496e-30,999999,-1.787696e-01,3,Indonesian Exclusive Economic Zone,WPP572,,SVDNB_npp_d20140716_t1803247_e1809051_b14079_c20140717000905445784_noaa_ops.h5,GDNBO_npp_d20140716_t1803247_e1809051_b14079_c20140717000905445471_noaa_ops.h5,SVI04_npp_d20140716_t1803247_e1809051_b14079_c20140717000905432367_noaa_ops.dspace_rad,VNFF_npp_d20140716_t1803247_e1809051_b14079_v21.csv,World_EEZ_v8_2014.shp,WPP_BFAR_merge.shp,KKP_IDN_merge_20161208.shp,VNF-VBD_npp_20120301-20151231_global_asia-enhanced_c201607211230.bitmask,NCEI_NGA.union.nga_lead2.add_2015ntl.mask,timezone.shp,VBD_platforms-recurring_2015_r20170330.shp,999999,VBD_bridges_c20160811.shp,2.701723;0.592520;-1.537733;-6.424739;-11.321091;-16.224911;-21.132078;-19.454973;-16.614069;-11.826628;-7.007390;-2.161976,98.595314;112.244095;125.823792;124.798187;123.864281;123.023224;122.264351;107.621338;93.259468;94.789581;96.172417;97.426979,npp_d20140716_t1803247_e1809051_b14079,157.142,20.7948,67.8904,98.8031,49.77,90.1085
34,VBD_npp_d20140716_t1804131_x0989505E_y002397S_l0439_s0150_v23,2017-05-23 13:08:46,-0.239726,98.950470,6.66222,2014-07-16 18:04:13,2014-07-17 01:04:13,439,150,0.344393,2,2209,0.200486,0.18268,0.519469,0.4,0.647108,0.75,0.034176,0.0001,1.80694e-30,999999,-1.748370e-01,3,Indonesian Exclusive Economic Zone,WPP572,,SVDNB_npp_d20140716_t1803247_e1809051_b14079_c20140717000905445784_noaa_ops.h5,GDNBO_npp_d20140716_t1803247_e1809051_b14079_c20140717000905445471_noaa_ops.h5,SVI04_npp_d20140716_t1803247_e1809051_b14079_c20140717000905432367_noaa_ops.dspace_rad,VNFF_npp_d20140716_t1803247_e1809051_b14079_v21.csv,World_EEZ_v8_2014.shp,WPP_BFAR_merge.shp,KKP_IDN_merge_20161208.shp,VNF-VBD_npp_20120301-20151231_global_asia-enhanced_c201607211230.bitmask,NCEI_NGA.union.nga_lead2.add_2015ntl.mask,timezone.shp,VBD_platforms-recurring_2015_r20170330.shp,999999,VBD_bridges_c20160811.shp,2.701723;0.592520;-1.537733;-6.424739;-11.321091;-16.224911;-21.132078;-19.454973;-16.614069;-11.826628;-7.007390;-2.161976,98.595314;112.244095;125.823792;124.798187;123.864281;123.023224;122.264351;107.621338;93.259468;94.789581;96.172417;97.426979,npp_d20140716_t1803247_e1809051_b14079,157.389,20.9402,67.8675,99.1168,49.802,89.8893
35,VBD_npp_d20140716_t1804237_x0988190E_y008877S_l0540_s0153_v23,2017-05-23 13:08:46,-0.887668,98.818970,8.20444,2014-07-16 18:04:23,2014-07-17 01:04:23,540,153,0.301634,2,2465,0.266982,0.186561,0.625489,0.4,0.729857,0.75,0.0341428,0.0001,1.65927e-30,999999,-2.097123e-01,3,Indonesian Exclusive Economic Zone,WPP572,,SVDNB_npp_d20140716_t1803247_e1809051_b14079_c20140717000905445784_noaa_ops.h5,GDNBO_npp_d20140716_t1803247_e1809051_b14079_c20140717000905445471_noaa_ops.h5,SVI04_npp_d20140716_t1803247_e1809051_b14079_c20140717000905432367_noaa_ops.dspace_rad,VNFF_npp_d20140716_t1803247_e1809051_b14079_v21.csv,World_EEZ_v8_2014.shp,WPP_BFAR_merge.shp,KKP_IDN_merge_20161208.shp,VNF-VBD_npp_20120301-20151231_global_asia-enhanced_c201607211230.bitmask,NCEI_NGA.union.nga_lead2.add_2015ntl.mask,timezone.shp,VBD_platforms-recurring_2015_r20170330.shp,999999,VBD_bridges_c20160811.shp,2.701723;0.592520;-1.537733;-6.424739;-11.321091;-16.224911;-21.132078;-19.454973;-16.614069;-11.826628;-7.007390;-2.161976,98.595314;112.244095;125.823792;124.798187;123.864281;123.023224;122.264351;107.621338;93.259468;94.789581;96.172417;97.426979,npp_d20140716_t1803247_e1809051_b14079,158.025,21.3128,67.825,99.1069,49.896,89.3286
36,VBD_npp_d20140716_t1804237_x0988154E_y009082S_l0543_s0153_v23,2017-05-23 13:08:46,-0.908207,98.815437,5.99429,2014-07-16 18:04:23,2014-07-17 01:04:23,543,153,0.313677,2,2209,0.2017,0.153405,0.577006,0.4,0.712673,0.75,0.0341447,0.0001,1.62787e-30,999999,8.821216e-02,3,Indonesian Exclusive Economic Zone,WPP572,,SVDNB_npp_d20140716_t1803247_e1809051_b14079_c20140717000905445784_noaa_ops.h5,GDNBO_npp_d20140716_t1803247_e1809051_b14079_c20140717000905445471_noaa_ops.h5,SVI04_npp_d20140716_t1803247_e1809051_b14079_c20140717000905432367_noaa_ops.dspace_rad,VNFF_npp_d20140716_t1803247_e1809051_b14079_v21.csv,World_EEZ_v8_2014.shp,WPP_BFAR_merge.shp,KKP_IDN_merge_20161208.shp,VNF-VBD_npp_20120301-20151231_global_asia-enhanced_c201607211230.bitmask,NCEI_NGA.union.nga_lead2.add_2015ntl.mask,timezone.shp,VBD_platforms-recurring_2015_r20170330.shp,999999,VBD_bridges_c20160811.shp,2.701723;0.592520;-1.537733;-6.424739;-11.321091;-16.224911;-21.132078;-19.454973;-16.614069;-11.826628;-7.007390;-2.161976,98.595314;112.244095;125.823792;124.798187;123.864281;123.023224;122.264351;107.621338;93.259468;94.789581;96.172417;97.426979,npp_d20140716_t1803247_e1809051_b14079,158.045,21.3233,67.8256,99.0158,49.8998,89.3109
37,VBD_npp_d20140716_t1804077_x0990487E_y000018S_l0400_s0156_v23,2017-05-23 13:08:46,-0.001828,99.048668,21.7555,2014-07-16 18:04:07,2014-07-17 01:04:07,400,156,0.351796,1,2529,0.658951,0.157739,0.823422,0.4,0.892373,0.75,0.034267,0.0001,2.66019e-30,999999,4.927199e-02,3,Indonesian Exclusive Economic Zone,WPP572,,SVDNB_npp_d20140716_t1803247_e1809051_b14079_c20140717000905445784_noaa_ops.h5,GDNBO_npp_d20140716_t1803247_e1809051_b14079_c20140717000905445471_noaa_ops.h5,SVI04_npp_d20140716_t1803247_e1809051_b14079_c20140717000905432367_noaa_ops.dspace_rad,VNFF_npp_d20140716_t1803247_e1809051_b14079_v21.csv,World_EEZ_v8_2014.shp,WPP_BFAR_merge.shp,KKP_IDN_merge_20161208.shp,VNF-VBD_npp_20120301-20151231_global_asia-enhanced_c201607211230.bitmask,NCEI_NGA.union.nga_lead2.add_2015ntl.mask,timezone.shp,VBD_platforms-recurring_2015_r20170330.shp,999999,VBD_bridges_c20160811.shp,2.701723;0.592520;-1.537733;-6.424739;-11.321091;-16.224911;-21.132078;-19.454973;-16.614069;-11.826628;-7.007390;-2.161976,98.595314;112.244095;125.823792;124.798187;123.864281;123.023224;122.264351;107.621338;93.259468;94.789581;96.172417;97.426979,npp_d20140716_t1803247_e1809051_b14079,157.139,20.9065,67.7787,98.7725,49.7244,90.0963
38,VBD_npp_d20140716_t1804077_x0990701E_y000861N_l0387_s0157_v23,2017-05-23 13:08:46,0.086058,99.070084,11.4059,2014-07-16 18:04:07,2014-07-17 01:04:07,387,157,0.322516,1,2529,0.44728,0.203554,0.703288,0.4,0.876541,0.75,0.0342907,0.0001,3.03463e-30,999999,-3.624077e-01,3,Indonesian Exclusive Economic Zone,WPP572,,SVDNB_npp_d20140716_t1803247_e1809051_b14079_c20140717000905445784_noaa_ops.h5,GDNBO_npp_d20140716_t1803247_e1809051_b14079_c20140717000905445471_noaa_ops.h5,SVI04_npp_d20140716_t1803247_e1809051_b14079_c20140717000905432367_noaa_ops.dspace_rad,VNFF_npp_d20140716_t1803247_e1809051_b14079_v21.csv,World_EEZ_v8_2014.shp,WPP_BFAR_merge.shp,KKP_IDN_merge_20161208.shp,VNF-VBD_npp_20120301-20151231_global_asia-enhanced_c201607211230.bitmask,NCEI_NGA.union.nga_lead2.add_2015ntl.mask,timezone.shp,VBD_platforms-recurring_2015_r20170330.shp,999999,VBD_bridges_c20160811.shp,2.701723;0.592520;-1.537733;-6.424739;-11.321091;-16.224911;-21.132078;-19.454973;-16.614069;-11.826628;-7.007390;-2.161976,98.595314;112.244095;125.823792;124.798187;123.864281;123.023224;122.264351;107.621338;93.259468;94.789581;96.172417;97.426979,npp_d20140716_t1803247_e1809051_b14079,157.05,20.8797,67.7607,99.1676,49.7029,90.1728
39,VBD_npp_d20140716_t1804095_x0990497E_y000021S_l0401_s0157_v23,2017-05-23 13:08:46,-0.002088,99.049713,25.9789,2014-07-16 18:04:09,2014-07-17 01:04:09,401,157,0.351796,1,2529,0.726206,0.170601,0.823422,0.4,0.904744,0.75,0.0342719,0.0001,2.99502e-30,999999,-6.629771e-02,3,Indonesian Exclusive Economic Zone,WPP572,,SVDNB_npp_d20140716_t1803247_e1809051_b14079_c20140717000905445784_noaa_ops.h5,GDNBO_npp_d20140716_t1803247_e1809051_b14079_c20140717000905445471_noaa_ops.h5,SVI04_npp_d20140716_t1803247_e1809051_b14079_c20140717000905432367_noaa_ops.dspace_rad,VNFF_npp_d20140716_t1803247_e1809051_b14079_v21.csv,World_EEZ_v8_2014.shp,WPP_BFAR_merge.shp,KKP_IDN_merge_20161208.shp,VNF-VBD_npp_20120301-20151231_global_asia-enhanced_c201607211230.bitmask,NCEI_NGA.union.nga_lead2.add_2015ntl.mask,timezone.shp,VBD_platforms-recurring_2015_r20170330.shp,999999,VBD_bridges_c20160811.shp,2.701723;0.592520;-1.537733;-6.424739;-11.321091;-16.224911;-21.132078;-19.454973;-16.614069;-11.826628;-7.007390;-2.161976,98.595314;112.244095;125.823792;124.798187;123.864281;123.023224;122.264351;107.621338;93.259468;94.789581;96.172417;97.426979,npp_d20140716_t1803247_e1809051_b14079,157.137,20.9255,67.7581,99.2527,49.7161,90.0959
40,VBD_npp_d20140716_t1804060_x0990871E_y001050N_l0383_s0158_v23,2017-05-23 13:08:46,0.104990,99.087074,8.59422,2014-07-16 18:04:06,2014-07-17 01:04:06,383,158,0.342073,1,2529,0.323215,0.17153,0.701643,0.4,0.811388,0.75,0.0343022,0.0001,3.12495e-30,999999,-7.464910e-02,3,Indonesian Exclusive Economic Zone,WPP572,,SVDNB_npp_d20140716_t1803247_e1809051_b14079_c20140717000905445784_noaa_ops.h5,GDNBO_npp_d20140716_t1803247_e1809051_b14079_c20140717000905445471_noaa_ops.h5,SVI04_npp_d20140716_t1803247_e1809051_b14079_c20140717000905432367_noaa_ops.dspace_rad,VNFF_npp_d20140716_t1803247_e1809051_b14079_v21.csv,World_EEZ_v8_2014.shp,WPP_BFAR_merge.shp,KKP_IDN_merge_20161208.shp,VNF-VBD_npp_20120301-20151231_global_asia-enhanced_c201607211230.bitmask,NCEI_NGA.union.nga_lead2.add_2015ntl.mask,timezone.shp,VBD_platforms-recurring_2015_r20170330.shp,999999,VBD_bridges_c20160811.shp,2.701723;0.592520;-1.537733;-6.424739;-11.321091;-16.224911;-21.132078;-19.454973;-16.614069;-11.826628;-7.007390;-2.161976,98.595314;112.244095;125.823792;124.798187;123.864281;123.023224;122.264351;107.621338;93.259468;94.789581;96.172417;97.426979,npp_d20140716_t1803247_e1809051_b14079,157.029,20.8849,67.7455,98.7805,49.693,90.1895
41,VBD_npp_d20140716_t1804131_x0990480E_y003185S_l0448_s0166_v23,2017-05-23 13:08:46,-0.318507,99.048012,13.6617,2014-07-16 18:04:13,2014-07-17 01:04:13,448,166,0.362126,1,2529,0.463258,0.143236,0.746497,0.4,0.870352,0.75,0.0342632,0.0001,4.52043e-30,999999,1.795947e-01,3,Indonesian Exclusive Economic Zone,WPP572,,SVDNB_npp_d20140716_t1803247_e1809051_b14079_c20140717000905445784_noaa_ops.h5,GDNBO_npp_d20140716_t1803247_e1809051_b14079_c20140717000905445471_noaa_ops.h5,SVI04_npp_d20140716_t1803247_e1809051_b14079_c20140717000905432367_noaa_ops.dspace_rad,VNFF_npp_d20140716_t1803247_e1809051_b14079_v21.csv,World_EEZ_v8_2014.shp,WPP_BFAR_merge.shp,KKP_IDN_merge_20161208.shp,VNF-VBD_npp_20120301-20151231_global_asia-enhanced_c201607211230.bitmask,NCEI_NGA.union.nga_lead2.add_2015ntl.mask,timezone.shp,VBD_platforms-recurring_2015_r20170330.shp,999999,VBD_bridges_c20160811.shp,2.701723;0.592520;-1.537733;-6.424739;-11.321091;-16.224911;-21.132078;-19.454973;-16.614069;-11.826628;-7.007390;-2.161976,98.595314;112.244095;125.823792;124.798187;123.864281;123.023224;122.264351;107.621338;93.259468;94.789581;96.172417;97.426979,npp_d20140716_t1803247_e1809051_b14079,157.427,21.2266,67.6066,98.8424,49.7035,89.8201
42,VBD_npp_d20140716_t1804148_x0990521E_y003202S_l0449_s0168_v23,2017-05-23 13:08:46,-0.320242,99.052132,10.041,2014-07-16 18:04:14,2014-07-17 01:04:14,449,168,0.362126,1,2529,0.388058,0.149304,0.750873,0.4,0.836641,0.75,0.0342743,0.0001,5.24163e-30,999999,1.250622e-01,3,Indonesian Exclusive Economic Zone,WPP572,,SVDNB_npp_d20140716_t1803247_e1809051_b14079_c20140717000905445784_noaa_ops.h5,GDNBO_npp_d20140716_t1803247_e1809051_b14079_c20140717000905445471_noaa_ops.h5,SVI04_npp_d20140716_t1803247_e1809051_b14079_c20140717000905432367_noaa_ops.dspace_rad,VNFF_npp_d20140716_t1803247_e1809051_b14079_v21.csv,World_EEZ_v8_2014.shp,WPP_BFAR_merge.shp,KKP_IDN_merge_20161208.shp,VNF-VBD_npp_20120301-20151231_global_asia-enhanced_c201607211230.bitmask,NCEI_NGA.union.nga_lead2.add_2015ntl.mask,timezone.shp,VBD_platforms-recurring_2015_r20170330.shp,999999,VBD_bridges_c20160811.shp,2.701723;0.592520;-1.537733;-6.424739;-11.321091;-16.224911;-21.132078;-19.454973;-16.614069;-11.826628;-7.007390;-2.161976,98.595314;112.244095;125.823792;124.798187;123.864281;123.023224;122.264351;107.621338;93.259468;94.789581;96.172417;97.426979,npp_d20140716_t1803247_e1809051_b14079,157.425,21.2539,67.5779,99.321,49.6921,89.8184
43,VBD_npp_d20140716_t1804095_x0991908E_y000530S_l0405_s0178_v23,2017-05-23 13:08:46,-0.053042,99.190796,7.48264,2014-07-16 18:04:09,2014-07-17 01:04:09,405,178,0.35384,1,2529,0.331446,0.171617,0.700236,0.4,0.848945,0.75,0.0343972,0.0001,1.0732e-29,999999,-7.543266e-02,3,Indonesian Exclusive Economic Zone,WPP572,,SVDNB_npp_d20140716_t1803247_e1809051_b14079_c20140717000905445784_noaa_ops.h5,GDNBO_npp_d20140716_t1803247_e1809051_b14079_c20140717000905445471_noaa_ops.h5,SVI04_npp_d20140716_t1803247_e1809051_b14079_c20140717000905432367_noaa_ops.dspace_rad,VNFF_npp_d20140716_t1803247_e1809051_b14079_v21.csv,World_EEZ_v8_2014.shp,WPP_BFAR_merge.shp,KKP_IDN_merge_20161208.shp,VNF-VBD_npp_20120301-20151231_global_asia-enhanced_c201607211230.bitmask,NCEI_NGA.union.nga_lead2.add_2015ntl.mask,timezone.shp,VBD_platforms-recurring_2015_r20170330.shp,999999,VBD_bridges_c20160811.shp,2.701723;0.592520;-1.537733;-6.424739;-11.321091;-16.224911;-21.132078;-19.454973;-16.614069;-11.826628;-7.007390;-2.161976,98.595314;112.244095;125.823792;124.798187;123.864281;123.023224;122.264351;107.621338;93.259468;94.789581;96.172417;97.426979,npp_d20140716_t1803247_e1809051_b14079,157.133,21.281,67.4017,99.1311,49.5733,90.0516
44,VBD_npp_d20140716_t1804148_x0991256E_y004367S_l0464_s0181_v23,2017-05-23 13:08:46,-0.436735,99.125610,7.4614,2014-07-16 18:04:14,2014-07-17 01:04:14,464,181,0.363121,1,2529,0.31978,0.146229,0.737541,0.4,0.786619,0.75,0.0343346,0.0001,1.07686e-29,999999,1.527006e-01,3,Indonesian Exclusive Economic Zone,WPP572,,SVDNB_npp_d20140716_t1803247_e1809051_b14079_c20140717000905445784_noaa_ops.h5,GDNBO_npp_d20140716_t1803247_e1809051_b14079_c20140717000905445471_noaa_ops.h5,SVI04_npp_d20140716_t1803247_e1809051_b14079_c20140717000905432367_noaa_ops.dspace_rad,VNFF_npp_d20140716_t1803247_e1809051_b14079_v21.csv,World_EEZ_v8_2014.shp,WPP_BFAR_merge.shp,KKP_IDN_merge_20161208.shp,VNF-VBD_npp_20120301-20151231_global_asia-enhanced_c201607211230.bitmask,NCEI_NGA.union.nga_lead2.add_2015ntl.mask,timezone.shp,VBD_platforms-recurring_2015_r20170330.shp,999999,VBD_bridges_c20160811.shp,2.701723;0.592520;-1.537733;-6.424739;-11.321091;-16.224911;-21.132078;-19.454973;-16.614069;-11.826628;-7.007390;-2.161976,98.595314;112.244095;125.823792;124.798187;123.864281;123.023224;122.264351;107.621338;93.259468;94.789581;96.172417;97.426979,npp_d20140716_t1803247_e1809051_b14079,157.506,21.5207,67.3571,98.8633,49.6183,89.716
45,VBD_npp_d20140716_t1804113_x0991890E_y001937S_l0426_s0182_v23,2017-05-23 13:08:46,-0.193678,99.188980,5.67009,2014-07-16 18:04:11,2014-07-17 01:04:11,426,182,0.359475,1,2529,0.222032,0.184935,0.567359,0.4,0.788351,0.75,0.0343932,0.0001,1.28981e-29,999999,-1.951049e-01,3,Indonesian Exclusive Economic Zone,WPP572,,SVDNB_npp_d20140716_t1803247_e1809051_b14079_c20140717000905445784_noaa_ops.h5,GDNBO_npp_d20140716_t1803247_e1809051_b14079_c20140717000905445471_noaa_ops.h5,SVI04_npp_d20140716_t1803247_e1809051_b14079_c20140717000905432367_noaa_ops.dspace_rad,VNFF_npp_d20140716_t1803247_e1809051_b14079_v21.csv,World_EEZ_v8_2014.shp,WPP_BFAR_merge.shp,KKP_IDN_merge_20161208.shp,VNF-VBD_npp_20120301-20151231_global_asia-enhanced_c201607211230.bitmask,NCEI_NGA.union.nga_lead2.add_2015ntl.mask,timezone.shp,VBD_platforms-recurring_2015_r20170330.shp,999999,VBD_bridges_c20160811.shp,2.701723;0.592520;-1.537733;-6.424739;-11.321091;-16.224911;-21.132078;-19.454973;-16.614069;-11.826628;-7.007390;-2.161976,98.595314;112.244095;125.823792;124.798187;123.864281;123.023224;122.264351;107.621338;93.259468;94.789581;96.172417;97.426979,npp_d20140716_t1803247_e1809051_b14079,157.262,21.4152,67.334,99,49.5679,89.9284
46,VBD_npp_d20140716_t1804166_x0991271E_y004381S_l0465_s0182_v23,2017-05-23 13:08:46,-0.438144,99.127144,8.5282,2014-07-16 18:04:16,2014-07-17 01:04:16,465,182,0.363121,1,2529,0.378309,0.142953,0.737541,0.4,0.846573,0.75,0.0343395,0.0001,1.21952e-29,999999,1.821348e-01,3,Indonesian Exclusive Economic Zone,WPP572,,SVDNB_npp_d20140716_t1803247_e1809051_b14079_c20140717000905445784_noaa_ops.h5,GDNBO_npp_d20140716_t1803247_e1809051_b14079_c20140717000905445471_noaa_ops.h5,SVI04_npp_d20140716_t1803247_e1809051_b14079_c20140717000905432367_noaa_ops.dspace_rad,VNFF_npp_d20140716_t1803247_e1809051_b14079_v21.csv,World_EEZ_v8_2014.shp,WPP_BFAR_merge.shp,KKP_IDN_merge_20161208.shp,VNF-VBD_npp_20120301-20151231_global_asia-enhanced_c201607211230.bitmask,NCEI_NGA.union.nga_lead2.add_2015ntl.mask,timezone.shp,VBD_platforms-recurring_2015_r20170330.shp,999999,VBD_bridges_c20160811.shp,2.701723;0.592520;-1.537733;-6.424739;-11.321091;-16.224911;-21.132078;-19.454973;-16.614069;-11.826628;-7.007390;-2.161976,98.595314;112.244095;125.823792;124.798187;123.864281;123.023224;122.264351;107.621338;93.259468;94.789581;96.172417;97.426979,npp_d20140716_t1803247_e1809051_b14079,157.504,21.5419,67.3345,99.3453,49.6095,89.7146
47,VBD_npp_d20140716_t1804060_x0993590E_y001175N_l0375_s0196_v23,2017-05-23 13:08:46,0.117547,99.359001,8.17121,2014-07-16 18:04:06,2014-07-17 01:04:06,375,196,0.360469,8,18913,0.340156,0.16182,0.697028,0.4,0.838205,0.75,0.0345496,0.0001,3.33922e-29,999999,1.260187e-02,3,Indonesian Exclusive Economic Zone,WPP572,Jorongmaligi District Marine Conservation Area,SVDNB_npp_d20140716_t1803247_e1809051_b14079_c20140717000905445784_noaa_ops.h5,GDNBO_npp_d20140716_t1803247_e1809051_b14079_c20140717000905445471_noaa_ops.h5,SVI04_npp_d20140716_t1803247_e1809051_b14079_c20140717000905432367_noaa_ops.dspace_rad,VNFF_npp_d20140716_t1803247_e1809051_b14079_v21.csv,World_EEZ_v8_2014.shp,WPP_BFAR_merge.shp,KKP_IDN_merge_20161208.shp,VNF-VBD_npp_20120301-20151231_global_asia-enhanced_c201607211230.bitmask,NCEI_NGA.union.nga_lead2.add_2015ntl.mask,timezone.shp,VBD_platforms-recurring_2015_r20170330.shp,0.372828,VBD_bridges_c20160811.shp,2.701723;0.592520;-1.537733;-6.424739;-11.321091;-16.224911;-21.132078;-19.454973;-16.614069;-11.826628;-7.007390;-2.161976,98.595314;112.244095;125.823792;124.798187;123.864281;123.023224;122.264351;107.621338;93.259468;94.789581;96.172417;97.426979,npp_d20140716_t1803247_e1809051_b14079,156.919,21.4713,67.0964,99.0242,49.4181,90.2018
48,VBD_npp_d20140716_t1804077_x0993598E_y000438S_l0399_s0201_v23,2017-05-23 13:08:46,-0.043770,99.359833,28.6961,2014-07-16 18:04:07,2014-07-17 01:04:07,399,201,0.364281,1,2529,0.806113,0.141815,0.862702,0.4,0.933392,0.75,0.0345486,0.0001,4.15139e-29,999999,1.923577e-01,3,Indonesian Exclusive Economic Zone,WPP572,,SVDNB_npp_d20140716_t1803247_e1809051_b14079_c20140717000905445784_noaa_ops.h5,GDNBO_npp_d20140716_t1803247_e1809051_b14079_c20140717000905445471_noaa_ops.h5,SVI04_npp_d20140716_t1803247_e1809051_b14079_c20140717000905432367_noaa_ops.dspace_rad,VNFF_npp_d20140716_t1803247_e1809051_b14079_v21.csv,World_EEZ_v8_2014.shp,WPP_BFAR_merge.shp,KKP_IDN_merge_20161208.shp,VNF-VBD_npp_20120301-20151231_global_asia-enhanced_c201607211230.bitmask,NCEI_NGA.union.nga_lead2.add_2015ntl.mask,timezone.shp,VBD_platforms-recurring_2015_r20170330.shp,999999,VBD_bridges_c20160811.shp,2.701723;0.592520;-1.537733;-6.424739;-11.321091;-16.224911;-21.132078;-19.454973;-16.614069;-11.826628;-7.007390;-2.161976,98.595314;112.244095;125.823792;124.798187;123.864281;123.023224;122.264351;107.621338;93.259468;94.789581;96.172417;97.426979,npp_d20140716_t1803247_e1809051_b14079,157.066,21.629,67.014,98.8013,49.4096,90.0598
49,VBD_npp_d20140716_t1804077_x0993857E_y000279N_l0388_s0203_v23,2017-05-23 13:08:46,0.027901,99.385666,10.4959,2014-07-16 18:04:07,2014-07-17 01:04:07,388,203,0.355,1,2529,0.43247,0.148339,0.867066,0.4,0.854325,0.75,0.0345757,0.0001,4.94962e-29,999999,1.337356e-01,3,Indonesian Exclusive Economic Zone,WPP572,Jorongmaligi District Marine Conservation Area,SVDNB_npp_d20140716_t1803247_e1809051_b14079_c20140717000905445784_noaa_ops.h5,GDNBO_npp_d20140716_t1803247_e1809051_b14079_c20140717000905445471_noaa_ops.h5,SVI04_npp_d20140716_t1803247_e1809051_b14079_c20140717000905432367_noaa_ops.dspace_rad,VNFF_npp_d20140716_t1803247_e1809051_b14079_v21.csv,World_EEZ_v8_2014.shp,WPP_BFAR_merge.shp,KKP_IDN_merge_20161208.shp,VNF-VBD_npp_20120301-20151231_global_asia-enhanced_c201607211230.bitmask,NCEI_NGA.union.nga_lead2.add_2015ntl.mask,timezone.shp,VBD_platforms-recurring_2015_r20170330.shp,999999,VBD_bridges_c20160811.shp,2.701723;0.592520;-1.537733;-6.424739;-11.321091;-16.224911;-21.132078;-19.454973;-16.614069;-11.826628;-7.007390;-2.161976,98.595314;112.244095;125.823792;124.798187;123.864281;123.023224;122.264351;107.621338;93.259468;94.789581;96.172417;97.426979,npp_d20140716_t1803247_e1809051_b14079,156.99,21.6232,66.9784,99.1379,49.3836,90.1229
50,VBD_npp_d20140716_t1804077_x0994048E_y000179N_l0389_s0206_v23,2017-05-23 13:08:46,0.017925,99.404762,23.2441,2014-07-16 18:04:07,2014-07-17 01:04:07,389,206,0.370413,1,2529,0.713164,0.150477,0.867066,0.4,0.936137,0.75,0.0345929,0.0001,5.86862e-29,999999,1.145301e-01,3,Indonesian Exclusive Economic Zone,WPP572,,SVDNB_npp_d20140716_t1803247_e1809051_b14079_c20140717000905445784_noaa_ops.h5,GDNBO_npp_d20140716_t1803247_e1809051_b14079_c20140717000905445471_noaa_ops.h5,SVI04_npp_d20140716_t1803247_e1809051_b14079_c20140717000905432367_noaa_ops.dspace_rad,VNFF_npp_d20140716_t1803247_e1809051_b14079_v21.csv,World_EEZ_v8_2014.shp,WPP_BFAR_merge.shp,KKP_IDN_merge_20161208.shp,VNF-VBD_npp_20120301-20151231_global_asia-enhanced_c201607211230.bitmask,NCEI_NGA.union.nga_lead2.add_2015ntl.mask,timezone.shp,VBD_platforms-recurring_2015_r20170330.shp,999999,VBD_bridges_c20160811.shp,2.701723;0.592520;-1.537733;-6.424739;-11.321091;-16.224911;-21.132078;-19.454973;-16.614069;-11.826628;-7.007390;-2.161976,98.595314;112.244095;125.823792;124.798187;123.864281;123.023224;122.264351;107.621338;93.259468;94.789581;96.172417;97.426979,npp_d20140716_t1803247_e1809051_b14079,156.992,21.6737,66.9278,99.1073,49.3643,90.1142
51,VBD_npp_d20140716_t1804469_x0989194E_y022187S_l0739_s0213_v23,2017-05-23 13:08:46,-2.218653,98.919418,11.4886,2014-07-16 18:04:46,2014-07-17 01:04:46,739,213,0.220811,1,2529,0.377724,0.158157,0.672578,0.4,0.797814,0.75,0.0343285,0.0001,3.9652e-29,999999,4.551299e-02,3,Indonesian Exclusive Economic Zone,WPP572,,SVDNB_npp_d20140716_t1803247_e1809051_b14079_c20140717000905445784_noaa_ops.h5,GDNBO_npp_d20140716_t1803247_e1809051_b14079_c20140717000905445471_noaa_ops.h5,SVI04_npp_d20140716_t1803247_e1809051_b14079_c20140717000905432367_noaa_ops.dspace_rad,VNFF_npp_d20140716_t1803247_e1809051_b14079_v21.csv,World_EEZ_v8_2014.shp,WPP_BFAR_merge.shp,KKP_IDN_merge_20161208.shp,VNF-VBD_npp_20120301-20151231_global_asia-enhanced_c201607211230.bitmask,NCEI_NGA.union.nga_lead2.add_2015ntl.mask,timezone.shp,VBD_platforms-recurring_2015_r20170330.shp,999999,VBD_bridges_c20160811.shp,2.701723;0.592520;-1.537733;-6.424739;-11.321091;-16.224911;-21.132078;-19.454973;-16.614069;-11.826628;-7.007390;-2.161976,98.595314;112.244095;125.823792;124.798187;123.864281;123.023224;122.264351;107.621338;93.259468;94.789581;96.172417;97.426979,npp_d20140716_t1803247_e1809051_b14079,159.183,23.0554,66.8178,99.6749,49.7299,88.1636
52,VBD_npp_d20140716_t1804113_x0996346E_y002160S_l0419_s0246_v23,2017-05-23 13:08:46,-0.216003,99.634560,18.6553,2014-07-16 18:04:11,2014-07-17 01:04:11,419,246,0.352956,1,2529,0.648582,0.157436,0.812501,0.4,0.835125,0.75,0.0347989,0.0001,5.86329e-28,999999,5.199146e-02,3,Indonesian Exclusive Economic Zone,WPP572,,SVDNB_npp_d20140716_t1803247_e1809051_b14079_c20140717000905445784_noaa_ops.h5,GDNBO_npp_d20140716_t1803247_e1809051_b14079_c20140717000905445471_noaa_ops.h5,SVI04_npp_d20140716_t1803247_e1809051_b14079_c20140717000905432367_noaa_ops.dspace_rad,VNFF_npp_d20140716_t1803247_e1809051_b14079_v21.csv,World_EEZ_v8_2014.shp,WPP_BFAR_merge.shp,KKP_IDN_merge_20161208.shp,VNF-VBD_npp_20120301-20151231_global_asia-enhanced_c201607211230.bitmask,NCEI_NGA.union.nga_lead2.add_2015ntl.mask,timezone.shp,VBD_platforms-recurring_2015_r20170330.shp,999999,VBD_bridges_c20160811.shp,2.701723;0.592520;-1.537733;-6.424739;-11.321091;-16.224911;-21.132078;-19.454973;-16.614069;-11.826628;-7.007390;-2.161976,98.595314;112.244095;125.823792;124.798187;123.864281;123.023224;122.264351;107.621338;93.259468;94.789581;96.172417;97.426979,npp_d20140716_t1803247_e1809051_b14079,157.117,22.4162,66.2275,99.2209,49.1173,89.9065
53,VBD_npp_d20140716_t1804113_x0996461E_y002745S_l0427_s0249_v23,2017-05-23 13:08:46,-0.274512,99.646111,14.8285,2014-07-16 18:04:11,2014-07-17 01:04:11,427,249,0.274895,1,2529,0.525616,0.170592,0.726772,0.4,0.871258,0.75,0.0348064,0.0001,6.69356e-28,999999,-6.622244e-02,3,Indonesian Exclusive Economic Zone,WPP572,,SVDNB_npp_d20140716_t1803247_e1809051_b14079_c20140717000905445784_noaa_ops.h5,GDNBO_npp_d20140716_t1803247_e1809051_b14079_c20140717000905445471_noaa_ops.h5,SVI04_npp_d20140716_t1803247_e1809051_b14079_c20140717000905432367_noaa_ops.dspace_rad,VNFF_npp_d20140716_t1803247_e1809051_b14079_v21.csv,World_EEZ_v8_2014.shp,WPP_BFAR_merge.shp,KKP_IDN_merge_20161208.shp,VNF-VBD_npp_20120301-20151231_global_asia-enhanced_c201607211230.bitmask,NCEI_NGA.union.nga_lead2.add_2015ntl.mask,timezone.shp,VBD_platforms-recurring_2015_r20170330.shp,999999,VBD_bridges_c20160811.shp,2.701723;0.592520;-1.537733;-6.424739;-11.321091;-16.224911;-21.132078;-19.454973;-16.614069;-11.826628;-7.007390;-2.161976,98.595314;112.244095;125.823792;124.798187;123.864281;123.023224;122.264351;107.621338;93.259468;94.789581;96.172417;97.426979,npp_d20140716_t1803247_e1809051_b14079,157.166,22.4945,66.1749,98.9626,49.1058,89.8545
54,VBD_npp_d20140716_t1804184_x0995547E_y006553S_l0487_s0249_v23,2017-05-23 13:08:46,-0.655282,99.554657,12.6173,2014-07-16 18:04:18,2014-07-17 01:04:18,487,249,0.271581,1,2529,0.465109,0.167121,0.704186,0.4,0.862406,0.75,0.0347238,0.0001,6.0016e-28,999999,-3.503014e-02,3,Indonesian Exclusive Economic Zone,WPP572,,SVDNB_npp_d20140716_t1803247_e1809051_b14079_c20140717000905445784_noaa_ops.h5,GDNBO_npp_d20140716_t1803247_e1809051_b14079_c20140717000905445471_noaa_ops.h5,SVI04_npp_d20140716_t1803247_e1809051_b14079_c20140717000905432367_noaa_ops.dspace_rad,VNFF_npp_d20140716_t1803247_e1809051_b14079_v21.csv,World_EEZ_v8_2014.shp,WPP_BFAR_merge.shp,KKP_IDN_merge_20161208.shp,VNF-VBD_npp_20120301-20151231_global_asia-enhanced_c201607211230.bitmask,NCEI_NGA.union.nga_lead2.add_2015ntl.mask,timezone.shp,VBD_platforms-recurring_2015_r20170330.shp,999999,VBD_bridges_c20160811.shp,2.701723;0.592520;-1.537733;-6.424739;-11.321091;-16.224911;-21.132078;-19.454973;-16.614069;-11.826628;-7.007390;-2.161976,98.595314;112.244095;125.823792;124.798187;123.864281;123.023224;122.264351;107.621338;93.259468;94.789581;96.172417;97.426979,npp_d20140716_t1803247_e1809051_b14079,157.542,22.7091,66.1758,99.1811,49.1714,89.5166
55,VBD_npp_d20140716_t1804362_x0993261E_y016777S_l0647_s0251_v23,2017-05-23 13:08:46,-1.677713,99.326088,6.48363,2014-07-16 18:04:36,2014-07-17 01:04:36,647,251,0.21954,2,2465,0.220333,0.19732,0.521768,0.4,0.741759,0.75,0.0347052,0.0001,4.76022e-28,999999,-3.063907e-01,3,Indonesian Exclusive Economic Zone,WPP572,Kab kep Mentawai District Marine Conservation Area,SVDNB_npp_d20140716_t1803247_e1809051_b14079_c20140717000905445784_noaa_ops.h5,GDNBO_npp_d20140716_t1803247_e1809051_b14079_c20140717000905445471_noaa_ops.h5,SVI04_npp_d20140716_t1803247_e1809051_b14079_c20140717000905432367_noaa_ops.dspace_rad,VNFF_npp_d20140716_t1803247_e1809051_b14079_v21.csv,World_EEZ_v8_2014.shp,WPP_BFAR_merge.shp,KKP_IDN_merge_20161208.shp,VNF-VBD_npp_20120301-20151231_global_asia-enhanced_c201607211230.bitmask,NCEI_NGA.union.nga_lead2.add_2015ntl.mask,timezone.shp,VBD_platforms-recurring_2015_r20170330.shp,999999,VBD_bridges_c20160811.shp,2.701723;0.592520;-1.537733;-6.424739;-11.321091;-16.224911;-21.132078;-19.454973;-16.614069;-11.826628;-7.007390;-2.161976,98.595314;112.244095;125.823792;124.798187;123.864281;123.023224;122.264351;107.621338;93.259468;94.789581;96.172417;97.426979,npp_d20140716_t1803247_e1809051_b14079,158.543,23.3522,66.1422,99.4075,49.347,88.6166
56,VBD_npp_d20140716_t1804113_x0996713E_y002927S_l0429_s0253_v23,2017-05-23 13:08:46,-0.292671,99.671349,6.57971,2014-07-16 18:04:11,2014-07-17 01:04:11,429,253,0.258819,2,2465,0.222138,0.200674,0.722268,0.4,0.684649,0.75,0.0348284,0.0001,8.34973e-28,999999,-3.365294e-01,3,Indonesian Exclusive Economic Zone,WPP572,,SVDNB_npp_d20140716_t1803247_e1809051_b14079_c20140717000905445784_noaa_ops.h5,GDNBO_npp_d20140716_t1803247_e1809051_b14079_c20140717000905445471_noaa_ops.h5,SVI04_npp_d20140716_t1803247_e1809051_b14079_c20140717000905432367_noaa_ops.dspace_rad,VNFF_npp_d20140716_t1803247_e1809051_b14079_v21.csv,World_EEZ_v8_2014.shp,WPP_BFAR_merge.shp,KKP_IDN_merge_20161208.shp,VNF-VBD_npp_20120301-20151231_global_asia-enhanced_c201607211230.bitmask,NCEI_NGA.union.nga_lead2.add_2015ntl.mask,timezone.shp,VBD_platforms-recurring_2015_r20170330.shp,999999,VBD_bridges_c20160811.shp,2.701723;0.592520;-1.537733;-6.424739;-11.321091;-16.224911;-21.132078;-19.454973;-16.614069;-11.826628;-7.007390;-2.161976,98.595314;112.244095;125.823792;124.798187;123.864281;123.023224;122.264351;107.621338;93.259468;94.789581;96.172417;97.426979,npp_d20140716_t1803247_e1809051_b14079,157.173,22.5663,66.1039,98.8978,49.0803,89.8381
57,VBD_npp_d20140716_t1804309_x0994300E_y013483S_l0595_s0255_v23,2017-05-23 13:08:46,-1.348294,99.430008,16.1457,2014-07-16 18:04:30,2014-07-17 01:04:30,595,255,0.371463,1,2529,0.634576,0.13062,0.860333,0.4,0.942156,0.75,0.0348075,0.0001,6.7784e-28,999999,2.929509e-01,3,Indonesian Exclusive Economic Zone,WPP572,,SVDNB_npp_d20140716_t1803247_e1809051_b14079_c20140717000905445784_noaa_ops.h5,GDNBO_npp_d20140716_t1803247_e1809051_b14079_c20140717000905445471_noaa_ops.h5,SVI04_npp_d20140716_t1803247_e1809051_b14079_c20140717000905432367_noaa_ops.dspace_rad,VNFF_npp_d20140716_t1803247_e1809051_b14079_v21.csv,World_EEZ_v8_2014.shp,WPP_BFAR_merge.shp,KKP_IDN_merge_20161208.shp,VNF-VBD_npp_20120301-20151231_global_asia-enhanced_c201607211230.bitmask,NCEI_NGA.union.nga_lead2.add_2015ntl.mask,timezone.shp,VBD_platforms-recurring_2015_r20170330.shp,999999,VBD_bridges_c20160811.shp,2.701723;0.592520;-1.537733;-6.424739;-11.321091;-16.224911;-21.132078;-19.454973;-16.614069;-11.826628;-7.007390;-2.161976,98.595314;112.244095;125.823792;124.798187;123.864281;123.023224;122.264351;107.621338;93.259468;94.789581;96.172417;97.426979,npp_d20140716_t1803247_e1809051_b14079,158.208,23.2108,66.0735,99.469,49.2564,88.9041
58,VBD_npp_d20140716_t1804113_x0997080E_y002421S_l0421_s0257_v23,2017-05-23 13:08:46,-0.242102,99.707970,11.8295,2014-07-16 18:04:11,2014-07-17 01:04:11,421,257,0.335885,1,2529,0.483539,0.160013,0.796869,0.4,0.875281,0.75,0.0348641,0.0001,1.097e-27,999999,2.883705e-02,3,Indonesian Exclusive Economic Zone,WPP572,,SVDNB_npp_d20140716_t1803247_e1809051_b14079_c20140717000905445784_noaa_ops.h5,GDNBO_npp_d20140716_t1803247_e1809051_b14079_c20140717000905445471_noaa_ops.h5,SVI04_npp_d20140716_t1803247_e1809051_b14079_c20140717000905432367_noaa_ops.dspace_rad,VNFF_npp_d20140716_t1803247_e1809051_b14079_v21.csv,World_EEZ_v8_2014.shp,WPP_BFAR_merge.shp,KKP_IDN_merge_20161208.shp,VNF-VBD_npp_20120301-20151231_global_asia-enhanced_c201607211230.bitmask,NCEI_NGA.union.nga_lead2.add_2015ntl.mask,timezone.shp,VBD_platforms-recurring_2015_r20170330.shp,999999,VBD_bridges_c20160811.shp,2.701723;0.592520;-1.537733;-6.424739;-11.321091;-16.224911;-21.132078;-19.454973;-16.614069;-11.826628;-7.007390;-2.161976,98.595314;112.244095;125.823792;124.798187;123.864281;123.023224;122.264351;107.621338;93.259468;94.789581;96.172417;97.426979,npp_d20140716_t1803247_e1809051_b14079,157.113,22.6002,66.0314,99.1561,49.0432,89.8829
59,VBD_npp_d20140716_t1804113_x0997386E_y002682S_l0424_s0262_v23,2017-05-23 13:08:46,-0.268196,99.738625,6.25575,2014-07-16 18:04:11,2014-07-17 01:04:11,424,262,0.333952,1,2529,0.278431,0.150091,0.786611,0.4,0.772251,0.75,0.0348908,0.0001,1.43644e-27,999999,1.179919e-01,3,Indonesian Exclusive Economic Zone,WPP572,,SVDNB_npp_d20140716_t1803247_e1809051_b14079_c20140717000905445784_noaa_ops.h5,GDNBO_npp_d20140716_t1803247_e1809051_b14079_c20140717000905445471_noaa_ops.h5,SVI04_npp_d20140716_t1803247_e1809051_b14079_c20140717000905432367_noaa_ops.dspace_rad,VNFF_npp_d20140716_t1803247_e1809051_b14079_v21.csv,World_EEZ_v8_2014.shp,WPP_BFAR_merge.shp,KKP_IDN_merge_20161208.shp,VNF-VBD_npp_20120301-20151231_global_asia-enhanced_c201607211230.bitmask,NCEI_NGA.union.nga_lead2.add_2015ntl.mask,timezone.shp,VBD_platforms-recurring_2015_r20170330.shp,999999,VBD_bridges_c20160811.shp,2.701723;0.592520;-1.537733;-6.424739;-11.321091;-16.224911;-21.132078;-19.454973;-16.614069;-11.826628;-7.007390;-2.161976,98.595314;112.244095;125.823792;124.798187;123.864281;123.023224;122.264351;107.621338;93.259468;94.789581;96.172417;97.426979,npp_d20140716_t1803247_e1809051_b14079,157.125,22.6909,65.943,99.0589,49.0122,89.8594
60,VBD_npp_d20140716_t1804131_x0997330E_y003520S_l0437_s0264_v23,2017-05-23 13:08:46,-0.351958,99.733032,7.05698,2014-07-16 18:04:13,2014-07-17 01:04:13,437,264,0.26009,2,2465,0.2526,0.216352,0.542425,0.4,0.747197,0.75,0.0348853,0.0001,1.60179e-27,999999,-4.774088e-01,3,Indonesian Exclusive Economic Zone,WPP572,,SVDNB_npp_d20140716_t1803247_e1809051_b14079_c20140717000905445784_noaa_ops.h5,GDNBO_npp_d20140716_t1803247_e1809051_b14079_c20140717000905445471_noaa_ops.h5,SVI04_npp_d20140716_t1803247_e1809051_b14079_c20140717000905432367_noaa_ops.dspace_rad,VNFF_npp_d20140716_t1803247_e1809051_b14079_v21.csv,World_EEZ_v8_2014.shp,WPP_BFAR_merge.shp,KKP_IDN_merge_20161208.shp,VNF-VBD_npp_20120301-20151231_global_asia-enhanced_c201607211230.bitmask,NCEI_NGA.union.nga_lead2.add_2015ntl.mask,timezone.shp,VBD_platforms-recurring_2015_r20170330.shp,999999,VBD_bridges_c20160811.shp,2.701723;0.592520;-1.537733;-6.424739;-11.321091;-16.224911;-21.132078;-19.454973;-16.614069;-11.826628;-7.007390;-2.161976,98.595314;112.244095;125.823792;124.798187;123.864281;123.023224;122.264351;107.621338;93.259468;94.789581;96.172417;97.426979,npp_d20140716_t1803247_e1809051_b14079,157.202,22.7718,65.904,99.1791,49.0109,89.7846
61,VBD_npp_d20140716_t1804415_x0993500E_y020280S_l0699_s0266_v23,2017-05-23 13:08:46,-2.027960,99.349976,14.9218,2014-07-16 18:04:41,2014-07-17 01:04:41,699,266,0.264233,1,2529,0.545885,0.162749,0.785464,0.4,0.888084,0.75,0.0347183,0.0001,9.85825e-28,999999,4.250536e-03,3,Indonesian Exclusive Economic Zone,WPP572,,SVDNB_npp_d20140716_t1803247_e1809051_b14079_c20140717000905445784_noaa_ops.h5,GDNBO_npp_d20140716_t1803247_e1809051_b14079_c20140717000905445471_noaa_ops.h5,SVI04_npp_d20140716_t1803247_e1809051_b14079_c20140717000905432367_noaa_ops.dspace_rad,VNFF_npp_d20140716_t1803247_e1809051_b14079_v21.csv,World_EEZ_v8_2014.shp,WPP_BFAR_merge.shp,KKP_IDN_merge_20161208.shp,VNF-VBD_npp_20120301-20151231_global_asia-enhanced_c201607211230.bitmask,NCEI_NGA.union.nga_lead2.add_2015ntl.mask,timezone.shp,VBD_platforms-recurring_2015_r20170330.shp,999999,VBD_bridges_c20160811.shp,2.701723;0.592520;-1.537733;-6.424739;-11.321091;-16.224911;-21.132078;-19.454973;-16.614069;-11.826628;-7.007390;-2.161976,98.595314;112.244095;125.823792;124.798187;123.864281;123.023224;122.264351;107.621338;93.259468;94.789581;96.172417;97.426979,npp_d20140716_t1803247_e1809051_b14079,158.846,23.8183,65.8774,99.3441,49.3107,88.3048
62,VBD_npp_d20140716_t1804380_x0994119E_y017838S_l0661_s0267_v23,2017-05-23 13:08:46,-1.783785,99.411888,6.00335,2014-07-16 18:04:38,2014-07-17 01:04:38,661,267,0.274232,2,2465,0.24052,0.161808,0.635427,0.4,0.706435,0.75,0.0347824,0.0001,1.1569e-27,999999,1.270683e-02,3,Indonesian Exclusive Economic Zone,WPP572,,SVDNB_npp_d20140716_t1803247_e1809051_b14079_c20140717000905445784_noaa_ops.h5,GDNBO_npp_d20140716_t1803247_e1809051_b14079_c20140717000905445471_noaa_ops.h5,SVI04_npp_d20140716_t1803247_e1809051_b14079_c20140717000905432367_noaa_ops.dspace_rad,VNFF_npp_d20140716_t1803247_e1809051_b14079_v21.csv,World_EEZ_v8_2014.shp,WPP_BFAR_merge.shp,KKP_IDN_merge_20161208.shp,VNF-VBD_npp_20120301-20151231_global_asia-enhanced_c201607211230.bitmask,NCEI_NGA.union.nga_lead2.add_2015ntl.mask,timezone.shp,VBD_platforms-recurring_2015_r20170330.shp,999999,VBD_bridges_c20160811.shp,2.701723;0.592520;-1.537733;-6.424739;-11.321091;-16.224911;-21.132078;-19.454973;-16.614069;-11.826628;-7.007390;-2.161976,98.595314;112.244095;125.823792;124.798187;123.864281;123.023224;122.264351;107.621338;93.259468;94.789581;96.172417;97.426979,npp_d20140716_t1803247_e1809051_b14079,158.603,23.6749,65.8611,99.4931,49.2557,88.518
63,VBD_npp_d20140716_t1804131_x0997725E_y003654S_l0438_s0270_v23,2017-05-23 13:08:46,-0.365394,99.772453,8.22115,2014-07-16 18:04:13,2014-07-17 01:04:13,438,270,0.288209,1,2529,0.30763,0.179972,0.627825,0.4,0.783019,0.75,0.0349209,0.0001,2.23388e-27,999999,-1.505100e-01,3,Indonesian Exclusive Economic Zone,WPP572,,SVDNB_npp_d20140716_t1803247_e1809051_b14079_c20140717000905445784_noaa_ops.h5,GDNBO_npp_d20140716_t1803247_e1809051_b14079_c20140717000905445471_noaa_ops.h5,SVI04_npp_d20140716_t1803247_e1809051_b14079_c20140717000905432367_noaa_ops.dspace_rad,VNFF_npp_d20140716_t1803247_e1809051_b14079_v21.csv,World_EEZ_v8_2014.shp,WPP_BFAR_merge.shp,KKP_IDN_merge_20161208.shp,VNF-VBD_npp_20120301-20151231_global_asia-enhanced_c201607211230.bitmask,NCEI_NGA.union.nga_lead2.add_2015ntl.mask,timezone.shp,VBD_platforms-recurring_2015_r20170330.shp,999999,VBD_bridges_c20160811.shp,2.701723;0.592520;-1.537733;-6.424739;-11.321091;-16.224911;-21.132078;-19.454973;-16.614069;-11.826628;-7.007390;-2.161976,98.595314;112.244095;125.823792;124.798187;123.864281;123.023224;122.264351;107.621338;93.259468;94.789581;96.172417;97.426979,npp_d20140716_t1803247_e1809051_b14079,157.199,22.8703,65.7979,99.1465,48.9711,89.7722
64,VBD_npp_d20140716_t1804255_x0997338E_y010741S_l0546_s0289_v23,2017-05-23 13:08:46,-1.074095,99.733788,6.61779,2014-07-16 18:04:25,2014-07-17 01:04:25,546,289,0.360856,2,2465,0.316622,0.180551,0.6832,0.4,0.736597,0.75,0.0349873,0.0001,5.15081e-27,999999,-1.557070e-01,3,Indonesian Exclusive Economic Zone,WPP572,,SVDNB_npp_d20140716_t1803247_e1809051_b14079_c20140717000905445784_noaa_ops.h5,GDNBO_npp_d20140716_t1803247_e1809051_b14079_c20140717000905445471_noaa_ops.h5,SVI04_npp_d20140716_t1803247_e1809051_b14079_c20140717000905432367_noaa_ops.dspace_rad,VNFF_npp_d20140716_t1803247_e1809051_b14079_v21.csv,World_EEZ_v8_2014.shp,WPP_BFAR_merge.shp,KKP_IDN_merge_20161208.shp,VNF-VBD_npp_20120301-20151231_global_asia-enhanced_c201607211230.bitmask,NCEI_NGA.union.nga_lead2.add_2015ntl.mask,timezone.shp,VBD_platforms-recurring_2015_r20170330.shp,999999,VBD_bridges_c20160811.shp,2.701723;0.592520;-1.537733;-6.424739;-11.321091;-16.224911;-21.132078;-19.454973;-16.614069;-11.826628;-7.007390;-2.161976,98.595314;112.244095;125.823792;124.798187;123.864281;123.023224;122.264351;107.621338;93.259468;94.789581;96.172417;97.426979,npp_d20140716_t1803247_e1809051_b14079,157.845,23.5752,65.4681,99.4282,48.9662,89.1379
65,VBD_npp_d20140716_t1804576_x0992860E_y029384S_l0838_s0289_v23,2017-05-23 13:08:46,-2.938405,99.285995,10.2795,2014-07-16 18:04:57,2014-07-17 01:04:57,838,289,0.374943,1,2529,0.47512,0.15413,0.822813,0.4,0.877818,0.75,0.0346339,0.0001,2.59551e-27,999999,8.170356e-02,3,Indonesian Exclusive Economic Zone,WPP572,,SVDNB_npp_d20140716_t1803247_e1809051_b14079_c20140717000905445784_noaa_ops.h5,GDNBO_npp_d20140716_t1803247_e1809051_b14079_c20140717000905445471_noaa_ops.h5,SVI04_npp_d20140716_t1803247_e1809051_b14079_c20140717000905432367_noaa_ops.dspace_rad,VNFF_npp_d20140716_t1803247_e1809051_b14079_v21.csv,World_EEZ_v8_2014.shp,WPP_BFAR_merge.shp,KKP_IDN_merge_20161208.shp,VNF-VBD_npp_20120301-20151231_global_asia-enhanced_c201607211230.bitmask,NCEI_NGA.union.nga_lead2.add_2015ntl.mask,timezone.shp,VBD_platforms-recurring_2015_r20170330.shp,999999,VBD_bridges_c20160811.shp,2.701723;0.592520;-1.537733;-6.424739;-11.321091;-16.224911;-21.132078;-19.454973;-16.614069;-11.826628;-7.007390;-2.161976,98.595314;112.244095;125.823792;124.798187;123.864281;123.023224;122.264351;107.621338;93.259468;94.789581;96.172417;97.426979,npp_d20140716_t1803247_e1809051_b14079,159.674,24.8151,65.4748,99.7011,49.3439,87.5008
66,VBD_npp_d20140716_t1804237_x0997867E_y009764S_l0530_s0293_v23,2017-05-23 13:08:46,-0.976393,99.786743,12.3088,2014-07-16 18:04:23,2014-07-17 01:04:23,530,293,0.359254,1,2529,0.49936,0.175336,0.783004,0.4,0.773029,0.75,0.0350024,0.0001,6.74203e-27,999999,-1.088487e-01,3,Indonesian Exclusive Economic Zone,WPP572,,SVDNB_npp_d20140716_t1803247_e1809051_b14079_c20140717000905445784_noaa_ops.h5,GDNBO_npp_d20140716_t1803247_e1809051_b14079_c20140717000905445471_noaa_ops.h5,SVI04_npp_d20140716_t1803247_e1809051_b14079_c20140717000905432367_noaa_ops.dspace_rad,VNFF_npp_d20140716_t1803247_e1809051_b14079_v21.csv,World_EEZ_v8_2014.shp,WPP_BFAR_merge.shp,KKP_IDN_merge_20161208.shp,VNF-VBD_npp_20120301-20151231_global_asia-enhanced_c201607211230.bitmask,NCEI_NGA.union.nga_lead2.add_2015ntl.mask,timezone.shp,VBD_platforms-recurring_2015_r20170330.shp,999999,VBD_bridges_c20160811.shp,2.701723;0.592520;-1.537733;-6.424739;-11.321091;-16.224911;-21.132078;-19.454973;-16.614069;-11.826628;-7.007390;-2.161976,98.595314;112.244095;125.823792;124.798187;123.864281;123.023224;122.264351;107.621338;93.259468;94.789581;96.172417;97.426979,npp_d20140716_t1803247_e1809051_b14079,157.737,23.5808,65.3913,99.4073,48.9185,89.224
67,VBD_npp_d20140716_t1804237_x0998127E_y010362S_l0538_s0298_v23,2017-05-23 13:08:46,-1.036209,99.812721,7.31399,2014-07-16 18:04:23,2014-07-17 01:04:23,538,298,0.363065,2,2465,0.336387,0.14852,0.7758,0.4,0.693722,0.75,0.035038,0.0001,8.61101e-27,999999,1.321107e-01,3,Indonesian Exclusive Economic Zone,WPP572,,SVDNB_npp_d20140716_t1803247_e1809051_b14079_c20140717000905445784_noaa_ops.h5,GDNBO_npp_d20140716_t1803247_e1809051_b14079_c20140717000905445471_noaa_ops.h5,SVI04_npp_d20140716_t1803247_e1809051_b14079_c20140717000905432367_noaa_ops.dspace_rad,VNFF_npp_d20140716_t1803247_e1809051_b14079_v21.csv,World_EEZ_v8_2014.shp,WPP_BFAR_merge.shp,KKP_IDN_merge_20161208.shp,VNF-VBD_npp_20120301-20151231_global_asia-enhanced_c201607211230.bitmask,NCEI_NGA.union.nga_lead2.add_2015ntl.mask,timezone.shp,VBD_platforms-recurring_2015_r20170330.shp,999999,VBD_bridges_c20160811.shp,2.701723;0.592520;-1.537733;-6.424739;-11.321091;-16.224911;-21.132078;-19.454973;-16.614069;-11.826628;-7.007390;-2.161976,98.595314;112.244095;125.823792;124.798187;123.864281;123.023224;122.264351;107.621338;93.259468;94.789581;96.172417;97.426979,npp_d20140716_t1803247_e1809051_b14079,157.781,23.6972,65.2984,99.1466,48.8931,89.1697
68,VBD_npp_d20140716_t1804255_x0998944E_y011422S_l0552_s0313_v23,2017-05-23 13:08:46,-1.142243,99.894371,12.7802,2014-07-16 18:04:25,2014-07-17 01:04:25,552,313,0.374114,1,2529,0.539255,0.1537,0.818266,0.4,0.892823,0.75,0.0351385,0.0001,1.96113e-26,999999,8.556371e-02,3,Indonesian Exclusive Economic Zone,WPP572,,SVDNB_npp_d20140716_t1803247_e1809051_b14079_c20140717000905445784_noaa_ops.h5,GDNBO_npp_d20140716_t1803247_e1809051_b14079_c20140717000905445471_noaa_ops.h5,SVI04_npp_d20140716_t1803247_e1809051_b14079_c20140717000905432367_noaa_ops.dspace_rad,VNFF_npp_d20140716_t1803247_e1809051_b14079_v21.csv,World_EEZ_v8_2014.shp,WPP_BFAR_merge.shp,KKP_IDN_merge_20161208.shp,VNF-VBD_npp_20120301-20151231_global_asia-enhanced_c201607211230.bitmask,NCEI_NGA.union.nga_lead2.add_2015ntl.mask,timezone.shp,VBD_platforms-recurring_2015_r20170330.shp,999999,VBD_bridges_c20160811.shp,2.701723;0.592520;-1.537733;-6.424739;-11.321091;-16.224911;-21.132078;-19.454973;-16.614069;-11.826628;-7.007390;-2.161976,98.595314;112.244095;125.823792;124.798187;123.864281;123.023224;122.264351;107.621338;93.259468;94.789581;96.172417;97.426979,npp_d20140716_t1803247_e1809051_b14079,157.842,24.0002,65.0196,99.2298,48.805,89.0715
69,VBD_npp_d20140716_t1804273_x0999455E_y012205S_l0563_s0323_v23,2017-05-23 13:08:46,-1.220484,99.945465,5.95808,2014-07-16 18:04:27,2014-07-17 01:04:27,563,323,0.367982,1,2529,0.283466,0.174762,0.647357,0.4,0.84841,0.75,0.0352064,0.0001,3.4235e-26,999999,-1.036936e-01,3,Indonesian Exclusive Economic Zone,WPP572,,SVDNB_npp_d20140716_t1803247_e1809051_b14079_c20140717000905445784_noaa_ops.h5,GDNBO_npp_d20140716_t1803247_e1809051_b14079_c20140717000905445471_noaa_ops.h5,SVI04_npp_d20140716_t1803247_e1809051_b14079_c20140717000905432367_noaa_ops.dspace_rad,VNFF_npp_d20140716_t1803247_e1809051_b14079_v21.csv,World_EEZ_v8_2014.shp,WPP_BFAR_merge.shp,KKP_IDN_merge_20161208.shp,VNF-VBD_npp_20120301-20151231_global_asia-enhanced_c201607211230.bitmask,NCEI_NGA.union.nga_lead2.add_2015ntl.mask,timezone.shp,VBD_platforms-recurring_2015_r20170330.shp,999999,VBD_bridges_c20160811.shp,2.701723;0.592520;-1.537733;-6.424739;-11.321091;-16.224911;-21.132078;-19.454973;-16.614069;-11.826628;-7.007390;-2.161976,98.595314;112.244095;125.823792;124.798187;123.864281;123.023224;122.264351;107.621338;93.259468;94.789581;96.172417;97.426979,npp_d20140716_t1803247_e1809051_b14079,157.89,24.2088,64.831,99.4233,48.7474,88.999
70,VBD_npp_d20140716_t1804558_x0995634E_y028642S_l0820_s0325_v23,2017-05-23 13:08:46,-2.864236,99.563438,7.29628,2014-07-16 18:04:55,2014-07-17 01:04:55,820,325,0.374225,1,2529,0.333593,0.205749,0.691519,0.4,0.810779,0.75,0.034885,0.0001,2.15134e-26,999999,-3.821344e-01,3,Indonesian Exclusive Economic Zone,WPP572,,SVDNB_npp_d20140716_t1803247_e1809051_b14079_c20140717000905445784_noaa_ops.h5,GDNBO_npp_d20140716_t1803247_e1809051_b14079_c20140717000905445471_noaa_ops.h5,SVI04_npp_d20140716_t1803247_e1809051_b14079_c20140717000905432367_noaa_ops.dspace_rad,VNFF_npp_d20140716_t1803247_e1809051_b14079_v21.csv,World_EEZ_v8_2014.shp,WPP_BFAR_merge.shp,KKP_IDN_merge_20161208.shp,VNF-VBD_npp_20120301-20151231_global_asia-enhanced_c201607211230.bitmask,NCEI_NGA.union.nga_lead2.add_2015ntl.mask,timezone.shp,VBD_platforms-recurring_2015_r20170330.shp,999999,VBD_bridges_c20160811.shp,2.701723;0.592520;-1.537733;-6.424739;-11.321091;-16.224911;-21.132078;-19.454973;-16.614069;-11.826628;-7.007390;-2.161976,98.595314;112.244095;125.823792;124.798187;123.864281;123.023224;122.264351;107.621338;93.259468;94.789581;96.172417;97.426979,npp_d20140716_t1803247_e1809051_b14079,159.493,25.3729,64.8016,99.7399,49.068,87.5426
71,VBD_npp_d20140716_t1804255_x0999971E_y011159S_l0546_s0327_v23,2017-05-23 13:08:46,-1.115941,99.997078,28.7677,2014-07-16 18:04:25,2014-07-17 01:04:25,546,327,0.371573,1,2529,0.842556,0.175021,0.870799,0.4,0.882528,0.75,0.0352208,0.0001,4.38823e-26,999999,-1.060207e-01,3,Indonesian Exclusive Economic Zone,WPP572,,SVDNB_npp_d20140716_t1803247_e1809051_b14079_c20140717000905445784_noaa_ops.h5,GDNBO_npp_d20140716_t1803247_e1809051_b14079_c20140717000905445471_noaa_ops.h5,SVI04_npp_d20140716_t1803247_e1809051_b14079_c20140717000905432367_noaa_ops.dspace_rad,VNFF_npp_d20140716_t1803247_e1809051_b14079_v21.csv,World_EEZ_v8_2014.shp,WPP_BFAR_merge.shp,KKP_IDN_merge_20161208.shp,VNF-VBD_npp_20120301-20151231_global_asia-enhanced_c201607211230.bitmask,NCEI_NGA.union.nga_lead2.add_2015ntl.mask,timezone.shp,VBD_platforms-recurring_2015_r20170330.shp,999999,VBD_bridges_c20160811.shp,2.701723;0.592520;-1.537733;-6.424739;-11.321091;-16.224911;-21.132078;-19.454973;-16.614069;-11.826628;-7.007390;-2.161976,98.595314;112.244095;125.823792;124.798187;123.864281;123.023224;122.264351;107.621338;93.259468;94.789581;96.172417;97.426979,npp_d20140716_t1803247_e1809051_b14079,157.776,24.2016,64.759,99.434,48.7007,89.0917
72,VBD_npp_d20140716_t1804166_x1001104E_y006891S_l0478_s0328_v23,2017-05-23 13:08:46,-0.689117,100.110443,6.09225,2014-07-16 18:04:16,2014-07-17 01:04:16,478,328,0.250201,2,2209,0.201161,0.151024,0.440123,0.4,0.743867,0.75,0.0352231,0.0001,5.06518e-26,999999,1.096123e-01,3,Indonesian Exclusive Economic Zone,WPP572,P. Ujung_P. Tangah_P. Angso_P. Kasiak District Marine Conservation Area,SVDNB_npp_d20140716_t1803247_e1809051_b14079_c20140717000905445784_noaa_ops.h5,GDNBO_npp_d20140716_t1803247_e1809051_b14079_c20140717000905445471_noaa_ops.h5,SVI04_npp_d20140716_t1803247_e1809051_b14079_c20140717000905432367_noaa_ops.dspace_rad,VNFF_npp_d20140716_t1803247_e1809051_b14079_v21.csv,World_EEZ_v8_2014.shp,WPP_BFAR_merge.shp,KKP_IDN_merge_20161208.shp,VNF-VBD_npp_20120301-20151231_global_asia-enhanced_c201607211230.bitmask,NCEI_NGA.union.nga_lead2.add_2015ntl.mask,timezone.shp,VBD_platforms-recurring_2015_r20170330.shp,999999,VBD_bridges_c20160811.shp,2.701723;0.592520;-1.537733;-6.424739;-11.321091;-16.224911;-21.132078;-19.454973;-16.614069;-11.826628;-7.007390;-2.161976,98.595314;112.244095;125.823792;124.798187;123.864281;123.023224;122.264351;107.621338;93.259468;94.789581;96.172417;97.426979,npp_d20140716_t1803247_e1809051_b14079,157.356,23.9473,64.7409,98.9167,48.6169,89.4757
73,VBD_npp_d20140716_t1804237_x1000279E_y011004S_l0542_s0330_v23,2017-05-23 13:08:46,-1.100396,100.027901,6.41795,2014-07-16 18:04:23,2014-07-17 01:04:23,542,330,0.376214,1,2529,0.305858,0.15418,0.839092,0.4,0.761671,0.75,0.0352368,0.0001,5.00448e-26,999999,8.124867e-02,3,Indonesian Exclusive Economic Zone,WPP572,,SVDNB_npp_d20140716_t1803247_e1809051_b14079_c20140717000905445784_noaa_ops.h5,GDNBO_npp_d20140716_t1803247_e1809051_b14079_c20140717000905445471_noaa_ops.h5,SVI04_npp_d20140716_t1803247_e1809051_b14079_c20140717000905432367_noaa_ops.dspace_rad,VNFF_npp_d20140716_t1803247_e1809051_b14079_v21.csv,World_EEZ_v8_2014.shp,WPP_BFAR_merge.shp,KKP_IDN_merge_20161208.shp,VNF-VBD_npp_20120301-20151231_global_asia-enhanced_c201607211230.bitmask,NCEI_NGA.union.nga_lead2.add_2015ntl.mask,timezone.shp,VBD_platforms-recurring_2015_r20170330.shp,999999,VBD_bridges_c20160811.shp,2.701723;0.592520;-1.537733;-6.424739;-11.321091;-16.224911;-21.132078;-19.454973;-16.614069;-11.826628;-7.007390;-2.161976,98.595314;112.244095;125.823792;124.798187;123.864281;123.023224;122.264351;107.621338;93.259468;94.789581;96.172417;97.426979,npp_d20140716_t1803247_e1809051_b14079,157.753,24.2378,64.7038,99.0026,48.6765,89.1051
74,VBD_npp_d20140716_t1804202_x1001439E_y008283S_l0499_s0338_v23,2017-05-23 13:08:46,-0.828332,100.143890,8.02003,2014-07-16 18:04:20,2014-07-17 01:04:20,499,338,0.372844,1,2529,0.386933,0.161023,0.73456,0.4,0.890364,0.75,0.0352605,0.0001,8.75573e-26,999999,1.976381e-02,3,Indonesian Exclusive Economic Zone,WPP572,,SVDNB_npp_d20140716_t1803247_e1809051_b14079_c20140717000905445784_noaa_ops.h5,GDNBO_npp_d20140716_t1803247_e1809051_b14079_c20140717000905445471_noaa_ops.h5,SVI04_npp_d20140716_t1803247_e1809051_b14079_c20140717000905432367_noaa_ops.dspace_rad,VNFF_npp_d20140716_t1803247_e1809051_b14079_v21.csv,World_EEZ_v8_2014.shp,WPP_BFAR_merge.shp,KKP_IDN_merge_20161208.shp,VNF-VBD_npp_20120301-20151231_global_asia-enhanced_c201607211230.bitmask,NCEI_NGA.union.nga_lead2.add_2015ntl.mask,timezone.shp,VBD_platforms-recurring_2015_r20170330.shp,999999,VBD_bridges_c20160811.shp,2.701723;0.592520;-1.537733;-6.424739;-11.321091;-16.224911;-21.132078;-19.454973;-16.614069;-11.826628;-7.007390;-2.161976,98.595314;112.244095;125.823792;124.798187;123.864281;123.023224;122.264351;107.621338;93.259468;94.789581;96.172417;97.426979,npp_d20140716_t1803247_e1809051_b14079,157.463,24.189,64.5512,99.3356,48.57,89.3483
75,VBD_npp_d20140716_t1804184_x1001640E_y007827S_l0491_s0339_v23,2017-05-23 13:08:46,-0.782736,100.163956,12.2131,2014-07-16 18:04:18,2014-07-17 01:04:18,491,339,0.280033,1,2529,0.469469,0.186495,0.754814,0.4,0.843966,0.75,0.0352728,0.0001,9.02216e-26,999999,-2.091164e-01,3,Indonesian Exclusive Economic Zone,WPP572,,SVDNB_npp_d20140716_t1803247_e1809051_b14079_c20140717000905445784_noaa_ops.h5,GDNBO_npp_d20140716_t1803247_e1809051_b14079_c20140717000905445471_noaa_ops.h5,SVI04_npp_d20140716_t1803247_e1809051_b14079_c20140717000905432367_noaa_ops.dspace_rad,VNFF_npp_d20140716_t1803247_e1809051_b14079_v21.csv,World_EEZ_v8_2014.shp,WPP_BFAR_merge.shp,KKP_IDN_merge_20161208.shp,VNF-VBD_npp_20120301-20151231_global_asia-enhanced_c201607211230.bitmask,NCEI_NGA.union.nga_lead2.add_2015ntl.mask,timezone.shp,VBD_platforms-recurring_2015_r20170330.shp,999999,VBD_bridges_c20160811.shp,2.701723;0.592520;-1.537733;-6.424739;-11.321091;-16.224911;-21.132078;-19.454973;-16.614069;-11.826628;-7.007390;-2.161976,98.595314;112.244095;125.823792;124.798187;123.864281;123.023224;122.264351;107.621338;93.259468;94.789581;96.172417;97.426979,npp_d20140716_t1803247_e1809051_b14079,157.416,24.1716,64.5372,99.0382,48.5565,89.3895
76,VBD_npp_d20140716_t1804309_x0999910E_y015120S_l0605_s0339_v23,2017-05-23 13:08:46,-1.511963,99.991043,8.30991,2014-07-16 18:04:30,2014-07-17 01:04:30,605,339,0.25114,1,2529,0.320182,0.18171,0.63585,0.4,0.777384,0.75,0.0353094,0.0001,7.10055e-26,999999,-1.661202e-01,3,Indonesian Exclusive Economic Zone,WPP572,,SVDNB_npp_d20140716_t1803247_e1809051_b14079_c20140717000905445784_noaa_ops.h5,GDNBO_npp_d20140716_t1803247_e1809051_b14079_c20140717000905445471_noaa_ops.h5,SVI04_npp_d20140716_t1803247_e1809051_b14079_c20140717000905432367_noaa_ops.dspace_rad,VNFF_npp_d20140716_t1803247_e1809051_b14079_v21.csv,World_EEZ_v8_2014.shp,WPP_BFAR_merge.shp,KKP_IDN_merge_20161208.shp,VNF-VBD_npp_20120301-20151231_global_asia-enhanced_c201607211230.bitmask,NCEI_NGA.union.nga_lead2.add_2015ntl.mask,timezone.shp,VBD_platforms-recurring_2015_r20170330.shp,999999,VBD_bridges_c20160811.shp,2.701723;0.592520;-1.537733;-6.424739;-11.321091;-16.224911;-21.132078;-19.454973;-16.614069;-11.826628;-7.007390;-2.161976,98.595314;112.244095;125.823792;124.798187;123.864281;123.023224;122.264351;107.621338;93.259468;94.789581;96.172417;97.426979,npp_d20140716_t1803247_e1809051_b14079,158.13,24.642,64.5424,99.1219,48.6927,88.7336
77,VBD_npp_d20140716_t1804273_x1000854E_y012510S_l0564_s0344_v23,2017-05-23 13:08:46,-1.250964,100.085442,5.22875,2014-07-16 18:04:27,2014-07-17 01:04:27,564,344,0.343564,2,2465,0.242699,0.160937,0.769936,0.4,0.722597,0.75,0.0353357,0.0001,1.05425e-25,999999,2.053168e-02,3,Indonesian Exclusive Economic Zone,WPP572,,SVDNB_npp_d20140716_t1803247_e1809051_b14079_c20140717000905445784_noaa_ops.h5,GDNBO_npp_d20140716_t1803247_e1809051_b14079_c20140717000905445471_noaa_ops.h5,SVI04_npp_d20140716_t1803247_e1809051_b14079_c20140717000905432367_noaa_ops.dspace_rad,VNFF_npp_d20140716_t1803247_e1809051_b14079_v21.csv,World_EEZ_v8_2014.shp,WPP_BFAR_merge.shp,KKP_IDN_merge_20161208.shp,VNF-VBD_npp_20120301-20151231_global_asia-enhanced_c201607211230.bitmask,NCEI_NGA.union.nga_lead2.add_2015ntl.mask,timezone.shp,VBD_platforms-recurring_2015_r20170330.shp,999999,VBD_bridges_c20160811.shp,2.701723;0.592520;-1.537733;-6.424739;-11.321091;-16.224911;-21.132078;-19.454973;-16.614069;-11.826628;-7.007390;-2.161976,98.595314;112.244095;125.823792;124.798187;123.864281;123.023224;122.264351;107.621338;93.259468;94.789581;96.172417;97.426979,npp_d20140716_t1803247_e1809051_b14079,157.86,24.5502,64.4435,99.3863,48.6064,88.9662
78,VBD_npp_d20140716_t1804344_x0999732E_y017429S_l0640_s0344_v23,2017-05-23 13:08:46,-1.742917,99.973221,9.13795,2014-07-16 18:04:34,2014-07-17 01:04:34,640,344,0.279646,1,2529,0.381707,0.180366,0.67541,0.4,0.859283,0.75,0.0352869,0.0001,8.60272e-26,999999,-1.540433e-01,3,Indonesian Exclusive Economic Zone,WPP572,,SVDNB_npp_d20140716_t1803247_e1809051_b14079_c20140717000905445784_noaa_ops.h5,GDNBO_npp_d20140716_t1803247_e1809051_b14079_c20140717000905445471_noaa_ops.h5,SVI04_npp_d20140716_t1803247_e1809051_b14079_c20140717000905432367_noaa_ops.dspace_rad,VNFF_npp_d20140716_t1803247_e1809051_b14079_v21.csv,World_EEZ_v8_2014.shp,WPP_BFAR_merge.shp,KKP_IDN_merge_20161208.shp,VNF-VBD_npp_20120301-20151231_global_asia-enhanced_c201607211230.bitmask,NCEI_NGA.union.nga_lead2.add_2015ntl.mask,timezone.shp,VBD_platforms-recurring_2015_r20170330.shp,999999,VBD_bridges_c20160811.shp,2.701723;0.592520;-1.537733;-6.424739;-11.321091;-16.224911;-21.132078;-19.454973;-16.614069;-11.826628;-7.007390;-2.161976,98.595314;112.244095;125.823792;124.798187;123.864281;123.023224;122.264351;107.621338;93.259468;94.789581;96.172417;97.426979,npp_d20140716_t1803247_e1809051_b14079,158.341,24.8776,64.4484,99.0607,48.7018,88.5253
79,VBD_npp_d20140716_t1804362_x0999735E_y017427S_l0641_s0345_v23,2017-05-23 13:08:46,-1.742701,99.973541,8.97214,2014-07-16 18:04:36,2014-07-17 01:04:36,641,345,0.279646,1,2529,0.378628,0.171994,0.67541,0.4,0.837,0.75,0.0352915,0.0001,9.60481e-26,999999,-7.881789e-02,3,Indonesian Exclusive Economic Zone,WPP572,,SVDNB_npp_d20140716_t1803247_e1809051_b14079_c20140717000905445784_noaa_ops.h5,GDNBO_npp_d20140716_t1803247_e1809051_b14079_c20140717000905445471_noaa_ops.h5,SVI04_npp_d20140716_t1803247_e1809051_b14079_c20140717000905432367_noaa_ops.dspace_rad,VNFF_npp_d20140716_t1803247_e1809051_b14079_v21.csv,World_EEZ_v8_2014.shp,WPP_BFAR_merge.shp,KKP_IDN_merge_20161208.shp,VNF-VBD_npp_20120301-20151231_global_asia-enhanced_c201607211230.bitmask,NCEI_NGA.union.nga_lead2.add_2015ntl.mask,timezone.shp,VBD_platforms-recurring_2015_r20170330.shp,999999,VBD_bridges_c20160811.shp,2.701723;0.592520;-1.537733;-6.424739;-11.321091;-16.224911;-21.132078;-19.454973;-16.614069;-11.826628;-7.007390;-2.161976,98.595314;112.244095;125.823792;124.798187;123.864281;123.023224;122.264351;107.621338;93.259468;94.789581;96.172417;97.426979,npp_d20140716_t1803247_e1809051_b14079,158.338,24.8949,64.4271,99.5961,48.6942,88.525
80,VBD_npp_d20140716_t1804255_x1001157E_y012353S_l0560_s0347_v23,2017-05-23 13:08:46,-1.235281,100.115662,7.29501,2014-07-16 18:04:25,2014-07-17 01:04:25,560,347,0.328206,1,2529,0.321182,0.17928,0.798627,0.4,0.780815,0.75,0.0353518,0.0001,1.1934e-25,999999,-1.442850e-01,3,Indonesian Exclusive Economic Zone,WPP572,,SVDNB_npp_d20140716_t1803247_e1809051_b14079_c20140717000905445784_noaa_ops.h5,GDNBO_npp_d20140716_t1803247_e1809051_b14079_c20140717000905445471_noaa_ops.h5,SVI04_npp_d20140716_t1803247_e1809051_b14079_c20140717000905432367_noaa_ops.dspace_rad,VNFF_npp_d20140716_t1803247_e1809051_b14079_v21.csv,World_EEZ_v8_2014.shp,WPP_BFAR_merge.shp,KKP_IDN_merge_20161208.shp,VNF-VBD_npp_20120301-20151231_global_asia-enhanced_c201607211230.bitmask,NCEI_NGA.union.nga_lead2.add_2015ntl.mask,timezone.shp,VBD_platforms-recurring_2015_r20170330.shp,999999,VBD_bridges_c20160811.shp,2.701723;0.592520;-1.537733;-6.424739;-11.321091;-16.224911;-21.132078;-19.454973;-16.614069;-11.826628;-7.007390;-2.161976,98.595314;112.244095;125.823792;124.798187;123.864281;123.023224;122.264351;107.621338;93.259468;94.789581;96.172417;97.426979,npp_d20140716_t1803247_e1809051_b14079,157.836,24.5846,64.3896,98.9508,48.5828,88.9797
81,VBD_npp_d20140716_t1804273_x1001170E_y012349S_l0561_s0348_v23,2017-05-23 13:08:46,-1.234903,100.117012,5.1669,2014-07-16 18:04:27,2014-07-17 01:04:27,561,348,0.328206,2,2465,0.230219,0.182326,0.798627,0.4,0.660371,0.75,0.0353585,0.0001,1.33889e-25,999999,-1.716587e-01,3,Indonesian Exclusive Economic Zone,WPP572,,SVDNB_npp_d20140716_t1803247_e1809051_b14079_c20140717000905445784_noaa_ops.h5,GDNBO_npp_d20140716_t1803247_e1809051_b14079_c20140717000905445471_noaa_ops.h5,SVI04_npp_d20140716_t1803247_e1809051_b14079_c20140717000905432367_noaa_ops.dspace_rad,VNFF_npp_d20140716_t1803247_e1809051_b14079_v21.csv,World_EEZ_v8_2014.shp,WPP_BFAR_merge.shp,KKP_IDN_merge_20161208.shp,VNF-VBD_npp_20120301-20151231_global_asia-enhanced_c201607211230.bitmask,NCEI_NGA.union.nga_lead2.add_2015ntl.mask,timezone.shp,VBD_platforms-recurring_2015_r20170330.shp,999999,VBD_bridges_c20160811.shp,2.701723;0.592520;-1.537733;-6.424739;-11.321091;-16.224911;-21.132078;-19.454973;-16.614069;-11.826628;-7.007390;-2.161976,98.595314;112.244095;125.823792;124.798187;123.864281;123.023224;122.264351;107.621338;93.259468;94.789581;96.172417;97.426979,npp_d20140716_t1803247_e1809051_b14079,157.832,24.6036,64.3656,99.4888,48.5742,88.9796
82,VBD_npp_d20140716_t1804184_x1002372E_y008087S_l0493_s0350_v23,2017-05-23 13:08:46,-0.808732,100.237167,4.64628,2014-07-16 18:04:18,2014-07-17 01:04:18,493,350,0.37323,1,2529,0.219653,0.162204,0.739263,0.4,0.769301,0.75,0.0353376,0.0001,1.62424e-25,999999,9.151222e-03,3,Indonesian Exclusive Economic Zone,WPP572,,SVDNB_npp_d20140716_t1803247_e1809051_b14079_c20140717000905445784_noaa_ops.h5,GDNBO_npp_d20140716_t1803247_e1809051_b14079_c20140717000905445471_noaa_ops.h5,SVI04_npp_d20140716_t1803247_e1809051_b14079_c20140717000905432367_noaa_ops.dspace_rad,VNFF_npp_d20140716_t1803247_e1809051_b14079_v21.csv,World_EEZ_v8_2014.shp,WPP_BFAR_merge.shp,KKP_IDN_merge_20161208.shp,VNF-VBD_npp_20120301-20151231_global_asia-enhanced_c201607211230.bitmask,NCEI_NGA.union.nga_lead2.add_2015ntl.mask,timezone.shp,VBD_platforms-recurring_2015_r20170330.shp,999999,VBD_bridges_c20160811.shp,2.701723;0.592520;-1.537733;-6.424739;-11.321091;-16.224911;-21.132078;-19.454973;-16.614069;-11.826628;-7.007390;-2.161976,98.595314;112.244095;125.823792;124.798187;123.864281;123.023224;122.264351;107.621338;93.259468;94.789581;96.172417;97.426979,npp_d20140716_t1803247_e1809051_b14079,157.41,24.3567,64.3287,98.9681,48.4827,89.3642
83,VBD_npp_d20140716_t1804184_x1002419E_y008237S_l0495_s0351_v23,2017-05-23 13:08:46,-0.823665,100.241867,7.14513,2014-07-16 18:04:18,2014-07-17 01:04:18,495,351,0.371021,1,2529,0.324331,0.14826,0.775975,0.4,0.82153,0.75,0.035341,0.0001,1.69854e-25,999999,1.344515e-01,3,Indonesian Exclusive Economic Zone,WPP572,,SVDNB_npp_d20140716_t1803247_e1809051_b14079_c20140717000905445784_noaa_ops.h5,GDNBO_npp_d20140716_t1803247_e1809051_b14079_c20140717000905445471_noaa_ops.h5,SVI04_npp_d20140716_t1803247_e1809051_b14079_c20140717000905432367_noaa_ops.dspace_rad,VNFF_npp_d20140716_t1803247_e1809051_b14079_v21.csv,World_EEZ_v8_2014.shp,WPP_BFAR_merge.shp,KKP_IDN_merge_20161208.shp,VNF-VBD_npp_20120301-20151231_global_asia-enhanced_c201607211230.bitmask,NCEI_NGA.union.nga_lead2.add_2015ntl.mask,timezone.shp,VBD_platforms-recurring_2015_r20170330.shp,999999,VBD_bridges_c20160811.shp,2.701723;0.592520;-1.537733;-6.424739;-11.321091;-16.224911;-21.132078;-19.454973;-16.614069;-11.826628;-7.007390;-2.161976,98.595314;112.244095;125.823792;124.798187;123.864281;123.023224;122.264351;107.621338;93.259468;94.789581;96.172417;97.426979,npp_d20140716_t1803247_e1809051_b14079,157.422,24.3818,64.3096,98.8992,48.4781,89.3505
84,VBD_npp_d20140716_t1804273_x1001312E_y012799S_l0567_s0351_v23,2017-05-23 13:08:46,-1.279862,100.131157,10.408,2014-07-16 18:04:27,2014-07-17 01:04:27,567,351,0.369087,1,2529,0.463601,0.157183,0.854433,0.4,0.867247,0.75,0.0353804,0.0001,1.53248e-25,999999,5.427224e-02,3,Indonesian Exclusive Economic Zone,WPP572,,SVDNB_npp_d20140716_t1803247_e1809051_b14079_c20140717000905445784_noaa_ops.h5,GDNBO_npp_d20140716_t1803247_e1809051_b14079_c20140717000905445471_noaa_ops.h5,SVI04_npp_d20140716_t1803247_e1809051_b14079_c20140717000905432367_noaa_ops.dspace_rad,VNFF_npp_d20140716_t1803247_e1809051_b14079_v21.csv,World_EEZ_v8_2014.shp,WPP_BFAR_merge.shp,KKP_IDN_merge_20161208.shp,VNF-VBD_npp_20120301-20151231_global_asia-enhanced_c201607211230.bitmask,NCEI_NGA.union.nga_lead2.add_2015ntl.mask,timezone.shp,VBD_platforms-recurring_2015_r20170330.shp,999999,VBD_bridges_c20160811.shp,2.701723;0.592520;-1.537733;-6.424739;-11.321091;-16.224911;-21.132078;-19.454973;-16.614069;-11.826628;-7.007390;-2.161976,98.595314;112.244095;125.823792;124.798187;123.864281;123.023224;122.264351;107.621338;93.259468;94.789581;96.172417;97.426979,npp_d20140716_t1803247_e1809051_b14079,157.867,24.6809,64.3074,99.2821,48.5608,88.9383
85,VBD_npp_d20140716_t1804273_x1001218E_y013351S_l0575_s0351_v23,2017-05-23 13:08:46,-1.335068,100.121758,18.5025,2014-07-16 18:04:27,2014-07-17 01:04:27,575,351,0.365551,1,2529,0.65081,0.158815,0.876031,0.4,0.928245,0.75,0.0353852,0.0001,1.46529e-25,999999,3.960386e-02,3,Indonesian Exclusive Economic Zone,WPP572,,SVDNB_npp_d20140716_t1803247_e1809051_b14079_c20140717000905445784_noaa_ops.h5,GDNBO_npp_d20140716_t1803247_e1809051_b14079_c20140717000905445471_noaa_ops.h5,SVI04_npp_d20140716_t1803247_e1809051_b14079_c20140717000905432367_noaa_ops.dspace_rad,VNFF_npp_d20140716_t1803247_e1809051_b14079_v21.csv,World_EEZ_v8_2014.shp,WPP_BFAR_merge.shp,KKP_IDN_merge_20161208.shp,VNF-VBD_npp_20120301-20151231_global_asia-enhanced_c201607211230.bitmask,NCEI_NGA.union.nga_lead2.add_2015ntl.mask,timezone.shp,VBD_platforms-recurring_2015_r20170330.shp,999999,VBD_bridges_c20160811.shp,2.701723;0.592520;-1.537733;-6.424739;-11.321091;-16.224911;-21.132078;-19.454973;-16.614069;-11.826628;-7.007390;-2.161976,98.595314;112.244095;125.823792;124.798187;123.864281;123.023224;122.264351;107.621338;93.259468;94.789581;96.172417;97.426979,npp_d20140716_t1803247_e1809051_b14079,157.921,24.7169,64.3088,99.0071,48.5713,88.8887
86,VBD_npp_d20140716_t1804202_x1002413E_y008373S_l0498_s0352_v23,2017-05-23 13:08:46,-0.837342,100.241264,8.97742,2014-07-16 18:04:20,2014-07-17 01:04:20,498,352,0.374501,1,2529,0.419784,0.175337,0.775975,0.4,0.868999,0.75,0.035346,0.0001,1.88634e-25,999999,-1.088568e-01,3,Indonesian Exclusive Economic Zone,WPP572,,SVDNB_npp_d20140716_t1803247_e1809051_b14079_c20140717000905445784_noaa_ops.h5,GDNBO_npp_d20140716_t1803247_e1809051_b14079_c20140717000905445471_noaa_ops.h5,SVI04_npp_d20140716_t1803247_e1809051_b14079_c20140717000905432367_noaa_ops.dspace_rad,VNFF_npp_d20140716_t1803247_e1809051_b14079_v21.csv,World_EEZ_v8_2014.shp,WPP_BFAR_merge.shp,KKP_IDN_merge_20161208.shp,VNF-VBD_npp_20120301-20151231_global_asia-enhanced_c201607211230.bitmask,NCEI_NGA.union.nga_lead2.add_2015ntl.mask,timezone.shp,VBD_platforms-recurring_2015_r20170330.shp,999999,VBD_bridges_c20160811.shp,2.701723;0.592520;-1.537733;-6.424739;-11.321091;-16.224911;-21.132078;-19.454973;-16.614069;-11.826628;-7.007390;-2.161976,98.595314;112.244095;125.823792;124.798187;123.864281;123.023224;122.264351;107.621338;93.259468;94.789581;96.172417;97.426979,npp_d20140716_t1803247_e1809051_b14079,157.431,24.4102,64.2848,99.3689,48.4716,89.3377
87,VBD_npp_d20140716_t1804237_x1001920E_y010418S_l0530_s0352_v23,2017-05-23 13:08:46,-1.041788,100.191971,4.2033,2014-07-16 18:04:23,2014-07-17 01:04:23,530,352,0.376103,1,2273,0.190765,0.149582,0.589356,0.4,0.80788,0.75,0.0353648,0.0001,1.76281e-25,999999,1.225675e-01,3,Indonesian Exclusive Economic Zone,WPP572,Pulau Pieh dan perariran Marine Nature Recreational Park,SVDNB_npp_d20140716_t1803247_e1809051_b14079_c20140717000905445784_noaa_ops.h5,GDNBO_npp_d20140716_t1803247_e1809051_b14079_c20140717000905445471_noaa_ops.h5,SVI04_npp_d20140716_t1803247_e1809051_b14079_c20140717000905432367_noaa_ops.dspace_rad,VNFF_npp_d20140716_t1803247_e1809051_b14079_v21.csv,World_EEZ_v8_2014.shp,WPP_BFAR_merge.shp,KKP_IDN_merge_20161208.shp,VNF-VBD_npp_20120301-20151231_global_asia-enhanced_c201607211230.bitmask,NCEI_NGA.union.nga_lead2.add_2015ntl.mask,timezone.shp,VBD_platforms-recurring_2015_r20170330.shp,999999,VBD_bridges_c20160811.shp,2.701723;0.592520;-1.537733;-6.424739;-11.321091;-16.224911;-21.132078;-19.454973;-16.614069;-11.826628;-7.007390;-2.161976,98.595314;112.244095;125.823792;124.798187;123.864281;123.023224;122.264351;107.621338;93.259468;94.789581;96.172417;97.426979,npp_d20140716_t1803247_e1809051_b14079,157.632,24.5397,64.2882,99.4115,48.5097,89.1528
88,VBD_npp_d20140716_t1804202_x1002426E_y009155S_l0509_s0354_v23,2017-05-23 13:08:46,-0.915496,100.242584,5.6322,2014-07-16 18:04:20,2014-07-17 01:04:20,509,354,0.375606,1,2529,0.251864,0.152197,0.808586,0.4,0.767367,0.75,0.0353647,0.0001,1.9891e-25,999999,9.906840e-02,3,Indonesian Exclusive Economic Zone,WPP572,,SVDNB_npp_d20140716_t1803247_e1809051_b14079_c20140717000905445784_noaa_ops.h5,GDNBO_npp_d20140716_t1803247_e1809051_b14079_c20140717000905445471_noaa_ops.h5,SVI04_npp_d20140716_t1803247_e1809051_b14079_c20140717000905432367_noaa_ops.dspace_rad,VNFF_npp_d20140716_t1803247_e1809051_b14079_v21.csv,World_EEZ_v8_2014.shp,WPP_BFAR_merge.shp,KKP_IDN_merge_20161208.shp,VNF-VBD_npp_20120301-20151231_global_asia-enhanced_c201607211230.bitmask,NCEI_NGA.union.nga_lead2.add_2015ntl.mask,timezone.shp,VBD_platforms-recurring_2015_r20170330.shp,999999,VBD_bridges_c20160811.shp,2.701723;0.592520;-1.537733;-6.424739;-11.321091;-16.224911;-21.132078;-19.454973;-16.614069;-11.826628;-7.007390;-2.161976,98.595314;112.244095;125.823792;124.798187;123.864281;123.023224;122.264351;107.621338;93.259468;94.789581;96.172417;97.426979,npp_d20140716_t1803247_e1809051_b14079,157.502,24.491,64.2471,98.9902,48.4713,89.2667
89,VBD_npp_d20140716_t1804291_x1001286E_y013647S_l0580_s0354_v23,2017-05-23 13:08:46,-1.364698,100.128555,9.71454,2014-07-16 18:04:29,2014-07-17 01:04:29,580,354,0.374667,1,2529,0.437314,0.144295,0.850015,0.4,0.805118,0.75,0.0354065,0.0001,1.74358e-25,999999,1.700775e-01,3,Indonesian Exclusive Economic Zone,WPP572,,SVDNB_npp_d20140716_t1803247_e1809051_b14079_c20140717000905445784_noaa_ops.h5,GDNBO_npp_d20140716_t1803247_e1809051_b14079_c20140717000905445471_noaa_ops.h5,SVI04_npp_d20140716_t1803247_e1809051_b14079_c20140717000905432367_noaa_ops.dspace_rad,VNFF_npp_d20140716_t1803247_e1809051_b14079_v21.csv,World_EEZ_v8_2014.shp,WPP_BFAR_merge.shp,KKP_IDN_merge_20161208.shp,VNF-VBD_npp_20120301-20151231_global_asia-enhanced_c201607211230.bitmask,NCEI_NGA.union.nga_lead2.add_2015ntl.mask,timezone.shp,VBD_platforms-recurring_2015_r20170330.shp,999999,VBD_bridges_c20160811.shp,2.701723;0.592520;-1.537733;-6.424739;-11.321091;-16.224911;-21.132078;-19.454973;-16.614069;-11.826628;-7.007390;-2.161976,98.595314;112.244095;125.823792;124.798187;123.864281;123.023224;122.264351;107.621338;93.259468;94.789581;96.172417;97.426979,npp_d20140716_t1803247_e1809051_b14079,157.942,24.779,64.2567,99.4052,48.5578,88.8611
90,VBD_npp_d20140716_t1804291_x1001168E_y014336S_l0590_s0354_v23,2017-05-23 13:08:46,-1.433629,100.116821,7.7236,2014-07-16 18:04:29,2014-07-17 01:04:29,590,354,0.261195,1,2529,0.303305,0.197748,0.780285,0.4,0.759841,0.75,0.0354124,0.0001,1.64876e-25,999999,-3.102384e-01,3,Indonesian Exclusive Economic Zone,WPP572,,SVDNB_npp_d20140716_t1803247_e1809051_b14079_c20140717000905445784_noaa_ops.h5,GDNBO_npp_d20140716_t1803247_e1809051_b14079_c20140717000905445471_noaa_ops.h5,SVI04_npp_d20140716_t1803247_e1809051_b14079_c20140717000905432367_noaa_ops.dspace_rad,VNFF_npp_d20140716_t1803247_e1809051_b14079_v21.csv,World_EEZ_v8_2014.shp,WPP_BFAR_merge.shp,KKP_IDN_merge_20161208.shp,VNF-VBD_npp_20120301-20151231_global_asia-enhanced_c201607211230.bitmask,NCEI_NGA.union.nga_lead2.add_2015ntl.mask,timezone.shp,VBD_platforms-recurring_2015_r20170330.shp,999999,VBD_bridges_c20160811.shp,2.701723;0.592520;-1.537733;-6.424739;-11.321091;-16.224911;-21.132078;-19.454973;-16.614069;-11.826628;-7.007390;-2.161976,98.595314;112.244095;125.823792;124.798187;123.864281;123.023224;122.264351;107.621338;93.259468;94.789581;96.172417;97.426979,npp_d20140716_t1803247_e1809051_b14079,158.01,24.8244,64.2582,99.0612,48.5711,88.7992
91,VBD_npp_d20140716_t1804273_x1001569E_y012983S_l0569_s0355_v23,2017-05-23 13:08:46,-1.298268,100.156868,5.87812,2014-07-16 18:04:27,2014-07-17 01:04:27,569,355,0.367209,1,2529,0.279392,0.206721,0.864523,0.4,0.809882,0.75,0.0354062,0.0001,1.89189e-25,999999,-3.908681e-01,3,Indonesian Exclusive Economic Zone,WPP572,,SVDNB_npp_d20140716_t1803247_e1809051_b14079_c20140717000905445784_noaa_ops.h5,GDNBO_npp_d20140716_t1803247_e1809051_b14079_c20140717000905445471_noaa_ops.h5,SVI04_npp_d20140716_t1803247_e1809051_b14079_c20140717000905432367_noaa_ops.dspace_rad,VNFF_npp_d20140716_t1803247_e1809051_b14079_v21.csv,World_EEZ_v8_2014.shp,WPP_BFAR_merge.shp,KKP_IDN_merge_20161208.shp,VNF-VBD_npp_20120301-20151231_global_asia-enhanced_c201607211230.bitmask,NCEI_NGA.union.nga_lead2.add_2015ntl.mask,timezone.shp,VBD_platforms-recurring_2015_r20170330.shp,999999,VBD_bridges_c20160811.shp,2.701723;0.592520;-1.537733;-6.424739;-11.321091;-16.224911;-21.132078;-19.454973;-16.614069;-11.826628;-7.007390;-2.161976,98.595314;112.244095;125.823792;124.798187;123.864281;123.023224;122.264351;107.621338;93.259468;94.789581;96.172417;97.426979,npp_d20140716_t1803247_e1809051_b14079,157.873,24.7567,64.2296,99.2127,48.5351,88.9206
92,VBD_npp_d20140716_t1804202_x1002601E_y008971S_l0506_s0356_v23,2017-05-23 13:08:46,-0.897089,100.260063,9.53752,2014-07-16 18:04:20,2014-07-17 01:04:20,506,356,0.377484,1,2529,0.44299,0.171802,0.817152,0.4,0.847142,0.75,0.0353753,0.0001,2.25695e-25,999999,-7.708983e-02,3,Indonesian Exclusive Economic Zone,WPP572,,SVDNB_npp_d20140716_t1803247_e1809051_b14079_c20140717000905445784_noaa_ops.h5,GDNBO_npp_d20140716_t1803247_e1809051_b14079_c20140717000905445471_noaa_ops.h5,SVI04_npp_d20140716_t1803247_e1809051_b14079_c20140717000905432367_noaa_ops.dspace_rad,VNFF_npp_d20140716_t1803247_e1809051_b14079_v21.csv,World_EEZ_v8_2014.shp,WPP_BFAR_merge.shp,KKP_IDN_merge_20161208.shp,VNF-VBD_npp_20120301-20151231_global_asia-enhanced_c201607211230.bitmask,NCEI_NGA.union.nga_lead2.add_2015ntl.mask,timezone.shp,VBD_platforms-recurring_2015_r20170330.shp,999999,VBD_bridges_c20160811.shp,2.701723;0.592520;-1.537733;-6.424739;-11.321091;-16.224911;-21.132078;-19.454973;-16.614069;-11.826628;-7.007390;-2.161976,98.595314;112.244095;125.823792;124.798187;123.864281;123.023224;122.264351;107.621338;93.259468;94.789581;96.172417;97.426979,npp_d20140716_t1803247_e1809051_b14079,157.478,24.5107,64.2075,99.0932,48.4534,89.2829
93,VBD_npp_d20140716_t1804255_x1001790E_y012454S_l0560_s0356_v23,2017-05-23 13:08:46,-1.245446,100.178978,14.5662,2014-07-16 18:04:25,2014-07-17 01:04:25,560,356,0.379584,1,2529,0.58352,0.126026,0.848906,0.4,0.893738,0.75,0.035407,0.0001,1.96929e-25,999999,3.342393e-01,3,Indonesian Exclusive Economic Zone,WPP572,,SVDNB_npp_d20140716_t1803247_e1809051_b14079_c20140717000905445784_noaa_ops.h5,GDNBO_npp_d20140716_t1803247_e1809051_b14079_c20140717000905445471_noaa_ops.h5,SVI04_npp_d20140716_t1803247_e1809051_b14079_c20140717000905432367_noaa_ops.dspace_rad,VNFF_npp_d20140716_t1803247_e1809051_b14079_v21.csv,World_EEZ_v8_2014.shp,WPP_BFAR_merge.shp,KKP_IDN_merge_20161208.shp,VNF-VBD_npp_20120301-20151231_global_asia-enhanced_c201607211230.bitmask,NCEI_NGA.union.nga_lead2.add_2015ntl.mask,timezone.shp,VBD_platforms-recurring_2015_r20170330.shp,999999,VBD_bridges_c20160811.shp,2.701723;0.592520;-1.537733;-6.424739;-11.321091;-16.224911;-21.132078;-19.454973;-16.614069;-11.826628;-7.007390;-2.161976,98.595314;112.244095;125.823792;124.798187;123.864281;123.023224;122.264351;107.621338;93.259468;94.789581;96.172417;97.426979,npp_d20140716_t1803247_e1809051_b14079,157.819,24.7348,64.2137,98.9489,48.519,88.9681
94,VBD_npp_d20140716_t1804291_x1001285E_y014497S_l0592_s0356_v23,2017-05-23 13:08:46,-1.449674,100.128479,14.1449,2014-07-16 18:04:29,2014-07-17 01:04:29,592,356,0.267493,1,2529,0.531446,0.177152,0.812359,0.4,0.845628,0.75,0.0354258,0.0001,1.82072e-25,999999,-1.251712e-01,3,Indonesian Exclusive Economic Zone,WPP572,,SVDNB_npp_d20140716_t1803247_e1809051_b14079_c20140717000905445784_noaa_ops.h5,GDNBO_npp_d20140716_t1803247_e1809051_b14079_c20140717000905445471_noaa_ops.h5,SVI04_npp_d20140716_t1803247_e1809051_b14079_c20140717000905432367_noaa_ops.dspace_rad,VNFF_npp_d20140716_t1803247_e1809051_b14079_v21.csv,World_EEZ_v8_2014.shp,WPP_BFAR_merge.shp,KKP_IDN_merge_20161208.shp,VNF-VBD_npp_20120301-20151231_global_asia-enhanced_c201607211230.bitmask,NCEI_NGA.union.nga_lead2.add_2015ntl.mask,timezone.shp,VBD_platforms-recurring_2015_r20170330.shp,999999,VBD_bridges_c20160811.shp,2.701723;0.592520;-1.537733;-6.424739;-11.321091;-16.224911;-21.132078;-19.454973;-16.614069;-11.826628;-7.007390;-2.161976,98.595314;112.244095;125.823792;124.798187;123.864281;123.023224;122.264351;107.621338;93.259468;94.789581;96.172417;97.426979,npp_d20140716_t1803247_e1809051_b14079,158.019,24.867,64.2197,98.992,48.5596,88.7841
95,VBD_npp_d20140716_t1804398_x0999866E_y020428S_l0685_s0356_v23,2017-05-23 13:08:46,-2.042753,99.986610,5.606,2014-07-16 18:04:39,2014-07-17 01:04:39,685,356,0.34036,1,2529,0.240272,0.147286,0.573596,0.4,0.789578,0.75,0.0352921,0.0001,1.53628e-25,999999,1.431976e-01,3,Indonesian Exclusive Economic Zone,WPP572,,SVDNB_npp_d20140716_t1803247_e1809051_b14079_c20140717000905445784_noaa_ops.h5,GDNBO_npp_d20140716_t1803247_e1809051_b14079_c20140717000905445471_noaa_ops.h5,SVI04_npp_d20140716_t1803247_e1809051_b14079_c20140717000905432367_noaa_ops.dspace_rad,VNFF_npp_d20140716_t1803247_e1809051_b14079_v21.csv,World_EEZ_v8_2014.shp,WPP_BFAR_merge.shp,KKP_IDN_merge_20161208.shp,VNF-VBD_npp_20120301-20151231_global_asia-enhanced_c201607211230.bitmask,NCEI_NGA.union.nga_lead2.add_2015ntl.mask,timezone.shp,VBD_platforms-recurring_2015_r20170330.shp,999999,VBD_bridges_c20160811.shp,2.701723;0.592520;-1.537733;-6.424739;-11.321091;-16.224911;-21.132078;-19.454973;-16.614069;-11.826628;-7.007390;-2.161976,98.595314;112.244095;125.823792;124.798187;123.864281;123.023224;122.264351;107.621338;93.259468;94.789581;96.172417;97.426979,npp_d20140716_t1803247_e1809051_b14079,158.598,25.2804,64.2171,99.2245,48.6751,88.2525
96,VBD_npp_d20140716_t1804202_x1002740E_y008569S_l0500_s0357_v23,2017-05-23 13:08:46,-0.856919,100.273994,8.22811,2014-07-16 18:04:20,2014-07-17 01:04:20,500,357,0.379473,8,18913,0.339006,0.154722,0.778473,0.4,0.798848,0.75,0.0353779,0.0001,2.45993e-25,999999,7.638609e-02,3,Indonesian Exclusive Economic Zone,WPP572,,SVDNB_npp_d20140716_t1803247_e1809051_b14079_c20140717000905445784_noaa_ops.h5,GDNBO_npp_d20140716_t1803247_e1809051_b14079_c20140717000905445471_noaa_ops.h5,SVI04_npp_d20140716_t1803247_e1809051_b14079_c20140717000905432367_noaa_ops.dspace_rad,VNFF_npp_d20140716_t1803247_e1809051_b14079_v21.csv,World_EEZ_v8_2014.shp,WPP_BFAR_merge.shp,KKP_IDN_merge_20161208.shp,VNF-VBD_npp_20120301-20151231_global_asia-enhanced_c201607211230.bitmask,NCEI_NGA.union.nga_lead2.add_2015ntl.mask,timezone.shp,VBD_platforms-recurring_2015_r20170330.shp,0.385058,VBD_bridges_c20160811.shp,2.701723;0.592520;-1.537733;-6.424739;-11.321091;-16.224911;-21.132078;-19.454973;-16.614069;-11.826628;-7.007390;-2.161976,98.595314;112.244095;125.823792;124.798187;123.864281;123.023224;122.264351;107.621338;93.259468;94.789581;96.172417;97.426979,npp_d20140716_t1803247_e1809051_b14079,157.435,24.5008,64.1873,99.2996,48.4388,89.3191
97,VBD_npp_d20140716_t1804202_x1002705E_y008776S_l0503_s0357_v23,2017-05-23 13:08:46,-0.877573,100.270546,5.97945,2014-07-16 18:04:20,2014-07-17 01:04:20,503,357,0.373672,1,2529,0.259809,0.166407,0.817152,0.4,0.821387,0.75,0.0353796,0.0001,2.42225e-25,999999,-2.861179e-02,3,Indonesian Exclusive Economic Zone,WPP572,,SVDNB_npp_d20140716_t1803247_e1809051_b14079_c20140717000905445784_noaa_ops.h5,GDNBO_npp_d20140716_t1803247_e1809051_b14079_c20140717000905445471_noaa_ops.h5,SVI04_npp_d20140716_t1803247_e1809051_b14079_c20140717000905432367_noaa_ops.dspace_rad,VNFF_npp_d20140716_t1803247_e1809051_b14079_v21.csv,World_EEZ_v8_2014.shp,WPP_BFAR_merge.shp,KKP_IDN_merge_20161208.shp,VNF-VBD_npp_20120301-20151231_global_asia-enhanced_c201607211230.bitmask,NCEI_NGA.union.nga_lead2.add_2015ntl.mask,timezone.shp,VBD_platforms-recurring_2015_r20170330.shp,999999,VBD_bridges_c20160811.shp,2.701723;0.592520;-1.537733;-6.424739;-11.321091;-16.224911;-21.132078;-19.454973;-16.614069;-11.826628;-7.007390;-2.161976,98.595314;112.244095;125.823792;124.798187;123.864281;123.023224;122.264351;107.621338;93.259468;94.789581;96.172417;97.426979,npp_d20140716_t1803247_e1809051_b14079,157.456,24.5139,64.1875,99.1963,48.4425,89.3004
98,VBD_npp_d20140716_t1804273_x1001801E_y012455S_l0561_s0357_v23,2017-05-23 13:08:46,-1.245491,100.180130,14.0119,2014-07-16 18:04:27,2014-07-17 01:04:27,561,357,0.379584,1,2529,0.560555,0.12517,0.848906,0.4,0.888821,0.75,0.0354137,0.0001,2.2052e-25,999999,3.419303e-01,3,Indonesian Exclusive Economic Zone,WPP572,,SVDNB_npp_d20140716_t1803247_e1809051_b14079_c20140717000905445784_noaa_ops.h5,GDNBO_npp_d20140716_t1803247_e1809051_b14079_c20140717000905445471_noaa_ops.h5,SVI04_npp_d20140716_t1803247_e1809051_b14079_c20140717000905432367_noaa_ops.dspace_rad,VNFF_npp_d20140716_t1803247_e1809051_b14079_v21.csv,World_EEZ_v8_2014.shp,WPP_BFAR_merge.shp,KKP_IDN_merge_20161208.shp,VNF-VBD_npp_20120301-20151231_global_asia-enhanced_c201607211230.bitmask,NCEI_NGA.union.nga_lead2.add_2015ntl.mask,timezone.shp,VBD_platforms-recurring_2015_r20170330.shp,999999,VBD_bridges_c20160811.shp,2.701723;0.592520;-1.537733;-6.424739;-11.321091;-16.224911;-21.132078;-19.454973;-16.614069;-11.826628;-7.007390;-2.161976,98.595314;112.244095;125.823792;124.798187;123.864281;123.023224;122.264351;107.621338;93.259468;94.789581;96.172417;97.426979,npp_d20140716_t1803247_e1809051_b14079,157.815,24.7537,64.1899,99.4877,48.5106,88.9676
99,VBD_npp_d20140716_t1804309_x1001298E_y014497S_l0593_s0357_v23,2017-05-23 13:08:46,-1.449691,100.129761,16.7585,2014-07-16 18:04:30,2014-07-17 01:04:30,593,357,0.267493,1,2529,0.609018,0.185056,0.812359,0.4,0.885459,0.75,0.0354325,0.0001,2.04342e-25,999999,-1.961940e-01,3,Indonesian Exclusive Economic Zone,WPP572,,SVDNB_npp_d20140716_t1803247_e1809051_b14079_c20140717000905445784_noaa_ops.h5,GDNBO_npp_d20140716_t1803247_e1809051_b14079_c20140717000905445471_noaa_ops.h5,SVI04_npp_d20140716_t1803247_e1809051_b14079_c20140717000905432367_noaa_ops.dspace_rad,VNFF_npp_d20140716_t1803247_e1809051_b14079_v21.csv,World_EEZ_v8_2014.shp,WPP_BFAR_merge.shp,KKP_IDN_merge_20161208.shp,VNF-VBD_npp_20120301-20151231_global_asia-enhanced_c201607211230.bitmask,NCEI_NGA.union.nga_lead2.add_2015ntl.mask,timezone.shp,VBD_platforms-recurring_2015_r20170330.shp,999999,VBD_bridges_c20160811.shp,2.701723;0.592520;-1.537733;-6.424739;-11.321091;-16.224911;-21.132078;-19.454973;-16.614069;-11.826628;-7.007390;-2.161976,98.595314;112.244095;125.823792;124.798187;123.864281;123.023224;122.264351;107.621338;93.259468;94.789581;96.172417;97.426979,npp_d20140716_t1803247_e1809051_b14079,158.016,24.8864,64.1955,99.5309,48.5511,88.7836
100,VBD_npp_d20140716_t1804415_x0999748E_y021186S_l0697_s0357_v23,2017-05-23 13:08:46,-2.118604,99.974831,7.68241,2014-07-16 18:04:41,2014-07-17 01:04:41,697,357,0.345608,1,2529,0.354152,0.173598,0.775637,0.4,0.820032,0.75,0.0352798,0.0001,1.62089e-25,999999,-9.323325e-02,3,Indonesian Exclusive Economic Zone,WPP572,,SVDNB_npp_d20140716_t1803247_e1809051_b14079_c20140717000905445784_noaa_ops.h5,GDNBO_npp_d20140716_t1803247_e1809051_b14079_c20140717000905445471_noaa_ops.h5,SVI04_npp_d20140716_t1803247_e1809051_b14079_c20140717000905432367_noaa_ops.dspace_rad,VNFF_npp_d20140716_t1803247_e1809051_b14079_v21.csv,World_EEZ_v8_2014.shp,WPP_BFAR_merge.shp,KKP_IDN_merge_20161208.shp,VNF-VBD_npp_20120301-20151231_global_asia-enhanced_c201607211230.bitmask,NCEI_NGA.union.nga_lead2.add_2015ntl.mask,timezone.shp,VBD_platforms-recurring_2015_r20170330.shp,999999,VBD_bridges_c20160811.shp,2.701723;0.592520;-1.537733;-6.424739;-11.321091;-16.224911;-21.132078;-19.454973;-16.614069;-11.826628;-7.007390;-2.161976,98.595314;112.244095;125.823792;124.798187;123.864281;123.023224;122.264351;107.621338;93.259468;94.789581;96.172417;97.426979,npp_d20140716_t1803247_e1809051_b14079,158.668,25.3534,64.1944,99.3843,48.6822,88.1843
101,VBD_npp_d20140716_t1804273_x1001813E_y012811S_l0566_s0358_v23,2017-05-23 13:08:46,-1.281067,100.181313,10.2405,2014-07-16 18:04:27,2014-07-17 01:04:27,566,358,0.369419,2,2465,0.371432,0.197423,0.866315,0.4,0.552563,0.75,0.0354228,0.0001,2.26868e-25,999999,-3.073187e-01,3,Indonesian Exclusive Economic Zone,WPP572,,SVDNB_npp_d20140716_t1803247_e1809051_b14079_c20140717000905445784_noaa_ops.h5,GDNBO_npp_d20140716_t1803247_e1809051_b14079_c20140717000905445471_noaa_ops.h5,SVI04_npp_d20140716_t1803247_e1809051_b14079_c20140717000905432367_noaa_ops.dspace_rad,VNFF_npp_d20140716_t1803247_e1809051_b14079_v21.csv,World_EEZ_v8_2014.shp,WPP_BFAR_merge.shp,KKP_IDN_merge_20161208.shp,VNF-VBD_npp_20120301-20151231_global_asia-enhanced_c201607211230.bitmask,NCEI_NGA.union.nga_lead2.add_2015ntl.mask,timezone.shp,VBD_platforms-recurring_2015_r20170330.shp,999999,VBD_bridges_c20160811.shp,2.701723;0.592520;-1.537733;-6.424739;-11.321091;-16.224911;-21.132078;-19.454973;-16.614069;-11.826628;-7.007390;-2.161976,98.595314;112.244095;125.823792;124.798187;123.864281;123.023224;122.264351;107.621338;93.259468;94.789581;96.172417;97.426979,npp_d20140716_t1803247_e1809051_b14079,157.847,24.7929,64.1707,99.3154,48.5101,88.9352
102,VBD_npp_d20140716_t1804291_x1001612E_y013843S_l0582_s0359_v23,2017-05-23 13:08:46,-1.384282,100.161163,7.10703,2014-07-16 18:04:29,2014-07-17 01:04:29,582,359,0.349144,1,2529,0.316289,0.15825,0.855226,0.4,0.816671,0.75,0.0354383,0.0001,2.2724e-25,999999,4.467969e-02,3,Indonesian Exclusive Economic Zone,WPP572,,SVDNB_npp_d20140716_t1803247_e1809051_b14079_c20140717000905445784_noaa_ops.h5,GDNBO_npp_d20140716_t1803247_e1809051_b14079_c20140717000905445471_noaa_ops.h5,SVI04_npp_d20140716_t1803247_e1809051_b14079_c20140717000905432367_noaa_ops.dspace_rad,VNFF_npp_d20140716_t1803247_e1809051_b14079_v21.csv,World_EEZ_v8_2014.shp,WPP_BFAR_merge.shp,KKP_IDN_merge_20161208.shp,VNF-VBD_npp_20120301-20151231_global_asia-enhanced_c201607211230.bitmask,NCEI_NGA.union.nga_lead2.add_2015ntl.mask,timezone.shp,VBD_platforms-recurring_2015_r20170330.shp,999999,VBD_bridges_c20160811.shp,2.701723;0.592520;-1.537733;-6.424739;-11.321091;-16.224911;-21.132078;-19.454973;-16.614069;-11.826628;-7.007390;-2.161976,98.595314;112.244095;125.823792;124.798187;123.864281;123.023224;122.264351;107.621338;93.259468;94.789581;96.172417;97.426979,npp_d20140716_t1803247_e1809051_b14079,157.946,24.8715,64.1593,99.3356,48.5252,88.842
103,VBD_npp_d20140716_t1804220_x1002675E_y009695S_l0517_s0360_v23,2017-05-23 13:08:46,-0.969499,100.267456,5.86566,2014-07-16 18:04:22,2014-07-17 01:04:22,517,360,0.380081,2,2465,0.243043,0.140424,0.672927,0.4,0.738922,0.75,0.0354063,0.0001,2.75351e-25,999999,2.048592e-01,3,Indonesian Exclusive Economic Zone,WPP572,,SVDNB_npp_d20140716_t1803247_e1809051_b14079_c20140717000905445784_noaa_ops.h5,GDNBO_npp_d20140716_t1803247_e1809051_b14079_c20140717000905445471_noaa_ops.h5,SVI04_npp_d20140716_t1803247_e1809051_b14079_c20140717000905432367_noaa_ops.dspace_rad,VNFF_npp_d20140716_t1803247_e1809051_b14079_v21.csv,World_EEZ_v8_2014.shp,WPP_BFAR_merge.shp,KKP_IDN_merge_20161208.shp,VNF-VBD_npp_20120301-20151231_global_asia-enhanced_c201607211230.bitmask,NCEI_NGA.union.nga_lead2.add_2015ntl.mask,timezone.shp,VBD_platforms-recurring_2015_r20170330.shp,999999,VBD_bridges_c20160811.shp,2.701723;0.592520;-1.537733;-6.424739;-11.321091;-16.224911;-21.132078;-19.454973;-16.614069;-11.826628;-7.007390;-2.161976,98.595314;112.244095;125.823792;124.798187;123.864281;123.023224;122.264351;107.621338;93.259468;94.789581;96.172417;97.426979,npp_d20140716_t1803247_e1809051_b14079,157.537,24.6157,64.1351,99.2848,48.4396,89.2165
104,VBD_npp_d20140716_t1804273_x1001999E_y012559S_l0562_s0360_v23,2017-05-23 13:08:46,-1.255875,100.199898,5.92755,2014-07-16 18:04:27,2014-07-17 01:04:27,562,360,0.375606,1,2529,0.300359,0.134538,0.832358,0.4,0.793294,0.75,0.0354327,0.0001,2.58609e-25,999999,2.577528e-01,3,Indonesian Exclusive Economic Zone,WPP572,,SVDNB_npp_d20140716_t1803247_e1809051_b14079_c20140717000905445784_noaa_ops.h5,GDNBO_npp_d20140716_t1803247_e1809051_b14079_c20140717000905445471_noaa_ops.h5,SVI04_npp_d20140716_t1803247_e1809051_b14079_c20140717000905432367_noaa_ops.dspace_rad,VNFF_npp_d20140716_t1803247_e1809051_b14079_v21.csv,World_EEZ_v8_2014.shp,WPP_BFAR_merge.shp,KKP_IDN_merge_20161208.shp,VNF-VBD_npp_20120301-20151231_global_asia-enhanced_c201607211230.bitmask,NCEI_NGA.union.nga_lead2.add_2015ntl.mask,timezone.shp,VBD_platforms-recurring_2015_r20170330.shp,999999,VBD_bridges_c20160811.shp,2.701723;0.592520;-1.537733;-6.424739;-11.321091;-16.224911;-21.132078;-19.454973;-16.614069;-11.826628;-7.007390;-2.161976,98.595314;112.244095;125.823792;124.798187;123.864281;123.023224;122.264351;107.621338;93.259468;94.789581;96.172417;97.426979,npp_d20140716_t1803247_e1809051_b14079,157.817,24.8079,64.1315,99.4529,48.4908,88.9574
105,VBD_npp_d20140716_t1804273_x1001847E_y013452S_l0575_s0360_v23,2017-05-23 13:08:46,-1.345234,100.184746,10.3408,2014-07-16 18:04:27,2014-07-17 01:04:27,575,360,0.367319,1,2529,0.459873,0.152668,0.862541,0.4,0.77943,0.75,0.0354403,0.0001,2.40875e-25,999999,9.483896e-02,3,Indonesian Exclusive Economic Zone,WPP572,,SVDNB_npp_d20140716_t1803247_e1809051_b14079_c20140717000905445784_noaa_ops.h5,GDNBO_npp_d20140716_t1803247_e1809051_b14079_c20140717000905445471_noaa_ops.h5,SVI04_npp_d20140716_t1803247_e1809051_b14079_c20140717000905432367_noaa_ops.dspace_rad,VNFF_npp_d20140716_t1803247_e1809051_b14079_v21.csv,World_EEZ_v8_2014.shp,WPP_BFAR_merge.shp,KKP_IDN_merge_20161208.shp,VNF-VBD_npp_20120301-20151231_global_asia-enhanced_c201607211230.bitmask,NCEI_NGA.union.nga_lead2.add_2015ntl.mask,timezone.shp,VBD_platforms-recurring_2015_r20170330.shp,999999,VBD_bridges_c20160811.shp,2.701723;0.592520;-1.537733;-6.424739;-11.321091;-16.224911;-21.132078;-19.454973;-16.614069;-11.826628;-7.007390;-2.161976,98.595314;112.244095;125.823792;124.798187;123.864281;123.023224;122.264351;107.621338;93.259468;94.789581;96.172417;97.426979,npp_d20140716_t1803247_e1809051_b14079,157.904,24.8668,64.1333,99.0052,48.5078,88.8769
106,VBD_npp_d20140716_t1804415_x0999934E_y021358S_l0699_s0360_v23,2017-05-23 13:08:46,-2.135846,99.993385,9.28016,2014-07-16 18:04:41,2014-07-17 01:04:41,699,360,0.345056,1,2529,0.411198,0.155228,0.781233,0.4,0.862475,0.75,0.035295,0.0001,1.89032e-25,999999,7.183891e-02,3,Indonesian Exclusive Economic Zone,WPP572,,SVDNB_npp_d20140716_t1803247_e1809051_b14079_c20140717000905445784_noaa_ops.h5,GDNBO_npp_d20140716_t1803247_e1809051_b14079_c20140717000905445471_noaa_ops.h5,SVI04_npp_d20140716_t1803247_e1809051_b14079_c20140717000905432367_noaa_ops.dspace_rad,VNFF_npp_d20140716_t1803247_e1809051_b14079_v21.csv,World_EEZ_v8_2014.shp,WPP_BFAR_merge.shp,KKP_IDN_merge_20161208.shp,VNF-VBD_npp_20120301-20151231_global_asia-enhanced_c201607211230.bitmask,NCEI_NGA.union.nga_lead2.add_2015ntl.mask,timezone.shp,VBD_platforms-recurring_2015_r20170330.shp,999999,VBD_bridges_c20160811.shp,2.701723;0.592520;-1.537733;-6.424739;-11.321091;-16.224911;-21.132078;-19.454973;-16.614069;-11.826628;-7.007390;-2.161976,98.595314;112.244095;125.823792;124.798187;123.864281;123.023224;122.264351;107.621338;93.259468;94.789581;96.172417;97.426979,npp_d20140716_t1803247_e1809051_b14079,158.676,25.4145,64.1362,99.3147,48.664,88.1675
107,VBD_npp_d20140716_t1804202_x1002984E_y009245S_l0509_s0362_v23,2017-05-23 13:08:46,-0.924471,100.298401,13.6941,2014-07-16 18:04:20,2014-07-17 01:04:20,509,362,0.373562,1,2529,0.548461,0.171485,0.76502,0.4,0.886219,0.75,0.0354139,0.0001,3.08379e-25,999999,-7.424771e-02,3,Indonesian Exclusive Economic Zone,WPP572,,SVDNB_npp_d20140716_t1803247_e1809051_b14079_c20140717000905445784_noaa_ops.h5,GDNBO_npp_d20140716_t1803247_e1809051_b14079_c20140717000905445471_noaa_ops.h5,SVI04_npp_d20140716_t1803247_e1809051_b14079_c20140717000905432367_noaa_ops.dspace_rad,VNFF_npp_d20140716_t1803247_e1809051_b14079_v21.csv,World_EEZ_v8_2014.shp,WPP_BFAR_merge.shp,KKP_IDN_merge_20161208.shp,VNF-VBD_npp_20120301-20151231_global_asia-enhanced_c201607211230.bitmask,NCEI_NGA.union.nga_lead2.add_2015ntl.mask,timezone.shp,VBD_platforms-recurring_2015_r20170330.shp,999999,VBD_bridges_c20160811.shp,2.701723;0.592520;-1.537733;-6.424739;-11.321091;-16.224911;-21.132078;-19.454973;-16.614069;-11.826628;-7.007390;-2.161976,98.595314;112.244095;125.823792;124.798187;123.864281;123.023224;122.264351;107.621338;93.259468;94.789581;96.172417;97.426979,npp_d20140716_t1803247_e1809051_b14079,157.487,24.6216,64.0912,98.989,48.415,89.257
108,VBD_npp_d20140716_t1804273_x1002033E_y013200S_l0571_s0362_v23,2017-05-23 13:08:46,-1.320011,100.203339,14.3636,2014-07-16 18:04:27,2014-07-17 01:04:27,571,362,0.368756,1,2529,0.572094,0.163602,0.861721,0.4,0.917383,0.75,0.0354503,0.0001,2.74802e-25,999999,-3.409471e-03,3,Indonesian Exclusive Economic Zone,WPP572,,SVDNB_npp_d20140716_t1803247_e1809051_b14079_c20140717000905445784_noaa_ops.h5,GDNBO_npp_d20140716_t1803247_e1809051_b14079_c20140717000905445471_noaa_ops.h5,SVI04_npp_d20140716_t1803247_e1809051_b14079_c20140717000905432367_noaa_ops.dspace_rad,VNFF_npp_d20140716_t1803247_e1809051_b14079_v21.csv,World_EEZ_v8_2014.shp,WPP_BFAR_merge.shp,KKP_IDN_merge_20161208.shp,VNF-VBD_npp_20120301-20151231_global_asia-enhanced_c201607211230.bitmask,NCEI_NGA.union.nga_lead2.add_2015ntl.mask,timezone.shp,VBD_platforms-recurring_2015_r20170330.shp,999999,VBD_bridges_c20160811.shp,2.701723;0.592520;-1.537733;-6.424739;-11.321091;-16.224911;-21.132078;-19.454973;-16.614069;-11.826628;-7.007390;-2.161976,98.595314;112.244095;125.823792;124.798187;123.864281;123.023224;122.264351;107.621338;93.259468;94.789581;96.172417;97.426979,npp_d20140716_t1803247_e1809051_b14079,157.873,24.8817,64.0935,99.1426,48.4885,88.899
109,VBD_npp_d20140716_t1804273_x1002184E_y013154S_l0570_s0364_v23,2017-05-23 13:08:46,-1.315414,100.218376,4.12373,2014-07-16 18:04:27,2014-07-17 01:04:27,570,364,0.368424,2,2209,0.177535,0.153208,0.831797,0.4,0.690322,0.75,0.0354619,0.0001,3.08112e-25,999999,8.998457e-02,3,Indonesian Exclusive Economic Zone,WPP572,,SVDNB_npp_d20140716_t1803247_e1809051_b14079_c20140717000905445784_noaa_ops.h5,GDNBO_npp_d20140716_t1803247_e1809051_b14079_c20140717000905445471_noaa_ops.h5,SVI04_npp_d20140716_t1803247_e1809051_b14079_c20140717000905432367_noaa_ops.dspace_rad,VNFF_npp_d20140716_t1803247_e1809051_b14079_v21.csv,World_EEZ_v8_2014.shp,WPP_BFAR_merge.shp,KKP_IDN_merge_20161208.shp,VNF-VBD_npp_20120301-20151231_global_asia-enhanced_c201607211230.bitmask,NCEI_NGA.union.nga_lead2.add_2015ntl.mask,timezone.shp,VBD_platforms-recurring_2015_r20170330.shp,999999,VBD_bridges_c20160811.shp,2.701723;0.592520;-1.537733;-6.424739;-11.321091;-16.224911;-21.132078;-19.454973;-16.614069;-11.826628;-7.007390;-2.161976,98.595314;112.244095;125.823792;124.798187;123.864281;123.023224;122.264351;107.621338;93.259468;94.789581;96.172417;97.426979,npp_d20140716_t1803247_e1809051_b14079,157.863,24.9102,64.0545,99.1767,48.4732,88.9026
110,VBD_npp_d20140716_t1804291_x1001959E_y013900S_l0582_s0364_v23,2017-05-23 13:08:46,-1.390046,100.195923,12.3532,2014-07-16 18:04:29,2014-07-17 01:04:29,582,364,0.357375,1,2529,0.51499,0.150049,0.822949,0.4,0.855435,0.75,0.035469,0.0001,2.98651e-25,999999,1.183753e-01,3,Indonesian Exclusive Economic Zone,WPP572,,SVDNB_npp_d20140716_t1803247_e1809051_b14079_c20140717000905445784_noaa_ops.h5,GDNBO_npp_d20140716_t1803247_e1809051_b14079_c20140717000905445471_noaa_ops.h5,SVI04_npp_d20140716_t1803247_e1809051_b14079_c20140717000905432367_noaa_ops.dspace_rad,VNFF_npp_d20140716_t1803247_e1809051_b14079_v21.csv,World_EEZ_v8_2014.shp,WPP_BFAR_merge.shp,KKP_IDN_merge_20161208.shp,VNF-VBD_npp_20120301-20151231_global_asia-enhanced_c201607211230.bitmask,NCEI_NGA.union.nga_lead2.add_2015ntl.mask,timezone.shp,VBD_platforms-recurring_2015_r20170330.shp,999999,VBD_bridges_c20160811.shp,2.701723;0.592520;-1.537733;-6.424739;-11.321091;-16.224911;-21.132078;-19.454973;-16.614069;-11.826628;-7.007390;-2.161976,98.595314;112.244095;125.823792;124.798187;123.864281;123.023224;122.264351;107.621338;93.259468;94.789581;96.172417;97.426979,npp_d20140716_t1803247_e1809051_b14079,157.937,24.9544,64.062,99.3347,48.4902,88.8353
111,VBD_npp_d20140716_t1804576_x0998077E_y030838S_l0846_s0366_v23,2017-05-23 13:08:46,-3.083819,99.807655,5.04979,2014-07-16 18:04:57,2014-07-17 01:04:57,846,366,0.365883,1,2529,0.250024,0.173397,0.674682,0.4,0.770755,0.75,0.0350921,0.0001,1.86175e-25,999999,-9.142615e-02,3,Indonesian Exclusive Economic Zone,WPP572,,SVDNB_npp_d20140716_t1803247_e1809051_b14079_c20140717000905445784_noaa_ops.h5,GDNBO_npp_d20140716_t1803247_e1809051_b14079_c20140717000905445471_noaa_ops.h5,SVI04_npp_d20140716_t1803247_e1809051_b14079_c20140717000905432367_noaa_ops.dspace_rad,VNFF_npp_d20140716_t1803247_e1809051_b14079_v21.csv,World_EEZ_v8_2014.shp,WPP_BFAR_merge.shp,KKP_IDN_merge_20161208.shp,VNF-VBD_npp_20120301-20151231_global_asia-enhanced_c201607211230.bitmask,NCEI_NGA.union.nga_lead2.add_2015ntl.mask,timezone.shp,VBD_platforms-recurring_2015_r20170330.shp,999999,VBD_bridges_c20160811.shp,2.701723;0.592520;-1.537733;-6.424739;-11.321091;-16.224911;-21.132078;-19.454973;-16.614069;-11.826628;-7.007390;-2.161976,98.595314;112.244095;125.823792;124.798187;123.864281;123.023224;122.264351;107.621338;93.259468;94.789581;96.172417;97.426979,npp_d20140716_t1803247_e1809051_b14079,159.581,26.2221,64.0247,99.4019,48.8243,87.3233
112,VBD_npp_d20140716_t1804398_x1000714E_y020074S_l0678_s0367_v23,2017-05-23 13:08:46,-2.007410,100.071373,6.35353,2014-07-16 18:04:39,2014-07-17 01:04:39,678,367,0.237384,2,2465,0.237109,0.192592,0.51042,0.4,0.719668,0.75,0.0353701,0.0001,2.9289e-25,999999,-2.639026e-01,3,Indonesian Exclusive Economic Zone,WPP572,,SVDNB_npp_d20140716_t1803247_e1809051_b14079_c20140717000905445784_noaa_ops.h5,GDNBO_npp_d20140716_t1803247_e1809051_b14079_c20140717000905445471_noaa_ops.h5,SVI04_npp_d20140716_t1803247_e1809051_b14079_c20140717000905432367_noaa_ops.dspace_rad,VNFF_npp_d20140716_t1803247_e1809051_b14079_v21.csv,World_EEZ_v8_2014.shp,WPP_BFAR_merge.shp,KKP_IDN_merge_20161208.shp,VNF-VBD_npp_20120301-20151231_global_asia-enhanced_c201607211230.bitmask,NCEI_NGA.union.nga_lead2.add_2015ntl.mask,timezone.shp,VBD_platforms-recurring_2015_r20170330.shp,999999,VBD_bridges_c20160811.shp,2.701723;0.592520;-1.537733;-6.424739;-11.321091;-16.224911;-21.132078;-19.454973;-16.614069;-11.826628;-7.007390;-2.161976,98.595314;112.244095;125.823792;124.798187;123.864281;123.023224;122.264351;107.621338;93.259468;94.789581;96.172417;97.426979,npp_d20140716_t1803247_e1809051_b14079,158.53,25.4338,64.0019,99.4626,48.5884,88.2791
113,VBD_npp_d20140716_t1804415_x1000419E_y021439S_l0699_s0367_v23,2017-05-23 13:08:46,-2.143914,100.041931,10.7165,2014-07-16 18:04:41,2014-07-17 01:04:41,699,367,0.235672,1,2529,0.419552,0.163565,0.749226,0.4,0.810726,0.75,0.0353379,0.0001,2.77285e-25,999999,-3.081970e-03,3,Indonesian Exclusive Economic Zone,WPP572,,SVDNB_npp_d20140716_t1803247_e1809051_b14079_c20140717000905445784_noaa_ops.h5,GDNBO_npp_d20140716_t1803247_e1809051_b14079_c20140717000905445471_noaa_ops.h5,SVI04_npp_d20140716_t1803247_e1809051_b14079_c20140717000905432367_noaa_ops.dspace_rad,VNFF_npp_d20140716_t1803247_e1809051_b14079_v21.csv,World_EEZ_v8_2014.shp,WPP_BFAR_merge.shp,KKP_IDN_merge_20161208.shp,VNF-VBD_npp_20120301-20151231_global_asia-enhanced_c201607211230.bitmask,NCEI_NGA.union.nga_lead2.add_2015ntl.mask,timezone.shp,VBD_platforms-recurring_2015_r20170330.shp,999999,VBD_bridges_c20160811.shp,2.701723;0.592520;-1.537733;-6.424739;-11.321091;-16.224911;-21.132078;-19.454973;-16.614069;-11.826628;-7.007390;-2.161976,98.595314;112.244095;125.823792;124.798187;123.864281;123.023224;122.264351;107.621338;93.259468;94.789581;96.172417;97.426979,npp_d20140716_t1803247_e1809051_b14079,158.662,25.5337,64.0001,99.3127,48.6152,88.157
114,VBD_npp_d20140716_t1804220_x1003160E_y010197S_l0523_s0368_v23,2017-05-23 13:08:46,-1.019737,100.315971,8.41825,2014-07-16 18:04:22,2014-07-17 01:04:22,523,368,0.377374,1,2529,0.34304,0.173003,0.851753,0.4,0.787495,0.75,0.0354589,0.0001,4.1178e-25,999999,-8.788233e-02,3,Indonesian Exclusive Economic Zone,WPP572,,SVDNB_npp_d20140716_t1803247_e1809051_b14079_c20140717000905445784_noaa_ops.h5,GDNBO_npp_d20140716_t1803247_e1809051_b14079_c20140717000905445471_noaa_ops.h5,SVI04_npp_d20140716_t1803247_e1809051_b14079_c20140717000905432367_noaa_ops.dspace_rad,VNFF_npp_d20140716_t1803247_e1809051_b14079_v21.csv,World_EEZ_v8_2014.shp,WPP_BFAR_merge.shp,KKP_IDN_merge_20161208.shp,VNF-VBD_npp_20120301-20151231_global_asia-enhanced_c201607211230.bitmask,NCEI_NGA.union.nga_lead2.add_2015ntl.mask,timezone.shp,VBD_platforms-recurring_2015_r20170330.shp,999999,VBD_bridges_c20160811.shp,2.701723;0.592520;-1.537733;-6.424739;-11.321091;-16.224911;-21.132078;-19.454973;-16.614069;-11.826628;-7.007390;-2.161976,98.595314;112.244095;125.823792;124.798187;123.864281;123.023224;122.264351;107.621338;93.259468;94.789581;96.172417;97.426979,npp_d20140716_t1803247_e1809051_b14079,157.563,24.7722,63.9804,99.0769,48.3913,89.1693
115,VBD_npp_d20140716_t1804220_x1003125E_y010403S_l0526_s0368_v23,2017-05-23 13:08:46,-1.040287,100.312485,8.37189,2014-07-16 18:04:22,2014-07-17 01:04:22,526,368,0.373562,1,2529,0.368933,0.179714,0.851753,0.4,0.841332,0.75,0.0354607,0.0001,4.05199e-25,999999,-1.481908e-01,3,Indonesian Exclusive Economic Zone,WPP572,,SVDNB_npp_d20140716_t1803247_e1809051_b14079_c20140717000905445784_noaa_ops.h5,GDNBO_npp_d20140716_t1803247_e1809051_b14079_c20140717000905445471_noaa_ops.h5,SVI04_npp_d20140716_t1803247_e1809051_b14079_c20140717000905432367_noaa_ops.dspace_rad,VNFF_npp_d20140716_t1803247_e1809051_b14079_v21.csv,World_EEZ_v8_2014.shp,WPP_BFAR_merge.shp,KKP_IDN_merge_20161208.shp,VNF-VBD_npp_20120301-20151231_global_asia-enhanced_c201607211230.bitmask,NCEI_NGA.union.nga_lead2.add_2015ntl.mask,timezone.shp,VBD_platforms-recurring_2015_r20170330.shp,999999,VBD_bridges_c20160811.shp,2.701723;0.592520;-1.537733;-6.424739;-11.321091;-16.224911;-21.132078;-19.454973;-16.614069;-11.826628;-7.007390;-2.161976,98.595314;112.244095;125.823792;124.798187;123.864281;123.023224;122.264351;107.621338;93.259468;94.789581;96.172417;97.426979,npp_d20140716_t1803247_e1809051_b14079,157.583,24.7855,63.981,98.9734,48.3951,89.1507
116,VBD_npp_d20140716_t1804220_x1003217E_y010277S_l0524_s0369_v23,2017-05-23 13:08:46,-1.027701,100.321701,5.10267,2014-07-16 18:04:22,2014-07-17 01:04:22,524,369,0.377981,2,2465,0.207861,0.177796,0.851753,0.4,0.726984,0.75,0.0354657,0.0001,4.32232e-25,999999,-1.309562e-01,3,Indonesian Exclusive Economic Zone,WPP572,,SVDNB_npp_d20140716_t1803247_e1809051_b14079_c20140717000905445784_noaa_ops.h5,GDNBO_npp_d20140716_t1803247_e1809051_b14079_c20140717000905445471_noaa_ops.h5,SVI04_npp_d20140716_t1803247_e1809051_b14079_c20140717000905432367_noaa_ops.dspace_rad,VNFF_npp_d20140716_t1803247_e1809051_b14079_v21.csv,World_EEZ_v8_2014.shp,WPP_BFAR_merge.shp,KKP_IDN_merge_20161208.shp,VNF-VBD_npp_20120301-20151231_global_asia-enhanced_c201607211230.bitmask,NCEI_NGA.union.nga_lead2.add_2015ntl.mask,timezone.shp,VBD_platforms-recurring_2015_r20170330.shp,999999,VBD_bridges_c20160811.shp,2.701723;0.592520;-1.537733;-6.424739;-11.321091;-16.224911;-21.132078;-19.454973;-16.614069;-11.826628;-7.007390;-2.161976,98.595314;112.244095;125.823792;124.798187;123.864281;123.023224;122.264351;107.621338;93.259468;94.789581;96.172417;97.426979,npp_d20140716_t1803247_e1809051_b14079,157.568,24.7928,63.9612,99.0423,48.3856,89.1619
117,VBD_npp_d20140716_t1804220_x1003297E_y010220S_l0523_s0370_v23,2017-05-23 13:08:46,-1.021970,100.329742,4.80094,2014-07-16 18:04:22,2014-07-17 01:04:22,523,370,0.376435,2,2209,0.206096,0.177337,0.851753,0.4,0.73405,0.75,0.0354712,0.0001,4.58533e-25,999999,-1.268315e-01,3,Indonesian Exclusive Economic Zone,WPP572,,SVDNB_npp_d20140716_t1803247_e1809051_b14079_c20140717000905445784_noaa_ops.h5,GDNBO_npp_d20140716_t1803247_e1809051_b14079_c20140717000905445471_noaa_ops.h5,SVI04_npp_d20140716_t1803247_e1809051_b14079_c20140717000905432367_noaa_ops.dspace_rad,VNFF_npp_d20140716_t1803247_e1809051_b14079_v21.csv,World_EEZ_v8_2014.shp,WPP_BFAR_merge.shp,KKP_IDN_merge_20161208.shp,VNF-VBD_npp_20120301-20151231_global_asia-enhanced_c201607211230.bitmask,NCEI_NGA.union.nga_lead2.add_2015ntl.mask,timezone.shp,VBD_platforms-recurring_2015_r20170330.shp,999999,VBD_bridges_c20160811.shp,2.701723;0.592520;-1.537733;-6.424739;-11.321091;-16.224911;-21.132078;-19.454973;-16.614069;-11.826628;-7.007390;-2.161976,98.595314;112.244095;125.823792;124.798187;123.864281;123.023224;122.264351;107.621338;93.259468;94.789581;96.172417;97.426979,npp_d20140716_t1803247_e1809051_b14079,157.559,24.8045,63.9416,99.0766,48.3774,89.1669
118,VBD_npp_d20140716_t1804220_x1003332E_y010436S_l0526_s0371_v23,2017-05-23 13:08:46,-1.043607,100.333153,15.6563,2014-07-16 18:04:22,2014-07-17 01:04:22,526,371,0.37091,8,18913,0.594688,0.170081,0.860291,0.4,0.908199,0.75,0.0354791,0.0001,4.76083e-25,999999,-6.163318e-02,3,Indonesian Exclusive Economic Zone,WPP572,,SVDNB_npp_d20140716_t1803247_e1809051_b14079_c20140717000905445784_noaa_ops.h5,GDNBO_npp_d20140716_t1803247_e1809051_b14079_c20140717000905445471_noaa_ops.h5,SVI04_npp_d20140716_t1803247_e1809051_b14079_c20140717000905432367_noaa_ops.dspace_rad,VNFF_npp_d20140716_t1803247_e1809051_b14079_v21.csv,World_EEZ_v8_2014.shp,WPP_BFAR_merge.shp,KKP_IDN_merge_20161208.shp,VNF-VBD_npp_20120301-20151231_global_asia-enhanced_c201607211230.bitmask,NCEI_NGA.union.nga_lead2.add_2015ntl.mask,timezone.shp,VBD_platforms-recurring_2015_r20170330.shp,0.679358,VBD_bridges_c20160811.shp,2.701723;0.592520;-1.537733;-6.424739;-11.321091;-16.224911;-21.132078;-19.454973;-16.614069;-11.826628;-7.007390;-2.161976,98.595314;112.244095;125.823792;124.798187;123.864281;123.023224;122.264351;107.621338;93.259468;94.789581;96.172417;97.426979,npp_d20140716_t1803247_e1809051_b14079,157.577,24.8339,63.9229,98.9729,48.3742,89.147
119,VBD_npp_d20140716_t1804593_x0998159E_y032054S_l0864_s0371_v23,2017-05-23 13:08:46,-3.205446,99.815887,18.6985,2014-07-16 18:04:59,2014-07-17 01:04:59,864,371,0.355165,1,2529,0.642158,0.185428,0.839187,0.4,0.870588,0.75,0.0350923,0.0001,2.34699e-25,999999,-1.995353e-01,3,Indonesian Exclusive Economic Zone,WPP572,,SVDNB_npp_d20140716_t1803247_e1809051_b14079_c20140717000905445784_noaa_ops.h5,GDNBO_npp_d20140716_t1803247_e1809051_b14079_c20140717000905445471_noaa_ops.h5,SVI04_npp_d20140716_t1803247_e1809051_b14079_c20140717000905432367_noaa_ops.dspace_rad,VNFF_npp_d20140716_t1803247_e1809051_b14079_v21.csv,World_EEZ_v8_2014.shp,WPP_BFAR_merge.shp,KKP_IDN_merge_20161208.shp,VNF-VBD_npp_20120301-20151231_global_asia-enhanced_c201607211230.bitmask,NCEI_NGA.union.nga_lead2.add_2015ntl.mask,timezone.shp,VBD_platforms-recurring_2015_r20170330.shp,999999,VBD_bridges_c20160811.shp,2.701723;0.592520;-1.537733;-6.424739;-11.321091;-16.224911;-21.132078;-19.454973;-16.614069;-11.826628;-7.007390;-2.161976,98.595314;112.244095;125.823792;124.798187;123.864281;123.023224;122.264351;107.621338;93.259468;94.789581;96.172417;97.426979,npp_d20140716_t1803247_e1809051_b14079,159.683,26.4042,63.9253,99.3538,48.8146,87.2125
120,VBD_npp_d20140716_t1804220_x1003435E_y010242S_l0523_s0372_v23,2017-05-23 13:08:46,-1.024198,100.343498,5.72913,2014-07-16 18:04:22,2014-07-17 01:04:22,523,372,0.372236,7,2465,0.224806,0.17901,0.860291,0.4,0.624302,0.75,0.0354835,0.0001,5.10411e-25,999999,-1.418631e-01,3,,,,SVDNB_npp_d20140716_t1803247_e1809051_b14079_c20140717000905445784_noaa_ops.h5,GDNBO_npp_d20140716_t1803247_e1809051_b14079_c20140717000905445471_noaa_ops.h5,SVI04_npp_d20140716_t1803247_e1809051_b14079_c20140717000905432367_noaa_ops.dspace_rad,VNFF_npp_d20140716_t1803247_e1809051_b14079_v21.csv,World_EEZ_v8_2014.shp,WPP_BFAR_merge.shp,KKP_IDN_merge_20161208.shp,VNF-VBD_npp_20120301-20151231_global_asia-enhanced_c201607211230.bitmask,NCEI_NGA.union.nga_lead2.add_2015ntl.mask,timezone.shp,VBD_platforms-recurring_2015_r20170330.shp,999999,VBD_bridges_c20160811.shp,2.701723;0.592520;-1.537733;-6.424739;-11.321091;-16.224911;-21.132078;-19.454973;-16.614069;-11.826628;-7.007390;-2.161976,98.595314;112.244095;125.823792;124.798187;123.864281;123.023224;122.264351;107.621338;93.259468;94.789581;96.172417;97.426979,npp_d20140716_t1803247_e1809051_b14079,157.555,24.8368,63.9029,99.0763,48.3635,89.1644
121,VBD_npp_d20140716_t1804237_x1003377E_y010661S_l0530_s0373_v23,2017-05-23 13:08:46,-1.066052,100.337669,6.20992,2014-07-16 18:04:23,2014-07-17 01:04:23,530,373,0.377816,1,2529,0.296605,0.144138,0.880663,0.4,0.773313,0.75,0.0354937,0.0001,5.52505e-25,999999,1.714832e-01,3,Indonesian Exclusive Economic Zone,WPP572,,SVDNB_npp_d20140716_t1803247_e1809051_b14079_c20140717000905445784_noaa_ops.h5,GDNBO_npp_d20140716_t1803247_e1809051_b14079_c20140717000905445471_noaa_ops.h5,SVI04_npp_d20140716_t1803247_e1809051_b14079_c20140717000905432367_noaa_ops.dspace_rad,VNFF_npp_d20140716_t1803247_e1809051_b14079_v21.csv,World_EEZ_v8_2014.shp,WPP_BFAR_merge.shp,KKP_IDN_merge_20161208.shp,VNF-VBD_npp_20120301-20151231_global_asia-enhanced_c201607211230.bitmask,NCEI_NGA.union.nga_lead2.add_2015ntl.mask,timezone.shp,VBD_platforms-recurring_2015_r20170330.shp,999999,VBD_bridges_c20160811.shp,2.701723;0.592520;-1.537733;-6.424739;-11.321091;-16.224911;-21.132078;-19.454973;-16.614069;-11.826628;-7.007390;-2.161976,98.595314;112.244095;125.823792;124.798187;123.864281;123.023224;122.264351;107.621338;93.259468;94.789581;96.172417;97.426979,npp_d20140716_t1803247_e1809051_b14079,157.593,24.8829,63.8797,99.4093,48.3628,89.126
122,VBD_npp_d20140716_t1804522_x0999464E_y027032S_l0786_s0373_v23,2017-05-23 13:08:46,-2.703155,99.946449,9.1653,2014-07-16 18:04:52,2014-07-17 01:04:52,786,373,0.374667,1,2529,0.466396,0.14071,0.775707,0.4,0.910854,0.75,0.0352357,0.0001,3.3148e-25,999999,2.022902e-01,3,Indonesian Exclusive Economic Zone,WPP572,,SVDNB_npp_d20140716_t1803247_e1809051_b14079_c20140717000905445784_noaa_ops.h5,GDNBO_npp_d20140716_t1803247_e1809051_b14079_c20140717000905445471_noaa_ops.h5,SVI04_npp_d20140716_t1803247_e1809051_b14079_c20140717000905432367_noaa_ops.dspace_rad,VNFF_npp_d20140716_t1803247_e1809051_b14079_v21.csv,World_EEZ_v8_2014.shp,WPP_BFAR_merge.shp,KKP_IDN_merge_20161208.shp,VNF-VBD_npp_20120301-20151231_global_asia-enhanced_c201607211230.bitmask,NCEI_NGA.union.nga_lead2.add_2015ntl.mask,timezone.shp,VBD_platforms-recurring_2015_r20170330.shp,999999,VBD_bridges_c20160811.shp,2.701723;0.592520;-1.537733;-6.424739;-11.321091;-16.224911;-21.132078;-19.454973;-16.614069;-11.826628;-7.007390;-2.161976,98.595314;112.244095;125.823792;124.798187;123.864281;123.023224;122.264351;107.621338;93.259468;94.789581;96.172417;97.426979,npp_d20140716_t1803247_e1809051_b14079,159.188,26.0482,63.8824,99.7497,48.689,87.6554
123,VBD_npp_d20140716_t1805011_x0998202E_y032074S_l0865_s0373_v23,2017-05-23 13:08:46,-3.207377,99.820198,7.09522,2014-07-16 18:05:01,2014-07-17 01:05:01,865,373,0.356381,1,2529,0.306482,0.15427,0.839187,0.4,0.811493,0.75,0.0351029,0.0001,2.72448e-25,999999,8.044104e-02,3,Indonesian Exclusive Economic Zone,WPP572,,SVDNB_npp_d20140716_t1803247_e1809051_b14079_c20140717000905445784_noaa_ops.h5,GDNBO_npp_d20140716_t1803247_e1809051_b14079_c20140717000905445471_noaa_ops.h5,SVI04_npp_d20140716_t1803247_e1809051_b14079_c20140717000905432367_noaa_ops.dspace_rad,VNFF_npp_d20140716_t1803247_e1809051_b14079_v21.csv,World_EEZ_v8_2014.shp,WPP_BFAR_merge.shp,KKP_IDN_merge_20161208.shp,VNF-VBD_npp_20120301-20151231_global_asia-enhanced_c201607211230.bitmask,NCEI_NGA.union.nga_lead2.add_2015ntl.mask,timezone.shp,VBD_platforms-recurring_2015_r20170330.shp,999999,VBD_bridges_c20160811.shp,2.701723;0.592520;-1.537733;-6.424739;-11.321091;-16.224911;-21.132078;-19.454973;-16.614069;-11.826628;-7.007390;-2.161976,98.595314;112.244095;125.823792;124.798187;123.864281;123.023224;122.264351;107.621338;93.259468;94.789581;96.172417;97.426979,npp_d20140716_t1803247_e1809051_b14079,159.68,26.4342,63.8917,99.8905,48.8032,87.2095
124,VBD_npp_d20140716_t1804220_x1003538E_y010469S_l0526_s0374_v23,2017-05-23 13:08:46,-1.046917,100.353752,28.1321,2014-07-16 18:04:22,2014-07-17 01:04:22,526,374,0.375274,1,2529,0.584881,0.170666,0.860291,0.4,0.861094,0.75,0.0354975,0.0001,5.58924e-25,999999,-6.688297e-02,3,Indonesian Exclusive Economic Zone,WPP572,,SVDNB_npp_d20140716_t1803247_e1809051_b14079_c20140717000905445784_noaa_ops.h5,GDNBO_npp_d20140716_t1803247_e1809051_b14079_c20140717000905445471_noaa_ops.h5,SVI04_npp_d20140716_t1803247_e1809051_b14079_c20140717000905432367_noaa_ops.dspace_rad,VNFF_npp_d20140716_t1803247_e1809051_b14079_v21.csv,World_EEZ_v8_2014.shp,WPP_BFAR_merge.shp,KKP_IDN_merge_20161208.shp,VNF-VBD_npp_20120301-20151231_global_asia-enhanced_c201607211230.bitmask,NCEI_NGA.union.nga_lead2.add_2015ntl.mask,timezone.shp,VBD_platforms-recurring_2015_r20170330.shp,999999,VBD_bridges_c20160811.shp,2.701723;0.592520;-1.537733;-6.424739;-11.321091;-16.224911;-21.132078;-19.454973;-16.614069;-11.826628;-7.007390;-2.161976,98.595314;112.244095;125.823792;124.798187;123.864281;123.023224;122.264351;107.621338;93.259468;94.789581;96.172417;97.426979,npp_d20140716_t1803247_e1809051_b14079,157.572,24.8822,63.8647,98.9724,48.3535,89.1434
125,VBD_npp_d20140716_t1804309_x1002299E_y015720S_l0608_s0374_v23,2017-05-23 13:08:46,-1.571971,100.229874,6.34333,2014-07-16 18:04:30,2014-07-17 01:04:30,608,374,0.242909,2,2465,0.266217,0.150948,0.528471,0.4,0.74363,0.75,0.0355193,0.0001,4.73341e-25,999999,1.102980e-01,3,Indonesian Exclusive Economic Zone,WPP572,,SVDNB_npp_d20140716_t1803247_e1809051_b14079_c20140717000905445784_noaa_ops.h5,GDNBO_npp_d20140716_t1803247_e1809051_b14079_c20140717000905445471_noaa_ops.h5,SVI04_npp_d20140716_t1803247_e1809051_b14079_c20140717000905432367_noaa_ops.dspace_rad,VNFF_npp_d20140716_t1803247_e1809051_b14079_v21.csv,World_EEZ_v8_2014.shp,WPP_BFAR_merge.shp,KKP_IDN_merge_20161208.shp,VNF-VBD_npp_20120301-20151231_global_asia-enhanced_c201607211230.bitmask,NCEI_NGA.union.nga_lead2.add_2015ntl.mask,timezone.shp,VBD_platforms-recurring_2015_r20170330.shp,999999,VBD_bridges_c20160811.shp,2.701723;0.592520;-1.537733;-6.424739;-11.321091;-16.224911;-21.132078;-19.454973;-16.614069;-11.826628;-7.007390;-2.161976,98.595314;112.244095;125.823792;124.798187;123.864281;123.023224;122.264351;107.621338;93.259468;94.789581;96.172417;97.426979,npp_d20140716_t1803247_e1809051_b14079,158.084,25.2372,63.8673,99.0106,48.4526,88.668
126,VBD_npp_d20140716_t1804220_x1003618E_y010412S_l0525_s0375_v23,2017-05-23 13:08:46,-1.041190,100.361755,8.2922,2014-07-16 18:04:22,2014-07-17 01:04:22,525,375,0.377539,7,18849,0.221679,0.152977,0.854065,0.4,0.685156,0.75,0.0355031,0.0001,5.92695e-25,999999,9.206139e-02,3,,,,SVDNB_npp_d20140716_t1803247_e1809051_b14079_c20140717000905445784_noaa_ops.h5,GDNBO_npp_d20140716_t1803247_e1809051_b14079_c20140717000905445471_noaa_ops.h5,SVI04_npp_d20140716_t1803247_e1809051_b14079_c20140717000905432367_noaa_ops.dspace_rad,VNFF_npp_d20140716_t1803247_e1809051_b14079_v21.csv,World_EEZ_v8_2014.shp,WPP_BFAR_merge.shp,KKP_IDN_merge_20161208.shp,VNF-VBD_npp_20120301-20151231_global_asia-enhanced_c201607211230.bitmask,NCEI_NGA.union.nga_lead2.add_2015ntl.mask,timezone.shp,VBD_platforms-recurring_2015_r20170330.shp,0.0983373,VBD_bridges_c20160811.shp,2.701723;0.592520;-1.537733;-6.424739;-11.321091;-16.224911;-21.132078;-19.454973;-16.614069;-11.826628;-7.007390;-2.161976,98.595314;112.244095;125.823792;124.798187;123.864281;123.023224;122.264351;107.621338;93.259468;94.789581;96.172417;97.426979,npp_d20140716_t1803247_e1809051_b14079,157.563,24.8938,63.8452,99.0068,48.3453,89.1483
127,VBD_npp_d20140716_t1804237_x1003514E_y010683S_l0530_s0375_v23,2017-05-23 13:08:46,-1.068330,100.351357,7.90901,2014-07-16 18:04:23,2014-07-17 01:04:23,530,375,0.376103,7,2465,0.292588,0.224929,0.886759,0.4,0.733172,0.75,0.035506,0.0001,6.14592e-25,999999,-5.544751e-01,3,,,,SVDNB_npp_d20140716_t1803247_e1809051_b14079_c20140717000905445784_noaa_ops.h5,GDNBO_npp_d20140716_t1803247_e1809051_b14079_c20140717000905445471_noaa_ops.h5,SVI04_npp_d20140716_t1803247_e1809051_b14079_c20140717000905432367_noaa_ops.dspace_rad,VNFF_npp_d20140716_t1803247_e1809051_b14079_v21.csv,World_EEZ_v8_2014.shp,WPP_BFAR_merge.shp,KKP_IDN_merge_20161208.shp,VNF-VBD_npp_20120301-20151231_global_asia-enhanced_c201607211230.bitmask,NCEI_NGA.union.nga_lead2.add_2015ntl.mask,timezone.shp,VBD_platforms-recurring_2015_r20170330.shp,999999,VBD_bridges_c20160811.shp,2.701723;0.592520;-1.537733;-6.424739;-11.321091;-16.224911;-21.132078;-19.454973;-16.614069;-11.826628;-7.007390;-2.161976,98.595314;112.244095;125.823792;124.798187;123.864281;123.023224;122.264351;107.621338;93.259468;94.789581;96.172417;97.426979,npp_d20140716_t1803247_e1809051_b14079,157.589,24.915,63.841,99.4091,48.349,89.1235
128,VBD_npp_d20140716_t1804326_x1002298E_y015733S_l0609_s0375_v23,2017-05-23 13:08:46,-1.573290,100.229813,6.36216,2014-07-16 18:04:32,2014-07-17 01:04:32,609,375,0.244235,2,2465,0.25441,0.154433,0.537941,0.4,0.719389,0.75,0.0355239,0.0001,5.25838e-25,999999,7.897581e-02,3,Indonesian Exclusive Economic Zone,WPP572,,SVDNB_npp_d20140716_t1803247_e1809051_b14079_c20140717000905445784_noaa_ops.h5,GDNBO_npp_d20140716_t1803247_e1809051_b14079_c20140717000905445471_noaa_ops.h5,SVI04_npp_d20140716_t1803247_e1809051_b14079_c20140717000905432367_noaa_ops.dspace_rad,VNFF_npp_d20140716_t1803247_e1809051_b14079_v21.csv,World_EEZ_v8_2014.shp,WPP_BFAR_merge.shp,KKP_IDN_merge_20161208.shp,VNF-VBD_npp_20120301-20151231_global_asia-enhanced_c201607211230.bitmask,NCEI_NGA.union.nga_lead2.add_2015ntl.mask,timezone.shp,VBD_platforms-recurring_2015_r20170330.shp,999999,VBD_bridges_c20160811.shp,2.701723;0.592520;-1.537733;-6.424739;-11.321091;-16.224911;-21.132078;-19.454973;-16.614069;-11.826628;-7.007390;-2.161976,98.595314;112.244095;125.823792;124.798187;123.864281;123.023224;122.264351;107.621338;93.259468;94.789581;96.172417;97.426979,npp_d20140716_t1803247_e1809051_b14079,158.082,25.2549,63.8459,99.5479,48.4455,88.6663
129,VBD_npp_d20140716_t1804220_x1003755E_y010434S_l0525_s0377_v23,2017-05-23 13:08:46,-1.043412,100.375542,6.90861,2014-07-16 18:04:22,2014-07-17 01:04:22,525,377,0.384721,7,2465,0.241219,0.185095,0.854065,0.4,0.566894,0.75,0.0355154,0.0001,6.59153e-25,999999,-1.965386e-01,3,,,,SVDNB_npp_d20140716_t1803247_e1809051_b14079_c20140717000905445784_noaa_ops.h5,GDNBO_npp_d20140716_t1803247_e1809051_b14079_c20140717000905445471_noaa_ops.h5,SVI04_npp_d20140716_t1803247_e1809051_b14079_c20140717000905432367_noaa_ops.dspace_rad,VNFF_npp_d20140716_t1803247_e1809051_b14079_v21.csv,World_EEZ_v8_2014.shp,WPP_BFAR_merge.shp,KKP_IDN_merge_20161208.shp,VNF-VBD_npp_20120301-20151231_global_asia-enhanced_c201607211230.bitmask,NCEI_NGA.union.nga_lead2.add_2015ntl.mask,timezone.shp,VBD_platforms-recurring_2015_r20170330.shp,999999,VBD_bridges_c20160811.shp,2.701723;0.592520;-1.537733;-6.424739;-11.321091;-16.224911;-21.132078;-19.454973;-16.614069;-11.826628;-7.007390;-2.161976,98.595314;112.244095;125.823792;124.798187;123.864281;123.023224;122.264351;107.621338;93.259468;94.789581;96.172417;97.426979,npp_d20140716_t1803247_e1809051_b14079,157.559,24.9259,63.8065,99.0064,48.3315,89.1459
130,VBD_npp_d20140716_t1804433_x1001498E_y022127S_l0707_s0385_v23,2017-05-23 13:08:46,-2.212678,100.149796,12.4353,2014-07-16 18:04:43,2014-07-17 01:04:43,707,385,0.217496,1,2529,0.428499,0.167445,0.777615,0.4,0.817933,0.75,0.0354354,0.0001,7.36212e-25,999999,-3.793878e-02,3,Indonesian Exclusive Economic Zone,WPP572,,SVDNB_npp_d20140716_t1803247_e1809051_b14079_c20140717000905445784_noaa_ops.h5,GDNBO_npp_d20140716_t1803247_e1809051_b14079_c20140717000905445471_noaa_ops.h5,SVI04_npp_d20140716_t1803247_e1809051_b14079_c20140717000905432367_noaa_ops.dspace_rad,VNFF_npp_d20140716_t1803247_e1809051_b14079_v21.csv,World_EEZ_v8_2014.shp,WPP_BFAR_merge.shp,KKP_IDN_merge_20161208.shp,VNF-VBD_npp_20120301-20151231_global_asia-enhanced_c201607211230.bitmask,NCEI_NGA.union.nga_lead2.add_2015ntl.mask,timezone.shp,VBD_platforms-recurring_2015_r20170330.shp,999999,VBD_bridges_c20160811.shp,2.701723;0.592520;-1.537733;-6.424739;-11.321091;-16.224911;-21.132078;-19.454973;-16.614069;-11.826628;-7.007390;-2.161976,98.595314;112.244095;125.823792;124.798187;123.864281;123.023224;122.264351;107.621338;93.259468;94.789581;96.172417;97.426979,npp_d20140716_t1803247_e1809051_b14079,158.674,25.8714,63.6511,99.6037,48.5013,88.0868
131,VBD_npp_d20140716_t1804255_x1003923E_y012378S_l0554_s0386_v23,2017-05-23 13:08:46,-1.237813,100.392342,8.60337,2014-07-16 18:04:25,2014-07-17 01:04:25,554,386,0.361298,1,2529,0.339517,0.180542,0.770238,0.4,0.824736,0.75,0.0355875,0.0001,1.01876e-24,999999,1.228944e-01,3,Indonesian Exclusive Economic Zone,WPP572,,SVDNB_npp_d20140716_t1803247_e1809051_b14079_c20140717000905445784_noaa_ops.h5,GDNBO_npp_d20140716_t1803247_e1809051_b14079_c20140717000905445471_noaa_ops.h5,SVI04_npp_d20140716_t1803247_e1809051_b14079_c20140717000905432367_noaa_ops.dspace_rad,VNFF_npp_d20140716_t1803247_e1809051_b14079_v21.csv,World_EEZ_v8_2014.shp,WPP_BFAR_merge.shp,KKP_IDN_merge_20161208.shp,VNF-VBD_npp_20120301-20151231_global_asia-enhanced_c201607211230.bitmask,NCEI_NGA.union.nga_lead2.add_2015ntl.mask,timezone.shp,VBD_platforms-recurring_2015_r20170330.shp,999999,VBD_bridges_c20160811.shp,2.701723;0.592520;-1.537733;-6.424739;-11.321091;-16.224911;-21.132078;-19.454973;-16.614069;-11.826628;-7.007390;-2.161976,98.595314;112.244095;125.823792;124.798187;123.864281;123.023224;122.264351;107.621338;93.259468;94.789581;96.172417;97.426979,npp_d20140716_t1803247_e1809051_b14079,157.722,25.1953,63.6308,99.1504,48.3032,88.9669
132,VBD_npp_d20140716_t1804273_x1003759E_y012993S_l0564_s0386_v23,2017-05-23 13:08:46,-1.299282,100.375870,7.49348,2014-07-16 18:04:27,2014-07-17 01:04:27,564,386,0.29412,1,2529,0.324336,0.199677,0.804715,0.4,0.788567,0.75,0.0355934,0.0001,1.02725e-24,999999,-1.952936e-02,3,Indonesian Exclusive Economic Zone,WPP572,,SVDNB_npp_d20140716_t1803247_e1809051_b14079_c20140717000905445784_noaa_ops.h5,GDNBO_npp_d20140716_t1803247_e1809051_b14079_c20140717000905445471_noaa_ops.h5,SVI04_npp_d20140716_t1803247_e1809051_b14079_c20140717000905432367_noaa_ops.dspace_rad,VNFF_npp_d20140716_t1803247_e1809051_b14079_v21.csv,World_EEZ_v8_2014.shp,WPP_BFAR_merge.shp,KKP_IDN_merge_20161208.shp,VNF-VBD_npp_20120301-20151231_global_asia-enhanced_c201607211230.bitmask,NCEI_NGA.union.nga_lead2.add_2015ntl.mask,timezone.shp,VBD_platforms-recurring_2015_r20170330.shp,999999,VBD_bridges_c20160811.shp,2.701723;0.592520;-1.537733;-6.424739;-11.321091;-16.224911;-21.132078;-19.454973;-16.614069;-11.826628;-7.007390;-2.161976,98.595314;112.244095;125.823792;124.798187;123.864281;123.023224;122.264351;107.621338;93.259468;94.789581;96.172417;97.426979,npp_d20140716_t1803247_e1809051_b14079,157.781,25.2395,63.6279,99.3804,48.3137,88.9109
133,VBD_npp_d20140716_t1804255_x1004025E_y012185S_l0551_s0387_v23,2017-05-23 13:08:46,-1.218537,100.402542,8.20985,2014-07-16 18:04:25,2014-07-17 01:04:25,551,387,0.361519,2,2465,0.311422,0.16577,0.798343,0.4,0.665009,0.75,0.0355919,0.0001,1.09041e-24,999999,2.328386e-01,3,Indonesian Exclusive Economic Zone,WPP572,,SVDNB_npp_d20140716_t1803247_e1809051_b14079_c20140717000905445784_noaa_ops.h5,GDNBO_npp_d20140716_t1803247_e1809051_b14079_c20140717000905445471_noaa_ops.h5,SVI04_npp_d20140716_t1803247_e1809051_b14079_c20140717000905432367_noaa_ops.dspace_rad,VNFF_npp_d20140716_t1803247_e1809051_b14079_v21.csv,World_EEZ_v8_2014.shp,WPP_BFAR_merge.shp,KKP_IDN_merge_20161208.shp,VNF-VBD_npp_20120301-20151231_global_asia-enhanced_c201607211230.bitmask,NCEI_NGA.union.nga_lead2.add_2015ntl.mask,timezone.shp,VBD_platforms-recurring_2015_r20170330.shp,999999,VBD_bridges_c20160811.shp,2.701723;0.592520;-1.537733;-6.424739;-11.321091;-16.224911;-21.132078;-19.454973;-16.614069;-11.826628;-7.007390;-2.161976,98.595314;112.244095;125.823792;124.798187;123.864281;123.023224;122.264351;107.621338;93.259468;94.789581;96.172417;97.426979,npp_d20140716_t1803247_e1809051_b14079,157.7,25.1976,63.6111,99.254,48.2925,88.9841
134,VBD_npp_d20140716_t1804255_x1003956E_y012593S_l0557_s0387_v23,2017-05-23 13:08:46,-1.259293,100.395638,5.13871,2014-07-16 18:04:25,2014-07-17 01:04:25,557,387,0.341023,2,2209,0.185082,0.176132,0.820406,0.4,0.717667,0.75,0.0355954,0.0001,1.05629e-24,999999,1.557126e-01,3,Indonesian Exclusive Economic Zone,WPP572,,SVDNB_npp_d20140716_t1803247_e1809051_b14079_c20140717000905445784_noaa_ops.h5,GDNBO_npp_d20140716_t1803247_e1809051_b14079_c20140717000905445471_noaa_ops.h5,SVI04_npp_d20140716_t1803247_e1809051_b14079_c20140717000905432367_noaa_ops.dspace_rad,VNFF_npp_d20140716_t1803247_e1809051_b14079_v21.csv,World_EEZ_v8_2014.shp,WPP_BFAR_merge.shp,KKP_IDN_merge_20161208.shp,VNF-VBD_npp_20120301-20151231_global_asia-enhanced_c201607211230.bitmask,NCEI_NGA.union.nga_lead2.add_2015ntl.mask,timezone.shp,VBD_platforms-recurring_2015_r20170330.shp,999999,VBD_bridges_c20160811.shp,2.701723;0.592520;-1.537733;-6.424739;-11.321091;-16.224911;-21.132078;-19.454973;-16.614069;-11.826628;-7.007390;-2.161976,98.595314;112.244095;125.823792;124.798187;123.864281;123.023224;122.264351;107.621338;93.259468;94.789581;96.172417;97.426979,npp_d20140716_t1803247_e1809051_b14079,157.74,25.2249,63.6121,99.0463,48.3002,88.9471
135,VBD_npp_d20140716_t1804273_x1003849E_y012868S_l0562_s0387_v23,2017-05-23 13:08:46,-1.286816,100.384895,25.7342,2014-07-16 18:04:27,2014-07-17 01:04:27,562,387,0.339476,1,2529,0.757572,0.200677,0.826604,0.4,0.939289,0.75,0.0355983,0.0001,1.09336e-24,999999,-2.697078e-02,3,Indonesian Exclusive Economic Zone,WPP572,,SVDNB_npp_d20140716_t1803247_e1809051_b14079_c20140717000905445784_noaa_ops.h5,GDNBO_npp_d20140716_t1803247_e1809051_b14079_c20140717000905445471_noaa_ops.h5,SVI04_npp_d20140716_t1803247_e1809051_b14079_c20140717000905432367_noaa_ops.dspace_rad,VNFF_npp_d20140716_t1803247_e1809051_b14079_v21.csv,World_EEZ_v8_2014.shp,WPP_BFAR_merge.shp,KKP_IDN_merge_20161208.shp,VNF-VBD_npp_20120301-20151231_global_asia-enhanced_c201607211230.bitmask,NCEI_NGA.union.nga_lead2.add_2015ntl.mask,timezone.shp,VBD_platforms-recurring_2015_r20170330.shp,999999,VBD_bridges_c20160811.shp,2.701723;0.592520;-1.537733;-6.424739;-11.321091;-16.224911;-21.132078;-19.454973;-16.614069;-11.826628;-7.007390;-2.161976,98.595314;112.244095;125.823792;124.798187;123.864281;123.023224;122.264351;107.621338;93.259468;94.789581;96.172417;97.426979,npp_d20140716_t1803247_e1809051_b14079,157.766,25.2463,63.6086,99.4495,48.3044,88.922
136,VBD_npp_d20140716_t1804433_x1001710E_y022512S_l0712_s0389_v23,2017-05-23 13:08:46,-2.251196,100.170952,13.3588,2014-07-16 18:04:43,2014-07-17 01:04:43,712,389,0.267216,1,2529,0.494263,0.151095,0.797272,0.4,0.846477,0.75,0.0354519,0.0001,8.82461e-25,999999,1.089732e-01,3,Indonesian Exclusive Economic Zone,WPP572,,SVDNB_npp_d20140716_t1803247_e1809051_b14079_c20140717000905445784_noaa_ops.h5,GDNBO_npp_d20140716_t1803247_e1809051_b14079_c20140717000905445471_noaa_ops.h5,SVI04_npp_d20140716_t1803247_e1809051_b14079_c20140717000905432367_noaa_ops.dspace_rad,VNFF_npp_d20140716_t1803247_e1809051_b14079_v21.csv,World_EEZ_v8_2014.shp,WPP_BFAR_merge.shp,KKP_IDN_merge_20161208.shp,VNF-VBD_npp_20120301-20151231_global_asia-enhanced_c201607211230.bitmask,NCEI_NGA.union.nga_lead2.add_2015ntl.mask,timezone.shp,VBD_platforms-recurring_2015_r20170330.shp,999999,VBD_bridges_c20160811.shp,2.701723;0.592520;-1.537733;-6.424739;-11.321091;-16.224911;-21.132078;-19.454973;-16.614069;-11.826628;-7.007390;-2.161976,98.595314;112.244095;125.823792;124.798187;123.864281;123.023224;122.264351;107.621338;93.259468;94.789581;96.172417;97.426979,npp_d20140716_t1803247_e1809051_b14079,158.7,25.9625,63.5745,99.4297,48.4812,88.0504
137,VBD_npp_d20140716_t1804433_x1001765E_y022591S_l0713_s0390_v23,2017-05-23 13:08:46,-2.259108,100.176514,18.3851,2014-07-16 18:04:43,2014-07-17 01:04:43,713,390,0.282077,1,2529,0.618438,0.158505,0.797272,0.4,0.901626,0.75,0.0354564,0.0001,9.24414e-25,999999,4.238857e-02,3,Indonesian Exclusive Economic Zone,WPP572,,SVDNB_npp_d20140716_t1803247_e1809051_b14079_c20140717000905445784_noaa_ops.h5,GDNBO_npp_d20140716_t1803247_e1809051_b14079_c20140717000905445471_noaa_ops.h5,SVI04_npp_d20140716_t1803247_e1809051_b14079_c20140717000905432367_noaa_ops.dspace_rad,VNFF_npp_d20140716_t1803247_e1809051_b14079_v21.csv,World_EEZ_v8_2014.shp,WPP_BFAR_merge.shp,KKP_IDN_merge_20161208.shp,VNF-VBD_npp_20120301-20151231_global_asia-enhanced_c201607211230.bitmask,NCEI_NGA.union.nga_lead2.add_2015ntl.mask,timezone.shp,VBD_platforms-recurring_2015_r20170330.shp,999999,VBD_bridges_c20160811.shp,2.701723;0.592520;-1.537733;-6.424739;-11.321091;-16.224911;-21.132078;-19.454973;-16.614069;-11.826628;-7.007390;-2.161976,98.595314;112.244095;125.823792;124.798187;123.864281;123.023224;122.264351;107.621338;93.259468;94.789581;96.172417;97.426979,npp_d20140716_t1803247_e1809051_b14079,158.704,25.984,63.5554,99.3948,48.4759,88.0428
138,VBD_npp_d20140716_t1804433_x1002159E_y022309S_l0708_s0395_v23,2017-05-23 13:08:46,-2.230886,100.215889,7.54516,2014-07-16 18:04:43,2014-07-17 01:04:43,708,395,0.230645,2,2465,0.26228,0.145626,0.719955,0.4,0.71867,0.75,0.035495,0.0001,1.2335e-24,999999,1.581192e-01,3,Indonesian Exclusive Economic Zone,WPP572,,SVDNB_npp_d20140716_t1803247_e1809051_b14079_c20140717000905445784_noaa_ops.h5,GDNBO_npp_d20140716_t1803247_e1809051_b14079_c20140717000905445471_noaa_ops.h5,SVI04_npp_d20140716_t1803247_e1809051_b14079_c20140717000905432367_noaa_ops.dspace_rad,VNFF_npp_d20140716_t1803247_e1809051_b14079_v21.csv,World_EEZ_v8_2014.shp,WPP_BFAR_merge.shp,KKP_IDN_merge_20161208.shp,VNF-VBD_npp_20120301-20151231_global_asia-enhanced_c201607211230.bitmask,NCEI_NGA.union.nga_lead2.add_2015ntl.mask,timezone.shp,VBD_platforms-recurring_2015_r20170330.shp,999999,VBD_bridges_c20160811.shp,2.701723;0.592520;-1.537733;-6.424739;-11.321091;-16.224911;-21.132078;-19.454973;-16.614069;-11.826628;-7.007390;-2.161976,98.595314;112.244095;125.823792;124.798187;123.864281;123.023224;122.264351;107.621338;93.259468;94.789581;96.172417;97.426979,npp_d20140716_t1803247_e1809051_b14079,158.662,26.0414,63.4588,99.5666,48.4351,88.0657
139,VBD_npp_d20140716_t1804433_x1002124E_y022512S_l0711_s0395_v23,2017-05-23 13:08:46,-2.251188,100.212402,6.80209,2014-07-16 18:04:43,2014-07-17 01:04:43,711,395,0.23628,7,2465,0.25755,0.195201,0.725779,0.4,0.716457,0.75,0.0354902,0.0001,1.21263e-24,999999,-2.873498e-01,3,,,,SVDNB_npp_d20140716_t1803247_e1809051_b14079_c20140717000905445784_noaa_ops.h5,GDNBO_npp_d20140716_t1803247_e1809051_b14079_c20140717000905445471_noaa_ops.h5,SVI04_npp_d20140716_t1803247_e1809051_b14079_c20140717000905432367_noaa_ops.dspace_rad,VNFF_npp_d20140716_t1803247_e1809051_b14079_v21.csv,World_EEZ_v8_2014.shp,WPP_BFAR_merge.shp,KKP_IDN_merge_20161208.shp,VNF-VBD_npp_20120301-20151231_global_asia-enhanced_c201607211230.bitmask,NCEI_NGA.union.nga_lead2.add_2015ntl.mask,timezone.shp,VBD_platforms-recurring_2015_r20170330.shp,999999,VBD_bridges_c20160811.shp,2.701723;0.592520;-1.537733;-6.424739;-11.321091;-16.224911;-21.132078;-19.454973;-16.614069;-11.826628;-7.007390;-2.161976,98.595314;112.244095;125.823792;124.798187;123.864281;123.023224;122.264351;107.621338;93.259468;94.789581;96.172417;97.426979,npp_d20140716_t1803247_e1809051_b14079,158.681,26.0563,63.459,99.4627,48.4394,88.0475
140,VBD_npp_d20140716_t1804326_x1003762E_y016119S_l0611_s0397_v23,2017-05-23 13:08:46,-1.611908,100.376190,9.74207,2014-07-16 18:04:32,2014-07-17 01:04:32,611,397,0.154739,2,2465,0.318025,0.175633,0.627154,0.4,0.717694,0.75,0.0356557,0.0001,1.64549e-24,999999,1.594294e-01,3,Indonesian Exclusive Economic Zone,WPP572,,SVDNB_npp_d20140716_t1803247_e1809051_b14079_c20140717000905445784_noaa_ops.h5,GDNBO_npp_d20140716_t1803247_e1809051_b14079_c20140717000905445471_noaa_ops.h5,SVI04_npp_d20140716_t1803247_e1809051_b14079_c20140717000905432367_noaa_ops.dspace_rad,VNFF_npp_d20140716_t1803247_e1809051_b14079_v21.csv,World_EEZ_v8_2014.shp,WPP_BFAR_merge.shp,KKP_IDN_merge_20161208.shp,VNF-VBD_npp_20120301-20151231_global_asia-enhanced_c201607211230.bitmask,NCEI_NGA.union.nga_lead2.add_2015ntl.mask,timezone.shp,VBD_platforms-recurring_2015_r20170330.shp,999999,VBD_bridges_c20160811.shp,2.701723;0.592520;-1.537733;-6.424739;-11.321091;-16.224911;-21.132078;-19.454973;-16.614069;-11.826628;-7.007390;-2.161976,98.595314;112.244095;125.823792;124.798187;123.864281;123.023224;122.264351;107.621338;93.259468;94.789581;96.172417;97.426979,npp_d20140716_t1803247_e1809051_b14079,158.054,25.6201,63.4221,99.4752,48.2985,88.6239
141,VBD_npp_d20140716_t1804433_x1002751E_y023241S_l0720_s0406_v23,2017-05-23 13:08:46,-2.324112,100.275101,5.90662,2014-07-16 18:04:43,2014-07-17 01:04:43,720,406,0.302849,2,2465,0.258806,0.147742,0.58798,0.4,0.744025,0.75,0.0355423,0.0001,2.02266e-24,999999,1.390991e-01,3,Indonesian Exclusive Economic Zone,WPP572,,SVDNB_npp_d20140716_t1803247_e1809051_b14079_c20140717000905445784_noaa_ops.h5,GDNBO_npp_d20140716_t1803247_e1809051_b14079_c20140717000905445471_noaa_ops.h5,SVI04_npp_d20140716_t1803247_e1809051_b14079_c20140717000905432367_noaa_ops.dspace_rad,VNFF_npp_d20140716_t1803247_e1809051_b14079_v21.csv,World_EEZ_v8_2014.shp,WPP_BFAR_merge.shp,KKP_IDN_merge_20161208.shp,VNF-VBD_npp_20120301-20151231_global_asia-enhanced_c201607211230.bitmask,NCEI_NGA.union.nga_lead2.add_2015ntl.mask,timezone.shp,VBD_platforms-recurring_2015_r20170330.shp,999999,VBD_bridges_c20160811.shp,2.701723;0.592520;-1.537733;-6.424739;-11.321091;-16.224911;-21.132078;-19.454973;-16.614069;-11.826628;-7.007390;-2.161976,98.595314;112.244095;125.823792;124.798187;123.864281;123.023224;122.264351;107.621338;93.259468;94.789581;96.172417;97.426979,npp_d20140716_t1803247_e1809051_b14079,158.719,26.2804,63.25,99.1473,48.3786,87.9766
142,VBD_npp_d20140716_t1804451_x1002732E_y023261S_l0721_s0407_v23,2017-05-23 13:08:46,-2.326099,100.273163,7.65023,2014-07-16 18:04:45,2014-07-17 01:04:45,721,407,0.302849,1,2529,0.329878,0.150296,0.631208,0.4,0.797652,0.75,0.0355467,0.0001,2.2212e-24,999999,1.161487e-01,3,Indonesian Exclusive Economic Zone,WPP572,,SVDNB_npp_d20140716_t1803247_e1809051_b14079_c20140717000905445784_noaa_ops.h5,GDNBO_npp_d20140716_t1803247_e1809051_b14079_c20140717000905445471_noaa_ops.h5,SVI04_npp_d20140716_t1803247_e1809051_b14079_c20140717000905432367_noaa_ops.dspace_rad,VNFF_npp_d20140716_t1803247_e1809051_b14079_v21.csv,World_EEZ_v8_2014.shp,WPP_BFAR_merge.shp,KKP_IDN_merge_20161208.shp,VNF-VBD_npp_20120301-20151231_global_asia-enhanced_c201607211230.bitmask,NCEI_NGA.union.nga_lead2.add_2015ntl.mask,timezone.shp,VBD_platforms-recurring_2015_r20170330.shp,999999,VBD_bridges_c20160811.shp,2.701723;0.592520;-1.537733;-6.424739;-11.321091;-16.224911;-21.132078;-19.454973;-16.614069;-11.826628;-7.007390;-2.161976,98.595314;112.244095;125.823792;124.798187;123.864281;123.023224;122.264351;107.621338;93.259468;94.789581;96.172417;97.426979,npp_d20140716_t1803247_e1809051_b14079,158.719,26.2951,63.2331,99.6901,48.3734,87.9743
143,VBD_npp_d20140716_t1804433_x1003143E_y022545S_l0709_s0410_v23,2017-05-23 13:08:46,-2.254491,100.314293,9.52015,2014-07-16 18:04:43,2014-07-17 01:04:43,709,410,0.228048,1,2529,0.339857,0.199874,0.674709,0.4,0.768523,0.75,0.035584,0.0001,2.63819e-24,999999,-2.099579e-02,3,Indonesian Exclusive Economic Zone,WPP572,,SVDNB_npp_d20140716_t1803247_e1809051_b14079_c20140717000905445784_noaa_ops.h5,GDNBO_npp_d20140716_t1803247_e1809051_b14079_c20140717000905445471_noaa_ops.h5,SVI04_npp_d20140716_t1803247_e1809051_b14079_c20140717000905432367_noaa_ops.dspace_rad,VNFF_npp_d20140716_t1803247_e1809051_b14079_v21.csv,World_EEZ_v8_2014.shp,WPP_BFAR_merge.shp,KKP_IDN_merge_20161208.shp,VNF-VBD_npp_20120301-20151231_global_asia-enhanced_c201607211230.bitmask,NCEI_NGA.union.nga_lead2.add_2015ntl.mask,timezone.shp,VBD_platforms-recurring_2015_r20170330.shp,999999,VBD_bridges_c20160811.shp,2.701723;0.592520;-1.537733;-6.424739;-11.321091;-16.224911;-21.132078;-19.454973;-16.614069;-11.826628;-7.007390;-2.161976,98.595314;112.244095;125.823792;124.798187;123.864281;123.023224;122.264351;107.621338;93.259468;94.789581;96.172417;97.426979,npp_d20140716_t1803247_e1809051_b14079,158.64,26.2899,63.1716,99.5282,48.3365,88.0373
144,VBD_npp_d20140716_t1805509_x0993576E_y061965S_l1325_s0413_v23,2017-05-23 13:08:46,-6.196524,99.357605,5.56296,2014-07-16 18:05:50,2014-07-17 01:05:50,1325,413,0.275669,2,2465,0.232573,0.172168,0.556891,0.4,0.726532,0.75,0.0346925,0.0001,6.57364e-25,999999,-8.038488e-02,3,Indonesian Exclusive Economic Zone,WPP572,,SVDNB_npp_d20140716_t1803247_e1809051_b14079_c20140717000905445784_noaa_ops.h5,GDNBO_npp_d20140716_t1803247_e1809051_b14079_c20140717000905445471_noaa_ops.h5,SVI04_npp_d20140716_t1803247_e1809051_b14079_c20140717000905432367_noaa_ops.dspace_rad,VNFF_npp_d20140716_t1803247_e1809051_b14079_v21.csv,World_EEZ_v8_2014.shp,WPP_BFAR_merge.shp,KKP_IDN_merge_20161208.shp,VNF-VBD_npp_20120301-20151231_global_asia-enhanced_c201607211230.bitmask,NCEI_NGA.union.nga_lead2.add_2015ntl.mask,timezone.shp,VBD_platforms-recurring_2015_r20170330.shp,999999,VBD_bridges_c20160811.shp,2.701723;0.592520;-1.537733;-6.424739;-11.321091;-16.224911;-21.132078;-19.454973;-16.614069;-11.826628;-7.007390;-2.161976,98.595314;112.244095;125.823792;124.798187;123.864281;123.023224;122.264351;107.621338;93.259468;94.789581;96.172417;97.426979,npp_d20140716_t1803247_e1809051_b14079,162.436,29.916,63.1314,100.069,49.2836,84.5866
145,VBD_npp_d20140716_t1804433_x1003432E_y023215S_l0718_s0416_v23,2017-05-23 13:08:46,-2.321500,100.343224,13.1686,2014-07-16 18:04:43,2014-07-17 01:04:43,718,416,0.265725,1,2529,0.451638,0.225511,0.730989,0.4,0.840321,0.75,0.0356057,0.0001,3.38642e-24,999999,-2.118153e-01,3,Indonesian Exclusive Economic Zone,WPP572,,SVDNB_npp_d20140716_t1803247_e1809051_b14079_c20140717000905445784_noaa_ops.h5,GDNBO_npp_d20140716_t1803247_e1809051_b14079_c20140717000905445471_noaa_ops.h5,SVI04_npp_d20140716_t1803247_e1809051_b14079_c20140717000905432367_noaa_ops.dspace_rad,VNFF_npp_d20140716_t1803247_e1809051_b14079_v21.csv,World_EEZ_v8_2014.shp,WPP_BFAR_merge.shp,KKP_IDN_merge_20161208.shp,VNF-VBD_npp_20120301-20151231_global_asia-enhanced_c201607211230.bitmask,NCEI_NGA.union.nga_lead2.add_2015ntl.mask,timezone.shp,VBD_platforms-recurring_2015_r20170330.shp,999999,VBD_bridges_c20160811.shp,2.701723;0.592520;-1.537733;-6.424739;-11.321091;-16.224911;-21.132078;-19.454973;-16.614069;-11.826628;-7.007390;-2.161976,98.595314;112.244095;125.823792;124.798187;123.864281;123.023224;122.264351;107.621338;93.259468;94.789581;96.172417;97.426979,npp_d20140716_t1803247_e1809051_b14079,158.687,26.4312,63.0587,99.2136,48.3097,87.974
146,VBD_npp_d20140716_t1804451_x1003494E_y024016S_l0730_s0420_v23,2017-05-23 13:08:46,-2.401633,100.349396,8.45908,2014-07-16 18:04:45,2014-07-17 01:04:45,730,420,0.389804,1,2529,0.408394,0.214663,0.813281,0.4,0.870708,0.75,0.0356106,0.0001,4.09588e-24,999999,-1.310735e-01,3,Indonesian Exclusive Economic Zone,WPP572,,SVDNB_npp_d20140716_t1803247_e1809051_b14079_c20140717000905445784_noaa_ops.h5,GDNBO_npp_d20140716_t1803247_e1809051_b14079_c20140717000905445471_noaa_ops.h5,SVI04_npp_d20140716_t1803247_e1809051_b14079_c20140717000905432367_noaa_ops.dspace_rad,VNFF_npp_d20140716_t1803247_e1809051_b14079_v21.csv,World_EEZ_v8_2014.shp,WPP_BFAR_merge.shp,KKP_IDN_merge_20161208.shp,VNF-VBD_npp_20120301-20151231_global_asia-enhanced_c201607211230.bitmask,NCEI_NGA.union.nga_lead2.add_2015ntl.mask,timezone.shp,VBD_platforms-recurring_2015_r20170330.shp,999999,VBD_bridges_c20160811.shp,2.701723;0.592520;-1.537733;-6.424739;-11.321091;-16.224911;-21.132078;-19.454973;-16.614069;-11.826628;-7.007390;-2.161976,98.595314;112.244095;125.823792;124.798187;123.864281;123.023224;122.264351;107.621338;93.259468;94.789581;96.172417;97.426979,npp_d20140716_t1803247_e1809051_b14079,158.752,26.5536,62.9818,99.3715,48.2991,87.8997
147,VBD_npp_d20140716_t1804433_x1003762E_y023358S_l0719_s0421_v23,2017-05-23 13:08:46,-2.335751,100.376198,7.23603,2014-07-16 18:04:43,2014-07-17 01:04:43,719,421,0.341852,1,2529,0.30683,0.215858,0.772857,0.4,0.787136,0.75,0.0356342,0.0001,4.37053e-24,999999,-1.399626e-01,3,Indonesian Exclusive Economic Zone,WPP572,,SVDNB_npp_d20140716_t1803247_e1809051_b14079_c20140717000905445784_noaa_ops.h5,GDNBO_npp_d20140716_t1803247_e1809051_b14079_c20140717000905445471_noaa_ops.h5,SVI04_npp_d20140716_t1803247_e1809051_b14079_c20140717000905432367_noaa_ops.dspace_rad,VNFF_npp_d20140716_t1803247_e1809051_b14079_v21.csv,World_EEZ_v8_2014.shp,WPP_BFAR_merge.shp,KKP_IDN_merge_20161208.shp,VNF-VBD_npp_20120301-20151231_global_asia-enhanced_c201607211230.bitmask,NCEI_NGA.union.nga_lead2.add_2015ntl.mask,timezone.shp,VBD_platforms-recurring_2015_r20170330.shp,999999,VBD_bridges_c20160811.shp,2.701723;0.592520;-1.537733;-6.424739;-11.321091;-16.224911;-21.132078;-19.454973;-16.614069;-11.826628;-7.007390;-2.161976,98.595314;112.244095;125.823792;124.798187;123.864281;123.023224;122.264351;107.621338;93.259468;94.789581;96.172417;97.426979,npp_d20140716_t1803247_e1809051_b14079,158.685,26.5217,62.9585,99.1674,48.2769,87.9586
148,VBD_npp_d20140716_t1804451_x1003659E_y023469S_l0722_s0421_v23,2017-05-23 13:08:46,-2.346945,100.365929,10.0989,2014-07-16 18:04:45,2014-07-17 01:04:45,722,421,0.364391,1,2529,0.354643,0.246083,0.772857,0.4,0.789249,0.75,0.0356294,0.0001,4.52365e-24,999999,-3.649312e-01,3,Indonesian Exclusive Economic Zone,WPP572,,SVDNB_npp_d20140716_t1803247_e1809051_b14079_c20140717000905445784_noaa_ops.h5,GDNBO_npp_d20140716_t1803247_e1809051_b14079_c20140717000905445471_noaa_ops.h5,SVI04_npp_d20140716_t1803247_e1809051_b14079_c20140717000905432367_noaa_ops.dspace_rad,VNFF_npp_d20140716_t1803247_e1809051_b14079_v21.csv,World_EEZ_v8_2014.shp,WPP_BFAR_merge.shp,KKP_IDN_merge_20161208.shp,VNF-VBD_npp_20120301-20151231_global_asia-enhanced_c201607211230.bitmask,NCEI_NGA.union.nga_lead2.add_2015ntl.mask,timezone.shp,VBD_platforms-recurring_2015_r20170330.shp,999999,VBD_bridges_c20160811.shp,2.701723;0.592520;-1.537733;-6.424739;-11.321091;-16.224911;-21.132078;-19.454973;-16.614069;-11.826628;-7.007390;-2.161976,98.595314;112.244095;125.823792;124.798187;123.864281;123.023224;122.264351;107.621338;93.259468;94.789581;96.172417;97.426979,npp_d20140716_t1803247_e1809051_b14079,158.696,26.5281,62.9608,99.6617,48.2804,87.9484
149,VBD_npp_d20140716_t1804576_x1002017E_y031373S_l0844_s0424_v23,2017-05-23 13:08:46,-3.137316,100.201714,20.5926,2014-07-16 18:04:57,2014-07-17 01:04:57,844,424,0.375827,1,2529,0.70921,0.168265,0.842213,0.4,0.928817,0.75,0.0354478,0.0001,3.97127e-24,999999,-4.530959e-02,3,Indonesian Exclusive Economic Zone,WPP572,,SVDNB_npp_d20140716_t1803247_e1809051_b14079_c20140717000905445784_noaa_ops.h5,GDNBO_npp_d20140716_t1803247_e1809051_b14079_c20140717000905445471_noaa_ops.h5,SVI04_npp_d20140716_t1803247_e1809051_b14079_c20140717000905432367_noaa_ops.dspace_rad,VNFF_npp_d20140716_t1803247_e1809051_b14079_v21.csv,World_EEZ_v8_2014.shp,WPP_BFAR_merge.shp,KKP_IDN_merge_20161208.shp,VNF-VBD_npp_20120301-20151231_global_asia-enhanced_c201607211230.bitmask,NCEI_NGA.union.nga_lead2.add_2015ntl.mask,timezone.shp,VBD_platforms-recurring_2015_r20170330.shp,999999,VBD_bridges_c20160811.shp,2.701723;0.592520;-1.537733;-6.424739;-11.321091;-16.224911;-21.132078;-19.454973;-16.614069;-11.826628;-7.007390;-2.161976,98.595314;112.244095;125.823792;124.798187;123.864281;123.023224;122.264351;107.621338;93.259468;94.789581;96.172417;97.426979,npp_d20140716_t1803247_e1809051_b14079,159.452,27.2059,62.9012,99.4424,48.4293,87.2367
150,VBD_npp_d20140716_t1804576_x1002143E_y031466S_l0845_s0426_v23,2017-05-23 13:08:46,-3.146601,100.214264,7.01995,2014-07-16 18:04:57,2014-07-17 01:04:57,845,426,0.378258,1,2529,0.344569,0.156836,0.842213,0.4,0.837366,0.75,0.0354582,0.0001,4.38293e-24,999999,5.738842e-02,3,Indonesian Exclusive Economic Zone,WPP572,,SVDNB_npp_d20140716_t1803247_e1809051_b14079_c20140717000905445784_noaa_ops.h5,GDNBO_npp_d20140716_t1803247_e1809051_b14079_c20140717000905445471_noaa_ops.h5,SVI04_npp_d20140716_t1803247_e1809051_b14079_c20140717000905432367_noaa_ops.dspace_rad,VNFF_npp_d20140716_t1803247_e1809051_b14079_v21.csv,World_EEZ_v8_2014.shp,WPP_BFAR_merge.shp,KKP_IDN_merge_20161208.shp,VNF-VBD_npp_20120301-20151231_global_asia-enhanced_c201607211230.bitmask,NCEI_NGA.union.nga_lead2.add_2015ntl.mask,timezone.shp,VBD_platforms-recurring_2015_r20170330.shp,999999,VBD_bridges_c20160811.shp,2.701723;0.592520;-1.537733;-6.424739;-11.321091;-16.224911;-21.132078;-19.454973;-16.614069;-11.826628;-7.007390;-2.161976,98.595314;112.244095;125.823792;124.798187;123.864281;123.023224;122.264351;107.621338;93.259468;94.789581;96.172417;97.426979,npp_d20140716_t1803247_e1809051_b14079,159.454,27.2462,62.8611,99.4052,48.4171,87.227
151,VBD_npp_d20140716_t1804451_x1003989E_y024027S_l0729_s0427_v23,2017-05-23 13:08:46,-2.402743,100.398895,29.7714,2014-07-16 18:04:45,2014-07-17 01:04:45,729,427,0.37776,1,2529,0.845796,0.201869,0.871302,0.4,0.953418,0.75,0.0356543,0.0001,5.94531e-24,999999,-3.584226e-02,3,Indonesian Exclusive Economic Zone,WPP572,,SVDNB_npp_d20140716_t1803247_e1809051_b14079_c20140717000905445784_noaa_ops.h5,GDNBO_npp_d20140716_t1803247_e1809051_b14079_c20140717000905445471_noaa_ops.h5,SVI04_npp_d20140716_t1803247_e1809051_b14079_c20140717000905432367_noaa_ops.dspace_rad,VNFF_npp_d20140716_t1803247_e1809051_b14079_v21.csv,World_EEZ_v8_2014.shp,WPP_BFAR_merge.shp,KKP_IDN_merge_20161208.shp,VNF-VBD_npp_20120301-20151231_global_asia-enhanced_c201607211230.bitmask,NCEI_NGA.union.nga_lead2.add_2015ntl.mask,timezone.shp,VBD_platforms-recurring_2015_r20170330.shp,999999,VBD_bridges_c20160811.shp,2.701723;0.592520;-1.537733;-6.424739;-11.321091;-16.224911;-21.132078;-19.454973;-16.614069;-11.826628;-7.007390;-2.161976,98.595314;112.244095;125.823792;124.798187;123.864281;123.023224;122.264351;107.621338;93.259468;94.789581;96.172417;97.426979,npp_d20140716_t1803247_e1809051_b14079,158.731,26.6664,62.8403,99.4057,48.2492,87.8949
152,VBD_npp_d20140716_t1804487_x1003618E_y026239S_l0763_s0429_v23,2017-05-23 13:08:46,-2.623878,100.361824,5.81435,2014-07-16 18:04:48,2014-07-17 01:04:48,763,429,0.380523,1,2529,0.290905,0.203424,0.662976,0.4,0.815038,0.75,0.035612,0.0001,6.15691e-24,999999,-4.742056e-02,3,Indonesian Exclusive Economic Zone,WPP572,,SVDNB_npp_d20140716_t1803247_e1809051_b14079_c20140717000905445784_noaa_ops.h5,GDNBO_npp_d20140716_t1803247_e1809051_b14079_c20140717000905445471_noaa_ops.h5,SVI04_npp_d20140716_t1803247_e1809051_b14079_c20140717000905432367_noaa_ops.dspace_rad,VNFF_npp_d20140716_t1803247_e1809051_b14079_v21.csv,World_EEZ_v8_2014.shp,WPP_BFAR_merge.shp,KKP_IDN_merge_20161208.shp,VNF-VBD_npp_20120301-20151231_global_asia-enhanced_c201607211230.bitmask,NCEI_NGA.union.nga_lead2.add_2015ntl.mask,timezone.shp,VBD_platforms-recurring_2015_r20170330.shp,999999,VBD_bridges_c20160811.shp,2.701723;0.592520;-1.537733;-6.424739;-11.321091;-16.224911;-21.132078;-19.454973;-16.614069;-11.826628;-7.007390;-2.161976,98.595314;112.244095;125.823792;124.798187;123.864281;123.023224;122.264351;107.621338;93.259468;94.789581;96.172417;97.426979,npp_d20140716_t1803247_e1809051_b14079,158.939,26.8734,62.798,99.3742,48.2808,87.6942
153,VBD_npp_d20140716_t1805242_x0999218E_y046673S_l1081_s0438_v23,2017-05-23 13:08:46,-4.667340,99.921761,20.8936,2014-07-16 18:05:24,2014-07-17 01:05:24,1081,438,0.321853,1,2529,0.711022,0.162975,0.845814,0.4,0.923954,0.75,0.0352941,0.0001,4.81701e-24,999999,2.221966e-03,3,Indonesian Exclusive Economic Zone,WPP572,,SVDNB_npp_d20140716_t1803247_e1809051_b14079_c20140717000905445784_noaa_ops.h5,GDNBO_npp_d20140716_t1803247_e1809051_b14079_c20140717000905445471_noaa_ops.h5,SVI04_npp_d20140716_t1803247_e1809051_b14079_c20140717000905432367_noaa_ops.dspace_rad,VNFF_npp_d20140716_t1803247_e1809051_b14079_v21.csv,World_EEZ_v8_2014.shp,WPP_BFAR_merge.shp,KKP_IDN_merge_20161208.shp,VNF-VBD_npp_20120301-20151231_global_asia-enhanced_c201607211230.bitmask,NCEI_NGA.union.nga_lead2.add_2015ntl.mask,timezone.shp,VBD_platforms-recurring_2015_r20170330.shp,999999,VBD_bridges_c20160811.shp,2.701723;0.592520;-1.537733;-6.424739;-11.321091;-16.224911;-21.132078;-19.454973;-16.614069;-11.826628;-7.007390;-2.161976,98.595314;112.244095;125.823792;124.798187;123.864281;123.023224;122.264351;107.621338;93.259468;94.789581;96.172417;97.426979,npp_d20140716_t1803247_e1809051_b14079,160.882,28.7972,62.6259,99.8641,48.6963,85.872
154,VBD_npp_d20140716_t1805082_x1002113E_y037502S_l0936_s0447_v23,2017-05-23 13:08:46,-3.750243,100.211334,12.8022,2014-07-16 18:05:08,2014-07-17 01:05:08,936,447,0.275061,1,2529,0.492539,0.154976,0.787755,0.4,0.822241,0.75,0.0354284,0.0001,1.07082e-23,999999,7.410114e-02,3,Indonesian Exclusive Economic Zone,WPP572,,SVDNB_npp_d20140716_t1803247_e1809051_b14079_c20140717000905445784_noaa_ops.h5,GDNBO_npp_d20140716_t1803247_e1809051_b14079_c20140717000905445471_noaa_ops.h5,SVI04_npp_d20140716_t1803247_e1809051_b14079_c20140717000905432367_noaa_ops.dspace_rad,VNFF_npp_d20140716_t1803247_e1809051_b14079_v21.csv,World_EEZ_v8_2014.shp,WPP_BFAR_merge.shp,KKP_IDN_merge_20161208.shp,VNF-VBD_npp_20120301-20151231_global_asia-enhanced_c201607211230.bitmask,NCEI_NGA.union.nga_lead2.add_2015ntl.mask,timezone.shp,VBD_platforms-recurring_2015_r20170330.shp,999999,VBD_bridges_c20160811.shp,2.701723;0.592520;-1.537733;-6.424739;-11.321091;-16.224911;-21.132078;-19.454973;-16.614069;-11.826628;-7.007390;-2.161976,98.595314;112.244095;125.823792;124.798187;123.864281;123.023224;122.264351;107.621338;93.259468;94.789581;96.172417;97.426979,npp_d20140716_t1803247_e1809051_b14079,159.97,28.1016,62.4447,99.7041,48.4092,86.6729
155,VBD_npp_d20140716_t1804576_x1004464E_y031786S_l0844_s0460_v23,2017-05-23 13:08:46,-3.178562,100.446373,11.8227,2014-07-16 18:04:57,2014-07-17 01:04:57,844,460,0.380357,1,2529,0.519901,0.195536,0.782823,0.4,0.878386,0.75,0.0356644,0.0001,2.51255e-23,999999,1.129194e-02,3,Indonesian Exclusive Economic Zone,WPP572,,SVDNB_npp_d20140716_t1803247_e1809051_b14079_c20140717000905445784_noaa_ops.h5,GDNBO_npp_d20140716_t1803247_e1809051_b14079_c20140717000905445471_noaa_ops.h5,SVI04_npp_d20140716_t1803247_e1809051_b14079_c20140717000905432367_noaa_ops.dspace_rad,VNFF_npp_d20140716_t1803247_e1809051_b14079_v21.csv,World_EEZ_v8_2014.shp,WPP_BFAR_merge.shp,KKP_IDN_merge_20161208.shp,VNF-VBD_npp_20120301-20151231_global_asia-enhanced_c201607211230.bitmask,NCEI_NGA.union.nga_lead2.add_2015ntl.mask,timezone.shp,VBD_platforms-recurring_2015_r20170330.shp,999999,VBD_bridges_c20160811.shp,2.701723;0.592520;-1.537733;-6.424739;-11.321091;-16.224911;-21.132078;-19.454973;-16.614069;-11.826628;-7.007390;-2.161976,98.595314;112.244095;125.823792;124.798187;123.864281;123.023224;122.264351;107.621338;93.259468;94.789581;96.172417;97.426979,npp_d20140716_t1803247_e1809051_b14079,159.376,27.8199,62.1756,99.4276,48.1845,87.1747
156,VBD_npp_d20140716_t1804487_x1006521E_y026514S_l0760_s0471_v23,2017-05-23 13:08:46,-2.651363,100.652122,10.1989,2014-07-16 18:04:48,2014-07-17 01:04:48,760,471,0.392842,1,2529,0.452771,0.241245,0.601094,0.4,0.798484,0.75,0.0358694,0.0001,5.33857e-23,999999,-3.289183e-01,3,Indonesian Exclusive Economic Zone,WPP572,,SVDNB_npp_d20140716_t1803247_e1809051_b14079_c20140717000905445784_noaa_ops.h5,GDNBO_npp_d20140716_t1803247_e1809051_b14079_c20140717000905445471_noaa_ops.h5,SVI04_npp_d20140716_t1803247_e1809051_b14079_c20140717000905432367_noaa_ops.dspace_rad,VNFF_npp_d20140716_t1803247_e1809051_b14079_v21.csv,World_EEZ_v8_2014.shp,WPP_BFAR_merge.shp,KKP_IDN_merge_20161208.shp,VNF-VBD_npp_20120301-20151231_global_asia-enhanced_c201607211230.bitmask,NCEI_NGA.union.nga_lead2.add_2015ntl.mask,timezone.shp,VBD_platforms-recurring_2015_r20170330.shp,999999,VBD_bridges_c20160811.shp,2.701723;0.592520;-1.537733;-6.424739;-11.321091;-16.224911;-21.132078;-19.454973;-16.614069;-11.826628;-7.007390;-2.161976,98.595314;112.244095;125.823792;124.798187;123.864281;123.023224;122.264351;107.621338;93.259468;94.789581;96.172417;97.426979,npp_d20140716_t1803247_e1809051_b14079,158.83,27.5603,61.9415,99.4697,47.9888,87.6447
157,VBD_npp_d20140716_t1805011_x1011904E_y035464S_l0880_s0577_v23,2017-05-23 13:08:46,-3.546364,101.190376,22.7722,2014-07-16 18:05:01,2014-07-17 01:05:01,880,577,0.391406,1,2529,0.764194,0.195227,0.849144,0.4,0.931849,0.75,0.036304,0.0001,7.10343e-21,999999,1.359334e-02,3,Indonesian Exclusive Economic Zone,WPP572,,SVDNB_npp_d20140716_t1803247_e1809051_b14079_c20140717000905445784_noaa_ops.h5,GDNBO_npp_d20140716_t1803247_e1809051_b14079_c20140717000905445471_noaa_ops.h5,SVI04_npp_d20140716_t1803247_e1809051_b14079_c20140717000905432367_noaa_ops.dspace_rad,VNFF_npp_d20140716_t1803247_e1809051_b14079_v21.csv,World_EEZ_v8_2014.shp,WPP_BFAR_merge.shp,KKP_IDN_merge_20161208.shp,VNF-VBD_npp_20120301-20151231_global_asia-enhanced_c201607211230.bitmask,NCEI_NGA.union.nga_lead2.add_2015ntl.mask,timezone.shp,VBD_platforms-recurring_2015_r20170330.shp,999999,VBD_bridges_c20160811.shp,2.701723;0.592520;-1.537733;-6.424739;-11.321091;-16.224911;-21.132078;-19.454973;-16.614069;-11.826628;-7.007390;-2.161976,98.595314;112.244095;125.823792;124.798187;123.864281;123.023224;122.264351;107.621338;93.259468;94.789581;96.172417;97.426979,npp_d20140716_t1803247_e1809051_b14079,159.331,30.0071,59.6668,99.2535,47.4394,86.7511
158,VBD_npp_d20140716_t1805029_x1011910E_y035486S_l0881_s0578_v23,2017-05-23 13:08:46,-3.548579,101.191040,3.42493,2014-07-16 18:05:02,2014-07-17 01:05:02,881,578,0.389693,7,2209,0.191839,0.182539,0.849144,0.4,0.688214,0.75,0.0363083,0.0001,7.92926e-21,999999,1.080302e-01,3,,,,SVDNB_npp_d20140716_t1803247_e1809051_b14079_c20140717000905445784_noaa_ops.h5,GDNBO_npp_d20140716_t1803247_e1809051_b14079_c20140717000905445471_noaa_ops.h5,SVI04_npp_d20140716_t1803247_e1809051_b14079_c20140717000905432367_noaa_ops.dspace_rad,VNFF_npp_d20140716_t1803247_e1809051_b14079_v21.csv,World_EEZ_v8_2014.shp,WPP_BFAR_merge.shp,KKP_IDN_merge_20161208.shp,VNF-VBD_npp_20120301-20151231_global_asia-enhanced_c201607211230.bitmask,NCEI_NGA.union.nga_lead2.add_2015ntl.mask,timezone.shp,VBD_platforms-recurring_2015_r20170330.shp,999999,VBD_bridges_c20160811.shp,2.701723;0.592520;-1.537733;-6.424739;-11.321091;-16.224911;-21.132078;-19.454973;-16.614069;-11.826628;-7.007390;-2.161976,98.595314;112.244095;125.823792;124.798187;123.864281;123.023224;122.264351;107.621338;93.259468;94.789581;96.172417;97.426979,npp_d20140716_t1803247_e1809051_b14079,159.329,30.028,59.6391,99.8613,47.4317,86.748
159,VBD_npp_d20140716_t1805563_x1006107E_y067233S_l1370_s0607_v23,2017-05-23 13:08:46,-6.723303,100.610657,10.6435,2014-07-16 18:05:56,2014-07-17 01:05:56,1370,607,0.326715,1,2529,0.442856,0.215077,0.664573,0.4,0.842759,0.75,0.035757,0.0001,1.08148e-20,999999,-1.341543e-01,3,Indonesian Exclusive Economic Zone,WPP572,,SVDNB_npp_d20140716_t1803247_e1809051_b14079_c20140717000905445784_noaa_ops.h5,GDNBO_npp_d20140716_t1803247_e1809051_b14079_c20140717000905445471_noaa_ops.h5,SVI04_npp_d20140716_t1803247_e1809051_b14079_c20140717000905432367_noaa_ops.dspace_rad,VNFF_npp_d20140716_t1803247_e1809051_b14079_v21.csv,World_EEZ_v8_2014.shp,WPP_BFAR_merge.shp,KKP_IDN_merge_20161208.shp,VNF-VBD_npp_20120301-20151231_global_asia-enhanced_c201607211230.bitmask,NCEI_NGA.union.nga_lead2.add_2015ntl.mask,timezone.shp,VBD_platforms-recurring_2015_r20170330.shp,999999,VBD_bridges_c20160811.shp,2.701723;0.592520;-1.537733;-6.424739;-11.321091;-16.224911;-21.132078;-19.454973;-16.614069;-11.826628;-7.007390;-2.161976,98.595314;112.244095;125.823792;124.798187;123.864281;123.023224;122.264351;107.621338;93.259468;94.789581;96.172417;97.426979,npp_d20140716_t1803247_e1809051_b14079,162.212,34.0218,58.9955,100.076,48.0627,83.8547
160,VBD_npp_d20140716_t1805029_x1014113E_y036918S_l0896_s0613_v23,2017-05-23 13:08:46,-3.691800,101.411285,14.5733,2014-07-16 18:05:02,2014-07-17 01:05:02,896,613,0.401681,1,2529,0.580478,0.165864,0.806649,0.4,0.793775,0.75,0.0364916,0.0001,3.70004e-20,999999,2.321407e-01,3,Indonesian Exclusive Economic Zone,WPP572,,SVDNB_npp_d20140716_t1803247_e1809051_b14079_c20140717000905445784_noaa_ops.h5,GDNBO_npp_d20140716_t1803247_e1809051_b14079_c20140717000905445471_noaa_ops.h5,SVI04_npp_d20140716_t1803247_e1809051_b14079_c20140717000905432367_noaa_ops.dspace_rad,VNFF_npp_d20140716_t1803247_e1809051_b14079_v21.csv,World_EEZ_v8_2014.shp,WPP_BFAR_merge.shp,KKP_IDN_merge_20161208.shp,VNF-VBD_npp_20120301-20151231_global_asia-enhanced_c201607211230.bitmask,NCEI_NGA.union.nga_lead2.add_2015ntl.mask,timezone.shp,VBD_platforms-recurring_2015_r20170330.shp,999999,VBD_bridges_c20160811.shp,2.701723;0.592520;-1.537733;-6.424739;-11.321091;-16.224911;-21.132078;-19.454973;-16.614069;-11.826628;-7.007390;-2.161976,98.595314;112.244095;125.823792;124.798187;123.864281;123.023224;122.264351;107.621338;93.259468;94.789581;96.172417;97.426979,npp_d20140716_t1803247_e1809051_b14079,159.342,30.7088,58.847,99.2439,47.2181,86.5868
161,VBD_npp_d20140716_t1805047_x1014112E_y036922S_l0897_s0614_v23,2017-05-23 13:08:46,-3.692181,101.411232,17.7573,2014-07-16 18:05:04,2014-07-17 01:05:04,897,614,0.401681,1,2529,0.661018,0.166228,0.806649,0.4,0.93263,0.75,0.0364959,0.0001,4.10208e-20,999999,2.294310e-01,3,Indonesian Exclusive Economic Zone,WPP572,,SVDNB_npp_d20140716_t1803247_e1809051_b14079_c20140717000905445784_noaa_ops.h5,GDNBO_npp_d20140716_t1803247_e1809051_b14079_c20140717000905445471_noaa_ops.h5,SVI04_npp_d20140716_t1803247_e1809051_b14079_c20140717000905432367_noaa_ops.dspace_rad,VNFF_npp_d20140716_t1803247_e1809051_b14079_v21.csv,World_EEZ_v8_2014.shp,WPP_BFAR_merge.shp,KKP_IDN_merge_20161208.shp,VNF-VBD_npp_20120301-20151231_global_asia-enhanced_c201607211230.bitmask,NCEI_NGA.union.nga_lead2.add_2015ntl.mask,timezone.shp,VBD_platforms-recurring_2015_r20170330.shp,999999,VBD_bridges_c20160811.shp,2.701723;0.592520;-1.537733;-6.424739;-11.321091;-16.224911;-21.132078;-19.454973;-16.614069;-11.826628;-7.007390;-2.161976,98.595314;112.244095;125.823792;124.798187;123.864281;123.023224;122.264351;107.621338;93.259468;94.789581;96.172417;97.426979,npp_d20140716_t1803247_e1809051_b14079,159.338,30.7256,58.8219,99.8771,47.2109,86.5855
162,VBD_npp_d20140716_t1804558_x1016721E_y032860S_l0829_s0636_v23,2017-05-23 13:08:46,-3.286028,101.672142,16.3484,2014-07-16 18:04:55,2014-07-17 01:04:55,829,636,0.389086,1,2529,0.584959,0.217337,0.790636,0.4,0.874586,0.75,0.0367421,0.0001,1.20705e-19,999999,-1.509732e-01,3,Indonesian Exclusive Economic Zone,WPP572,,SVDNB_npp_d20140716_t1803247_e1809051_b14079_c20140717000905445784_noaa_ops.h5,GDNBO_npp_d20140716_t1803247_e1809051_b14079_c20140717000905445471_noaa_ops.h5,SVI04_npp_d20140716_t1803247_e1809051_b14079_c20140717000905432367_noaa_ops.dspace_rad,VNFF_npp_d20140716_t1803247_e1809051_b14079_v21.csv,World_EEZ_v8_2014.shp,WPP_BFAR_merge.shp,KKP_IDN_merge_20161208.shp,VNF-VBD_npp_20120301-20151231_global_asia-enhanced_c201607211230.bitmask,NCEI_NGA.union.nga_lead2.add_2015ntl.mask,timezone.shp,VBD_platforms-recurring_2015_r20170330.shp,999999,VBD_bridges_c20160811.shp,2.701723;0.592520;-1.537733;-6.424739;-11.321091;-16.224911;-21.132078;-19.454973;-16.614069;-11.826628;-7.007390;-2.161976,98.595314;112.244095;125.823792;124.798187;123.864281;123.023224;122.264351;107.621338;93.259468;94.789581;96.172417;97.426979,npp_d20140716_t1803247_e1809051_b14079,158.875,30.6719,58.3072,99.2818,46.9607,86.947
163,VBD_npp_d20140716_t1805100_x1016341E_y041221S_l0955_s0659_v23,2017-05-23 13:08:46,-4.122132,101.634056,6.78543,2014-07-16 18:05:10,2014-07-17 01:05:10,955,659,0.318759,2,2465,0.330279,0.210133,0.655737,0.4,0.65582,0.75,0.0366626,0.0001,2.80339e-19,999999,-9.735803e-02,3,Indonesian Exclusive Economic Zone,WPP572,,SVDNB_npp_d20140716_t1803247_e1809051_b14079_c20140717000905445784_noaa_ops.h5,GDNBO_npp_d20140716_t1803247_e1809051_b14079_c20140717000905445471_noaa_ops.h5,SVI04_npp_d20140716_t1803247_e1809051_b14079_c20140717000905432367_noaa_ops.dspace_rad,VNFF_npp_d20140716_t1803247_e1809051_b14079_v21.csv,World_EEZ_v8_2014.shp,WPP_BFAR_merge.shp,KKP_IDN_merge_20161208.shp,VNF-VBD_npp_20120301-20151231_global_asia-enhanced_c201607211230.bitmask,NCEI_NGA.union.nga_lead2.add_2015ntl.mask,timezone.shp,VBD_platforms-recurring_2015_r20170330.shp,999999,VBD_bridges_c20160811.shp,2.701723;0.592520;-1.537733;-6.424739;-11.321091;-16.224911;-21.132078;-19.454973;-16.614069;-11.826628;-7.007390;-2.161976,98.595314;112.244095;125.823792;124.798187;123.864281;123.023224;122.264351;107.621338;93.259468;94.789581;96.172417;97.426979,npp_d20140716_t1803247_e1809051_b14079,159.579,31.8625,57.756,99.5004,46.9924,86.1448
164,VBD_npp_d20140716_t1803428_x1032216E_y008563N_l0172_s0718_v23,2017-05-23 13:08:46,0.856332,103.221619,6.59282,2014-07-16 18:03:42,2014-07-17 01:03:42,172,718,0.40356,8,18849,0.279172,0.215919,0.636849,0.4,0.723722,0.75,0.0379671,0.0001,9.99135e-18,999999,-1.404163e-01,3,Indonesian Exclusive Economic Zone,WPP711,,SVDNB_npp_d20140716_t1803247_e1809051_b14079_c20140717000905445784_noaa_ops.h5,GDNBO_npp_d20140716_t1803247_e1809051_b14079_c20140717000905445471_noaa_ops.h5,SVI04_npp_d20140716_t1803247_e1809051_b14079_c20140717000905432367_noaa_ops.dspace_rad,VNFF_npp_d20140716_t1803247_e1809051_b14079_v21.csv,World_EEZ_v8_2014.shp,WPP_BFAR_merge.shp,KKP_IDN_merge_20161208.shp,VNF-VBD_npp_20120301-20151231_global_asia-enhanced_c201607211230.bitmask,NCEI_NGA.union.nga_lead2.add_2015ntl.mask,timezone.shp,VBD_platforms-recurring_2015_r20170330.shp,0.879474,VBD_bridges_c20160811.shp,2.701723;0.592520;-1.537733;-6.424739;-11.321091;-16.224911;-21.132078;-19.454973;-16.614069;-11.826628;-7.007390;-2.161976,98.595314;112.244095;125.823792;124.798187;123.864281;123.023224;122.264351;107.621338;93.259468;94.789581;96.172417;97.426979,npp_d20140716_t1803247_e1809051_b14079,154.656,28.4109,56.2998,98.5924,45.6117,90.9658
165,VBD_npp_d20140716_t1803428_x1032666E_y008704N_l0169_s0724_v23,2017-05-23 13:08:46,0.870372,103.266617,6.03715,2014-07-16 18:03:42,2014-07-17 01:03:42,169,724,0.411349,8,18593,0.242479,0.171312,0.789901,0.4,0.685377,0.75,0.0380057,0.0001,1.30262e-17,999999,1.915924e-01,3,Indonesian Exclusive Economic Zone,WPP711,,SVDNB_npp_d20140716_t1803247_e1809051_b14079_c20140717000905445784_noaa_ops.h5,GDNBO_npp_d20140716_t1803247_e1809051_b14079_c20140717000905445471_noaa_ops.h5,SVI04_npp_d20140716_t1803247_e1809051_b14079_c20140717000905432367_noaa_ops.dspace_rad,VNFF_npp_d20140716_t1803247_e1809051_b14079_v21.csv,World_EEZ_v8_2014.shp,WPP_BFAR_merge.shp,KKP_IDN_merge_20161208.shp,VNF-VBD_npp_20120301-20151231_global_asia-enhanced_c201607211230.bitmask,NCEI_NGA.union.nga_lead2.add_2015ntl.mask,timezone.shp,VBD_platforms-recurring_2015_r20170330.shp,0.875434,VBD_bridges_c20160811.shp,2.701723;0.592520;-1.537733;-6.424739;-11.321091;-16.224911;-21.132078;-19.454973;-16.614069;-11.826628;-7.007390;-2.161976,98.595314;112.244095;125.823792;124.798187;123.864281;123.023224;122.264351;107.621338;93.259468;94.789581;96.172417;97.426979,npp_d20140716_t1803247_e1809051_b14079,154.623,28.4809,56.1451,98.725,45.5664,90.9813
166,VBD_npp_d20140716_t1803428_x1032841E_y008467N_l0172_s0727_v23,2017-05-23 13:08:46,0.846689,103.284081,4.58049,2014-07-16 18:03:42,2014-07-17 01:03:42,172,727,0.413559,2,2209,0.199659,0.167495,0.779148,0.4,0.660711,0.75,0.0380198,0.0001,1.46469e-17,999999,2.199977e-01,3,Indonesian Exclusive Economic Zone,WPP711,,SVDNB_npp_d20140716_t1803247_e1809051_b14079_c20140717000905445784_noaa_ops.h5,GDNBO_npp_d20140716_t1803247_e1809051_b14079_c20140717000905445471_noaa_ops.h5,SVI04_npp_d20140716_t1803247_e1809051_b14079_c20140717000905432367_noaa_ops.dspace_rad,VNFF_npp_d20140716_t1803247_e1809051_b14079_v21.csv,World_EEZ_v8_2014.shp,WPP_BFAR_merge.shp,KKP_IDN_merge_20161208.shp,VNF-VBD_npp_20120301-20151231_global_asia-enhanced_c201607211230.bitmask,NCEI_NGA.union.nga_lead2.add_2015ntl.mask,timezone.shp,VBD_platforms-recurring_2015_r20170330.shp,999999,VBD_bridges_c20160811.shp,2.701723;0.592520;-1.537733;-6.424739;-11.321091;-16.224911;-21.132078;-19.454973;-16.614069;-11.826628;-7.007390;-2.161976,98.595314;112.244095;125.823792;124.798187;123.864281;123.023224;122.264351;107.621338;93.259468;94.789581;96.172417;97.426979,npp_d20140716_t1803247_e1809051_b14079,154.635,28.5374,56.0688,98.5927,45.5484,90.9581
167,VBD_npp_d20140716_t1803446_x1032771E_y007969N_l0180_s0728_v23,2017-05-23 13:08:46,0.796924,103.277069,5.73352,2014-07-16 18:03:44,2014-07-17 01:03:44,180,728,0.404444,2,2209,0.250449,0.217808,0.631235,0.4,0.701661,0.75,0.0380164,0.0001,1.55161e-17,999999,-1.544827e-01,3,Indonesian Exclusive Economic Zone,WPP711,,SVDNB_npp_d20140716_t1803247_e1809051_b14079_c20140717000905445784_noaa_ops.h5,GDNBO_npp_d20140716_t1803247_e1809051_b14079_c20140717000905445471_noaa_ops.h5,SVI04_npp_d20140716_t1803247_e1809051_b14079_c20140717000905432367_noaa_ops.dspace_rad,VNFF_npp_d20140716_t1803247_e1809051_b14079_v21.csv,World_EEZ_v8_2014.shp,WPP_BFAR_merge.shp,KKP_IDN_merge_20161208.shp,VNF-VBD_npp_20120301-20151231_global_asia-enhanced_c201607211230.bitmask,NCEI_NGA.union.nga_lead2.add_2015ntl.mask,timezone.shp,VBD_platforms-recurring_2015_r20170330.shp,999999,VBD_bridges_c20160811.shp,2.701723;0.592520;-1.537733;-6.424739;-11.321091;-16.224911;-21.132078;-19.454973;-16.614069;-11.826628;-7.007390;-2.161976,98.595314;112.244095;125.823792;124.798187;123.864281;123.023224;122.264351;107.621338;93.259468;94.789581;96.172417;97.426979,npp_d20140716_t1803247_e1809051_b14079,154.678,28.5884,56.0392,98.9637,45.5474,90.9079
168,VBD_npp_d20140716_t1803428_x1033044E_y008854N_l0166_s0729_v23,2017-05-23 13:08:46,0.885424,103.304398,9.59775,2014-07-16 18:03:42,2014-07-17 01:03:42,166,729,0.411515,8,18913,0.397411,0.176915,0.786111,0.4,0.824193,0.75,0.0380385,0.0001,1.6232e-17,999999,1.498895e-01,3,Indonesian Exclusive Economic Zone,WPP711,,SVDNB_npp_d20140716_t1803247_e1809051_b14079_c20140717000905445784_noaa_ops.h5,GDNBO_npp_d20140716_t1803247_e1809051_b14079_c20140717000905445471_noaa_ops.h5,SVI04_npp_d20140716_t1803247_e1809051_b14079_c20140717000905432367_noaa_ops.dspace_rad,VNFF_npp_d20140716_t1803247_e1809051_b14079_v21.csv,World_EEZ_v8_2014.shp,WPP_BFAR_merge.shp,KKP_IDN_merge_20161208.shp,VNF-VBD_npp_20120301-20151231_global_asia-enhanced_c201607211230.bitmask,NCEI_NGA.union.nga_lead2.add_2015ntl.mask,timezone.shp,VBD_platforms-recurring_2015_r20170330.shp,0.849047,VBD_bridges_c20160811.shp,2.701723;0.592520;-1.537733;-6.424739;-11.321091;-16.224911;-21.132078;-19.454973;-16.614069;-11.826628;-7.007390;-2.161976,98.595314;112.244095;125.823792;124.798187;123.864281;123.023224;122.264351;107.621338;93.259468;94.789581;96.172417;97.426979,npp_d20140716_t1803247_e1809051_b14079,154.591,28.5363,56.0166,98.858,45.5285,90.9977
169,VBD_npp_d20140716_t1803357_x1034073E_y012622N_l0107_s0731_v23,2017-05-23 13:08:46,1.262246,103.407265,8.07855,2014-07-16 18:03:35,2014-07-17 01:03:35,107,731,0.413448,1,2529,0.351484,0.198057,0.694324,0.4,0.780086,0.75,0.0381186,0.0001,1.84857e-17,999999,-7.470869e-03,3,Malaysian Exclusive Economic Zone,,,SVDNB_npp_d20140716_t1803247_e1809051_b14079_c20140717000905445784_noaa_ops.h5,GDNBO_npp_d20140716_t1803247_e1809051_b14079_c20140717000905445471_noaa_ops.h5,SVI04_npp_d20140716_t1803247_e1809051_b14079_c20140717000905432367_noaa_ops.dspace_rad,VNFF_npp_d20140716_t1803247_e1809051_b14079_v21.csv,World_EEZ_v8_2014.shp,WPP_BFAR_merge.shp,KKP_IDN_merge_20161208.shp,VNF-VBD_npp_20120301-20151231_global_asia-enhanced_c201607211230.bitmask,NCEI_NGA.union.nga_lead2.add_2015ntl.mask,timezone.shp,VBD_platforms-recurring_2015_r20170330.shp,999999,VBD_bridges_c20160811.shp,2.701723;0.592520;-1.537733;-6.424739;-11.321091;-16.224911;-21.132078;-19.454973;-16.614069;-11.826628;-7.007390;-2.161976,98.595314;112.244095;125.823792;124.798187;123.864281;123.023224;122.264351;107.621338;93.259468;94.789581;96.172417;97.426979,npp_d20140716_t1803247_e1809051_b14079,154.225,28.2977,55.9616,98.5726,45.4613,91.3807
170,VBD_npp_d20140716_t1803428_x1033261E_y008890N_l0165_s0732_v23,2017-05-23 13:08:46,0.888981,103.326096,6.15368,2014-07-16 18:03:42,2014-07-17 01:03:42,165,732,0.410686,8,18849,0.267543,0.185646,0.765369,0.4,0.716046,0.75,0.0380572,0.0001,1.84597e-17,999999,8.490530e-02,3,Indonesian Exclusive Economic Zone,WPP711,,SVDNB_npp_d20140716_t1803247_e1809051_b14079_c20140717000905445784_noaa_ops.h5,GDNBO_npp_d20140716_t1803247_e1809051_b14079_c20140717000905445471_noaa_ops.h5,SVI04_npp_d20140716_t1803247_e1809051_b14079_c20140717000905432367_noaa_ops.dspace_rad,VNFF_npp_d20140716_t1803247_e1809051_b14079_v21.csv,World_EEZ_v8_2014.shp,WPP_BFAR_merge.shp,KKP_IDN_merge_20161208.shp,VNF-VBD_npp_20120301-20151231_global_asia-enhanced_c201607211230.bitmask,NCEI_NGA.union.nga_lead2.add_2015ntl.mask,timezone.shp,VBD_platforms-recurring_2015_r20170330.shp,0.858311,VBD_bridges_c20160811.shp,2.701723;0.592520;-1.537733;-6.424739;-11.321091;-16.224911;-21.132078;-19.454973;-16.614069;-11.826628;-7.007390;-2.161976,98.595314;112.244095;125.823792;124.798187;123.864281;123.023224;122.264351;107.621338;93.259468;94.789581;96.172417;97.426979,npp_d20140716_t1803247_e1809051_b14079,154.578,28.5731,55.9397,98.9026,45.5066,91.002
171,VBD_npp_d20140716_t1803428_x1033229E_y008686N_l0168_s0732_v23,2017-05-23 13:08:46,0.868577,103.322853,7.85814,2014-07-16 18:03:42,2014-07-17 01:03:42,168,732,0.41273,2,2465,0.344571,0.195495,0.780113,0.4,0.713032,0.75,0.0380537,0.0001,1.82925e-17,999999,1.159892e-02,3,Indonesian Exclusive Economic Zone,WPP711,,SVDNB_npp_d20140716_t1803247_e1809051_b14079_c20140717000905445784_noaa_ops.h5,GDNBO_npp_d20140716_t1803247_e1809051_b14079_c20140717000905445471_noaa_ops.h5,SVI04_npp_d20140716_t1803247_e1809051_b14079_c20140717000905432367_noaa_ops.dspace_rad,VNFF_npp_d20140716_t1803247_e1809051_b14079_v21.csv,World_EEZ_v8_2014.shp,WPP_BFAR_merge.shp,KKP_IDN_merge_20161208.shp,VNF-VBD_npp_20120301-20151231_global_asia-enhanced_c201607211230.bitmask,NCEI_NGA.union.nga_lead2.add_2015ntl.mask,timezone.shp,VBD_platforms-recurring_2015_r20170330.shp,999999,VBD_bridges_c20160811.shp,2.701723;0.592520;-1.537733;-6.424739;-11.321091;-16.224911;-21.132078;-19.454973;-16.614069;-11.826628;-7.007390;-2.161976,98.595314;112.244095;125.823792;124.798187;123.864281;123.023224;122.264351;107.621338;93.259468;94.789581;96.172417;97.426979,npp_d20140716_t1803247_e1809051_b14079,154.597,28.5876,55.94,98.7699,45.5095,90.9814
172,VBD_npp_d20140716_t1803357_x1034609E_y012471N_l0108_s0739_v23,2017-05-23 13:08:46,1.247055,103.460907,12.6144,2014-07-16 18:03:35,2014-07-17 01:03:35,108,739,0.410134,1,2529,0.445931,0.171025,0.797469,0.4,0.787458,0.75,0.0381643,0.0001,2.56809e-17,999999,1.937238e-01,3,Malaysian Exclusive Economic Zone,,,SVDNB_npp_d20140716_t1803247_e1809051_b14079_c20140717000905445784_noaa_ops.h5,GDNBO_npp_d20140716_t1803247_e1809051_b14079_c20140717000905445471_noaa_ops.h5,SVI04_npp_d20140716_t1803247_e1809051_b14079_c20140717000905432367_noaa_ops.dspace_rad,VNFF_npp_d20140716_t1803247_e1809051_b14079_v21.csv,World_EEZ_v8_2014.shp,WPP_BFAR_merge.shp,KKP_IDN_merge_20161208.shp,VNF-VBD_npp_20120301-20151231_global_asia-enhanced_c201607211230.bitmask,NCEI_NGA.union.nga_lead2.add_2015ntl.mask,timezone.shp,VBD_platforms-recurring_2015_r20170330.shp,999999,VBD_bridges_c20160811.shp,2.701723;0.592520;-1.537733;-6.424739;-11.321091;-16.224911;-21.132078;-19.454973;-16.614069;-11.826628;-7.007390;-2.161976,98.595314;112.244095;125.823792;124.798187;123.864281;123.023224;122.264351;107.621338;93.259468;94.789581;96.172417;97.426979,npp_d20140716_t1803247_e1809051_b14079,154.213,28.4115,55.7574,98.529,45.4066,91.3678
173,VBD_npp_d20140716_t1803357_x1034688E_y012528N_l0107_s0740_v23,2017-05-23 13:08:46,1.252787,103.468788,11.2976,2014-07-16 18:03:35,2014-07-17 01:03:35,107,740,0.403228,2,2465,0.365292,0.170502,0.797469,0.4,0.746687,0.75,0.0381713,0.0001,2.68385e-17,999999,1.976181e-01,3,Malaysian Exclusive Economic Zone,,,SVDNB_npp_d20140716_t1803247_e1809051_b14079_c20140717000905445784_noaa_ops.h5,GDNBO_npp_d20140716_t1803247_e1809051_b14079_c20140717000905445471_noaa_ops.h5,SVI04_npp_d20140716_t1803247_e1809051_b14079_c20140717000905432367_noaa_ops.dspace_rad,VNFF_npp_d20140716_t1803247_e1809051_b14079_v21.csv,World_EEZ_v8_2014.shp,WPP_BFAR_merge.shp,KKP_IDN_merge_20161208.shp,VNF-VBD_npp_20120301-20151231_global_asia-enhanced_c201607211230.bitmask,NCEI_NGA.union.nga_lead2.add_2015ntl.mask,timezone.shp,VBD_platforms-recurring_2015_r20170330.shp,999999,VBD_bridges_c20160811.shp,2.701723;0.592520;-1.537733;-6.424739;-11.321091;-16.224911;-21.132078;-19.454973;-16.614069;-11.826628;-7.007390;-2.161976,98.595314;112.244095;125.823792;124.798187;123.864281;123.023224;122.264351;107.621338;93.259468;94.789581;96.172417;97.426979,npp_d20140716_t1803247_e1809051_b14079,154.204,28.4204,55.7316,98.5735,45.3988,91.374
174,VBD_npp_d20140716_t1803357_x1034745E_y012450N_l0108_s0741_v23,2017-05-23 13:08:46,1.244970,103.474510,7.16807,2014-07-16 18:03:35,2014-07-17 01:03:35,108,741,0.417371,2,2209,0.250172,0.167269,0.797469,0.4,0.666318,0.75,0.038176,0.0001,2.78807e-17,999999,2.216819e-01,3,Malaysian Exclusive Economic Zone,,,SVDNB_npp_d20140716_t1803247_e1809051_b14079_c20140717000905445784_noaa_ops.h5,GDNBO_npp_d20140716_t1803247_e1809051_b14079_c20140717000905445471_noaa_ops.h5,SVI04_npp_d20140716_t1803247_e1809051_b14079_c20140717000905432367_noaa_ops.dspace_rad,VNFF_npp_d20140716_t1803247_e1809051_b14079_v21.csv,World_EEZ_v8_2014.shp,WPP_BFAR_merge.shp,KKP_IDN_merge_20161208.shp,VNF-VBD_npp_20120301-20151231_global_asia-enhanced_c201607211230.bitmask,NCEI_NGA.union.nga_lead2.add_2015ntl.mask,timezone.shp,VBD_platforms-recurring_2015_r20170330.shp,999999,VBD_bridges_c20160811.shp,2.701723;0.592520;-1.537733;-6.424739;-11.321091;-16.224911;-21.132078;-19.454973;-16.614069;-11.826628;-7.007390;-2.161976,98.595314;112.244095;125.823792;124.798187;123.864281;123.023224;122.264351;107.621338;93.259468;94.789581;96.172417;97.426979,npp_d20140716_t1803247_e1809051_b14079,154.208,28.4386,55.7063,98.5292,45.3928,91.3664
175,VBD_npp_d20140716_t1803357_x1035027E_y012476N_l0107_s0745_v23,2017-05-23 13:08:46,1.247573,103.502701,21.6002,2014-07-16 18:03:35,2014-07-17 01:03:35,107,745,0.4082,1,2529,0.598635,0.171108,0.821858,0.4,0.846107,0.75,0.0382005,0.0001,3.29294e-17,999999,1.931059e-01,3,Malaysian Exclusive Economic Zone,,,SVDNB_npp_d20140716_t1803247_e1809051_b14079_c20140717000905445784_noaa_ops.h5,GDNBO_npp_d20140716_t1803247_e1809051_b14079_c20140717000905445471_noaa_ops.h5,SVI04_npp_d20140716_t1803247_e1809051_b14079_c20140717000905432367_noaa_ops.dspace_rad,VNFF_npp_d20140716_t1803247_e1809051_b14079_v21.csv,World_EEZ_v8_2014.shp,WPP_BFAR_merge.shp,KKP_IDN_merge_20161208.shp,VNF-VBD_npp_20120301-20151231_global_asia-enhanced_c201607211230.bitmask,NCEI_NGA.union.nga_lead2.add_2015ntl.mask,timezone.shp,VBD_platforms-recurring_2015_r20170330.shp,999999,VBD_bridges_c20160811.shp,2.701723;0.592520;-1.537733;-6.424739;-11.321091;-16.224911;-21.132078;-19.454973;-16.614069;-11.826628;-7.007390;-2.161976,98.595314;112.244095;125.823792;124.798187;123.864281;123.023224;122.264351;107.621338;93.259468;94.789581;96.172417;97.426979,npp_d20140716_t1803247_e1809051_b14079,154.193,28.4879,55.6041,98.5739,45.3643,91.3703
176,VBD_npp_d20140716_t1803357_x1035162E_y012455N_l0107_s0747_v23,2017-05-23 13:08:46,1.245494,103.516212,10.2098,2014-07-16 18:03:35,2014-07-17 02:03:35,107,747,0.414553,7,2465,0.290448,0.182083,0.800699,0.4,0.65412,0.75,0.0382123,0.0001,3.57199e-17,999999,1.114231e-01,3,,,,SVDNB_npp_d20140716_t1803247_e1809051_b14079_c20140717000905445784_noaa_ops.h5,GDNBO_npp_d20140716_t1803247_e1809051_b14079_c20140717000905445471_noaa_ops.h5,SVI04_npp_d20140716_t1803247_e1809051_b14079_c20140717000905432367_noaa_ops.dspace_rad,VNFF_npp_d20140716_t1803247_e1809051_b14079_v21.csv,World_EEZ_v8_2014.shp,WPP_BFAR_merge.shp,KKP_IDN_merge_20161208.shp,VNF-VBD_npp_20120301-20151231_global_asia-enhanced_c201607211230.bitmask,NCEI_NGA.union.nga_lead2.add_2015ntl.mask,timezone.shp,VBD_platforms-recurring_2015_r20170330.shp,999999,VBD_bridges_c20160811.shp,2.701723;0.592520;-1.537733;-6.424739;-11.321091;-16.224911;-21.132078;-19.454973;-16.614069;-11.826628;-7.007390;-2.161976,98.595314;112.244095;125.823792;124.798187;123.864281;123.023224;122.264351;107.621338;93.259468;94.789581;96.172417;97.426979,npp_d20140716_t1803247_e1809051_b14079,154.188,28.5148,55.5532,98.5741,45.3506,91.3688
177,VBD_npp_d20140716_t1803357_x1035141E_y012320N_l0109_s0747_v23,2017-05-23 13:08:46,1.231990,103.514061,14.207,2014-07-16 18:03:35,2014-07-17 01:03:35,109,747,0.411294,1,2529,0.462169,0.176681,0.800699,0.4,0.815429,0.75,0.0382099,0.0001,3.55101e-17,999999,1.516273e-01,3,Malaysian Exclusive Economic Zone,,,SVDNB_npp_d20140716_t1803247_e1809051_b14079_c20140717000905445784_noaa_ops.h5,GDNBO_npp_d20140716_t1803247_e1809051_b14079_c20140717000905445471_noaa_ops.h5,SVI04_npp_d20140716_t1803247_e1809051_b14079_c20140717000905432367_noaa_ops.dspace_rad,VNFF_npp_d20140716_t1803247_e1809051_b14079_v21.csv,World_EEZ_v8_2014.shp,WPP_BFAR_merge.shp,KKP_IDN_merge_20161208.shp,VNF-VBD_npp_20120301-20151231_global_asia-enhanced_c201607211230.bitmask,NCEI_NGA.union.nga_lead2.add_2015ntl.mask,timezone.shp,VBD_platforms-recurring_2015_r20170330.shp,999999,VBD_bridges_c20160811.shp,2.701723;0.592520;-1.537733;-6.424739;-11.321091;-16.224911;-21.132078;-19.454973;-16.614069;-11.826628;-7.007390;-2.161976,98.595314;112.244095;125.823792;124.798187;123.864281;123.023224;122.264351;107.621338;93.259468;94.789581;96.172417;97.426979,npp_d20140716_t1803247_e1809051_b14079,154.201,28.5242,55.5537,98.4851,45.3525,91.355
178,VBD_npp_d20140716_t1803464_x1034195E_y005979N_l0206_s0754_v23,2017-05-23 13:08:46,0.597924,103.419525,5.73018,2014-07-16 18:03:46,2014-07-17 01:03:46,206,754,0.408311,2,2465,0.258,0.186142,0.539388,0.4,0.609004,0.75,0.038138,0.0001,4.32305e-17,999999,8.121097e-02,3,Indonesian Exclusive Economic Zone,WPP711,,SVDNB_npp_d20140716_t1803247_e1809051_b14079_c20140717000905445784_noaa_ops.h5,GDNBO_npp_d20140716_t1803247_e1809051_b14079_c20140717000905445471_noaa_ops.h5,SVI04_npp_d20140716_t1803247_e1809051_b14079_c20140717000905432367_noaa_ops.dspace_rad,VNFF_npp_d20140716_t1803247_e1809051_b14079_v21.csv,World_EEZ_v8_2014.shp,WPP_BFAR_merge.shp,KKP_IDN_merge_20161208.shp,VNF-VBD_npp_20120301-20151231_global_asia-enhanced_c201607211230.bitmask,NCEI_NGA.union.nga_lead2.add_2015ntl.mask,timezone.shp,VBD_platforms-recurring_2015_r20170330.shp,999999,VBD_bridges_c20160811.shp,2.701723;0.592520;-1.537733;-6.424739;-11.321091;-16.224911;-21.132078;-19.454973;-16.614069;-11.826628;-7.007390;-2.161976,98.595314;112.244095;125.823792;124.798187;123.864281;123.023224;122.264351;107.621338;93.259468;94.789581;96.172417;97.426979,npp_d20140716_t1803247_e1809051_b14079,154.781,29.0716,55.3769,98.5352,45.3931,90.7111
179,VBD_npp_d20140716_t1803375_x1035661E_y011243N_l0124_s0758_v23,2017-05-23 13:08:46,1.124264,103.566116,106.581,2014-07-16 18:03:37,2014-07-17 01:03:37,124,758,0.40599,8,18913,1.28784,0.193902,0.889647,0.4,0.9738,0.75,0.0382569,0.0001,5.48676e-17,999999,2.344946e-02,3,Indonesian Exclusive Economic Zone,WPP711,,SVDNB_npp_d20140716_t1803247_e1809051_b14079_c20140717000905445784_noaa_ops.h5,GDNBO_npp_d20140716_t1803247_e1809051_b14079_c20140717000905445471_noaa_ops.h5,SVI04_npp_d20140716_t1803247_e1809051_b14079_c20140717000905432367_noaa_ops.dspace_rad,VNFF_npp_d20140716_t1803247_e1809051_b14079_v21.csv,World_EEZ_v8_2014.shp,WPP_BFAR_merge.shp,KKP_IDN_merge_20161208.shp,VNF-VBD_npp_20120301-20151231_global_asia-enhanced_c201607211230.bitmask,NCEI_NGA.union.nga_lead2.add_2015ntl.mask,timezone.shp,VBD_platforms-recurring_2015_r20170330.shp,0.530752,VBD_bridges_c20160811.shp,2.701723;0.592520;-1.537733;-6.424739;-11.321091;-16.224911;-21.132078;-19.454973;-16.614069;-11.826628;-7.007390;-2.161976,98.595314;112.244095;125.823792;124.798187;123.864281;123.023224;122.264351;107.621338;93.259468;94.789581;96.172417;97.426979,npp_d20140716_t1803247_e1809051_b14079,154.267,28.7404,55.2721,98.5479,45.2901,91.2483
180,VBD_npp_d20140716_t1803375_x1036060E_y011181N_l0124_s0764_v23,2017-05-23 13:08:46,1.118140,103.605972,14.7258,2014-07-16 18:03:37,2014-07-17 01:03:37,124,764,0.396875,1,2529,0.553539,0.243476,0.862593,0.4,0.847828,0.75,0.038292,0.0001,6.95893e-17,999999,-3.455238e-01,3,Indonesian Exclusive Economic Zone,WPP711,,SVDNB_npp_d20140716_t1803247_e1809051_b14079_c20140717000905445784_noaa_ops.h5,GDNBO_npp_d20140716_t1803247_e1809051_b14079_c20140717000905445471_noaa_ops.h5,SVI04_npp_d20140716_t1803247_e1809051_b14079_c20140717000905432367_noaa_ops.dspace_rad,VNFF_npp_d20140716_t1803247_e1809051_b14079_v21.csv,World_EEZ_v8_2014.shp,WPP_BFAR_merge.shp,KKP_IDN_merge_20161208.shp,VNF-VBD_npp_20120301-20151231_global_asia-enhanced_c201607211230.bitmask,NCEI_NGA.union.nga_lead2.add_2015ntl.mask,timezone.shp,VBD_platforms-recurring_2015_r20170330.shp,999999,VBD_bridges_c20160811.shp,2.701723;0.592520;-1.537733;-6.424739;-11.321091;-16.224911;-21.132078;-19.454973;-16.614069;-11.826628;-7.007390;-2.161976,98.595314;112.244095;125.823792;124.798187;123.864281;123.023224;122.264351;107.621338;93.259468;94.789581;96.172417;97.426979,npp_d20140716_t1803247_e1809051_b14079,154.253,28.8198,55.12,98.5483,45.2496,91.2438
181,VBD_npp_d20140716_t1805456_x1020196E_y062866S_l1268_s0789_v23,2017-05-23 13:08:46,-6.286615,102.019554,5.08377,2014-07-16 18:05:45,2014-07-17 01:05:45,1268,789,0.290474,2,2209,0.2218,0.220378,0.51614,0.4,0.688949,0.75,0.0370323,0.0001,4.52354e-17,999999,-1.736066e-01,3,Indonesian Exclusive Economic Zone,WPP572,,SVDNB_npp_d20140716_t1803247_e1809051_b14079_c20140717000905445784_noaa_ops.h5,GDNBO_npp_d20140716_t1803247_e1809051_b14079_c20140717000905445471_noaa_ops.h5,SVI04_npp_d20140716_t1803247_e1809051_b14079_c20140717000905432367_noaa_ops.dspace_rad,VNFF_npp_d20140716_t1803247_e1809051_b14079_v21.csv,World_EEZ_v8_2014.shp,WPP_BFAR_merge.shp,KKP_IDN_merge_20161208.shp,VNF-VBD_npp_20120301-20151231_global_asia-enhanced_c201607211230.bitmask,NCEI_NGA.union.nga_lead2.add_2015ntl.mask,timezone.shp,VBD_platforms-recurring_2015_r20170330.shp,999999,VBD_bridges_c20160811.shp,2.701723;0.592520;-1.537733;-6.424739;-11.321091;-16.224911;-21.132078;-19.454973;-16.614069;-11.826628;-7.007390;-2.161976,98.595314;112.244095;125.823792;124.798187;123.864281;123.023224;122.264351;107.621338;93.259468;94.789581;96.172417;97.426979,npp_d20140716_t1803247_e1809051_b14079,161.073,36.4451,54.4925,100.09,46.6502,83.975
182,VBD_npp_d20140716_t1803339_x1041268E_y013134N_l0083_s0833_v23,2017-05-23 13:08:46,1.313365,104.126801,13.9936,2014-07-16 18:03:33,2014-07-17 02:03:33,83,833,0.410134,1,2529,0.427719,0.207179,0.797319,0.4,0.789531,0.75,0.0387413,0.0001,1.09128e-15,999999,-7.537073e-02,3,Malaysian Exclusive Economic Zone,,,SVDNB_npp_d20140716_t1803247_e1809051_b14079_c20140717000905445784_noaa_ops.h5,GDNBO_npp_d20140716_t1803247_e1809051_b14079_c20140717000905445471_noaa_ops.h5,SVI04_npp_d20140716_t1803247_e1809051_b14079_c20140717000905432367_noaa_ops.dspace_rad,VNFF_npp_d20140716_t1803247_e1809051_b14079_v21.csv,World_EEZ_v8_2014.shp,WPP_BFAR_merge.shp,KKP_IDN_merge_20161208.shp,VNF-VBD_npp_20120301-20151231_global_asia-enhanced_c201607211230.bitmask,NCEI_NGA.union.nga_lead2.add_2015ntl.mask,timezone.shp,VBD_platforms-recurring_2015_r20170330.shp,999999,VBD_bridges_c20160811.shp,2.701723;0.592520;-1.537733;-6.424739;-11.321091;-16.224911;-21.132078;-19.454973;-16.614069;-11.826628;-7.007390;-2.161976,98.595314;112.244095;125.823792;124.798187;123.864281;123.023224;122.264351;107.621338;93.259468;94.789581;96.172417;97.426979,npp_d20140716_t1803247_e1809051_b14079,153.836,29.5423,53.2885,98.9442,44.7417,91.4671
183,VBD_npp_d20140716_t1803339_x1042015E_y013153N_l0081_s0844_v23,2017-05-23 13:08:46,1.315308,104.201462,11.4574,2014-07-16 18:03:33,2014-07-17 01:03:33,81,844,0.407261,2,2465,0.389702,0.222781,0.813466,0.4,0.729153,0.75,0.0388076,0.0001,1.65472e-15,999999,-1.914955e-01,3,Malaysian Exclusive Economic Zone,,,SVDNB_npp_d20140716_t1803247_e1809051_b14079_c20140717000905445784_noaa_ops.h5,GDNBO_npp_d20140716_t1803247_e1809051_b14079_c20140717000905445471_noaa_ops.h5,SVI04_npp_d20140716_t1803247_e1809051_b14079_c20140717000905432367_noaa_ops.dspace_rad,VNFF_npp_d20140716_t1803247_e1809051_b14079_v21.csv,World_EEZ_v8_2014.shp,WPP_BFAR_merge.shp,KKP_IDN_merge_20161208.shp,VNF-VBD_npp_20120301-20151231_global_asia-enhanced_c201607211230.bitmask,NCEI_NGA.union.nga_lead2.add_2015ntl.mask,timezone.shp,VBD_platforms-recurring_2015_r20170330.shp,999999,VBD_bridges_c20160811.shp,2.701723;0.592520;-1.537733;-6.424739;-11.321091;-16.224911;-21.132078;-19.454973;-16.614069;-11.826628;-7.007390;-2.161976,98.595314;112.244095;125.823792;124.798187;123.864281;123.023224;122.264351;107.621338;93.259468;94.789581;96.172417;97.426979,npp_d20140716_t1803247_e1809051_b14079,153.797,29.674,52.993,99.0422,44.6662,91.4728
184,VBD_npp_d20140716_t1803339_x1042266E_y013045N_l0082_s0848_v23,2017-05-23 13:08:46,1.304469,104.226578,7.11094,2014-07-16 18:03:33,2014-07-17 01:03:33,82,848,0.407537,8,18849,0.294356,0.205835,0.788731,0.4,0.701979,0.75,0.0388298,0.0001,1.91326e-15,999999,-6.536561e-02,3,Malaysian Exclusive Economic Zone,,,SVDNB_npp_d20140716_t1803247_e1809051_b14079_c20140717000905445784_noaa_ops.h5,GDNBO_npp_d20140716_t1803247_e1809051_b14079_c20140717000905445471_noaa_ops.h5,SVI04_npp_d20140716_t1803247_e1809051_b14079_c20140717000905432367_noaa_ops.dspace_rad,VNFF_npp_d20140716_t1803247_e1809051_b14079_v21.csv,World_EEZ_v8_2014.shp,WPP_BFAR_merge.shp,KKP_IDN_merge_20161208.shp,VNF-VBD_npp_20120301-20151231_global_asia-enhanced_c201607211230.bitmask,NCEI_NGA.union.nga_lead2.add_2015ntl.mask,timezone.shp,VBD_platforms-recurring_2015_r20170330.shp,0.178576,VBD_bridges_c20160811.shp,2.701723;0.592520;-1.537733;-6.424739;-11.321091;-16.224911;-21.132078;-19.454973;-16.614069;-11.826628;-7.007390;-2.161976,98.595314;112.244095;125.823792;124.798187;123.864281;123.023224;122.264351;107.621338;93.259468;94.789581;96.172417;97.426979,npp_d20140716_t1803247_e1809051_b14079,153.794,29.7299,52.8857,98.9953,44.6405,91.4628
185,VBD_npp_d20140716_t1803321_x1042444E_y013264N_l0078_s0849_v23,2017-05-23 13:08:46,1.326422,104.244377,6.48646,2014-07-16 18:03:32,2014-07-17 01:03:32,78,849,0.404554,2,2465,0.260342,0.170991,0.793465,0.4,0.681077,0.75,0.03884,0.0001,1.95289e-15,999999,1.939799e-01,3,Malaysian Exclusive Economic Zone,,,SVDNB_npp_d20140716_t1803247_e1809051_b14079_c20140717000905445784_noaa_ops.h5,GDNBO_npp_d20140716_t1803247_e1809051_b14079_c20140717000905445471_noaa_ops.h5,SVI04_npp_d20140716_t1803247_e1809051_b14079_c20140717000905432367_noaa_ops.dspace_rad,VNFF_npp_d20140716_t1803247_e1809051_b14079_v21.csv,World_EEZ_v8_2014.shp,WPP_BFAR_merge.shp,KKP_IDN_merge_20161208.shp,VNF-VBD_npp_20120301-20151231_global_asia-enhanced_c201607211230.bitmask,NCEI_NGA.union.nga_lead2.add_2015ntl.mask,timezone.shp,VBD_platforms-recurring_2015_r20170330.shp,999999,VBD_bridges_c20160811.shp,2.701723;0.592520;-1.537733;-6.424739;-11.321091;-16.224911;-21.132078;-19.454973;-16.614069;-11.826628;-7.007390;-2.161976,98.595314;112.244095;125.823792;124.798187;123.864281;123.023224;122.264351;107.621338;93.259468;94.789581;96.172417;97.426979,npp_d20140716_t1803247_e1809051_b14079,153.77,29.7263,52.8578,98.4047,44.6303,91.4863
186,VBD_npp_d20140716_t1803428_x1041068E_y007323N_l0170_s0849_v23,2017-05-23 13:08:46,0.732298,104.106804,5.27444,2014-07-16 18:03:42,2014-07-17 01:03:42,170,849,0.41378,8,18913,0.297404,0.190542,0.726732,0.4,0.803197,0.75,0.0387351,0.0001,1.82466e-15,999999,4.845950e-02,3,Indonesian Exclusive Economic Zone,WPP711,,SVDNB_npp_d20140716_t1803247_e1809051_b14079_c20140717000905445784_noaa_ops.h5,GDNBO_npp_d20140716_t1803247_e1809051_b14079_c20140717000905445471_noaa_ops.h5,SVI04_npp_d20140716_t1803247_e1809051_b14079_c20140717000905432367_noaa_ops.dspace_rad,VNFF_npp_d20140716_t1803247_e1809051_b14079_v21.csv,World_EEZ_v8_2014.shp,WPP_BFAR_merge.shp,KKP_IDN_merge_20161208.shp,VNF-VBD_npp_20120301-20151231_global_asia-enhanced_c201607211230.bitmask,NCEI_NGA.union.nga_lead2.add_2015ntl.mask,timezone.shp,VBD_platforms-recurring_2015_r20170330.shp,0.387549,VBD_bridges_c20160811.shp,2.701723;0.592520;-1.537733;-6.424739;-11.321091;-16.224911;-21.132078;-19.454973;-16.614069;-11.826628;-7.007390;-2.161976,98.595314;112.244095;125.823792;124.798187;123.864281;123.023224;122.264351;107.621338;93.259468;94.789581;96.172417;97.426979,npp_d20140716_t1803247_e1809051_b14079,154.331,30.1684,52.8639,98.6842,44.7138,90.8661
187,VBD_npp_d20140716_t1803464_x1040670E_y005651N_l0196_s0849_v23,2017-05-23 13:08:46,0.565100,104.067017,4.69836,2014-07-16 18:03:46,2014-07-17 01:03:46,196,849,0.415713,8,18913,0.273777,0.176436,0.697085,0.4,0.805479,0.75,0.038705,0.0001,1.8191e-15,999999,1.534501e-01,3,Indonesian Exclusive Economic Zone,WPP711,Kota Batam District Marine Conservation Area,SVDNB_npp_d20140716_t1803247_e1809051_b14079_c20140717000905445784_noaa_ops.h5,GDNBO_npp_d20140716_t1803247_e1809051_b14079_c20140717000905445471_noaa_ops.h5,SVI04_npp_d20140716_t1803247_e1809051_b14079_c20140717000905432367_noaa_ops.dspace_rad,VNFF_npp_d20140716_t1803247_e1809051_b14079_v21.csv,World_EEZ_v8_2014.shp,WPP_BFAR_merge.shp,KKP_IDN_merge_20161208.shp,VNF-VBD_npp_20120301-20151231_global_asia-enhanced_c201607211230.bitmask,NCEI_NGA.union.nga_lead2.add_2015ntl.mask,timezone.shp,VBD_platforms-recurring_2015_r20170330.shp,0.291737,VBD_bridges_c20160811.shp,2.701723;0.592520;-1.537733;-6.424739;-11.321091;-16.224911;-21.132078;-19.454973;-16.614069;-11.826628;-7.007390;-2.161976,98.595314;112.244095;125.823792;124.798187;123.864281;123.023224;122.264351;107.621338;93.259468;94.789581;96.172417;97.426979,npp_d20140716_t1803247_e1809051_b14079,154.488,30.2989,52.8601,98.9996,44.7373,90.6923
188,VBD_npp_d20140716_t1803321_x1043398E_y013669N_l0070_s0862_v23,2017-05-23 13:08:46,1.366878,104.339828,11.5753,2014-07-16 18:03:32,2014-07-17 01:03:32,70,862,0.405548,1,2529,0.48419,0.166108,0.768663,0.4,0.857385,0.75,0.0389245,0.0001,3.24605e-15,999999,2.303225e-01,3,Malaysian Exclusive Economic Zone,,,SVDNB_npp_d20140716_t1803247_e1809051_b14079_c20140717000905445784_noaa_ops.h5,GDNBO_npp_d20140716_t1803247_e1809051_b14079_c20140717000905445471_noaa_ops.h5,SVI04_npp_d20140716_t1803247_e1809051_b14079_c20140717000905432367_noaa_ops.dspace_rad,VNFF_npp_d20140716_t1803247_e1809051_b14079_v21.csv,World_EEZ_v8_2014.shp,WPP_BFAR_merge.shp,KKP_IDN_merge_20161208.shp,VNF-VBD_npp_20120301-20151231_global_asia-enhanced_c201607211230.bitmask,NCEI_NGA.union.nga_lead2.add_2015ntl.mask,timezone.shp,VBD_platforms-recurring_2015_r20170330.shp,999999,VBD_bridges_c20160811.shp,2.701723;0.592520;-1.537733;-6.424739;-11.321091;-16.224911;-21.132078;-19.454973;-16.614069;-11.826628;-7.007390;-2.161976,98.595314;112.244095;125.823792;124.798187;123.864281;123.023224;122.264351;107.621338;93.259468;94.789581;96.172417;97.426979,npp_d20140716_t1803247_e1809051_b14079,153.688,29.8556,52.4973,98.7941,44.5348,91.5332
189,VBD_npp_d20140716_t1803321_x1043366E_y013463N_l0073_s0862_v23,2017-05-23 13:08:46,1.346257,104.336586,11.1918,2014-07-16 18:03:32,2014-07-17 01:03:32,73,862,0.40251,1,2529,0.45982,0.195184,0.772061,0.4,0.754622,0.75,0.0389212,0.0001,3.22083e-15,999999,1.390932e-02,3,Malaysian Exclusive Economic Zone,,,SVDNB_npp_d20140716_t1803247_e1809051_b14079_c20140717000905445784_noaa_ops.h5,GDNBO_npp_d20140716_t1803247_e1809051_b14079_c20140717000905445471_noaa_ops.h5,SVI04_npp_d20140716_t1803247_e1809051_b14079_c20140717000905432367_noaa_ops.dspace_rad,VNFF_npp_d20140716_t1803247_e1809051_b14079_v21.csv,World_EEZ_v8_2014.shp,WPP_BFAR_merge.shp,KKP_IDN_merge_20161208.shp,VNF-VBD_npp_20120301-20151231_global_asia-enhanced_c201607211230.bitmask,NCEI_NGA.union.nga_lead2.add_2015ntl.mask,timezone.shp,VBD_platforms-recurring_2015_r20170330.shp,999999,VBD_bridges_c20160811.shp,2.701723;0.592520;-1.537733;-6.424739;-11.321091;-16.224911;-21.132078;-19.454973;-16.614069;-11.826628;-7.007390;-2.161976,98.595314;112.244095;125.823792;124.798187;123.864281;123.023224;122.264351;107.621338;93.259468;94.789581;96.172417;97.426979,npp_d20140716_t1803247_e1809051_b14079,153.707,29.8706,52.4977,98.6447,44.5376,91.5115
190,VBD_npp_d20140716_t1803321_x1043558E_y013785N_l0068_s0864_v23,2017-05-23 13:08:46,1.378452,104.355812,3.33929,2014-07-16 18:03:32,2014-07-17 01:03:32,68,864,0.398864,2,2209,0.168329,0.156615,0.758293,0.4,0.674206,0.75,0.0389383,0.0001,3.52405e-15,999999,3.009817e-01,3,Malaysian Exclusive Economic Zone,,,SVDNB_npp_d20140716_t1803247_e1809051_b14079_c20140717000905445784_noaa_ops.h5,GDNBO_npp_d20140716_t1803247_e1809051_b14079_c20140717000905445471_noaa_ops.h5,SVI04_npp_d20140716_t1803247_e1809051_b14079_c20140717000905432367_noaa_ops.dspace_rad,VNFF_npp_d20140716_t1803247_e1809051_b14079_v21.csv,World_EEZ_v8_2014.shp,WPP_BFAR_merge.shp,KKP_IDN_merge_20161208.shp,VNF-VBD_npp_20120301-20151231_global_asia-enhanced_c201607211230.bitmask,NCEI_NGA.union.nga_lead2.add_2015ntl.mask,timezone.shp,VBD_platforms-recurring_2015_r20170330.shp,999999,VBD_bridges_c20160811.shp,2.701723;0.592520;-1.537733;-6.424739;-11.321091;-16.224911;-21.132078;-19.454973;-16.614069;-11.826628;-7.007390;-2.161976,98.595314;112.244095;125.823792;124.798187;123.864281;123.023224;122.264351;107.621338;93.259468;94.789581;96.172417;97.426979,npp_d20140716_t1803247_e1809051_b14079,153.67,29.8723,52.4397,98.8942,44.519,91.546
191,VBD_npp_d20140716_t1803250_x1044634E_y017064N_l0016_s0868_v23,2017-05-23 13:08:46,1.706392,104.463402,4.36718,2014-07-16 18:03:25,2014-07-17 02:03:25,16,868,0.395604,1,2529,0.255453,0.191175,0.842125,0.4,0.784661,0.75,0.0390181,0.0001,4.1525e-15,999999,4.374948e-02,3,Malaysian Exclusive Economic Zone,,,SVDNB_npp_d20140716_t1803247_e1809051_b14079_c20140717000905445784_noaa_ops.h5,GDNBO_npp_d20140716_t1803247_e1809051_b14079_c20140717000905445471_noaa_ops.h5,SVI04_npp_d20140716_t1803247_e1809051_b14079_c20140717000905432367_noaa_ops.dspace_rad,VNFF_npp_d20140716_t1803247_e1809051_b14079_v21.csv,World_EEZ_v8_2014.shp,WPP_BFAR_merge.shp,KKP_IDN_merge_20161208.shp,VNF-VBD_npp_20120301-20151231_global_asia-enhanced_c201607211230.bitmask,NCEI_NGA.union.nga_lead2.add_2015ntl.mask,timezone.shp,VBD_platforms-recurring_2015_r20170330.shp,999999,VBD_bridges_c20160811.shp,2.701723;0.592520;-1.537733;-6.424739;-11.321091;-16.224911;-21.132078;-19.454973;-16.614069;-11.826628;-7.007390;-2.161976,98.595314;112.244095;125.823792;124.798187;123.864281;123.023224;122.264351;107.621338;93.259468;94.789581;96.172417;97.426979,npp_d20140716_t1803247_e1809051_b14079,153.346,29.6833,52.3272,98.2404,44.4491,91.8931
192,VBD_npp_d20140716_t1803268_x1044512E_y016786N_l0021_s0868_v23,2017-05-23 13:08:46,1.678558,104.451195,18.5443,2014-07-16 18:03:26,2014-07-17 02:03:26,21,868,0.393118,1,2529,0.671777,0.204314,0.841383,0.4,0.91109,0.75,0.0390126,0.0001,4.20545e-15,999999,-5.404465e-02,3,Malaysian Exclusive Economic Zone,,,SVDNB_npp_d20140716_t1803247_e1809051_b14079_c20140717000905445784_noaa_ops.h5,GDNBO_npp_d20140716_t1803247_e1809051_b14079_c20140717000905445471_noaa_ops.h5,SVI04_npp_d20140716_t1803247_e1809051_b14079_c20140717000905432367_noaa_ops.dspace_rad,VNFF_npp_d20140716_t1803247_e1809051_b14079_v21.csv,World_EEZ_v8_2014.shp,WPP_BFAR_merge.shp,KKP_IDN_merge_20161208.shp,VNF-VBD_npp_20120301-20151231_global_asia-enhanced_c201607211230.bitmask,NCEI_NGA.union.nga_lead2.add_2015ntl.mask,timezone.shp,VBD_platforms-recurring_2015_r20170330.shp,999999,VBD_bridges_c20160811.shp,2.701723;0.592520;-1.537733;-6.424739;-11.321091;-16.224911;-21.132078;-19.454973;-16.614069;-11.826628;-7.007390;-2.161976,98.595314;112.244095;125.823792;124.798187;123.864281;123.023224;122.264351;107.621338;93.259468;94.789581;96.172417;97.426979,npp_d20140716_t1803247_e1809051_b14079,153.373,29.7024,52.3284,98.8054,44.4532,91.8636
193,VBD_npp_d20140716_t1803250_x1044757E_y017396N_l0011_s0869_v23,2017-05-23 13:08:46,1.739608,104.475670,7.8953,2014-07-16 18:03:25,2014-07-17 02:03:25,11,869,0.399527,1,2529,0.415815,0.211354,0.83583,0.4,0.877694,0.75,0.0390293,0.0001,4.3696e-15,999999,-1.064447e-01,3,Malaysian Exclusive Economic Zone,,,SVDNB_npp_d20140716_t1803247_e1809051_b14079_c20140717000905445784_noaa_ops.h5,GDNBO_npp_d20140716_t1803247_e1809051_b14079_c20140717000905445471_noaa_ops.h5,SVI04_npp_d20140716_t1803247_e1809051_b14079_c20140717000905432367_noaa_ops.dspace_rad,VNFF_npp_d20140716_t1803247_e1809051_b14079_v21.csv,World_EEZ_v8_2014.shp,WPP_BFAR_merge.shp,KKP_IDN_merge_20161208.shp,VNF-VBD_npp_20120301-20151231_global_asia-enhanced_c201607211230.bitmask,NCEI_NGA.union.nga_lead2.add_2015ntl.mask,timezone.shp,VBD_platforms-recurring_2015_r20170330.shp,999999,VBD_bridges_c20160811.shp,2.701723;0.592520;-1.537733;-6.424739;-11.321091;-16.224911;-21.132078;-19.454973;-16.614069;-11.826628;-7.007390;-2.161976,98.595314;112.244095;125.823792;124.798187;123.864281;123.023224;122.264351;107.621338;93.259468;94.789581;96.172417;97.426979,npp_d20140716_t1803247_e1809051_b14079,153.311,29.6722,52.2969,98.4902,44.4378,91.9286
194,VBD_npp_d20140716_t1803286_x1044370E_y015873N_l0035_s0869_v23,2017-05-23 13:08:46,1.587291,104.437019,4.91468,2014-07-16 18:03:28,2014-07-17 02:03:28,35,869,0.39113,1,2529,0.266474,0.232555,0.84781,0.4,0.75545,0.75,0.0390033,0.0001,4.34752e-15,999999,-2.642408e-01,3,Malaysian Exclusive Economic Zone,,,SVDNB_npp_d20140716_t1803247_e1809051_b14079_c20140717000905445784_noaa_ops.h5,GDNBO_npp_d20140716_t1803247_e1809051_b14079_c20140717000905445471_noaa_ops.h5,SVI04_npp_d20140716_t1803247_e1809051_b14079_c20140717000905432367_noaa_ops.dspace_rad,VNFF_npp_d20140716_t1803247_e1809051_b14079_v21.csv,World_EEZ_v8_2014.shp,WPP_BFAR_merge.shp,KKP_IDN_merge_20161208.shp,VNF-VBD_npp_20120301-20151231_global_asia-enhanced_c201607211230.bitmask,NCEI_NGA.union.nga_lead2.add_2015ntl.mask,timezone.shp,VBD_platforms-recurring_2015_r20170330.shp,999999,VBD_bridges_c20160811.shp,2.701723;0.592520;-1.537733;-6.424739;-11.321091;-16.224911;-21.132078;-19.454973;-16.614069;-11.826628;-7.007390;-2.161976,98.595314;112.244095;125.823792;124.798187;123.864281;123.023224;122.264351;107.621338;93.259468;94.789581;96.172417;97.426979,npp_d20140716_t1803247_e1809051_b14079,153.455,29.7809,52.2994,98.9175,44.4574,91.7678
195,VBD_npp_d20140716_t1803268_x1044692E_y017038N_l0017_s0870_v23,2017-05-23 13:08:46,1.703807,104.469208,7.20152,2014-07-16 18:03:26,2014-07-17 02:03:26,17,870,0.399969,1,2529,0.375457,0.197248,0.842125,0.4,0.847484,0.75,0.0390286,0.0001,4.58115e-15,999999,-1.454640e-03,3,Malaysian Exclusive Economic Zone,,,SVDNB_npp_d20140716_t1803247_e1809051_b14079_c20140717000905445784_noaa_ops.h5,GDNBO_npp_d20140716_t1803247_e1809051_b14079_c20140717000905445471_noaa_ops.h5,SVI04_npp_d20140716_t1803247_e1809051_b14079_c20140717000905432367_noaa_ops.dspace_rad,VNFF_npp_d20140716_t1803247_e1809051_b14079_v21.csv,World_EEZ_v8_2014.shp,WPP_BFAR_merge.shp,KKP_IDN_merge_20161208.shp,VNF-VBD_npp_20120301-20151231_global_asia-enhanced_c201607211230.bitmask,NCEI_NGA.union.nga_lead2.add_2015ntl.mask,timezone.shp,VBD_platforms-recurring_2015_r20170330.shp,999999,VBD_bridges_c20160811.shp,2.701723;0.592520;-1.537733;-6.424739;-11.321091;-16.224911;-21.132078;-19.454973;-16.614069;-11.826628;-7.007390;-2.161976,98.595314;112.244095;125.823792;124.798187;123.864281;123.023224;122.264351;107.621338;93.259468;94.789581;96.172417;97.426979,npp_d20140716_t1803247_e1809051_b14079,153.342,29.7091,52.2711,99.0057,44.4359,91.8911
196,VBD_npp_d20140716_t1803286_x1044576E_y015841N_l0035_s0872_v23,2017-05-23 13:08:46,1.584058,104.457588,18.9101,2014-07-16 18:03:28,2014-07-17 02:03:28,35,872,0.389362,1,2529,0.706608,0.215961,0.852969,0.4,0.916267,0.75,0.0390208,0.0001,4.87276e-15,999999,-1.407327e-01,3,Malaysian Exclusive Economic Zone,,,SVDNB_npp_d20140716_t1803247_e1809051_b14079_c20140717000905445784_noaa_ops.h5,GDNBO_npp_d20140716_t1803247_e1809051_b14079_c20140717000905445471_noaa_ops.h5,SVI04_npp_d20140716_t1803247_e1809051_b14079_c20140717000905432367_noaa_ops.dspace_rad,VNFF_npp_d20140716_t1803247_e1809051_b14079_v21.csv,World_EEZ_v8_2014.shp,WPP_BFAR_merge.shp,KKP_IDN_merge_20161208.shp,VNF-VBD_npp_20120301-20151231_global_asia-enhanced_c201607211230.bitmask,NCEI_NGA.union.nga_lead2.add_2015ntl.mask,timezone.shp,VBD_platforms-recurring_2015_r20170330.shp,999999,VBD_bridges_c20160811.shp,2.701723;0.592520;-1.537733;-6.424739;-11.321091;-16.224911;-21.132078;-19.454973;-16.614069;-11.826628;-7.007390;-2.161976,98.595314;112.244095;125.823792;124.798187;123.864281;123.023224;122.264351;107.621338;93.259468;94.789581;96.172417;97.426979,npp_d20140716_t1803247_e1809051_b14079,153.448,29.8204,52.2134,98.9183,44.4365,91.7656
197,VBD_npp_d20140716_t1803268_x1044823E_y016527N_l0024_s0873_v23,2017-05-23 13:08:46,1.652697,104.482285,5.09975,2014-07-16 18:03:26,2014-07-17 02:03:26,24,873,0.398753,8,18849,0.274027,0.217865,0.799362,0.4,0.732979,0.75,0.0390385,0.0001,5.04939e-15,999999,-1.549006e-01,3,Malaysian Exclusive Economic Zone,,,SVDNB_npp_d20140716_t1803247_e1809051_b14079_c20140717000905445784_noaa_ops.h5,GDNBO_npp_d20140716_t1803247_e1809051_b14079_c20140717000905445471_noaa_ops.h5,SVI04_npp_d20140716_t1803247_e1809051_b14079_c20140717000905432367_noaa_ops.dspace_rad,VNFF_npp_d20140716_t1803247_e1809051_b14079_v21.csv,World_EEZ_v8_2014.shp,WPP_BFAR_merge.shp,KKP_IDN_merge_20161208.shp,VNF-VBD_npp_20120301-20151231_global_asia-enhanced_c201607211230.bitmask,NCEI_NGA.union.nga_lead2.add_2015ntl.mask,timezone.shp,VBD_platforms-recurring_2015_r20170330.shp,0.321831,VBD_bridges_c20160811.shp,2.701723;0.592520;-1.537733;-6.424739;-11.321091;-16.224911;-21.132078;-19.454973;-16.614069;-11.826628;-7.007390;-2.161976,98.595314;112.244095;125.823792;124.798187;123.864281;123.023224;122.264351;107.621338;93.259468;94.789581;96.172417;97.426979,npp_d20140716_t1803247_e1809051_b14079,153.38,29.7827,52.1853,98.6565,44.4209,91.8385
198,VBD_npp_d20140716_t1803250_x1045110E_y017412N_l0010_s0874_v23,2017-05-23 13:08:46,1.741212,104.511002,5.92486,2014-07-16 18:03:25,2014-07-17 02:03:25,10,874,0.405825,1,2529,0.323072,0.174082,0.793266,0.4,0.820983,0.75,0.0390595,0.0001,5.29502e-15,999999,1.709698e-01,3,Malaysian Exclusive Economic Zone,,,SVDNB_npp_d20140716_t1803247_e1809051_b14079_c20140717000905445784_noaa_ops.h5,GDNBO_npp_d20140716_t1803247_e1809051_b14079_c20140717000905445471_noaa_ops.h5,SVI04_npp_d20140716_t1803247_e1809051_b14079_c20140717000905432367_noaa_ops.dspace_rad,VNFF_npp_d20140716_t1803247_e1809051_b14079_v21.csv,World_EEZ_v8_2014.shp,WPP_BFAR_merge.shp,KKP_IDN_merge_20161208.shp,VNF-VBD_npp_20120301-20151231_global_asia-enhanced_c201607211230.bitmask,NCEI_NGA.union.nga_lead2.add_2015ntl.mask,timezone.shp,VBD_platforms-recurring_2015_r20170330.shp,999999,VBD_bridges_c20160811.shp,2.701723;0.592520;-1.537733;-6.424739;-11.321091;-16.224911;-21.132078;-19.454973;-16.614069;-11.826628;-7.007390;-2.161976,98.595314;112.244095;125.823792;124.798187;123.864281;123.023224;122.264351;107.621338;93.259468;94.789581;96.172417;97.426979,npp_d20140716_t1803247_e1809051_b14079,153.292,29.7326,52.1534,98.5409,44.4021,91.9326
199,VBD_npp_d20140716_t1803268_x1045146E_y015918N_l0032_s0879_v23,2017-05-23 13:08:46,1.591846,104.514595,8.84605,2014-07-16 18:03:26,2014-07-17 02:03:26,32,879,0.396433,1,2529,0.408707,0.190371,0.831425,0.4,0.830283,0.75,0.0390648,0.0001,6.20193e-15,999999,4.973540e-02,3,Malaysian Exclusive Economic Zone,,,SVDNB_npp_d20140716_t1803247_e1809051_b14079_c20140717000905445784_noaa_ops.h5,GDNBO_npp_d20140716_t1803247_e1809051_b14079_c20140717000905445471_noaa_ops.h5,SVI04_npp_d20140716_t1803247_e1809051_b14079_c20140717000905432367_noaa_ops.dspace_rad,VNFF_npp_d20140716_t1803247_e1809051_b14079_v21.csv,World_EEZ_v8_2014.shp,WPP_BFAR_merge.shp,KKP_IDN_merge_20161208.shp,VNF-VBD_npp_20120301-20151231_global_asia-enhanced_c201607211230.bitmask,NCEI_NGA.union.nga_lead2.add_2015ntl.mask,timezone.shp,VBD_platforms-recurring_2015_r20170330.shp,999999,VBD_bridges_c20160811.shp,2.701723;0.592520;-1.537733;-6.424739;-11.321091;-16.224911;-21.132078;-19.454973;-16.614069;-11.826628;-7.007390;-2.161976,98.595314;112.244095;125.823792;124.798187;123.864281;123.023224;122.264351;107.621338;93.259468;94.789581;96.172417;97.426979,npp_d20140716_t1803247_e1809051_b14079,153.417,29.9,52.0156,98.2565,44.3863,91.7769
200,VBD_npp_d20140716_t1803268_x1045314E_y016102N_l0029_s0881_v23,2017-05-23 13:08:46,1.610233,104.531395,5.88941,2014-07-16 18:03:26,2014-07-17 02:03:26,29,881,0.400466,8,18913,0.314829,0.194261,0.789815,0.4,0.802927,0.75,0.0390797,0.0001,6.73544e-15,999999,2.077809e-02,3,Malaysian Exclusive Economic Zone,,,SVDNB_npp_d20140716_t1803247_e1809051_b14079_c20140717000905445784_noaa_ops.h5,GDNBO_npp_d20140716_t1803247_e1809051_b14079_c20140717000905445471_noaa_ops.h5,SVI04_npp_d20140716_t1803247_e1809051_b14079_c20140717000905432367_noaa_ops.dspace_rad,VNFF_npp_d20140716_t1803247_e1809051_b14079_v21.csv,World_EEZ_v8_2014.shp,WPP_BFAR_merge.shp,KKP_IDN_merge_20161208.shp,VNF-VBD_npp_20120301-20151231_global_asia-enhanced_c201607211230.bitmask,NCEI_NGA.union.nga_lead2.add_2015ntl.mask,timezone.shp,VBD_platforms-recurring_2015_r20170330.shp,0.301772,VBD_bridges_c20160811.shp,2.701723;0.592520;-1.537733;-6.424739;-11.321091;-16.224911;-21.132078;-19.454973;-16.614069;-11.826628;-7.007390;-2.161976,98.595314;112.244095;125.823792;124.798187;123.864281;123.023224;122.264351;107.621338;93.259468;94.789581;96.172417;97.426979,npp_d20140716_t1803247_e1809051_b14079,153.392,29.9112,51.9574,98.407,44.3699,91.7972
201,VBD_npp_d20140716_t1803286_x1045178E_y015676N_l0036_s0881_v23,2017-05-23 13:08:46,1.567615,104.517792,6.58221,2014-07-16 18:03:28,2014-07-17 02:03:28,36,881,0.40135,1,2529,0.336767,0.170809,0.79506,0.4,0.791194,0.75,0.0390722,0.0001,6.81903e-15,999999,1.953338e-01,3,Malaysian Exclusive Economic Zone,,,SVDNB_npp_d20140716_t1803247_e1809051_b14079_c20140717000905445784_noaa_ops.h5,GDNBO_npp_d20140716_t1803247_e1809051_b14079_c20140717000905445471_noaa_ops.h5,SVI04_npp_d20140716_t1803247_e1809051_b14079_c20140717000905432367_noaa_ops.dspace_rad,VNFF_npp_d20140716_t1803247_e1809051_b14079_v21.csv,World_EEZ_v8_2014.shp,WPP_BFAR_merge.shp,KKP_IDN_merge_20161208.shp,VNF-VBD_npp_20120301-20151231_global_asia-enhanced_c201607211230.bitmask,NCEI_NGA.union.nga_lead2.add_2015ntl.mask,timezone.shp,VBD_platforms-recurring_2015_r20170330.shp,999999,VBD_bridges_c20160811.shp,2.701723;0.592520;-1.537733;-6.424739;-11.321091;-16.224911;-21.132078;-19.454973;-16.614069;-11.826628;-7.007390;-2.161976,98.595314;112.244095;125.823792;124.798187;123.864281;123.023224;122.264351;107.621338;93.259468;94.789581;96.172417;97.426979,npp_d20140716_t1803247_e1809051_b14079,153.432,29.9428,51.9557,98.8705,44.3751,91.752
202,VBD_npp_d20140716_t1803286_x1045313E_y015655N_l0036_s0883_v23,2017-05-23 13:08:46,1.565494,104.531326,4.07895,2014-07-16 18:03:28,2014-07-17 02:03:28,36,883,0.397925,2,2209,0.194267,0.187625,0.748038,0.4,0.702144,0.75,0.0390838,0.0001,7.34608e-15,999999,7.017267e-02,3,Malaysian Exclusive Economic Zone,,,SVDNB_npp_d20140716_t1803247_e1809051_b14079_c20140717000905445784_noaa_ops.h5,GDNBO_npp_d20140716_t1803247_e1809051_b14079_c20140717000905445471_noaa_ops.h5,SVI04_npp_d20140716_t1803247_e1809051_b14079_c20140717000905432367_noaa_ops.dspace_rad,VNFF_npp_d20140716_t1803247_e1809051_b14079_v21.csv,World_EEZ_v8_2014.shp,WPP_BFAR_merge.shp,KKP_IDN_merge_20161208.shp,VNF-VBD_npp_20120301-20151231_global_asia-enhanced_c201607211230.bitmask,NCEI_NGA.union.nga_lead2.add_2015ntl.mask,timezone.shp,VBD_platforms-recurring_2015_r20170330.shp,999999,VBD_bridges_c20160811.shp,2.701723;0.592520;-1.537733;-6.424739;-11.321091;-16.224911;-21.132078;-19.454973;-16.614069;-11.826628;-7.007390;-2.161976,98.595314;112.244095;125.823792;124.798187;123.864281;123.023224;122.264351;107.621338;93.259468;94.789581;96.172417;97.426979,npp_d20140716_t1803247_e1809051_b14079,153.427,29.9688,51.8986,98.871,44.3613,91.7506
203,VBD_npp_d20140716_t1803304_x1045971E_y014550N_l0051_s0896_v23,2017-05-23 13:08:46,1.454985,104.597099,5.94662,2014-07-16 18:03:30,2014-07-17 01:03:30,51,896,0.410576,1,2529,0.298384,0.219564,0.85267,0.4,0.758821,0.75,0.0391427,0.0001,1.18025e-14,999999,-1.675513e-01,3,Indonesian Exclusive Economic Zone,WPP711,,SVDNB_npp_d20140716_t1803247_e1809051_b14079_c20140717000905445784_noaa_ops.h5,GDNBO_npp_d20140716_t1803247_e1809051_b14079_c20140717000905445471_noaa_ops.h5,SVI04_npp_d20140716_t1803247_e1809051_b14079_c20140717000905432367_noaa_ops.dspace_rad,VNFF_npp_d20140716_t1803247_e1809051_b14079_v21.csv,World_EEZ_v8_2014.shp,WPP_BFAR_merge.shp,KKP_IDN_merge_20161208.shp,VNF-VBD_npp_20120301-20151231_global_asia-enhanced_c201607211230.bitmask,NCEI_NGA.union.nga_lead2.add_2015ntl.mask,timezone.shp,VBD_platforms-recurring_2015_r20170330.shp,999999,VBD_bridges_c20160811.shp,2.701723;0.592520;-1.537733;-6.424739;-11.321091;-16.224911;-21.132078;-19.454973;-16.614069;-11.826628;-7.007390;-2.161976,98.595314;112.244095;125.823792;124.798187;123.864281;123.023224;122.264351;107.621338;93.259468;94.789581;96.172417;97.426979,npp_d20140716_t1803247_e1809051_b14079,153.486,30.2083,51.5247,98.9397,44.2842,91.6388
204,VBD_npp_d20140716_t1803304_x1046115E_y014596N_l0050_s0898_v23,2017-05-23 13:08:46,1.459644,104.611465,18.788,2014-07-16 18:03:30,2014-07-17 01:03:30,50,898,0.399471,1,2529,0.673839,0.206247,0.846272,0.4,0.910988,0.75,0.039155,0.0001,1.27201e-14,999999,-6.842865e-02,3,Indonesian Exclusive Economic Zone,WPP711,,SVDNB_npp_d20140716_t1803247_e1809051_b14079_c20140717000905445784_noaa_ops.h5,GDNBO_npp_d20140716_t1803247_e1809051_b14079_c20140717000905445471_noaa_ops.h5,SVI04_npp_d20140716_t1803247_e1809051_b14079_c20140717000905432367_noaa_ops.dspace_rad,VNFF_npp_d20140716_t1803247_e1809051_b14079_v21.csv,World_EEZ_v8_2014.shp,WPP_BFAR_merge.shp,KKP_IDN_merge_20161208.shp,VNF-VBD_npp_20120301-20151231_global_asia-enhanced_c201607211230.bitmask,NCEI_NGA.union.nga_lead2.add_2015ntl.mask,timezone.shp,VBD_platforms-recurring_2015_r20170330.shp,999999,VBD_bridges_c20160811.shp,2.701723;0.592520;-1.537733;-6.424739;-11.321091;-16.224911;-21.132078;-19.454973;-16.614069;-11.826628;-7.007390;-2.161976,98.595314;112.244095;125.823792;124.798187;123.864281;123.023224;122.264351;107.621338;93.259468;94.789581;96.172417;97.426979,npp_d20140716_t1803247_e1809051_b14079,153.475,30.2289,51.4678,98.9907,44.2698,91.6445
205,VBD_npp_d20140716_t1803304_x1046040E_y014124N_l0057_s0898_v23,2017-05-23 13:08:46,1.412360,104.604050,8.81169,2014-07-16 18:03:30,2014-07-17 01:03:30,57,898,0.400411,2,2465,0.330325,0.245993,0.822077,0.4,0.724403,0.75,0.0391474,0.0001,1.25076e-14,999999,-3.642592e-01,3,Indonesian Exclusive Economic Zone,WPP711,,SVDNB_npp_d20140716_t1803247_e1809051_b14079_c20140717000905445784_noaa_ops.h5,GDNBO_npp_d20140716_t1803247_e1809051_b14079_c20140717000905445471_noaa_ops.h5,SVI04_npp_d20140716_t1803247_e1809051_b14079_c20140717000905432367_noaa_ops.dspace_rad,VNFF_npp_d20140716_t1803247_e1809051_b14079_v21.csv,World_EEZ_v8_2014.shp,WPP_BFAR_merge.shp,KKP_IDN_merge_20161208.shp,VNF-VBD_npp_20120301-20151231_global_asia-enhanced_c201607211230.bitmask,NCEI_NGA.union.nga_lead2.add_2015ntl.mask,timezone.shp,VBD_platforms-recurring_2015_r20170330.shp,999999,VBD_bridges_c20160811.shp,2.701723;0.592520;-1.537733;-6.424739;-11.321091;-16.224911;-21.132078;-19.454973;-16.614069;-11.826628;-7.007390;-2.161976,98.595314;112.244095;125.823792;124.798187;123.864281;123.023224;122.264351;107.621338;93.259468;94.789581;96.172417;97.426979,npp_d20140716_t1803247_e1809051_b14079,153.52,30.2636,51.4683,98.637,44.276,91.5944
206,VBD_npp_d20140716_t1804113_x1040699E_y009164S_l0417_s0898_v23,2017-05-23 13:08:46,-0.916421,104.069901,15.1627,2014-07-16 18:04:11,2014-07-17 01:04:11,417,898,0.408034,4,2533,0.572605,0.190798,0.76036,0.4,0.869174,0.75,0.0387068,0.0001,9.6807e-15,999999,4.655914e-02,3,Indonesian Exclusive Economic Zone,WPP711,,SVDNB_npp_d20140716_t1803247_e1809051_b14079_c20140717000905445784_noaa_ops.h5,GDNBO_npp_d20140716_t1803247_e1809051_b14079_c20140717000905445471_noaa_ops.h5,SVI04_npp_d20140716_t1803247_e1809051_b14079_c20140717000905432367_noaa_ops.dspace_rad,VNFF_npp_d20140716_t1803247_e1809051_b14079_v21.csv,World_EEZ_v8_2014.shp,WPP_BFAR_merge.shp,KKP_IDN_merge_20161208.shp,VNF-VBD_npp_20120301-20151231_global_asia-enhanced_c201607211230.bitmask,NCEI_NGA.union.nga_lead2.add_2015ntl.mask,timezone.shp,VBD_platforms-recurring_2015_r20170330.shp,999999,VBD_bridges_c20160811.shp,2.701723;0.592520;-1.537733;-6.424739;-11.321091;-16.224911;-21.132078;-19.454973;-16.614069;-11.826628;-7.007390;-2.161976,98.595314;112.244095;125.823792;124.798187;123.864281;123.023224;122.264351;107.621338;93.259468;94.789581;96.172417;97.426979,npp_d20140716_t1803247_e1809051_b14079,155.7,32.1492,51.4718,99.3629,44.6349,89.1551
207,VBD_npp_d20140716_t1803304_x1046128E_y014248N_l0055_s0899_v23,2017-05-23 13:08:46,1.424836,104.612816,9.27613,2014-07-16 18:03:30,2014-07-17 01:03:30,55,899,0.320748,2,2465,0.339723,0.232487,0.833858,0.4,0.714489,0.75,0.0391552,0.0001,1.30326e-14,999999,-2.637394e-01,3,Indonesian Exclusive Economic Zone,WPP711,,SVDNB_npp_d20140716_t1803247_e1809051_b14079_c20140717000905445784_noaa_ops.h5,GDNBO_npp_d20140716_t1803247_e1809051_b14079_c20140717000905445471_noaa_ops.h5,SVI04_npp_d20140716_t1803247_e1809051_b14079_c20140717000905432367_noaa_ops.dspace_rad,VNFF_npp_d20140716_t1803247_e1809051_b14079_v21.csv,World_EEZ_v8_2014.shp,WPP_BFAR_merge.shp,KKP_IDN_merge_20161208.shp,VNF-VBD_npp_20120301-20151231_global_asia-enhanced_c201607211230.bitmask,NCEI_NGA.union.nga_lead2.add_2015ntl.mask,timezone.shp,VBD_platforms-recurring_2015_r20170330.shp,999999,VBD_bridges_c20160811.shp,2.701723;0.592520;-1.537733;-6.424739;-11.321091;-16.224911;-21.132078;-19.454973;-16.614069;-11.826628;-7.007390;-2.161976,98.595314;112.244095;125.823792;124.798187;123.864281;123.023224;122.264351;107.621338;93.259468;94.789581;96.172417;97.426979,npp_d20140716_t1803247_e1809051_b14079,153.504,30.2664,51.4395,98.7382,44.2674,91.608
208,VBD_npp_d20140716_t1804113_x1040832E_y009186S_l0417_s0900_v23,2017-05-23 13:08:46,-0.918602,104.083168,6.89251,2014-07-16 18:04:11,2014-07-17 01:04:11,417,900,0.410686,8,18849,0.270877,0.227087,0.751579,0.4,0.74234,0.75,0.038718,0.0001,1.04138e-14,999999,-2.235453e-01,3,Indonesian Exclusive Economic Zone,WPP711,,SVDNB_npp_d20140716_t1803247_e1809051_b14079_c20140717000905445784_noaa_ops.h5,GDNBO_npp_d20140716_t1803247_e1809051_b14079_c20140717000905445471_noaa_ops.h5,SVI04_npp_d20140716_t1803247_e1809051_b14079_c20140717000905432367_noaa_ops.dspace_rad,VNFF_npp_d20140716_t1803247_e1809051_b14079_v21.csv,World_EEZ_v8_2014.shp,WPP_BFAR_merge.shp,KKP_IDN_merge_20161208.shp,VNF-VBD_npp_20120301-20151231_global_asia-enhanced_c201607211230.bitmask,NCEI_NGA.union.nga_lead2.add_2015ntl.mask,timezone.shp,VBD_platforms-recurring_2015_r20170330.shp,0.248807,VBD_bridges_c20160811.shp,2.701723;0.592520;-1.537733;-6.424739;-11.321091;-16.224911;-21.132078;-19.454973;-16.614069;-11.826628;-7.007390;-2.161976,98.595314;112.244095;125.823792;124.798187;123.864281;123.023224;122.264351;107.621338;93.259468;94.789581;96.172417;97.426979,npp_d20140716_t1803247_e1809051_b14079,155.695,32.1765,51.4149,99.3629,44.6215,89.1525
209,VBD_npp_d20140716_t1803304_x1046293E_y014430N_l0052_s0901_v23,2017-05-23 13:08:46,1.443008,104.629257,9.1351,2014-07-16 18:03:30,2014-07-17 01:03:30,52,901,0.404554,8,18913,0.367182,0.226529,0.859,0.4,0.811297,0.75,0.0391696,0.0001,1.4109e-14,999999,-2.193888e-01,3,Indonesian Exclusive Economic Zone,WPP711,,SVDNB_npp_d20140716_t1803247_e1809051_b14079_c20140717000905445784_noaa_ops.h5,GDNBO_npp_d20140716_t1803247_e1809051_b14079_c20140717000905445471_noaa_ops.h5,SVI04_npp_d20140716_t1803247_e1809051_b14079_c20140717000905432367_noaa_ops.dspace_rad,VNFF_npp_d20140716_t1803247_e1809051_b14079_v21.csv,World_EEZ_v8_2014.shp,WPP_BFAR_merge.shp,KKP_IDN_merge_20161208.shp,VNF-VBD_npp_20120301-20151231_global_asia-enhanced_c201607211230.bitmask,NCEI_NGA.union.nga_lead2.add_2015ntl.mask,timezone.shp,VBD_platforms-recurring_2015_r20170330.shp,0.928344,VBD_bridges_c20160811.shp,2.701723;0.592520;-1.537733;-6.424739;-11.321091;-16.224911;-21.132078;-19.454973;-16.614069;-11.826628;-7.007390;-2.161976,98.595314;112.244095;125.823792;124.798187;123.864281;123.023224;122.264351;107.621338;93.259468;94.789581;96.172417;97.426979,npp_d20140716_t1803247_e1809051_b14079,153.48,30.2769,51.3824,98.8903,44.2513,91.628
210,VBD_npp_d20140716_t1803286_x1046534E_y014704N_l0047_s0903_v23,2017-05-23 13:08:46,1.470407,104.653358,7.46404,2014-07-16 18:03:28,2014-07-17 01:03:28,47,903,0.406653,8,18913,0.372154,0.256258,0.820421,0.4,0.820389,0.75,0.0391863,0.0001,1.48449e-14,999999,-4.406662e-01,3,Indonesian Exclusive Economic Zone,WPP711,,SVDNB_npp_d20140716_t1803247_e1809051_b14079_c20140717000905445784_noaa_ops.h5,GDNBO_npp_d20140716_t1803247_e1809051_b14079_c20140717000905445471_noaa_ops.h5,SVI04_npp_d20140716_t1803247_e1809051_b14079_c20140717000905432367_noaa_ops.dspace_rad,VNFF_npp_d20140716_t1803247_e1809051_b14079_v21.csv,World_EEZ_v8_2014.shp,WPP_BFAR_merge.shp,KKP_IDN_merge_20161208.shp,VNF-VBD_npp_20120301-20151231_global_asia-enhanced_c201607211230.bitmask,NCEI_NGA.union.nga_lead2.add_2015ntl.mask,timezone.shp,VBD_platforms-recurring_2015_r20170330.shp,0.425584,VBD_bridges_c20160811.shp,2.701723;0.592520;-1.537733;-6.424739;-11.321091;-16.224911;-21.132078;-19.454973;-16.614069;-11.826628;-7.007390;-2.161976,98.595314;112.244095;125.823792;124.798187;123.864281;123.023224;122.264351;107.621338;93.259468;94.789581;96.172417;97.426979,npp_d20140716_t1803247_e1809051_b14079,153.448,30.2785,51.3306,98.3188,44.235,91.6579
211,VBD_npp_d20140716_t1803304_x1046670E_y013820N_l0060_s0908_v23,2017-05-23 13:08:46,1.381972,104.666985,26.861,2014-07-16 18:03:30,2014-07-17 01:03:30,60,908,0.41146,8,18913,0.805685,0.189541,0.840984,0.4,0.925514,0.75,0.0392002,0.0001,1.7776e-14,999999,5.590936e-02,3,Indonesian Exclusive Economic Zone,WPP711,,SVDNB_npp_d20140716_t1803247_e1809051_b14079_c20140717000905445784_noaa_ops.h5,GDNBO_npp_d20140716_t1803247_e1809051_b14079_c20140717000905445471_noaa_ops.h5,SVI04_npp_d20140716_t1803247_e1809051_b14079_c20140717000905432367_noaa_ops.dspace_rad,VNFF_npp_d20140716_t1803247_e1809051_b14079_v21.csv,World_EEZ_v8_2014.shp,WPP_BFAR_merge.shp,KKP_IDN_merge_20161208.shp,VNF-VBD_npp_20120301-20151231_global_asia-enhanced_c201607211230.bitmask,NCEI_NGA.union.nga_lead2.add_2015ntl.mask,timezone.shp,VBD_platforms-recurring_2015_r20170330.shp,0.588077,VBD_bridges_c20160811.shp,2.701723;0.592520;-1.537733;-6.424739;-11.321091;-16.224911;-21.132078;-19.454973;-16.614069;-11.826628;-7.007390;-2.161976,98.595314;112.244095;125.823792;124.798187;123.864281;123.023224;122.264351;107.621338;93.259468;94.789581;96.172417;97.426979,npp_d20140716_t1803247_e1809051_b14079,153.514,30.4049,51.1847,98.486,44.2114,91.5658
212,VBD_npp_d20140716_t1803286_x1047223E_y014806N_l0044_s0913_v23,2017-05-23 13:08:46,1.480565,104.722343,8.82342,2014-07-16 18:03:28,2014-07-17 01:03:28,44,913,0.409139,1,2529,0.432427,0.232231,0.78528,0.4,0.856738,0.75,0.0392456,0.0001,2.13543e-14,999999,-2.618286e-01,3,Indonesian Exclusive Economic Zone,WPP711,,SVDNB_npp_d20140716_t1803247_e1809051_b14079_c20140717000905445784_noaa_ops.h5,GDNBO_npp_d20140716_t1803247_e1809051_b14079_c20140717000905445471_noaa_ops.h5,SVI04_npp_d20140716_t1803247_e1809051_b14079_c20140717000905432367_noaa_ops.dspace_rad,VNFF_npp_d20140716_t1803247_e1809051_b14079_v21.csv,World_EEZ_v8_2014.shp,WPP_BFAR_merge.shp,KKP_IDN_merge_20161208.shp,VNF-VBD_npp_20120301-20151231_global_asia-enhanced_c201607211230.bitmask,NCEI_NGA.union.nga_lead2.add_2015ntl.mask,timezone.shp,VBD_platforms-recurring_2015_r20170330.shp,999999,VBD_bridges_c20160811.shp,2.701723;0.592520;-1.537733;-6.424739;-11.321091;-16.224911;-21.132078;-19.454973;-16.614069;-11.826628;-7.007390;-2.161976,98.595314;112.244095;125.823792;124.798187;123.864281;123.023224;122.264351;107.621338;93.259468;94.789581;96.172417;97.426979,npp_d20140716_t1803247_e1809051_b14079,153.405,30.389,51.0458,98.4714,44.1655,91.6725
213,VBD_npp_d20140716_t1803304_x1047106E_y014028N_l0056_s0914_v23,2017-05-23 13:08:46,1.402760,104.710564,45.3873,2014-07-16 18:03:30,2014-07-17 01:03:30,56,914,0.412012,8,18913,0.808,0.187883,0.829372,0.4,0.875296,0.75,0.0392382,0.0001,2.22049e-14,999999,6.825075e-02,3,Indonesian Exclusive Economic Zone,WPP711,,SVDNB_npp_d20140716_t1803247_e1809051_b14079_c20140717000905445784_noaa_ops.h5,GDNBO_npp_d20140716_t1803247_e1809051_b14079_c20140717000905445471_noaa_ops.h5,SVI04_npp_d20140716_t1803247_e1809051_b14079_c20140717000905432367_noaa_ops.dspace_rad,VNFF_npp_d20140716_t1803247_e1809051_b14079_v21.csv,World_EEZ_v8_2014.shp,WPP_BFAR_merge.shp,KKP_IDN_merge_20161208.shp,VNF-VBD_npp_20120301-20151231_global_asia-enhanced_c201607211230.bitmask,NCEI_NGA.union.nga_lead2.add_2015ntl.mask,timezone.shp,VBD_platforms-recurring_2015_r20170330.shp,0.696232,VBD_bridges_c20160811.shp,2.701723;0.592520;-1.537733;-6.424739;-11.321091;-16.224911;-21.132078;-19.454973;-16.614069;-11.826628;-7.007390;-2.161976,98.595314;112.244095;125.823792;124.798187;123.864281;123.023224;122.264351;107.621338;93.259468;94.789581;96.172417;97.426979,npp_d20140716_t1803247_e1809051_b14079,153.474,30.4602,51.0136,98.6898,44.1679,91.59
214,VBD_npp_d20140716_t1803268_x1048495E_y015678N_l0028_s0929_v23,2017-05-23 13:08:46,1.567842,104.849510,8.25835,2014-07-16 18:03:26,2014-07-17 01:03:26,28,929,0.380081,1,2529,0.423974,0.243206,0.746297,0.4,0.853628,0.75,0.0393526,0.0001,3.76574e-14,999999,-3.435154e-01,3,Indonesian Exclusive Economic Zone,WPP711,,SVDNB_npp_d20140716_t1803247_e1809051_b14079_c20140717000905445784_noaa_ops.h5,GDNBO_npp_d20140716_t1803247_e1809051_b14079_c20140717000905445471_noaa_ops.h5,SVI04_npp_d20140716_t1803247_e1809051_b14079_c20140717000905432367_noaa_ops.dspace_rad,VNFF_npp_d20140716_t1803247_e1809051_b14079_v21.csv,World_EEZ_v8_2014.shp,WPP_BFAR_merge.shp,KKP_IDN_merge_20161208.shp,VNF-VBD_npp_20120301-20151231_global_asia-enhanced_c201607211230.bitmask,NCEI_NGA.union.nga_lead2.add_2015ntl.mask,timezone.shp,VBD_platforms-recurring_2015_r20170330.shp,999999,VBD_bridges_c20160811.shp,2.701723;0.592520;-1.537733;-6.424739;-11.321091;-16.224911;-21.132078;-19.454973;-16.614069;-11.826628;-7.007390;-2.161976,98.595314;112.244095;125.823792;124.798187;123.864281;123.023224;122.264351;107.621338;93.259468;94.789581;96.172417;97.426979,npp_d20140716_t1803247_e1809051_b14079,153.269,30.5096,50.5921,98.4551,44.0467,91.7718
215,VBD_npp_d20140716_t1803268_x1051693E_y015465N_l0024_s0976_v23,2017-05-23 13:08:46,1.546546,105.169289,92.1707,2014-07-16 18:03:26,2014-07-17 01:03:26,24,976,0.320472,1,2529,1.04478,0.23394,0.834772,0.4,0.922758,0.75,0.0396204,0.0001,1.99382e-13,999999,-2.058293e-01,3,Indonesian Exclusive Economic Zone,WPP711,,SVDNB_npp_d20140716_t1803247_e1809051_b14079_c20140717000905445784_noaa_ops.h5,GDNBO_npp_d20140716_t1803247_e1809051_b14079_c20140717000905445471_noaa_ops.h5,SVI04_npp_d20140716_t1803247_e1809051_b14079_c20140717000905432367_noaa_ops.dspace_rad,VNFF_npp_d20140716_t1803247_e1809051_b14079_v21.csv,World_EEZ_v8_2014.shp,WPP_BFAR_merge.shp,KKP_IDN_merge_20161208.shp,VNF-VBD_npp_20120301-20151231_global_asia-enhanced_c201607211230.bitmask,NCEI_NGA.union.nga_lead2.add_2015ntl.mask,timezone.shp,VBD_platforms-recurring_2015_r20170330.shp,999999,VBD_bridges_c20160811.shp,2.701723;0.592520;-1.537733;-6.424739;-11.321091;-16.224911;-21.132078;-19.454973;-16.614069;-11.826628;-7.007390;-2.161976,98.595314;112.244095;125.823792;124.798187;123.864281;123.023224;122.264351;107.621338;93.259468;94.789581;96.172417;97.426979,npp_d20140716_t1803247_e1809051_b14079,153.124,31.0834,49.1774,98.6745,43.7225,91.7683
216,VBD_npp_d20140716_t1803268_x1051750E_y014975N_l0031_s0978_v23,2017-05-23 13:08:46,1.497452,105.174957,127.517,2014-07-16 18:03:26,2014-07-17 01:03:26,31,978,0.411128,1,2529,1.25256,0.1995,0.853146,0.4,0.946011,0.75,0.039624,0.0001,2.09839e-13,999999,4.038798e-02,3,Indonesian Exclusive Economic Zone,WPP711,,SVDNB_npp_d20140716_t1803247_e1809051_b14079_c20140717000905445784_noaa_ops.h5,GDNBO_npp_d20140716_t1803247_e1809051_b14079_c20140717000905445471_noaa_ops.h5,SVI04_npp_d20140716_t1803247_e1809051_b14079_c20140717000905432367_noaa_ops.dspace_rad,VNFF_npp_d20140716_t1803247_e1809051_b14079_v21.csv,World_EEZ_v8_2014.shp,WPP_BFAR_merge.shp,KKP_IDN_merge_20161208.shp,VNF-VBD_npp_20120301-20151231_global_asia-enhanced_c201607211230.bitmask,NCEI_NGA.union.nga_lead2.add_2015ntl.mask,timezone.shp,VBD_platforms-recurring_2015_r20170330.shp,999999,VBD_bridges_c20160811.shp,2.701723;0.592520;-1.537733;-6.424739;-11.321091;-16.224911;-21.132078;-19.454973;-16.614069;-11.826628;-7.007390;-2.161976,98.595314;112.244095;125.823792;124.798187;123.864281;123.023224;122.264351;107.621338;93.259468;94.789581;96.172417;97.426979,npp_d20140716_t1803247_e1809051_b14079,153.163,31.1432,49.1195,98.2959,43.7152,91.7161
217,VBD_npp_d20140716_t1803286_x1052573E_y014321N_l0039_s0993_v23,2017-05-23 13:08:46,1.432070,105.257256,320.625,2014-07-16 18:03:28,2014-07-17 01:03:28,39,993,0.408918,1,2529,1.48545,0.197677,0.862698,0.4,0.972615,0.75,0.0396995,0.0001,3.49168e-13,999999,5.342449e-02,3,Indonesian Exclusive Economic Zone,WPP711,,SVDNB_npp_d20140716_t1803247_e1809051_b14079_c20140717000905445784_noaa_ops.h5,GDNBO_npp_d20140716_t1803247_e1809051_b14079_c20140717000905445471_noaa_ops.h5,SVI04_npp_d20140716_t1803247_e1809051_b14079_c20140717000905432367_noaa_ops.dspace_rad,VNFF_npp_d20140716_t1803247_e1809051_b14079_v21.csv,World_EEZ_v8_2014.shp,WPP_BFAR_merge.shp,KKP_IDN_merge_20161208.shp,VNF-VBD_npp_20120301-20151231_global_asia-enhanced_c201607211230.bitmask,NCEI_NGA.union.nga_lead2.add_2015ntl.mask,timezone.shp,VBD_platforms-recurring_2015_r20170330.shp,999999,VBD_bridges_c20160811.shp,2.701723;0.592520;-1.537733;-6.424739;-11.321091;-16.224911;-21.132078;-19.454973;-16.614069;-11.826628;-7.007390;-2.161976,98.595314;112.244095;125.823792;124.798187;123.864281;123.023224;122.264351;107.621338;93.259468;94.789581;96.172417;97.426979,npp_d20140716_t1803247_e1809051_b14079,153.172,31.3642,48.6696,98.742,43.6227,91.651
218,VBD_npp_d20140716_t1803321_x1052113E_y012243N_l0071_s0993_v23,2017-05-23 13:08:46,1.224305,105.211304,15.3515,2014-07-16 18:03:32,2014-07-17 01:03:32,71,993,0.404941,1,2529,0.59286,0.205823,0.835473,0.4,0.846666,0.75,0.0396649,0.0001,3.44242e-13,999999,-4.814335e-03,3,Indonesian Exclusive Economic Zone,WPP711,,SVDNB_npp_d20140716_t1803247_e1809051_b14079_c20140717000905445784_noaa_ops.h5,GDNBO_npp_d20140716_t1803247_e1809051_b14079_c20140717000905445471_noaa_ops.h5,SVI04_npp_d20140716_t1803247_e1809051_b14079_c20140717000905432367_noaa_ops.dspace_rad,VNFF_npp_d20140716_t1803247_e1809051_b14079_v21.csv,World_EEZ_v8_2014.shp,WPP_BFAR_merge.shp,KKP_IDN_merge_20161208.shp,VNF-VBD_npp_20120301-20151231_global_asia-enhanced_c201607211230.bitmask,NCEI_NGA.union.nga_lead2.add_2015ntl.mask,timezone.shp,VBD_platforms-recurring_2015_r20170330.shp,999999,VBD_bridges_c20160811.shp,2.701723;0.592520;-1.537733;-6.424739;-11.321091;-16.224911;-21.132078;-19.454973;-16.614069;-11.826628;-7.007390;-2.161976,98.595314;112.244095;125.823792;124.798187;123.864281;123.023224;122.264351;107.621338;93.259468;94.789581;96.172417;97.426979,npp_d20140716_t1803247_e1809051_b14079,153.365,31.5259,48.6665,98.7667,43.6491,91.426
219,VBD_npp_d20140716_t1803339_x1052449E_y011119N_l0087_s1002_v23,2017-05-23 13:08:46,1.111908,105.244919,80.7751,2014-07-16 18:03:33,2014-07-17 01:03:33,87,1002,0.411294,1,2529,1.16153,0.198008,0.873468,0.4,0.92916,0.75,0.0396981,0.0001,4.56185e-13,999999,5.105140e-02,3,Indonesian Exclusive Economic Zone,WPP711,,SVDNB_npp_d20140716_t1803247_e1809051_b14079_c20140717000905445784_noaa_ops.h5,GDNBO_npp_d20140716_t1803247_e1809051_b14079_c20140717000905445471_noaa_ops.h5,SVI04_npp_d20140716_t1803247_e1809051_b14079_c20140717000905432367_noaa_ops.dspace_rad,VNFF_npp_d20140716_t1803247_e1809051_b14079_v21.csv,World_EEZ_v8_2014.shp,WPP_BFAR_merge.shp,KKP_IDN_merge_20161208.shp,VNF-VBD_npp_20120301-20151231_global_asia-enhanced_c201607211230.bitmask,NCEI_NGA.union.nga_lead2.add_2015ntl.mask,timezone.shp,VBD_platforms-recurring_2015_r20170330.shp,999999,VBD_bridges_c20160811.shp,2.701723;0.592520;-1.537733;-6.424739;-11.321091;-16.224911;-21.132078;-19.454973;-16.614069;-11.826628;-7.007390;-2.161976,98.595314;112.244095;125.823792;124.798187;123.864281;123.023224;122.264351;107.621338;93.259468;94.789581;96.172417;97.426979,npp_d20140716_t1803247_e1809051_b14079,153.44,31.7142,48.4015,98.7828,43.6051,91.307
220,VBD_npp_d20140716_t1803286_x1053169E_y013955N_l0043_s1003_v23,2017-05-23 13:08:46,1.395536,105.316948,67.9758,2014-07-16 18:03:28,2014-07-17 01:03:28,43,1003,0.410962,1,2529,1.10052,0.19821,0.86018,0.4,0.885551,0.75,0.0397513,0.0001,4.79201e-13,999999,4.961030e-02,3,Indonesian Exclusive Economic Zone,WPP711,,SVDNB_npp_d20140716_t1803247_e1809051_b14079_c20140717000905445784_noaa_ops.h5,GDNBO_npp_d20140716_t1803247_e1809051_b14079_c20140717000905445471_noaa_ops.h5,SVI04_npp_d20140716_t1803247_e1809051_b14079_c20140717000905432367_noaa_ops.dspace_rad,VNFF_npp_d20140716_t1803247_e1809051_b14079_v21.csv,World_EEZ_v8_2014.shp,WPP_BFAR_merge.shp,KKP_IDN_merge_20161208.shp,VNF-VBD_npp_20120301-20151231_global_asia-enhanced_c201607211230.bitmask,NCEI_NGA.union.nga_lead2.add_2015ntl.mask,timezone.shp,VBD_platforms-recurring_2015_r20170330.shp,999999,VBD_bridges_c20160811.shp,2.701723;0.592520;-1.537733;-6.424739;-11.321091;-16.224911;-21.132078;-19.454973;-16.614069;-11.826628;-7.007390;-2.161976,98.595314;112.244095;125.823792;124.798187;123.864281;123.023224;122.264351;107.621338;93.259468;94.789581;96.172417;97.426979,npp_d20140716_t1803247_e1809051_b14079,153.172,31.504,48.3728,98.5245,43.5613,91.615
221,VBD_npp_d20140716_t1803304_x1053678E_y013289N_l0052_s1013_v23,2017-05-23 13:08:46,1.328904,105.367767,71.5341,2014-07-16 18:03:30,2014-07-17 01:03:30,52,1013,0.41273,1,2529,1.07999,0.201354,0.88816,0.4,0.808718,0.75,0.0397978,0.0001,6.76668e-13,999999,2.713193e-02,3,Indonesian Exclusive Economic Zone,WPP711,,SVDNB_npp_d20140716_t1803247_e1809051_b14079_c20140717000905445784_noaa_ops.h5,GDNBO_npp_d20140716_t1803247_e1809051_b14079_c20140717000905445471_noaa_ops.h5,SVI04_npp_d20140716_t1803247_e1809051_b14079_c20140717000905432367_noaa_ops.dspace_rad,VNFF_npp_d20140716_t1803247_e1809051_b14079_v21.csv,World_EEZ_v8_2014.shp,WPP_BFAR_merge.shp,KKP_IDN_merge_20161208.shp,VNF-VBD_npp_20120301-20151231_global_asia-enhanced_c201607211230.bitmask,NCEI_NGA.union.nga_lead2.add_2015ntl.mask,timezone.shp,VBD_platforms-recurring_2015_r20170330.shp,999999,VBD_bridges_c20160811.shp,2.701723;0.592520;-1.537733;-6.424739;-11.321091;-16.224911;-21.132078;-19.454973;-16.614069;-11.826628;-7.007390;-2.161976,98.595314;112.244095;125.823792;124.798187;123.864281;123.023224;122.264351;107.621338;93.259468;94.789581;96.172417;97.426979,npp_d20140716_t1803247_e1809051_b14079,153.198,31.6725,48.0588,98.9323,43.5007,91.5462
222,VBD_npp_d20140716_t1803304_x1053549E_y012469N_l0064_s1013_v23,2017-05-23 13:08:46,1.246904,105.354851,118.051,2014-07-16 18:03:30,2014-07-17 01:03:30,64,1013,0.409084,1,2529,1.28142,0.20545,0.876915,0.4,0.972931,0.75,0.0397848,0.0001,6.57595e-13,999999,-2.153044e-03,3,Indonesian Exclusive Economic Zone,WPP711,,SVDNB_npp_d20140716_t1803247_e1809051_b14079_c20140717000905445784_noaa_ops.h5,GDNBO_npp_d20140716_t1803247_e1809051_b14079_c20140717000905445471_noaa_ops.h5,SVI04_npp_d20140716_t1803247_e1809051_b14079_c20140717000905432367_noaa_ops.dspace_rad,VNFF_npp_d20140716_t1803247_e1809051_b14079_v21.csv,World_EEZ_v8_2014.shp,WPP_BFAR_merge.shp,KKP_IDN_merge_20161208.shp,VNF-VBD_npp_20120301-20151231_global_asia-enhanced_c201607211230.bitmask,NCEI_NGA.union.nga_lead2.add_2015ntl.mask,timezone.shp,VBD_platforms-recurring_2015_r20170330.shp,999999,VBD_bridges_c20160811.shp,2.701723;0.592520;-1.537733;-6.424739;-11.321091;-16.224911;-21.132078;-19.454973;-16.614069;-11.826628;-7.007390;-2.161976,98.595314;112.244095;125.823792;124.798187;123.864281;123.023224;122.264351;107.621338;93.259468;94.789581;96.172417;97.426979,npp_d20140716_t1803247_e1809051_b14079,153.275,31.7359,48.0616,98.2499,43.5116,91.4571
223,VBD_npp_d20140716_t1803321_x1053546E_y012442N_l0065_s1014_v23,2017-05-23 13:08:46,1.244246,105.354591,72.443,2014-07-16 18:03:32,2014-07-17 01:03:32,65,1014,0.409084,1,2529,1.13118,0.198126,0.876915,0.4,0.965416,0.75,0.0397893,0.0001,6.99562e-13,999999,5.021015e-02,3,Indonesian Exclusive Economic Zone,WPP711,,SVDNB_npp_d20140716_t1803247_e1809051_b14079_c20140717000905445784_noaa_ops.h5,GDNBO_npp_d20140716_t1803247_e1809051_b14079_c20140717000905445471_noaa_ops.h5,SVI04_npp_d20140716_t1803247_e1809051_b14079_c20140717000905432367_noaa_ops.dspace_rad,VNFF_npp_d20140716_t1803247_e1809051_b14079_v21.csv,World_EEZ_v8_2014.shp,WPP_BFAR_merge.shp,KKP_IDN_merge_20161208.shp,VNF-VBD_npp_20120301-20151231_global_asia-enhanced_c201607211230.bitmask,NCEI_NGA.union.nga_lead2.add_2015ntl.mask,timezone.shp,VBD_platforms-recurring_2015_r20170330.shp,999999,VBD_bridges_c20160811.shp,2.701723;0.592520;-1.537733;-6.424739;-11.321091;-16.224911;-21.132078;-19.454973;-16.614069;-11.826628;-7.007390;-2.161976,98.595314;112.244095;125.823792;124.798187;123.864281;123.023224;122.264351;107.621338;93.259468;94.789581;96.172417;97.426979,npp_d20140716_t1803247_e1809051_b14079,153.273,31.7509,48.0261,99.1137,43.5046,91.4544
224,VBD_npp_d20140716_t1803304_x1054091E_y013224N_l0052_s1019_v23,2017-05-23 13:08:46,1.322391,105.409103,87.5968,2014-07-16 18:03:30,2014-07-17 01:03:30,52,1019,0.40472,1,2529,1.21665,0.207612,0.892301,0.4,0.970663,0.75,0.0398315,0.0001,8.33355e-13,999999,-1.760620e-02,3,Indonesian Exclusive Economic Zone,WPP711,,SVDNB_npp_d20140716_t1803247_e1809051_b14079_c20140717000905445784_noaa_ops.h5,GDNBO_npp_d20140716_t1803247_e1809051_b14079_c20140717000905445471_noaa_ops.h5,SVI04_npp_d20140716_t1803247_e1809051_b14079_c20140717000905432367_noaa_ops.dspace_rad,VNFF_npp_d20140716_t1803247_e1809051_b14079_v21.csv,World_EEZ_v8_2014.shp,WPP_BFAR_merge.shp,KKP_IDN_merge_20161208.shp,VNF-VBD_npp_20120301-20151231_global_asia-enhanced_c201607211230.bitmask,NCEI_NGA.union.nga_lead2.add_2015ntl.mask,timezone.shp,VBD_platforms-recurring_2015_r20170330.shp,999999,VBD_bridges_c20160811.shp,2.701723;0.592520;-1.537733;-6.424739;-11.321091;-16.224911;-21.132078;-19.454973;-16.614069;-11.826628;-7.007390;-2.161976,98.595314;112.244095;125.823792;124.798187;123.864281;123.023224;122.264351;107.621338;93.259468;94.789581;96.172417;97.426979,npp_d20140716_t1803247_e1809051_b14079,153.182,31.7498,47.8633,98.9338,43.4587,91.5413
225,VBD_npp_d20140716_t1803375_x1057052E_y008394N_l0117_s1077_v23,2017-05-23 13:08:46,0.839415,105.705170,13.9691,2014-07-16 18:03:37,2014-07-17 01:03:37,117,1077,0.323013,1,2529,0.503391,0.272259,0.863925,0.4,0.759522,0.75,0.0400859,0.0001,5.51524e-12,999999,-4.797854e-01,3,Indonesian Exclusive Economic Zone,WPP711,,SVDNB_npp_d20140716_t1803247_e1809051_b14079_c20140717000905445784_noaa_ops.h5,GDNBO_npp_d20140716_t1803247_e1809051_b14079_c20140717000905445471_noaa_ops.h5,SVI04_npp_d20140716_t1803247_e1809051_b14079_c20140717000905432367_noaa_ops.dspace_rad,VNFF_npp_d20140716_t1803247_e1809051_b14079_v21.csv,World_EEZ_v8_2014.shp,WPP_BFAR_merge.shp,KKP_IDN_merge_20161208.shp,VNF-VBD_npp_20120301-20151231_global_asia-enhanced_c201607211230.bitmask,NCEI_NGA.union.nga_lead2.add_2015ntl.mask,timezone.shp,VBD_platforms-recurring_2015_r20170330.shp,999999,VBD_bridges_c20160811.shp,2.701723;0.592520;-1.537733;-6.424739;-11.321091;-16.224911;-21.132078;-19.454973;-16.614069;-11.826628;-7.007390;-2.161976,98.595314;112.244095;125.823792;124.798187;123.864281;123.023224;122.264351;107.621338;93.259468;94.789581;96.172417;97.426979,npp_d20140716_t1803247_e1809051_b14079,153.417,32.8163,45.9634,98.9435,43.119,91.0299
226,VBD_npp_d20140716_t1803375_x1057009E_y008121N_l0121_s1077_v23,2017-05-23 13:08:46,0.812069,105.700851,61.2306,2014-07-16 18:03:37,2014-07-17 01:03:37,121,1077,0.417647,1,2529,1.07381,0.196514,0.884007,0.4,0.956806,0.75,0.0400813,0.0001,5.46307e-12,999999,6.173844e-02,3,Indonesian Exclusive Economic Zone,WPP711,,SVDNB_npp_d20140716_t1803247_e1809051_b14079_c20140717000905445784_noaa_ops.h5,GDNBO_npp_d20140716_t1803247_e1809051_b14079_c20140717000905445471_noaa_ops.h5,SVI04_npp_d20140716_t1803247_e1809051_b14079_c20140717000905432367_noaa_ops.dspace_rad,VNFF_npp_d20140716_t1803247_e1809051_b14079_v21.csv,World_EEZ_v8_2014.shp,WPP_BFAR_merge.shp,KKP_IDN_merge_20161208.shp,VNF-VBD_npp_20120301-20151231_global_asia-enhanced_c201607211230.bitmask,NCEI_NGA.union.nga_lead2.add_2015ntl.mask,timezone.shp,VBD_platforms-recurring_2015_r20170330.shp,999999,VBD_bridges_c20160811.shp,2.701723;0.592520;-1.537733;-6.424739;-11.321091;-16.224911;-21.132078;-19.454973;-16.614069;-11.826628;-7.007390;-2.161976,98.595314;112.244095;125.823792;124.798187;123.864281;123.023224;122.264351;107.621338;93.259468;94.789581;96.172417;97.426979,npp_d20140716_t1803247_e1809051_b14079,153.442,32.8386,45.9639,98.7004,43.1229,90.9998
227,VBD_npp_d20140716_t1804255_x1050662E_y020352S_l0559_s1079_v23,2017-05-23 13:08:46,-2.035171,105.066193,9.50034,2014-07-16 18:04:25,2014-07-17 01:04:25,559,1079,0.418255,8,18913,0.484143,0.179993,0.799413,0.4,0.884556,0.75,0.0396414,0.0001,4.29757e-12,999999,1.798523e-01,3,Indonesian Exclusive Economic Zone,WPP711,,SVDNB_npp_d20140716_t1803247_e1809051_b14079_c20140717000905445784_noaa_ops.h5,GDNBO_npp_d20140716_t1803247_e1809051_b14079_c20140717000905445471_noaa_ops.h5,SVI04_npp_d20140716_t1803247_e1809051_b14079_c20140717000905432367_noaa_ops.dspace_rad,VNFF_npp_d20140716_t1803247_e1809051_b14079_v21.csv,World_EEZ_v8_2014.shp,WPP_BFAR_merge.shp,KKP_IDN_merge_20161208.shp,VNF-VBD_npp_20120301-20151231_global_asia-enhanced_c201607211230.bitmask,NCEI_NGA.union.nga_lead2.add_2015ntl.mask,timezone.shp,VBD_platforms-recurring_2015_r20170330.shp,0.999816,VBD_bridges_c20160811.shp,2.701723;0.592520;-1.537733;-6.424739;-11.321091;-16.224911;-21.132078;-19.454973;-16.614069;-11.826628;-7.007390;-2.161976,98.595314;112.244095;125.823792;124.798187;123.864281;123.023224;122.264351;107.621338;93.259468;94.789581;96.172417;97.426979,npp_d20140716_t1803247_e1809051_b14079,156.043,35.47,45.9018,98.6587,43.5976,87.9169
228,VBD_npp_d20140716_t1804255_x1050810E_y020305S_l0558_s1081_v23,2017-05-23 13:08:46,-2.030519,105.080956,7.01256,2014-07-16 18:04:25,2014-07-17 01:04:25,558,1081,0.422785,8,18913,0.367772,0.176018,0.780882,0.4,0.845409,0.75,0.0396522,0.0001,4.60968e-12,999999,2.082654e-01,3,Indonesian Exclusive Economic Zone,WPP711,,SVDNB_npp_d20140716_t1803247_e1809051_b14079_c20140717000905445784_noaa_ops.h5,GDNBO_npp_d20140716_t1803247_e1809051_b14079_c20140717000905445471_noaa_ops.h5,SVI04_npp_d20140716_t1803247_e1809051_b14079_c20140717000905432367_noaa_ops.dspace_rad,VNFF_npp_d20140716_t1803247_e1809051_b14079_v21.csv,World_EEZ_v8_2014.shp,WPP_BFAR_merge.shp,KKP_IDN_merge_20161208.shp,VNF-VBD_npp_20120301-20151231_global_asia-enhanced_c201607211230.bitmask,NCEI_NGA.union.nga_lead2.add_2015ntl.mask,timezone.shp,VBD_platforms-recurring_2015_r20170330.shp,0.732083,VBD_bridges_c20160811.shp,2.701723;0.592520;-1.537733;-6.424739;-11.321091;-16.224911;-21.132078;-19.454973;-16.614069;-11.826628;-7.007390;-2.161976,98.595314;112.244095;125.823792;124.798187;123.864281;123.023224;122.264351;107.621338;93.259468;94.789581;96.172417;97.426979,npp_d20140716_t1803247_e1809051_b14079,156.03,35.4904,45.8332,98.7185,43.5825,87.9208
229,VBD_npp_d20140716_t1804220_x1051344E_y018308S_l0527_s1082_v23,2017-05-23 13:08:46,-1.830770,105.134407,3.94034,2014-07-16 18:04:22,2014-07-17 01:04:22,527,1082,0.42179,8,18593,0.224115,0.198728,0.616025,0.4,0.735082,0.75,0.0396441,0.0001,4.85996e-12,999999,4.590564e-02,3,Indonesian Exclusive Economic Zone,WPP711,,SVDNB_npp_d20140716_t1803247_e1809051_b14079_c20140717000905445784_noaa_ops.h5,GDNBO_npp_d20140716_t1803247_e1809051_b14079_c20140717000905445471_noaa_ops.h5,SVI04_npp_d20140716_t1803247_e1809051_b14079_c20140717000905432367_noaa_ops.dspace_rad,VNFF_npp_d20140716_t1803247_e1809051_b14079_v21.csv,World_EEZ_v8_2014.shp,WPP_BFAR_merge.shp,KKP_IDN_merge_20161208.shp,VNF-VBD_npp_20120301-20151231_global_asia-enhanced_c201607211230.bitmask,NCEI_NGA.union.nga_lead2.add_2015ntl.mask,timezone.shp,VBD_platforms-recurring_2015_r20170330.shp,0.308988,VBD_bridges_c20160811.shp,2.701723;0.592520;-1.537733;-6.424739;-11.321091;-16.224911;-21.132078;-19.454973;-16.614069;-11.826628;-7.007390;-2.161976,98.595314;112.244095;125.823792;124.798187;123.864281;123.023224;122.264351;107.621338;93.259468;94.789581;96.172417;97.426979,npp_d20140716_t1803247_e1809051_b14079,155.845,35.3005,45.801,98.6323,43.5359,88.1333
230,VBD_npp_d20140716_t1804237_x1051695E_y018740S_l0533_s1089_v23,2017-05-23 13:08:46,-1.873990,105.169502,3.82138,2014-07-16 18:04:23,2014-07-17 01:04:23,533,1089,0.420078,1,2273,0.216948,0.201899,0.560725,0.4,0.77513,0.75,0.0396861,0.0001,6.2702e-12,999999,2.323983e-02,3,Indonesian Exclusive Economic Zone,WPP711,,SVDNB_npp_d20140716_t1803247_e1809051_b14079_c20140717000905445784_noaa_ops.h5,GDNBO_npp_d20140716_t1803247_e1809051_b14079_c20140717000905445471_noaa_ops.h5,SVI04_npp_d20140716_t1803247_e1809051_b14079_c20140717000905432367_noaa_ops.dspace_rad,VNFF_npp_d20140716_t1803247_e1809051_b14079_v21.csv,World_EEZ_v8_2014.shp,WPP_BFAR_merge.shp,KKP_IDN_merge_20161208.shp,VNF-VBD_npp_20120301-20151231_global_asia-enhanced_c201607211230.bitmask,NCEI_NGA.union.nga_lead2.add_2015ntl.mask,timezone.shp,VBD_platforms-recurring_2015_r20170330.shp,999999,VBD_bridges_c20160811.shp,2.701723;0.592520;-1.537733;-6.424739;-11.321091;-16.224911;-21.132078;-19.454973;-16.614069;-11.826628;-7.007390;-2.161976,98.595314;112.244095;125.823792;124.798187;123.864281;123.023224;122.264351;107.621338;93.259468;94.789581;96.172417;97.426979,npp_d20140716_t1803247_e1809051_b14079,155.856,35.4322,45.5578,99.255,43.4946,88.0837
231,VBD_npp_d20140716_t1805260_x1045651E_y055410S_l1092_s1127_v23,2017-05-23 13:08:46,-5.541002,104.565125,5.62034,2014-07-16 18:05:26,2014-07-17 01:05:26,1092,1127,0.344724,2,2465,0.266343,0.182983,0.798017,0.4,0.68911,0.75,0.0392745,0.0001,1.28793e-11,999999,1.047253e-01,3,Indonesian Exclusive Economic Zone,WPP572,,SVDNB_npp_d20140716_t1803247_e1809051_b14079_c20140717000905445784_noaa_ops.h5,GDNBO_npp_d20140716_t1803247_e1809051_b14079_c20140717000905445471_noaa_ops.h5,SVI04_npp_d20140716_t1803247_e1809051_b14079_c20140717000905432367_noaa_ops.dspace_rad,VNFF_npp_d20140716_t1803247_e1809051_b14079_v21.csv,World_EEZ_v8_2014.shp,WPP_BFAR_merge.shp,KKP_IDN_merge_20161208.shp,VNF-VBD_npp_20120301-20151231_global_asia-enhanced_c201607211230.bitmask,NCEI_NGA.union.nga_lead2.add_2015ntl.mask,timezone.shp,VBD_platforms-recurring_2015_r20170330.shp,999999,VBD_bridges_c20160811.shp,2.701723;0.592520;-1.537733;-6.424739;-11.321091;-16.224911;-21.132078;-19.454973;-16.614069;-11.826628;-7.007390;-2.161976,98.595314;112.244095;125.823792;124.798187;123.864281;123.023224;122.264351;107.621338;93.259468;94.789581;96.172417;97.426979,npp_d20140716_t1803247_e1809051_b14079,158.966,40.2088,44.2796,99.7446,44.1017,84.2171
232,VBD_npp_d20140716_t1805260_x1045758E_y055566S_l1094_s1129_v23,2017-05-23 13:08:46,-5.556554,104.575821,15.6347,2014-07-16 18:05:26,2014-07-17 01:05:26,1094,1129,0.354724,8,18913,0.612825,0.204897,0.798017,0.4,0.902952,0.75,0.0392816,0.0001,1.3585e-11,999999,-5.838607e-02,3,Indonesian Exclusive Economic Zone,WPP572,,SVDNB_npp_d20140716_t1803247_e1809051_b14079_c20140717000905445784_noaa_ops.h5,GDNBO_npp_d20140716_t1803247_e1809051_b14079_c20140717000905445471_noaa_ops.h5,SVI04_npp_d20140716_t1803247_e1809051_b14079_c20140717000905432367_noaa_ops.dspace_rad,VNFF_npp_d20140716_t1803247_e1809051_b14079_v21.csv,World_EEZ_v8_2014.shp,WPP_BFAR_merge.shp,KKP_IDN_merge_20161208.shp,VNF-VBD_npp_20120301-20151231_global_asia-enhanced_c201607211230.bitmask,NCEI_NGA.union.nga_lead2.add_2015ntl.mask,timezone.shp,VBD_platforms-recurring_2015_r20170330.shp,0.280508,VBD_bridges_c20160811.shp,2.701723;0.592520;-1.537733;-6.424739;-11.321091;-16.224911;-21.132078;-19.454973;-16.614069;-11.826628;-7.007390;-2.161976,98.595314;112.244095;125.823792;124.798187;123.864281;123.023224;122.264351;107.621338;93.259468;94.789581;96.172417;97.426979,npp_d20140716_t1803247_e1809051_b14079,158.971,40.2551,44.2122,99.6185,44.0925,84.1986
233,VBD_npp_d20140716_t1805260_x1045712E_y055832S_l1098_s1129_v23,2017-05-23 13:08:46,-5.583210,104.571243,4.82091,2014-07-16 18:05:26,2014-07-17 01:05:26,1098,1129,0.407261,1,2529,0.260859,0.243105,0.791216,0.4,0.764239,0.75,0.039274,0.0001,1.33419e-11,999999,-3.427645e-01,3,Indonesian Exclusive Economic Zone,WPP572,,SVDNB_npp_d20140716_t1803247_e1809051_b14079_c20140717000905445784_noaa_ops.h5,GDNBO_npp_d20140716_t1803247_e1809051_b14079_c20140717000905445471_noaa_ops.h5,SVI04_npp_d20140716_t1803247_e1809051_b14079_c20140717000905432367_noaa_ops.dspace_rad,VNFF_npp_d20140716_t1803247_e1809051_b14079_v21.csv,World_EEZ_v8_2014.shp,WPP_BFAR_merge.shp,KKP_IDN_merge_20161208.shp,VNF-VBD_npp_20120301-20151231_global_asia-enhanced_c201607211230.bitmask,NCEI_NGA.union.nga_lead2.add_2015ntl.mask,timezone.shp,VBD_platforms-recurring_2015_r20170330.shp,999999,VBD_bridges_c20160811.shp,2.701723;0.592520;-1.537733;-6.424739;-11.321091;-16.224911;-21.132078;-19.454973;-16.614069;-11.826628;-7.007390;-2.161976,98.595314;112.244095;125.823792;124.798187;123.864281;123.023224;122.264351;107.621338;93.259468;94.789581;96.172417;97.426979,npp_d20140716_t1803247_e1809051_b14079,158.995,40.2913,44.2128,99.3682,44.0998,84.1715
234,VBD_npp_d20140716_t1804148_x1056572E_y014913S_l0464_s1147_v23,2017-05-23 13:08:46,-1.491263,105.657249,4.37135,2014-07-16 18:04:14,2014-07-17 01:04:14,464,1147,0.423227,1,2273,0.243459,0.188046,0.734866,0.4,0.786069,0.75,0.0400347,0.0001,3.88228e-11,999999,1.222725e-01,3,Indonesian Exclusive Economic Zone,WPP711,,SVDNB_npp_d20140716_t1803247_e1809051_b14079_c20140717000905445784_noaa_ops.h5,GDNBO_npp_d20140716_t1803247_e1809051_b14079_c20140717000905445471_noaa_ops.h5,SVI04_npp_d20140716_t1803247_e1809051_b14079_c20140717000905432367_noaa_ops.dspace_rad,VNFF_npp_d20140716_t1803247_e1809051_b14079_v21.csv,World_EEZ_v8_2014.shp,WPP_BFAR_merge.shp,KKP_IDN_merge_20161208.shp,VNF-VBD_npp_20120301-20151231_global_asia-enhanced_c201607211230.bitmask,NCEI_NGA.union.nga_lead2.add_2015ntl.mask,timezone.shp,VBD_platforms-recurring_2015_r20170330.shp,999999,VBD_bridges_c20160811.shp,2.701723;0.592520;-1.537733;-6.424739;-11.321091;-16.224911;-21.132078;-19.454973;-16.614069;-11.826628;-7.007390;-2.161976,98.595314;112.244095;125.823792;124.798187;123.864281;123.023224;122.264351;107.621338;93.259468;94.789581;96.172417;97.426979,npp_d20140716_t1803247_e1809051_b14079,155.282,35.7352,43.5963,98.4746,43.0256,88.4726
235,VBD_npp_d20140716_t1804166_x1056573E_y014937S_l0465_s1148_v23,2017-05-23 13:08:46,-1.493746,105.657280,7.39809,2014-07-16 18:04:16,2014-07-17 01:04:16,465,1148,0.423227,1,2529,0.386978,0.186093,0.734866,0.4,0.847097,0.75,0.0400389,0.0001,4.16337e-11,999999,1.362419e-01,3,Indonesian Exclusive Economic Zone,WPP711,,SVDNB_npp_d20140716_t1803247_e1809051_b14079_c20140717000905445784_noaa_ops.h5,GDNBO_npp_d20140716_t1803247_e1809051_b14079_c20140717000905445471_noaa_ops.h5,SVI04_npp_d20140716_t1803247_e1809051_b14079_c20140717000905432367_noaa_ops.dspace_rad,VNFF_npp_d20140716_t1803247_e1809051_b14079_v21.csv,World_EEZ_v8_2014.shp,WPP_BFAR_merge.shp,KKP_IDN_merge_20161208.shp,VNF-VBD_npp_20120301-20151231_global_asia-enhanced_c201607211230.bitmask,NCEI_NGA.union.nga_lead2.add_2015ntl.mask,timezone.shp,VBD_platforms-recurring_2015_r20170330.shp,999999,VBD_bridges_c20160811.shp,2.701723;0.592520;-1.537733;-6.424739;-11.321091;-16.224911;-21.132078;-19.454973;-16.614069;-11.826628;-7.007390;-2.161976,98.595314;112.244095;125.823792;124.798187;123.864281;123.023224;122.264351;107.621338;93.259468;94.789581;96.172417;97.426979,npp_d20140716_t1803247_e1809051_b14079,155.28,35.7513,43.5549,99.4697,43.0184,88.4694
236,VBD_npp_d20140716_t1804166_x1056666E_y015233S_l0469_s1150_v23,2017-05-23 13:08:46,-1.523275,105.666618,4.49342,2014-07-16 18:04:16,2014-07-17 01:04:16,469,1150,0.421735,2,2209,0.217293,0.199156,0.730113,0.4,0.714363,0.75,0.0400444,0.0001,4.38439e-11,999999,4.284817e-02,3,Indonesian Exclusive Economic Zone,WPP711,,SVDNB_npp_d20140716_t1803247_e1809051_b14079_c20140717000905445784_noaa_ops.h5,GDNBO_npp_d20140716_t1803247_e1809051_b14079_c20140717000905445471_noaa_ops.h5,SVI04_npp_d20140716_t1803247_e1809051_b14079_c20140717000905432367_noaa_ops.dspace_rad,VNFF_npp_d20140716_t1803247_e1809051_b14079_v21.csv,World_EEZ_v8_2014.shp,WPP_BFAR_merge.shp,KKP_IDN_merge_20161208.shp,VNF-VBD_npp_20120301-20151231_global_asia-enhanced_c201607211230.bitmask,NCEI_NGA.union.nga_lead2.add_2015ntl.mask,timezone.shp,VBD_platforms-recurring_2015_r20170330.shp,999999,VBD_bridges_c20160811.shp,2.701723;0.592520;-1.537733;-6.424739;-11.321091;-16.224911;-21.132078;-19.454973;-16.614069;-11.826628;-7.007390;-2.161976,98.595314;112.244095;125.823792;124.798187;123.864281;123.023224;122.264351;107.621338;93.259468;94.789581;96.172417;97.426979,npp_d20140716_t1803247_e1809051_b14079,155.299,35.805,43.4817,99.2076,43.0097,88.4365
237,VBD_npp_d20140716_t1804166_x1056737E_y015664S_l0475_s1152_v23,2017-05-23 13:08:46,-1.566365,105.673698,6.21663,2014-07-16 18:04:16,2014-07-17 01:04:16,475,1152,0.417536,8,18913,0.335053,0.219733,0.721326,0.4,0.820274,0.75,0.0400471,0.0001,4.58558e-11,999999,-1.042618e-01,3,Indonesian Exclusive Economic Zone,WPP711,,SVDNB_npp_d20140716_t1803247_e1809051_b14079_c20140717000905445784_noaa_ops.h5,GDNBO_npp_d20140716_t1803247_e1809051_b14079_c20140717000905445471_noaa_ops.h5,SVI04_npp_d20140716_t1803247_e1809051_b14079_c20140717000905432367_noaa_ops.dspace_rad,VNFF_npp_d20140716_t1803247_e1809051_b14079_v21.csv,World_EEZ_v8_2014.shp,WPP_BFAR_merge.shp,KKP_IDN_merge_20161208.shp,VNF-VBD_npp_20120301-20151231_global_asia-enhanced_c201607211230.bitmask,NCEI_NGA.union.nga_lead2.add_2015ntl.mask,timezone.shp,VBD_platforms-recurring_2015_r20170330.shp,0.948078,VBD_bridges_c20160811.shp,2.701723;0.592520;-1.537733;-6.424739;-11.321091;-16.224911;-21.132078;-19.454973;-16.614069;-11.826628;-7.007390;-2.161976,98.595314;112.244095;125.823792;124.798187;123.864281;123.023224;122.264351;107.621338;93.259468;94.789581;96.172417;97.426979,npp_d20140716_t1803247_e1809051_b14079,155.329,35.8722,43.4098,98.8136,43.0038,88.3888
238,VBD_npp_d20140716_t1804291_x1055730E_y023047S_l0587_s1162_v23,2017-05-23 13:08:46,-2.304690,105.573029,5.39926,2014-07-16 18:04:29,2014-07-17 01:04:29,587,1162,0.417923,1,2529,0.309105,0.194067,0.70416,0.4,0.804287,0.75,0.0401109,0.0001,5.79067e-11,999999,7.922771e-02,3,Indonesian Exclusive Economic Zone,WPP711,,SVDNB_npp_d20140716_t1803247_e1809051_b14079_c20140717000905445784_noaa_ops.h5,GDNBO_npp_d20140716_t1803247_e1809051_b14079_c20140717000905445471_noaa_ops.h5,SVI04_npp_d20140716_t1803247_e1809051_b14079_c20140717000905432367_noaa_ops.dspace_rad,VNFF_npp_d20140716_t1803247_e1809051_b14079_v21.csv,World_EEZ_v8_2014.shp,WPP_BFAR_merge.shp,KKP_IDN_merge_20161208.shp,VNF-VBD_npp_20120301-20151231_global_asia-enhanced_c201607211230.bitmask,NCEI_NGA.union.nga_lead2.add_2015ntl.mask,timezone.shp,VBD_platforms-recurring_2015_r20170330.shp,999999,VBD_bridges_c20160811.shp,2.701723;0.592520;-1.537733;-6.424739;-11.321091;-16.224911;-21.132078;-19.454973;-16.614069;-11.826628;-7.007390;-2.161976,98.595314;112.244095;125.823792;124.798187;123.864281;123.023224;122.264351;107.621338;93.259468;94.789581;96.172417;97.426979,npp_d20140716_t1803247_e1809051_b14079,155.953,36.7528,43.0506,98.8886,43.0812,87.5825
239,VBD_npp_d20140716_t1804326_x1057157E_y024814S_l0610_s1189_v23,2017-05-23 13:08:46,-2.481446,105.715660,4.09002,2014-07-16 18:04:32,2014-07-17 01:04:32,610,1189,0.420906,2,2209,0.232467,0.198535,0.629367,0.4,0.748459,0.75,0.0402407,0.0001,1.32933e-10,999999,4.728403e-02,3,Indonesian Exclusive Economic Zone,WPP711,,SVDNB_npp_d20140716_t1803247_e1809051_b14079_c20140717000905445784_noaa_ops.h5,GDNBO_npp_d20140716_t1803247_e1809051_b14079_c20140717000905445471_noaa_ops.h5,SVI04_npp_d20140716_t1803247_e1809051_b14079_c20140717000905432367_noaa_ops.dspace_rad,VNFF_npp_d20140716_t1803247_e1809051_b14079_v21.csv,World_EEZ_v8_2014.shp,WPP_BFAR_merge.shp,KKP_IDN_merge_20161208.shp,VNF-VBD_npp_20120301-20151231_global_asia-enhanced_c201607211230.bitmask,NCEI_NGA.union.nga_lead2.add_2015ntl.mask,timezone.shp,VBD_platforms-recurring_2015_r20170330.shp,999999,VBD_bridges_c20160811.shp,2.701723;0.592520;-1.537733;-6.424739;-11.321091;-16.224911;-21.132078;-19.454973;-16.614069;-11.826628;-7.007390;-2.161976,98.595314;112.244095;125.823792;124.798187;123.864281;123.023224;122.264351;107.621338;93.259468;94.789581;96.172417;97.426979,npp_d20140716_t1803247_e1809051_b14079,156,37.2668,42.0684,99.5056,42.9304,87.3742
240,VBD_npp_d20140716_t1804131_x1059850E_y013937S_l0442_s1191_v23,2017-05-23 13:08:46,-1.393685,105.984970,78.7001,2014-07-16 18:04:13,2014-07-17 01:04:13,442,1191,0.420851,1,2529,1.24774,0.194062,0.908578,0.4,0.973089,0.75,0.0403075,0.0001,1.54953e-10,999999,7.926284e-02,3,Indonesian Exclusive Economic Zone,WPP711,,SVDNB_npp_d20140716_t1803247_e1809051_b14079_c20140717000905445784_noaa_ops.h5,GDNBO_npp_d20140716_t1803247_e1809051_b14079_c20140717000905445471_noaa_ops.h5,SVI04_npp_d20140716_t1803247_e1809051_b14079_c20140717000905432367_noaa_ops.dspace_rad,VNFF_npp_d20140716_t1803247_e1809051_b14079_v21.csv,World_EEZ_v8_2014.shp,WPP_BFAR_merge.shp,KKP_IDN_merge_20161208.shp,VNF-VBD_npp_20120301-20151231_global_asia-enhanced_c201607211230.bitmask,NCEI_NGA.union.nga_lead2.add_2015ntl.mask,timezone.shp,VBD_platforms-recurring_2015_r20170330.shp,999999,VBD_bridges_c20160811.shp,2.701723;0.592520;-1.537733;-6.424739;-11.321091;-16.224911;-21.132078;-19.454973;-16.614069;-11.826628;-7.007390;-2.161976,98.595314;112.244095;125.823792;124.798187;123.864281;123.023224;122.264351;107.621338;93.259468;94.789581;96.172417;97.426979,npp_d20140716_t1803247_e1809051_b14079,155.015,36.1632,41.9904,98.845,42.6985,88.5632
241,VBD_npp_d20140716_t1804131_x1061115E_y014422S_l0446_s1211_v23,2017-05-23 13:08:46,-1.442206,106.111496,47.0449,2014-07-16 18:04:13,2014-07-17 01:04:13,446,1211,0.340857,1,2529,0.887503,0.205264,0.87456,0.4,0.925139,0.75,0.0404105,0.0001,2.74091e-10,999999,-8.194221e-04,3,Indonesian Exclusive Economic Zone,WPP711,,SVDNB_npp_d20140716_t1803247_e1809051_b14079_c20140717000905445784_noaa_ops.h5,GDNBO_npp_d20140716_t1803247_e1809051_b14079_c20140717000905445471_noaa_ops.h5,SVI04_npp_d20140716_t1803247_e1809051_b14079_c20140717000905432367_noaa_ops.dspace_rad,VNFF_npp_d20140716_t1803247_e1809051_b14079_v21.csv,World_EEZ_v8_2014.shp,WPP_BFAR_merge.shp,KKP_IDN_merge_20161208.shp,VNF-VBD_npp_20120301-20151231_global_asia-enhanced_c201607211230.bitmask,NCEI_NGA.union.nga_lead2.add_2015ntl.mask,timezone.shp,VBD_platforms-recurring_2015_r20170330.shp,999999,VBD_bridges_c20160811.shp,2.701723;0.592520;-1.537733;-6.424739;-11.321091;-16.224911;-21.132078;-19.454973;-16.614069;-11.826628;-7.007390;-2.161976,98.595314;112.244095;125.823792;124.798187;123.864281;123.023224;122.264351;107.621338;93.259468;94.789581;96.172417;97.426979,npp_d20140716_t1803247_e1809051_b14079,154.98,36.4402,41.2653,98.5541,42.5717,88.5025
242,VBD_npp_d20140716_t1804131_x1061273E_y014307S_l0444_s1213_v23,2017-05-23 13:08:46,-1.430713,106.127251,35.2662,2014-07-16 18:04:13,2014-07-17 01:04:13,444,1213,0.381683,1,2529,0.829036,0.226819,0.87456,0.4,0.921985,0.75,0.0404241,0.0001,2.92741e-10,999999,-1.549193e-01,3,Indonesian Exclusive Economic Zone,WPP711,,SVDNB_npp_d20140716_t1803247_e1809051_b14079_c20140717000905445784_noaa_ops.h5,GDNBO_npp_d20140716_t1803247_e1809051_b14079_c20140717000905445471_noaa_ops.h5,SVI04_npp_d20140716_t1803247_e1809051_b14079_c20140717000905432367_noaa_ops.dspace_rad,VNFF_npp_d20140716_t1803247_e1809051_b14079_v21.csv,World_EEZ_v8_2014.shp,WPP_BFAR_merge.shp,KKP_IDN_merge_20161208.shp,VNF-VBD_npp_20120301-20151231_global_asia-enhanced_c201607211230.bitmask,NCEI_NGA.union.nga_lead2.add_2015ntl.mask,timezone.shp,VBD_platforms-recurring_2015_r20170330.shp,999999,VBD_bridges_c20160811.shp,2.701723;0.592520;-1.537733;-6.424739;-11.321091;-16.224911;-21.132078;-19.454973;-16.614069;-11.826628;-7.007390;-2.161976,98.595314;112.244095;125.823792;124.798187;123.864281;123.023224;122.264351;107.621338;93.259468;94.789581;96.172417;97.426979,npp_d20140716_t1803247_e1809051_b14079,154.961,36.4524,41.1887,98.6943,42.5554,88.5145
243,VBD_npp_d20140716_t1805278_x1052079E_y057566S_l1108_s1227_v23,2017-05-23 13:08:46,-5.756591,105.207886,22.1173,2014-07-16 18:05:27,2014-07-17 01:05:27,1108,1227,0.325886,1,2529,0.621553,0.247413,0.721239,0.4,0.863471,0.75,0.0397878,0.0001,2.76628e-10,999999,-3.021566e-01,3,,,,SVDNB_npp_d20140716_t1803247_e1809051_b14079_c20140717000905445784_noaa_ops.h5,GDNBO_npp_d20140716_t1803247_e1809051_b14079_c20140717000905445471_noaa_ops.h5,SVI04_npp_d20140716_t1803247_e1809051_b14079_c20140717000905432367_noaa_ops.dspace_rad,VNFF_npp_d20140716_t1803247_e1809051_b14079_v21.csv,World_EEZ_v8_2014.shp,WPP_BFAR_merge.shp,KKP_IDN_merge_20161208.shp,VNF-VBD_npp_20120301-20151231_global_asia-enhanced_c201607211230.bitmask,NCEI_NGA.union.nga_lead2.add_2015ntl.mask,timezone.shp,VBD_platforms-recurring_2015_r20170330.shp,999999,VBD_bridges_c20160811.shp,2.701723;0.592520;-1.537733;-6.424739;-11.321091;-16.224911;-21.132078;-19.454973;-16.614069;-11.826628;-7.007390;-2.161976,98.595314;112.244095;125.823792;124.798187;123.864281;123.023224;122.264351;107.621338;93.259468;94.789581;96.172417;97.426979,npp_d20140716_t1803247_e1809051_b14079,158.705,41.7717,40.666,99.7275,43.4729,83.8521
244,VBD_npp_d20140716_t1805278_x1052134E_y057645S_l1109_s1228_v23,2017-05-23 13:08:46,-5.764496,105.213425,13.5023,2014-07-16 18:05:27,2014-07-17 01:05:27,1109,1228,0.315169,7,2465,0.351182,0.213742,0.721239,0.4,0.727069,0.75,0.0397912,0.0001,2.83744e-10,999999,-6.143419e-02,3,,,,SVDNB_npp_d20140716_t1803247_e1809051_b14079_c20140717000905445784_noaa_ops.h5,GDNBO_npp_d20140716_t1803247_e1809051_b14079_c20140717000905445471_noaa_ops.h5,SVI04_npp_d20140716_t1803247_e1809051_b14079_c20140717000905432367_noaa_ops.dspace_rad,VNFF_npp_d20140716_t1803247_e1809051_b14079_v21.csv,World_EEZ_v8_2014.shp,WPP_BFAR_merge.shp,KKP_IDN_merge_20161208.shp,VNF-VBD_npp_20120301-20151231_global_asia-enhanced_c201607211230.bitmask,NCEI_NGA.union.nga_lead2.add_2015ntl.mask,timezone.shp,VBD_platforms-recurring_2015_r20170330.shp,999999,VBD_bridges_c20160811.shp,2.701723;0.592520;-1.537733;-6.424739;-11.321091;-16.224911;-21.132078;-19.454973;-16.614069;-11.826628;-7.007390;-2.161976,98.595314;112.244095;125.823792;124.798187;123.864281;123.023224;122.264351;107.621338;93.259468;94.789581;96.172417;97.426979,npp_d20140716_t1803247_e1809051_b14079,158.707,41.7952,40.6282,99.6557,43.4682,83.8424
245,VBD_npp_d20140716_t1804166_x1062491E_y016035S_l0467_s1237_v23,2017-05-23 13:08:46,-1.603460,106.249138,20.5509,2014-07-16 18:04:16,2014-07-17 01:04:16,467,1237,0.312462,1,2529,0.618054,0.214042,0.872733,0.4,0.872389,0.75,0.0405225,0.0001,5.92503e-10,999999,-6.357775e-02,3,Indonesian Exclusive Economic Zone,WPP711,,SVDNB_npp_d20140716_t1803247_e1809051_b14079_c20140717000905445784_noaa_ops.h5,GDNBO_npp_d20140716_t1803247_e1809051_b14079_c20140717000905445471_noaa_ops.h5,SVI04_npp_d20140716_t1803247_e1809051_b14079_c20140717000905432367_noaa_ops.dspace_rad,VNFF_npp_d20140716_t1803247_e1809051_b14079_v21.csv,World_EEZ_v8_2014.shp,WPP_BFAR_merge.shp,KKP_IDN_merge_20161208.shp,VNF-VBD_npp_20120301-20151231_global_asia-enhanced_c201607211230.bitmask,NCEI_NGA.union.nga_lead2.add_2015ntl.mask,timezone.shp,VBD_platforms-recurring_2015_r20170330.shp,999999,VBD_bridges_c20160811.shp,2.701723;0.592520;-1.537733;-6.424739;-11.321091;-16.224911;-21.132078;-19.454973;-16.614069;-11.826628;-7.007390;-2.161976,98.595314;112.244095;125.823792;124.798187;123.864281;123.023224;122.264351;107.621338;93.259468;94.789581;96.172417;97.426979,npp_d20140716_t1803247_e1809051_b14079,155.018,36.9049,40.2831,99.3527,42.4224,88.3134
246,VBD_npp_d20140716_t1804166_x1062448E_y016304S_l0471_s1237_v23,2017-05-23 13:08:46,-1.630421,106.244789,48.6732,2014-07-16 18:04:16,2014-07-17 01:04:16,471,1237,0.384169,1,2529,0.941746,0.210605,0.864573,0.4,0.939451,0.75,0.040517,0.0001,5.85772e-10,999999,-3.900677e-02,3,Indonesian Exclusive Economic Zone,WPP711,,SVDNB_npp_d20140716_t1803247_e1809051_b14079_c20140717000905445784_noaa_ops.h5,GDNBO_npp_d20140716_t1803247_e1809051_b14079_c20140717000905445471_noaa_ops.h5,SVI04_npp_d20140716_t1803247_e1809051_b14079_c20140717000905432367_noaa_ops.dspace_rad,VNFF_npp_d20140716_t1803247_e1809051_b14079_v21.csv,World_EEZ_v8_2014.shp,WPP_BFAR_merge.shp,KKP_IDN_merge_20161208.shp,VNF-VBD_npp_20120301-20151231_global_asia-enhanced_c201607211230.bitmask,NCEI_NGA.union.nga_lead2.add_2015ntl.mask,timezone.shp,VBD_platforms-recurring_2015_r20170330.shp,999999,VBD_bridges_c20160811.shp,2.701723;0.592520;-1.537733;-6.424739;-11.321091;-16.224911;-21.132078;-19.454973;-16.614069;-11.826628;-7.007390;-2.161976,98.595314;112.244095;125.823792;124.798187;123.864281;123.023224;122.264351;107.621338;93.259468;94.789581;96.172417;97.426979,npp_d20140716_t1803247_e1809051_b14079,155.042,36.9323,40.2831,99.065,42.4276,88.2835
247,VBD_npp_d20140716_t1805278_x1052766E_y057960S_l1112_s1238_v23,2017-05-23 13:08:46,-5.795999,105.276550,7.11039,2014-07-16 18:05:27,2014-07-17 01:05:27,1112,1238,0.354503,1,2529,0.353309,0.233608,0.688675,0.4,0.817121,0.75,0.0398394,0.0001,3.75855e-10,999999,-2.034560e-01,3,Indonesian Exclusive Economic Zone,WPP572,,SVDNB_npp_d20140716_t1803247_e1809051_b14079_c20140717000905445784_noaa_ops.h5,GDNBO_npp_d20140716_t1803247_e1809051_b14079_c20140717000905445471_noaa_ops.h5,SVI04_npp_d20140716_t1803247_e1809051_b14079_c20140717000905432367_noaa_ops.dspace_rad,VNFF_npp_d20140716_t1803247_e1809051_b14079_v21.csv,World_EEZ_v8_2014.shp,WPP_BFAR_merge.shp,KKP_IDN_merge_20161208.shp,VNF-VBD_npp_20120301-20151231_global_asia-enhanced_c201607211230.bitmask,NCEI_NGA.union.nga_lead2.add_2015ntl.mask,timezone.shp,VBD_platforms-recurring_2015_r20170330.shp,999999,VBD_bridges_c20160811.shp,2.701723;0.592520;-1.537733;-6.424739;-11.321091;-16.224911;-21.132078;-19.454973;-16.614069;-11.826628;-7.007390;-2.161976,98.595314;112.244095;125.823792;124.798187;123.864281;123.023224;122.264351;107.621338;93.259468;94.789581;96.172417;97.426979,npp_d20140716_t1803247_e1809051_b14079,158.689,41.9626,40.2507,99.4346,43.4084,83.7949
248,VBD_npp_d20140716_t1804166_x1062612E_y016123S_l0468_s1239_v23,2017-05-23 13:08:46,-1.612349,106.261238,52.5619,2014-07-16 18:04:16,2014-07-17 01:04:16,468,1239,0.362623,1,2529,0.956489,0.19021,0.865621,0.4,0.913834,0.75,0.0405319,0.0001,6.2548e-10,999999,1.068016e-01,3,Indonesian Exclusive Economic Zone,WPP711,,SVDNB_npp_d20140716_t1803247_e1809051_b14079_c20140717000905445784_noaa_ops.h5,GDNBO_npp_d20140716_t1803247_e1809051_b14079_c20140717000905445471_noaa_ops.h5,SVI04_npp_d20140716_t1803247_e1809051_b14079_c20140717000905432367_noaa_ops.dspace_rad,VNFF_npp_d20140716_t1803247_e1809051_b14079_v21.csv,World_EEZ_v8_2014.shp,WPP_BFAR_merge.shp,KKP_IDN_merge_20161208.shp,VNF-VBD_npp_20120301-20151231_global_asia-enhanced_c201607211230.bitmask,NCEI_NGA.union.nga_lead2.add_2015ntl.mask,timezone.shp,VBD_platforms-recurring_2015_r20170330.shp,999999,VBD_bridges_c20160811.shp,2.701723;0.592520;-1.537733;-6.424739;-11.321091;-16.224911;-21.132078;-19.454973;-16.614069;-11.826628;-7.007390;-2.161976,98.595314;112.244095;125.823792;124.798187;123.864281;123.023224;122.264351;107.621338;93.259468;94.789581;96.172417;97.426979,npp_d20140716_t1803247_e1809051_b14079,155.018,36.9367,40.2076,99.2808,42.4104,88.3027
249,VBD_npp_d20140716_t1805260_x1053468E_y057414S_l1102_s1246_v23,2017-05-23 13:08:46,-5.741443,105.346802,9.94924,2014-07-16 18:05:26,2014-07-17 01:05:26,1102,1246,0.36174,1,2529,0.466042,0.206045,0.691151,0.4,0.870629,0.75,0.0399014,0.0001,4.67186e-10,999999,-6.404496e-03,3,Indonesian Exclusive Economic Zone,WPP572,,SVDNB_npp_d20140716_t1803247_e1809051_b14079_c20140717000905445784_noaa_ops.h5,GDNBO_npp_d20140716_t1803247_e1809051_b14079_c20140717000905445471_noaa_ops.h5,SVI04_npp_d20140716_t1803247_e1809051_b14079_c20140717000905432367_noaa_ops.dspace_rad,VNFF_npp_d20140716_t1803247_e1809051_b14079_v21.csv,World_EEZ_v8_2014.shp,WPP_BFAR_merge.shp,KKP_IDN_merge_20161208.shp,VNF-VBD_npp_20120301-20151231_global_asia-enhanced_c201607211230.bitmask,NCEI_NGA.union.nga_lead2.add_2015ntl.mask,timezone.shp,VBD_platforms-recurring_2015_r20170330.shp,999999,VBD_bridges_c20160811.shp,2.701723;0.592520;-1.537733;-6.424739;-11.321091;-16.224911;-21.132078;-19.454973;-16.614069;-11.826628;-7.007390;-2.161976,98.595314;112.244095;125.823792;124.798187;123.864281;123.023224;122.264351;107.621338;93.259468;94.789581;96.172417;97.426979,npp_d20140716_t1803247_e1809051_b14079,158.606,41.9819,39.953,98.9805,43.3392,83.8401
250,VBD_npp_d20140716_t1805260_x1054171E_y056843S_l1092_s1255_v23,2017-05-23 13:08:46,-5.684330,105.417061,7.1327,2014-07-16 18:05:26,2014-07-17 01:05:26,1092,1255,0.359088,1,2529,0.350242,0.287578,0.708941,0.4,0.797576,0.75,0.0399689,0.0001,6.30061e-10,999999,-5.893022e-01,3,Indonesian Exclusive Economic Zone,WPP572,,SVDNB_npp_d20140716_t1803247_e1809051_b14079_c20140717000905445784_noaa_ops.h5,GDNBO_npp_d20140716_t1803247_e1809051_b14079_c20140717000905445471_noaa_ops.h5,SVI04_npp_d20140716_t1803247_e1809051_b14079_c20140717000905432367_noaa_ops.dspace_rad,VNFF_npp_d20140716_t1803247_e1809051_b14079_v21.csv,World_EEZ_v8_2014.shp,WPP_BFAR_merge.shp,KKP_IDN_merge_20161208.shp,VNF-VBD_npp_20120301-20151231_global_asia-enhanced_c201607211230.bitmask,NCEI_NGA.union.nga_lead2.add_2015ntl.mask,timezone.shp,VBD_platforms-recurring_2015_r20170330.shp,999999,VBD_bridges_c20160811.shp,2.701723;0.592520;-1.537733;-6.424739;-11.321091;-16.224911;-21.132078;-19.454973;-16.614069;-11.826628;-7.007390;-2.161976,98.595314;112.244095;125.823792;124.798187;123.864281;123.023224;122.264351;107.621338;93.259468;94.789581;96.172417;97.426979,npp_d20140716_t1803247_e1809051_b14079,158.517,42.0099,39.612,99.7001,43.2626,83.8867
251,VBD_npp_d20140716_t1805242_x1054424E_y056559S_l1087_s1257_v23,2017-05-23 13:08:46,-5.655885,105.442375,19.0155,2014-07-16 18:05:24,2014-07-17 01:05:24,1087,1257,0.366546,1,2529,0.629934,0.233336,0.771215,0.4,0.89591,0.75,0.0399813,0.0001,6.45048e-10,999999,-2.015141e-01,3,Indonesian Exclusive Economic Zone,WPP572,,SVDNB_npp_d20140716_t1803247_e1809051_b14079_c20140717000905445784_noaa_ops.h5,GDNBO_npp_d20140716_t1803247_e1809051_b14079_c20140717000905445471_noaa_ops.h5,SVI04_npp_d20140716_t1803247_e1809051_b14079_c20140717000905432367_noaa_ops.dspace_rad,VNFF_npp_d20140716_t1803247_e1809051_b14079_v21.csv,World_EEZ_v8_2014.shp,WPP_BFAR_merge.shp,KKP_IDN_merge_20161208.shp,VNF-VBD_npp_20120301-20151231_global_asia-enhanced_c201607211230.bitmask,NCEI_NGA.union.nga_lead2.add_2015ntl.mask,timezone.shp,VBD_platforms-recurring_2015_r20170330.shp,999999,VBD_bridges_c20160811.shp,2.701723;0.592520;-1.537733;-6.424739;-11.321091;-16.224911;-21.132078;-19.454973;-16.614069;-11.826628;-7.007390;-2.161976,98.595314;112.244095;125.823792;124.798187;123.864281;123.023224;122.264351;107.621338;93.259468;94.789581;96.172417;97.426979,npp_d20140716_t1803247_e1809051_b14079,158.484,41.9934,39.5393,98.887,43.2413,83.9137
252,VBD_npp_d20140716_t1805296_x1053840E_y059155S_l1127_s1258_v23,2017-05-23 13:08:46,-5.915486,105.383972,50.984,2014-07-16 18:05:29,2014-07-17 01:05:29,1127,1258,0.352569,1,2529,1.07905,0.204224,0.880468,0.4,0.962221,0.75,0.0399186,0.0001,6.59921e-10,999999,6.613520e-03,3,Indonesian Exclusive Economic Zone,WPP572,,SVDNB_npp_d20140716_t1803247_e1809051_b14079_c20140717000905445784_noaa_ops.h5,GDNBO_npp_d20140716_t1803247_e1809051_b14079_c20140717000905445471_noaa_ops.h5,SVI04_npp_d20140716_t1803247_e1809051_b14079_c20140717000905432367_noaa_ops.dspace_rad,VNFF_npp_d20140716_t1803247_e1809051_b14079_v21.csv,World_EEZ_v8_2014.shp,WPP_BFAR_merge.shp,KKP_IDN_merge_20161208.shp,VNF-VBD_npp_20120301-20151231_global_asia-enhanced_c201607211230.bitmask,NCEI_NGA.union.nga_lead2.add_2015ntl.mask,timezone.shp,VBD_platforms-recurring_2015_r20170330.shp,999999,VBD_bridges_c20160811.shp,2.701723;0.592520;-1.537733;-6.424739;-11.321091;-16.224911;-21.132078;-19.454973;-16.614069;-11.826628;-7.007390;-2.161976,98.595314;112.244095;125.823792;124.798187;123.864281;123.023224;122.264351;107.621338;93.259468;94.789581;96.172417;97.426979,npp_d20140716_t1803247_e1809051_b14079,158.7,42.3737,39.4973,99.5026,43.3069,83.6407
253,VBD_npp_d20140716_t1803517_x1067373E_y001787S_l0244_s1261_v23,2017-05-23 13:08:46,-0.178653,106.737274,105.156,2014-07-16 18:03:51,2014-07-17 01:03:51,244,1261,0.418199,1,2529,1.17488,0.189124,0.8886,0.4,0.966048,0.75,0.0409449,0.0001,1.29668e-09,999999,1.145691e-01,3,Indonesian Exclusive Economic Zone,WPP711,,SVDNB_npp_d20140716_t1803247_e1809051_b14079_c20140717000905445784_noaa_ops.h5,GDNBO_npp_d20140716_t1803247_e1809051_b14079_c20140717000905445471_noaa_ops.h5,SVI04_npp_d20140716_t1803247_e1809051_b14079_c20140717000905432367_noaa_ops.dspace_rad,VNFF_npp_d20140716_t1803247_e1809051_b14079_v21.csv,World_EEZ_v8_2014.shp,WPP_BFAR_merge.shp,KKP_IDN_merge_20161208.shp,VNF-VBD_npp_20120301-20151231_global_asia-enhanced_c201607211230.bitmask,NCEI_NGA.union.nga_lead2.add_2015ntl.mask,timezone.shp,VBD_platforms-recurring_2015_r20170330.shp,999999,VBD_bridges_c20160811.shp,2.701723;0.592520;-1.537733;-6.424739;-11.321091;-16.224911;-21.132078;-19.454973;-16.614069;-11.826628;-7.007390;-2.161976,98.595314;112.244095;125.823792;124.798187;123.864281;123.023224;122.264351;107.621338;93.259468;94.789581;96.172417;97.426979,npp_d20140716_t1803247_e1809051_b14079,153.642,35.7859,39.3769,99.142,42.007,89.9101
254,VBD_npp_d20140716_t1803517_x1067587E_y001684S_l0242_s1264_v23,2017-05-23 13:08:46,-0.168430,106.758667,142.632,2014-07-16 18:03:51,2014-07-17 01:03:51,242,1264,0.417868,1,2529,1.29938,0.188695,0.892351,0.4,0.970786,0.75,0.0409636,0.0001,1.41295e-09,999999,1.176359e-01,3,Indonesian Exclusive Economic Zone,WPP711,,SVDNB_npp_d20140716_t1803247_e1809051_b14079_c20140717000905445784_noaa_ops.h5,GDNBO_npp_d20140716_t1803247_e1809051_b14079_c20140717000905445471_noaa_ops.h5,SVI04_npp_d20140716_t1803247_e1809051_b14079_c20140717000905432367_noaa_ops.dspace_rad,VNFF_npp_d20140716_t1803247_e1809051_b14079_v21.csv,World_EEZ_v8_2014.shp,WPP_BFAR_merge.shp,KKP_IDN_merge_20161208.shp,VNF-VBD_npp_20120301-20151231_global_asia-enhanced_c201607211230.bitmask,NCEI_NGA.union.nga_lead2.add_2015ntl.mask,timezone.shp,VBD_platforms-recurring_2015_r20170330.shp,999999,VBD_bridges_c20160811.shp,2.701723;0.592520;-1.537733;-6.424739;-11.321091;-16.224911;-21.132078;-19.454973;-16.614069;-11.826628;-7.007390;-2.161976,98.595314;112.244095;125.823792;124.798187;123.864281;123.023224;122.264351;107.621338;93.259468;94.789581;96.172417;97.426979,npp_d20140716_t1803247_e1809051_b14079,153.622,35.8088,39.2644,99.2896,41.9853,89.9216
255,VBD_npp_d20140716_t1805296_x1054421E_y059253S_l1127_s1267_v23,2017-05-23 13:08:46,-5.925294,105.442146,9.42641,2014-07-16 18:05:29,2014-07-17 01:05:29,1127,1267,0.320748,1,2529,0.434723,0.240959,0.783211,0.4,0.838261,0.75,0.039967,0.0001,8.48342e-10,999999,-2.560142e-01,3,Indonesian Exclusive Economic Zone,WPP572,,SVDNB_npp_d20140716_t1803247_e1809051_b14079_c20140717000905445784_noaa_ops.h5,GDNBO_npp_d20140716_t1803247_e1809051_b14079_c20140717000905445471_noaa_ops.h5,SVI04_npp_d20140716_t1803247_e1809051_b14079_c20140717000905432367_noaa_ops.dspace_rad,VNFF_npp_d20140716_t1803247_e1809051_b14079_v21.csv,World_EEZ_v8_2014.shp,WPP_BFAR_merge.shp,KKP_IDN_merge_20161208.shp,VNF-VBD_npp_20120301-20151231_global_asia-enhanced_c201607211230.bitmask,NCEI_NGA.union.nga_lead2.add_2015ntl.mask,timezone.shp,VBD_platforms-recurring_2015_r20170330.shp,999999,VBD_bridges_c20160811.shp,2.701723;0.592520;-1.537733;-6.424739;-11.321091;-16.224911;-21.132078;-19.454973;-16.614069;-11.826628;-7.007390;-2.161976,98.595314;112.244095;125.823792;124.798187;123.864281;123.023224;122.264351;107.621338;93.259468;94.789581;96.172417;97.426979,npp_d20140716_t1803247_e1809051_b14079,158.669,42.4941,39.1591,99.4967,43.2497,83.6171
256,VBD_npp_d20140716_t1805260_x1055045E_y056787S_l1089_s1268_v23,2017-05-23 13:08:46,-5.678661,105.504517,7.81886,2014-07-16 18:05:26,2014-07-17 01:05:26,1089,1268,0.379197,1,2529,0.318837,0.201766,0.797577,0.4,0.750004,0.75,0.0400406,0.0001,9.16764e-10,999999,2.418915e-02,3,,,,SVDNB_npp_d20140716_t1803247_e1809051_b14079_c20140717000905445784_noaa_ops.h5,GDNBO_npp_d20140716_t1803247_e1809051_b14079_c20140717000905445471_noaa_ops.h5,SVI04_npp_d20140716_t1803247_e1809051_b14079_c20140717000905432367_noaa_ops.dspace_rad,VNFF_npp_d20140716_t1803247_e1809051_b14079_v21.csv,World_EEZ_v8_2014.shp,WPP_BFAR_merge.shp,KKP_IDN_merge_20161208.shp,VNF-VBD_npp_20120301-20151231_global_asia-enhanced_c201607211230.bitmask,NCEI_NGA.union.nga_lead2.add_2015ntl.mask,timezone.shp,VBD_platforms-recurring_2015_r20170330.shp,999999,VBD_bridges_c20160811.shp,2.701723;0.592520;-1.537733;-6.424739;-11.321091;-16.224911;-21.132078;-19.454973;-16.614069;-11.826628;-7.007390;-2.161976,98.595314;112.244095;125.823792;124.798187;123.864281;123.023224;122.264351;107.621338;93.259468;94.789581;96.172417;97.426979,npp_d20140716_t1803247_e1809051_b14079,158.454,42.1555,39.1238,99.9153,43.1744,83.8741
257,VBD_npp_d20140716_t1803535_x1068033E_y003035S_l0261_s1275_v23,2017-05-23 13:08:46,-0.303532,106.803291,201.536,2014-07-16 18:03:53,2014-07-17 01:03:53,261,1275,0.419636,1,2529,1.5148,0.198655,0.905972,0.4,0.978993,0.75,0.041,0.0001,1.87919e-09,999999,4.643030e-02,3,Indonesian Exclusive Economic Zone,WPP711,,SVDNB_npp_d20140716_t1803247_e1809051_b14079_c20140717000905445784_noaa_ops.h5,GDNBO_npp_d20140716_t1803247_e1809051_b14079_c20140717000905445471_noaa_ops.h5,SVI04_npp_d20140716_t1803247_e1809051_b14079_c20140717000905432367_noaa_ops.dspace_rad,VNFF_npp_d20140716_t1803247_e1809051_b14079_v21.csv,World_EEZ_v8_2014.shp,WPP_BFAR_merge.shp,KKP_IDN_merge_20161208.shp,VNF-VBD_npp_20120301-20151231_global_asia-enhanced_c201607211230.bitmask,NCEI_NGA.union.nga_lead2.add_2015ntl.mask,timezone.shp,VBD_platforms-recurring_2015_r20170330.shp,999999,VBD_bridges_c20160811.shp,2.701723;0.592520;-1.537733;-6.424739;-11.321091;-16.224911;-21.132078;-19.454973;-16.614069;-11.826628;-7.007390;-2.161976,98.595314;112.244095;125.823792;124.798187;123.864281;123.023224;122.264351;107.621338;93.259468;94.789581;96.172417;97.426979,npp_d20140716_t1803247_e1809051_b14079,153.701,36.0539,38.845,99.0844,41.9332,89.7673
258,VBD_npp_d20140716_t1805403_x1054549E_y066105S_l1228_s1292_v23,2017-05-23 13:08:46,-6.610511,105.454880,9.68256,2014-07-16 18:05:40,2014-07-17 01:05:40,1228,1292,0.180372,1,2529,0.365832,0.249631,0.832464,0.4,0.757032,0.75,0.0399069,0.0001,1.56124e-09,999999,-3.180127e-01,3,Indonesian Exclusive Economic Zone,WPP572,,SVDNB_npp_d20140716_t1803247_e1809051_b14079_c20140717000905445784_noaa_ops.h5,GDNBO_npp_d20140716_t1803247_e1809051_b14079_c20140717000905445471_noaa_ops.h5,SVI04_npp_d20140716_t1803247_e1809051_b14079_c20140717000905432367_noaa_ops.dspace_rad,VNFF_npp_d20140716_t1803247_e1809051_b14079_v21.csv,World_EEZ_v8_2014.shp,WPP_BFAR_merge.shp,KKP_IDN_merge_20161208.shp,VNF-VBD_npp_20120301-20151231_global_asia-enhanced_c201607211230.bitmask,NCEI_NGA.union.nga_lead2.add_2015ntl.mask,timezone.shp,VBD_platforms-recurring_2015_r20170330.shp,999999,VBD_bridges_c20160811.shp,2.701723;0.592520;-1.537733;-6.424739;-11.321091;-16.224911;-21.132078;-19.454973;-16.614069;-11.826628;-7.007390;-2.161976,98.595314;112.244095;125.823792;124.798187;123.864281;123.023224;122.264351;107.621338;93.259468;94.789581;96.172417;97.426979,npp_d20140716_t1803247_e1809051_b14079,159.13,43.81,38.1733,99.1634,43.2758,82.8627
259,VBD_npp_d20140716_t1805403_x1054672E_y066195S_l1229_s1294_v23,2017-05-23 13:08:46,-6.619521,105.467224,13.4576,2014-07-16 18:05:40,2014-07-17 01:05:40,1229,1294,0.17087,1,2529,0.469795,0.243854,0.832464,0.4,0.817283,0.75,0.0399157,0.0001,1.64525e-09,999999,-2.767078e-01,3,Indonesian Exclusive Economic Zone,WPP572,,SVDNB_npp_d20140716_t1803247_e1809051_b14079_c20140717000905445784_noaa_ops.h5,GDNBO_npp_d20140716_t1803247_e1809051_b14079_c20140717000905445471_noaa_ops.h5,SVI04_npp_d20140716_t1803247_e1809051_b14079_c20140717000905432367_noaa_ops.dspace_rad,VNFF_npp_d20140716_t1803247_e1809051_b14079_v21.csv,World_EEZ_v8_2014.shp,WPP_BFAR_merge.shp,KKP_IDN_merge_20161208.shp,VNF-VBD_npp_20120301-20151231_global_asia-enhanced_c201607211230.bitmask,NCEI_NGA.union.nga_lead2.add_2015ntl.mask,timezone.shp,VBD_platforms-recurring_2015_r20170330.shp,999999,VBD_bridges_c20160811.shp,2.701723;0.592520;-1.537733;-6.424739;-11.321091;-16.224911;-21.132078;-19.454973;-16.614069;-11.826628;-7.007390;-2.161976,98.595314;112.244095;125.823792;124.798187;123.864281;123.023224;122.264351;107.621338;93.259468;94.789581;96.172417;97.426979,npp_d20140716_t1803247_e1809051_b14079,159.128,43.8482,38.0934,99.0836,43.2646,82.8499
260,VBD_npp_d20140716_t1805403_x1054976E_y066038S_l1226_s1298_v23,2017-05-23 13:08:46,-6.603767,105.497627,17.1635,2014-07-16 18:05:40,2014-07-17 01:05:40,1226,1298,0.2465,1,2529,0.598419,0.213493,0.862682,0.4,0.882931,0.75,0.039943,0.0001,1.86803e-09,999999,-5.964808e-02,3,Indonesian Exclusive Economic Zone,WPP572,,SVDNB_npp_d20140716_t1803247_e1809051_b14079_c20140717000905445784_noaa_ops.h5,GDNBO_npp_d20140716_t1803247_e1809051_b14079_c20140717000905445471_noaa_ops.h5,SVI04_npp_d20140716_t1803247_e1809051_b14079_c20140717000905432367_noaa_ops.dspace_rad,VNFF_npp_d20140716_t1803247_e1809051_b14079_v21.csv,World_EEZ_v8_2014.shp,WPP_BFAR_merge.shp,KKP_IDN_merge_20161208.shp,VNF-VBD_npp_20120301-20151231_global_asia-enhanced_c201607211230.bitmask,NCEI_NGA.union.nga_lead2.add_2015ntl.mask,timezone.shp,VBD_platforms-recurring_2015_r20170330.shp,999999,VBD_bridges_c20160811.shp,2.701723;0.592520;-1.537733;-6.424739;-11.321091;-16.224911;-21.132078;-19.454973;-16.614069;-11.826628;-7.007390;-2.161976,98.595314;112.244095;125.823792;124.798187;123.864281;123.023224;122.264351;107.621338;93.259468;94.789581;96.172417;97.426979,npp_d20140716_t1803247_e1809051_b14079,159.095,43.8731,37.9316,99.3125,43.2323,82.8593
261,VBD_npp_d20140716_t1805403_x1054942E_y066240S_l1229_s1298_v23,2017-05-23 13:08:46,-6.624002,105.494156,9.20903,2014-07-16 18:05:40,2014-07-17 01:05:40,1229,1298,0.255284,1,2529,0.383922,0.214419,0.877316,0.4,0.76537,0.75,0.0399371,0.0001,1.84276e-09,999999,-6.627037e-02,3,Indonesian Exclusive Economic Zone,WPP572,,SVDNB_npp_d20140716_t1803247_e1809051_b14079_c20140717000905445784_noaa_ops.h5,GDNBO_npp_d20140716_t1803247_e1809051_b14079_c20140717000905445471_noaa_ops.h5,SVI04_npp_d20140716_t1803247_e1809051_b14079_c20140717000905432367_noaa_ops.dspace_rad,VNFF_npp_d20140716_t1803247_e1809051_b14079_v21.csv,World_EEZ_v8_2014.shp,WPP_BFAR_merge.shp,KKP_IDN_merge_20161208.shp,VNF-VBD_npp_20120301-20151231_global_asia-enhanced_c201607211230.bitmask,NCEI_NGA.union.nga_lead2.add_2015ntl.mask,timezone.shp,VBD_platforms-recurring_2015_r20170330.shp,999999,VBD_bridges_c20160811.shp,2.701723;0.592520;-1.537733;-6.424739;-11.321091;-16.224911;-21.132078;-19.454973;-16.614069;-11.826628;-7.007390;-2.161976,98.595314;112.244095;125.823792;124.798187;123.864281;123.023224;122.264351;107.621338;93.259468;94.789581;96.172417;97.426979,npp_d20140716_t1803247_e1809051_b14079,159.112,43.9037,37.9328,99.079,43.2383,82.8383
262,VBD_npp_d20140716_t1805420_x1054958E_y066559S_l1234_s1300_v23,2017-05-23 13:08:46,-6.655868,105.495811,4.61351,2014-07-16 18:05:42,2014-07-17 01:05:42,1234,1300,0.283182,2,2209,0.191137,0.190142,0.876941,0.4,0.62634,0.75,0.0399379,0.0001,2.02345e-09,999999,1.072931e-01,3,Indonesian Exclusive Economic Zone,WPP572,,SVDNB_npp_d20140716_t1803247_e1809051_b14079_c20140717000905445784_noaa_ops.h5,GDNBO_npp_d20140716_t1803247_e1809051_b14079_c20140717000905445471_noaa_ops.h5,SVI04_npp_d20140716_t1803247_e1809051_b14079_c20140717000905432367_noaa_ops.dspace_rad,VNFF_npp_d20140716_t1803247_e1809051_b14079_v21.csv,World_EEZ_v8_2014.shp,WPP_BFAR_merge.shp,KKP_IDN_merge_20161208.shp,VNF-VBD_npp_20120301-20151231_global_asia-enhanced_c201607211230.bitmask,NCEI_NGA.union.nga_lead2.add_2015ntl.mask,timezone.shp,VBD_platforms-recurring_2015_r20170330.shp,999999,VBD_bridges_c20160811.shp,2.701723;0.592520;-1.537733;-6.424739;-11.321091;-16.224911;-21.132078;-19.454973;-16.614069;-11.826628;-7.007390;-2.161976,98.595314;112.244095;125.823792;124.798187;123.864281;123.023224;122.264351;107.621338;93.259468;94.789581;96.172417;97.426979,npp_d20140716_t1803247_e1809051_b14079,159.129,43.9777,37.8485,99.948,43.2336,82.8016
263,VBD_npp_d20140716_t1805278_x1057022E_y058604S_l1111_s1302_v23,2017-05-23 13:08:46,-5.860440,105.702248,6.57282,2014-07-16 18:05:27,2014-07-17 01:05:27,1111,1302,0.265835,8,18849,0.281397,0.232601,0.721452,0.4,0.70001,0.75,0.0401855,0.0001,2.3302e-09,999999,-1.962584e-01,3,,,,SVDNB_npp_d20140716_t1803247_e1809051_b14079_c20140717000905445784_noaa_ops.h5,GDNBO_npp_d20140716_t1803247_e1809051_b14079_c20140717000905445471_noaa_ops.h5,SVI04_npp_d20140716_t1803247_e1809051_b14079_c20140717000905432367_noaa_ops.dspace_rad,VNFF_npp_d20140716_t1803247_e1809051_b14079_v21.csv,World_EEZ_v8_2014.shp,WPP_BFAR_merge.shp,KKP_IDN_merge_20161208.shp,VNF-VBD_npp_20120301-20151231_global_asia-enhanced_c201607211230.bitmask,NCEI_NGA.union.nga_lead2.add_2015ntl.mask,timezone.shp,VBD_platforms-recurring_2015_r20170330.shp,0.991394,VBD_bridges_c20160811.shp,2.701723;0.592520;-1.537733;-6.424739;-11.321091;-16.224911;-21.132078;-19.454973;-16.614069;-11.826628;-7.007390;-2.161976,98.595314;112.244095;125.823792;124.798187;123.864281;123.023224;122.264351;107.621338;93.259468;94.789581;96.172417;97.426979,npp_d20140716_t1803247_e1809051_b14079,158.451,42.827,37.7661,99.4682,42.9891,83.6312
264,VBD_npp_d20140716_t1805403_x1055210E_y066285S_l1229_s1302_v23,2017-05-23 13:08:46,-6.628464,105.520973,20.9939,2014-07-16 18:05:40,2014-07-17 01:05:40,1229,1302,0.287215,1,2529,0.689736,0.205324,0.895825,0.4,0.907029,0.75,0.0399585,0.0001,2.06227e-09,999999,-1.246309e-03,3,Indonesian Exclusive Economic Zone,WPP572,,SVDNB_npp_d20140716_t1803247_e1809051_b14079_c20140717000905445784_noaa_ops.h5,GDNBO_npp_d20140716_t1803247_e1809051_b14079_c20140717000905445471_noaa_ops.h5,SVI04_npp_d20140716_t1803247_e1809051_b14079_c20140717000905432367_noaa_ops.dspace_rad,VNFF_npp_d20140716_t1803247_e1809051_b14079_v21.csv,World_EEZ_v8_2014.shp,WPP_BFAR_merge.shp,KKP_IDN_merge_20161208.shp,VNF-VBD_npp_20120301-20151231_global_asia-enhanced_c201607211230.bitmask,NCEI_NGA.union.nga_lead2.add_2015ntl.mask,timezone.shp,VBD_platforms-recurring_2015_r20170330.shp,999999,VBD_bridges_c20160811.shp,2.701723;0.592520;-1.537733;-6.424739;-11.321091;-16.224911;-21.132078;-19.454973;-16.614069;-11.826628;-7.007390;-2.161976,98.595314;112.244095;125.823792;124.798187;123.864281;123.023224;122.264351;107.621338;93.259468;94.789581;96.172417;97.426979,npp_d20140716_t1803247_e1809051_b14079,159.097,43.959,37.7722,99.0743,43.2121,82.8268
265,VBD_npp_d20140716_t1805278_x1057078E_y058683S_l1112_s1303_v23,2017-05-23 13:08:46,-5.868297,105.707817,15.0288,2014-07-16 18:05:27,2014-07-17 01:05:27,1112,1303,0.278265,1,2529,0.533078,0.224006,0.762862,0.4,0.840938,0.75,0.040189,0.0001,2.386e-09,999999,-1.348104e-01,3,,,,SVDNB_npp_d20140716_t1803247_e1809051_b14079_c20140717000905445784_noaa_ops.h5,GDNBO_npp_d20140716_t1803247_e1809051_b14079_c20140717000905445471_noaa_ops.h5,SVI04_npp_d20140716_t1803247_e1809051_b14079_c20140717000905432367_noaa_ops.dspace_rad,VNFF_npp_d20140716_t1803247_e1809051_b14079_v21.csv,World_EEZ_v8_2014.shp,WPP_BFAR_merge.shp,KKP_IDN_merge_20161208.shp,VNF-VBD_npp_20120301-20151231_global_asia-enhanced_c201607211230.bitmask,NCEI_NGA.union.nga_lead2.add_2015ntl.mask,timezone.shp,VBD_platforms-recurring_2015_r20170330.shp,999999,VBD_bridges_c20160811.shp,2.701723;0.592520;-1.537733;-6.424739;-11.321091;-16.224911;-21.132078;-19.454973;-16.614069;-11.826628;-7.007390;-2.161976,98.595314;112.244095;125.823792;124.798187;123.864281;123.023224;122.264351;107.621338;93.259468;94.789581;96.172417;97.426979,npp_d20140716_t1803247_e1809051_b14079,158.453,42.8501,37.7261,99.3894,42.9845,83.6214
266,VBD_npp_d20140716_t1805403_x1055424E_y065836S_l1222_s1304_v23,2017-05-23 13:08:46,-6.583599,105.542419,8.87464,2014-07-16 18:05:40,2014-07-17 01:05:40,1222,1304,0.280751,1,2529,0.397373,0.216852,0.838611,0.4,0.80612,0.75,0.039983,0.0001,2.25021e-09,999999,-8.366668e-02,3,Indonesian Exclusive Economic Zone,WPP572,,SVDNB_npp_d20140716_t1803247_e1809051_b14079_c20140717000905445784_noaa_ops.h5,GDNBO_npp_d20140716_t1803247_e1809051_b14079_c20140717000905445471_noaa_ops.h5,SVI04_npp_d20140716_t1803247_e1809051_b14079_c20140717000905432367_noaa_ops.dspace_rad,VNFF_npp_d20140716_t1803247_e1809051_b14079_v21.csv,World_EEZ_v8_2014.shp,WPP_BFAR_merge.shp,KKP_IDN_merge_20161208.shp,VNF-VBD_npp_20120301-20151231_global_asia-enhanced_c201607211230.bitmask,NCEI_NGA.union.nga_lead2.add_2015ntl.mask,timezone.shp,VBD_platforms-recurring_2015_r20170330.shp,999999,VBD_bridges_c20160811.shp,2.701723;0.592520;-1.537733;-6.424739;-11.321091;-16.224911;-21.132078;-19.454973;-16.614069;-11.826628;-7.007390;-2.161976,98.595314;112.244095;125.823792;124.798187;123.864281;123.023224;122.264351;107.621338;93.259468;94.789581;96.172417;97.426979,npp_d20140716_t1803247_e1809051_b14079,159.05,43.9152,37.6902,99.6198,43.185,82.87
267,VBD_npp_d20140716_t1805385_x1055850E_y064617S_l1203_s1306_v23,2017-05-23 13:08:46,-6.461707,105.585037,9.7659,2014-07-16 18:05:38,2014-07-17 01:05:38,1203,1306,0.253461,1,2529,0.402333,0.220497,0.778296,0.4,0.800631,0.75,0.0400313,0.0001,2.45244e-09,999999,-1.097272e-01,3,Indonesian Exclusive Economic Zone,WPP572,,SVDNB_npp_d20140716_t1803247_e1809051_b14079_c20140717000905445784_noaa_ops.h5,GDNBO_npp_d20140716_t1803247_e1809051_b14079_c20140717000905445471_noaa_ops.h5,SVI04_npp_d20140716_t1803247_e1809051_b14079_c20140717000905432367_noaa_ops.dspace_rad,VNFF_npp_d20140716_t1803247_e1809051_b14079_v21.csv,World_EEZ_v8_2014.shp,WPP_BFAR_merge.shp,KKP_IDN_merge_20161208.shp,VNF-VBD_npp_20120301-20151231_global_asia-enhanced_c201607211230.bitmask,NCEI_NGA.union.nga_lead2.add_2015ntl.mask,timezone.shp,VBD_platforms-recurring_2015_r20170330.shp,999999,VBD_bridges_c20160811.shp,2.701723;0.592520;-1.537733;-6.424739;-11.321091;-16.224911;-21.132078;-19.454973;-16.614069;-11.826628;-7.007390;-2.161976,98.595314;112.244095;125.823792;124.798187;123.864281;123.023224;122.264351;107.621338;93.259468;94.789581;96.172417;97.426979,npp_d20140716_t1803247_e1809051_b14079,158.938,43.7571,37.6044,99.8452,43.1344,82.9934
268,VBD_npp_d20140716_t1805403_x1055535E_y065993S_l1224_s1306_v23,2017-05-23 13:08:46,-6.599302,105.553452,5.7821,2014-07-16 18:05:40,2014-07-17 01:05:40,1224,1306,0.286441,2,2465,0.263782,0.242795,0.880617,0.4,0.719149,0.75,0.0399898,0.0001,2.35825e-09,999999,-2.691416e-01,3,Indonesian Exclusive Economic Zone,WPP572,,SVDNB_npp_d20140716_t1803247_e1809051_b14079_c20140717000905445784_noaa_ops.h5,GDNBO_npp_d20140716_t1803247_e1809051_b14079_c20140717000905445471_noaa_ops.h5,SVI04_npp_d20140716_t1803247_e1809051_b14079_c20140717000905432367_noaa_ops.dspace_rad,VNFF_npp_d20140716_t1803247_e1809051_b14079_v21.csv,World_EEZ_v8_2014.shp,WPP_BFAR_merge.shp,KKP_IDN_merge_20161208.shp,VNF-VBD_npp_20120301-20151231_global_asia-enhanced_c201607211230.bitmask,NCEI_NGA.union.nga_lead2.add_2015ntl.mask,timezone.shp,VBD_platforms-recurring_2015_r20170330.shp,999999,VBD_bridges_c20160811.shp,2.701723;0.592520;-1.537733;-6.424739;-11.321091;-16.224911;-21.132078;-19.454973;-16.614069;-11.826628;-7.007390;-2.161976,98.595314;112.244095;125.823792;124.798187;123.864281;123.023224;122.264351;107.621338;93.259468;94.789581;96.172417;97.426979,npp_d20140716_t1803247_e1809051_b14079,159.054,43.963,37.6102,99.4616,43.176,82.8502
269,VBD_npp_d20140716_t1805420_x1055324E_y066829S_l1237_s1306_v23,2017-05-23 13:08:46,-6.682908,105.532433,7.96742,2014-07-16 18:05:42,2014-07-17 01:05:42,1237,1306,0.306882,2,2465,0.353251,0.187243,0.811102,0.4,0.719204,0.75,0.0399641,0.0001,2.3618e-09,999999,1.280144e-01,3,Indonesian Exclusive Economic Zone,WPP572,,SVDNB_npp_d20140716_t1803247_e1809051_b14079_c20140717000905445784_noaa_ops.h5,GDNBO_npp_d20140716_t1803247_e1809051_b14079_c20140717000905445471_noaa_ops.h5,SVI04_npp_d20140716_t1803247_e1809051_b14079_c20140717000905432367_noaa_ops.dspace_rad,VNFF_npp_d20140716_t1803247_e1809051_b14079_v21.csv,World_EEZ_v8_2014.shp,WPP_BFAR_merge.shp,KKP_IDN_merge_20161208.shp,VNF-VBD_npp_20120301-20151231_global_asia-enhanced_c201607211230.bitmask,NCEI_NGA.union.nga_lead2.add_2015ntl.mask,timezone.shp,VBD_platforms-recurring_2015_r20170330.shp,999999,VBD_bridges_c20160811.shp,2.701723;0.592520;-1.537733;-6.424739;-11.321091;-16.224911;-21.132078;-19.454973;-16.614069;-11.826628;-7.007390;-2.161976,98.595314;112.244095;125.823792;124.798187;123.864281;123.023224;122.264351;107.621338;93.259468;94.789581;96.172417;97.426979,npp_d20140716_t1803247_e1809051_b14079,159.123,44.0913,37.6076,99.7104,43.2004,82.7631
270,VBD_npp_d20140716_t1805403_x1055544E_y066340S_l1229_s1307_v23,2017-05-23 13:08:46,-6.634014,105.554352,10.8644,2014-07-16 18:05:40,2014-07-17 01:05:40,1229,1307,0.300529,1,2529,0.466006,0.20128,0.858204,0.4,0.823777,0.75,0.0399853,0.0001,2.37102e-09,999999,2.766378e-02,3,Indonesian Exclusive Economic Zone,WPP572,,SVDNB_npp_d20140716_t1803247_e1809051_b14079_c20140717000905445784_noaa_ops.h5,GDNBO_npp_d20140716_t1803247_e1809051_b14079_c20140717000905445471_noaa_ops.h5,SVI04_npp_d20140716_t1803247_e1809051_b14079_c20140717000905432367_noaa_ops.dspace_rad,VNFF_npp_d20140716_t1803247_e1809051_b14079_v21.csv,World_EEZ_v8_2014.shp,WPP_BFAR_merge.shp,KKP_IDN_merge_20161208.shp,VNF-VBD_npp_20120301-20151231_global_asia-enhanced_c201607211230.bitmask,NCEI_NGA.union.nga_lead2.add_2015ntl.mask,timezone.shp,VBD_platforms-recurring_2015_r20170330.shp,999999,VBD_bridges_c20160811.shp,2.701723;0.592520;-1.537733;-6.424739;-11.321091;-16.224911;-21.132078;-19.454973;-16.614069;-11.826628;-7.007390;-2.161976,98.595314;112.244095;125.823792;124.798187;123.864281;123.023224;122.264351;107.621338;93.259468;94.789581;96.172417;97.426979,npp_d20140716_t1803247_e1809051_b14079,159.078,44.0277,37.5717,99.0684,43.1795,82.8124
271,VBD_npp_d20140716_t1805420_x1055437E_y066572S_l1233_s1307_v23,2017-05-23 13:08:46,-6.657169,105.543686,5.55289,2014-07-16 18:05:42,2014-07-17 01:05:42,1233,1307,0.306219,2,2209,0.250056,0.176162,0.839893,0.4,0.705627,0.75,0.0399774,0.0001,2.47081e-09,999999,2.072395e-01,3,Indonesian Exclusive Economic Zone,WPP572,,SVDNB_npp_d20140716_t1803247_e1809051_b14079_c20140717000905445784_noaa_ops.h5,GDNBO_npp_d20140716_t1803247_e1809051_b14079_c20140717000905445471_noaa_ops.h5,SVI04_npp_d20140716_t1803247_e1809051_b14079_c20140717000905432367_noaa_ops.dspace_rad,VNFF_npp_d20140716_t1803247_e1809051_b14079_v21.csv,World_EEZ_v8_2014.shp,WPP_BFAR_merge.shp,KKP_IDN_merge_20161208.shp,VNF-VBD_npp_20120301-20151231_global_asia-enhanced_c201607211230.bitmask,NCEI_NGA.union.nga_lead2.add_2015ntl.mask,timezone.shp,VBD_platforms-recurring_2015_r20170330.shp,999999,VBD_bridges_c20160811.shp,2.701723;0.592520;-1.537733;-6.424739;-11.321091;-16.224911;-21.132078;-19.454973;-16.614069;-11.826628;-7.007390;-2.161976,98.595314;112.244095;125.823792;124.798187;123.864281;123.023224;122.264351;107.621338;93.259468;94.789581;96.172417;97.426979,npp_d20140716_t1803247_e1809051_b14079,159.097,44.0641,37.568,100.024,43.1859,82.7881
272,VBD_npp_d20140716_t1805367_x1056114E_y064274S_l1197_s1308_v23,2017-05-23 13:08:46,-6.427367,105.611374,13.2895,2014-07-16 18:05:36,2014-07-17 01:05:36,1197,1308,0.234733,1,2529,0.466903,0.194233,0.818786,0.4,0.815625,0.75,0.0400538,0.0001,2.51133e-09,999999,7.804287e-02,3,Indonesian Exclusive Economic Zone,WPP572,,SVDNB_npp_d20140716_t1803247_e1809051_b14079_c20140717000905445784_noaa_ops.h5,GDNBO_npp_d20140716_t1803247_e1809051_b14079_c20140717000905445471_noaa_ops.h5,SVI04_npp_d20140716_t1803247_e1809051_b14079_c20140717000905432367_noaa_ops.dspace_rad,VNFF_npp_d20140716_t1803247_e1809051_b14079_v21.csv,World_EEZ_v8_2014.shp,WPP_BFAR_merge.shp,KKP_IDN_merge_20161208.shp,VNF-VBD_npp_20120301-20151231_global_asia-enhanced_c201607211230.bitmask,NCEI_NGA.union.nga_lead2.add_2015ntl.mask,timezone.shp,VBD_platforms-recurring_2015_r20170330.shp,999999,VBD_bridges_c20160811.shp,2.701723;0.592520;-1.537733;-6.424739;-11.321091;-16.224911;-21.132078;-19.454973;-16.614069;-11.826628;-7.007390;-2.161976,98.595314;112.244095;125.823792;124.798187;123.864281;123.023224;122.264351;107.621338;93.259468;94.789581;96.172417;97.426979,npp_d20140716_t1803247_e1809051_b14079,158.9,43.7286,37.5277,99.0451,43.111,83.0262
273,VBD_npp_d20140716_t1805385_x1055947E_y065255S_l1212_s1309_v23,2017-05-23 13:08:46,-6.525519,105.594666,5.65232,2014-07-16 18:05:38,2014-07-17 01:05:38,1212,1309,0.281635,2,2209,0.245638,0.244517,0.66878,0.4,0.686635,0.75,0.0400296,0.0001,2.56222e-09,999999,-2.814515e-01,3,Indonesian Exclusive Economic Zone,WPP572,,SVDNB_npp_d20140716_t1803247_e1809051_b14079_c20140717000905445784_noaa_ops.h5,GDNBO_npp_d20140716_t1803247_e1809051_b14079_c20140717000905445471_noaa_ops.h5,SVI04_npp_d20140716_t1803247_e1809051_b14079_c20140717000905432367_noaa_ops.dspace_rad,VNFF_npp_d20140716_t1803247_e1809051_b14079_v21.csv,World_EEZ_v8_2014.shp,WPP_BFAR_merge.shp,KKP_IDN_merge_20161208.shp,VNF-VBD_npp_20120301-20151231_global_asia-enhanced_c201607211230.bitmask,NCEI_NGA.union.nga_lead2.add_2015ntl.mask,timezone.shp,VBD_platforms-recurring_2015_r20170330.shp,999999,VBD_bridges_c20160811.shp,2.701723;0.592520;-1.537733;-6.424739;-11.321091;-16.224911;-21.132078;-19.454973;-16.614069;-11.826628;-7.007390;-2.161976,98.595314;112.244095;125.823792;124.798187;123.864281;123.023224;122.264351;107.621338;93.259468;94.789581;96.172417;97.426979,npp_d20140716_t1803247_e1809051_b14079,158.977,43.8888,37.4854,99.1361,43.1327,82.9219
274,VBD_npp_d20140716_t1805403_x1055769E_y065825S_l1221_s1309_v23,2017-05-23 13:08:46,-6.582530,105.576859,13.8897,2014-07-16 18:05:40,2014-07-17 01:05:40,1221,1309,0.291966,1,2529,0.470765,0.227998,0.830909,0.4,0.826655,0.75,0.0400118,0.0001,2.59671e-09,999999,-1.633531e-01,3,Indonesian Exclusive Economic Zone,WPP572,,SVDNB_npp_d20140716_t1803247_e1809051_b14079_c20140717000905445784_noaa_ops.h5,GDNBO_npp_d20140716_t1803247_e1809051_b14079_c20140717000905445471_noaa_ops.h5,SVI04_npp_d20140716_t1803247_e1809051_b14079_c20140717000905432367_noaa_ops.dspace_rad,VNFF_npp_d20140716_t1803247_e1809051_b14079_v21.csv,World_EEZ_v8_2014.shp,WPP_BFAR_merge.shp,KKP_IDN_merge_20161208.shp,VNF-VBD_npp_20120301-20151231_global_asia-enhanced_c201607211230.bitmask,NCEI_NGA.union.nga_lead2.add_2015ntl.mask,timezone.shp,VBD_platforms-recurring_2015_r20170330.shp,999999,VBD_bridges_c20160811.shp,2.701723;0.592520;-1.537733;-6.424739;-11.321091;-16.224911;-21.132078;-19.454973;-16.614069;-11.826628;-7.007390;-2.161976,98.595314;112.244095;125.823792;124.798187;123.864281;123.023224;122.264351;107.621338;93.259468;94.789581;96.172417;97.426979,npp_d20140716_t1803247_e1809051_b14079,159.025,43.9736,37.4897,99.6951,43.1505,82.8625
275,VBD_npp_d20140716_t1805367_x1056361E_y063625S_l1187_s1310_v23,2017-05-23 13:08:46,-6.362481,105.636108,32.0084,2014-07-16 18:05:36,2014-07-17 01:05:36,1187,1310,0.246886,1,2529,0.800494,0.190265,0.858453,0.4,0.90778,0.75,0.040084,0.0001,2.77161e-09,999999,1.064105e-01,3,Indonesian Exclusive Economic Zone,WPP572,,SVDNB_npp_d20140716_t1803247_e1809051_b14079_c20140717000905445784_noaa_ops.h5,GDNBO_npp_d20140716_t1803247_e1809051_b14079_c20140717000905445471_noaa_ops.h5,SVI04_npp_d20140716_t1803247_e1809051_b14079_c20140717000905432367_noaa_ops.dspace_rad,VNFF_npp_d20140716_t1803247_e1809051_b14079_v21.csv,World_EEZ_v8_2014.shp,WPP_BFAR_merge.shp,KKP_IDN_merge_20161208.shp,VNF-VBD_npp_20120301-20151231_global_asia-enhanced_c201607211230.bitmask,NCEI_NGA.union.nga_lead2.add_2015ntl.mask,timezone.shp,VBD_platforms-recurring_2015_r20170330.shp,999999,VBD_bridges_c20160811.shp,2.701723;0.592520;-1.537733;-6.424739;-11.321091;-16.224911;-21.132078;-19.454973;-16.614069;-11.826628;-7.007390;-2.161976,98.595314;112.244095;125.823792;124.798187;123.864281;123.023224;122.264351;107.621338;93.259468;94.789581;96.172417;97.426979,npp_d20140716_t1803247_e1809051_b14079,158.836,43.6558,37.4458,99.8299,43.0784,83.0906
276,VBD_npp_d20140716_t1805367_x1056212E_y064497S_l1200_s1310_v23,2017-05-23 13:08:46,-6.449697,105.621216,39.0857,2014-07-16 18:05:36,2014-07-17 01:05:36,1200,1310,0.256609,1,2529,0.781585,0.190886,0.823074,0.4,0.911988,0.75,0.0400586,0.0001,2.61849e-09,999999,1.019689e-01,3,Indonesian Exclusive Economic Zone,WPP572,,SVDNB_npp_d20140716_t1803247_e1809051_b14079_c20140717000905445784_noaa_ops.h5,GDNBO_npp_d20140716_t1803247_e1809051_b14079_c20140717000905445471_noaa_ops.h5,SVI04_npp_d20140716_t1803247_e1809051_b14079_c20140717000905432367_noaa_ops.dspace_rad,VNFF_npp_d20140716_t1803247_e1809051_b14079_v21.csv,World_EEZ_v8_2014.shp,WPP_BFAR_merge.shp,KKP_IDN_merge_20161208.shp,VNF-VBD_npp_20120301-20151231_global_asia-enhanced_c201607211230.bitmask,NCEI_NGA.union.nga_lead2.add_2015ntl.mask,timezone.shp,VBD_platforms-recurring_2015_r20170330.shp,999999,VBD_bridges_c20160811.shp,2.701723;0.592520;-1.537733;-6.424739;-11.321091;-16.224911;-21.132078;-19.454973;-16.614069;-11.826628;-7.007390;-2.161976,98.595314;112.244095;125.823792;124.798187;123.864281;123.023224;122.264351;107.621338;93.259468;94.789581;96.172417;97.426979,npp_d20140716_t1803247_e1809051_b14079,158.909,43.7858,37.4492,98.8067,43.1039,82.9995
277,VBD_npp_d20140716_t1805385_x1056205E_y064540S_l1201_s1311_v23,2017-05-23 13:08:46,-6.453964,105.620529,9.31901,2014-07-16 18:05:38,2014-07-17 01:05:38,1201,1311,0.244953,7,2465,0.272202,0.189347,0.798928,0.4,0.632128,0.75,0.040062,0.0001,2.83961e-09,999999,1.129774e-01,3,,,,SVDNB_npp_d20140716_t1803247_e1809051_b14079_c20140717000905445784_noaa_ops.h5,GDNBO_npp_d20140716_t1803247_e1809051_b14079_c20140717000905445471_noaa_ops.h5,SVI04_npp_d20140716_t1803247_e1809051_b14079_c20140717000905432367_noaa_ops.dspace_rad,VNFF_npp_d20140716_t1803247_e1809051_b14079_v21.csv,World_EEZ_v8_2014.shp,WPP_BFAR_merge.shp,KKP_IDN_merge_20161208.shp,VNF-VBD_npp_20120301-20151231_global_asia-enhanced_c201607211230.bitmask,NCEI_NGA.union.nga_lead2.add_2015ntl.mask,timezone.shp,VBD_platforms-recurring_2015_r20170330.shp,999999,VBD_bridges_c20160811.shp,2.701723;0.592520;-1.537733;-6.424739;-11.321091;-16.224911;-21.132078;-19.454973;-16.614069;-11.826628;-7.007390;-2.161976,98.595314;112.244095;125.823792;124.798187;123.864281;123.023224;122.264351;107.621338;93.259468;94.789581;96.172417;97.426979,npp_d20140716_t1803247_e1809051_b14079,158.908,43.8052,37.4044,100.001,43.098,82.9932
278,VBD_npp_d20140716_t1805403_x1055855E_y066116S_l1225_s1311_v23,2017-05-23 13:08:46,-6.611611,105.585541,5.26235,2014-07-16 18:05:40,2014-07-17 01:05:40,1225,1311,0.30191,2,2209,0.24342,0.198613,0.77906,0.4,0.698499,0.75,0.0400146,0.0001,2.69635e-09,999999,4.673123e-02,3,Indonesian Exclusive Economic Zone,WPP572,,SVDNB_npp_d20140716_t1803247_e1809051_b14079_c20140717000905445784_noaa_ops.h5,GDNBO_npp_d20140716_t1803247_e1809051_b14079_c20140717000905445471_noaa_ops.h5,SVI04_npp_d20140716_t1803247_e1809051_b14079_c20140717000905432367_noaa_ops.dspace_rad,VNFF_npp_d20140716_t1803247_e1809051_b14079_v21.csv,World_EEZ_v8_2014.shp,WPP_BFAR_merge.shp,KKP_IDN_merge_20161208.shp,VNF-VBD_npp_20120301-20151231_global_asia-enhanced_c201607211230.bitmask,NCEI_NGA.union.nga_lead2.add_2015ntl.mask,timezone.shp,VBD_platforms-recurring_2015_r20170330.shp,999999,VBD_bridges_c20160811.shp,2.701723;0.592520;-1.537733;-6.424739;-11.321091;-16.224911;-21.132078;-19.454973;-16.614069;-11.826628;-7.007390;-2.161976,98.595314;112.244095;125.823792;124.798187;123.864281;123.023224;122.264351;107.621338;93.259468;94.789581;96.172417;97.426979,npp_d20140716_t1803247_e1809051_b14079,159.04,44.0416,37.41,99.3788,43.1455,82.8289
279,VBD_npp_d20140716_t1805349_x1056639E_y063209S_l1180_s1312_v23,2017-05-23 13:08:46,-6.320935,105.663948,15.2864,2014-07-16 18:05:34,2014-07-17 01:05:34,1180,1312,0.221143,1,2529,0.493118,0.208384,0.856489,0.4,0.799224,0.75,0.040108,0.0001,2.85492e-09,999999,-2.312295e-02,3,Indonesian Exclusive Economic Zone,WPP572,,SVDNB_npp_d20140716_t1803247_e1809051_b14079_c20140717000905445784_noaa_ops.h5,GDNBO_npp_d20140716_t1803247_e1809051_b14079_c20140717000905445471_noaa_ops.h5,SVI04_npp_d20140716_t1803247_e1809051_b14079_c20140717000905432367_noaa_ops.dspace_rad,VNFF_npp_d20140716_t1803247_e1809051_b14079_v21.csv,World_EEZ_v8_2014.shp,WPP_BFAR_merge.shp,KKP_IDN_merge_20161208.shp,VNF-VBD_npp_20120301-20151231_global_asia-enhanced_c201607211230.bitmask,NCEI_NGA.union.nga_lead2.add_2015ntl.mask,timezone.shp,VBD_platforms-recurring_2015_r20170330.shp,999999,VBD_bridges_c20160811.shp,2.701723;0.592520;-1.537733;-6.424739;-11.321091;-16.224911;-21.132078;-19.454973;-16.614069;-11.826628;-7.007390;-2.161976,98.595314;112.244095;125.823792;124.798187;123.864281;123.023224;122.264351;107.621338;93.259468;94.789581;96.172417;97.426979,npp_d20140716_t1803247_e1809051_b14079,158.792,43.6175,37.3668,99.1107,43.0526,83.131
280,VBD_npp_d20140716_t1805278_x1057865E_y058470S_l1107_s1314_v23,2017-05-23 13:08:46,-5.847034,105.786484,14.2322,2014-07-16 18:05:27,2014-07-17 01:05:27,1107,1314,0.251472,1,2529,0.488034,0.234051,0.78077,0.4,0.824874,0.75,0.0402573,0.0001,3.29685e-09,999999,-2.066233e-01,3,Indonesian Exclusive Economic Zone,WPP572,,SVDNB_npp_d20140716_t1803247_e1809051_b14079_c20140717000905445784_noaa_ops.h5,GDNBO_npp_d20140716_t1803247_e1809051_b14079_c20140717000905445471_noaa_ops.h5,SVI04_npp_d20140716_t1803247_e1809051_b14079_c20140717000905432367_noaa_ops.dspace_rad,VNFF_npp_d20140716_t1803247_e1809051_b14079_v21.csv,World_EEZ_v8_2014.shp,WPP_BFAR_merge.shp,KKP_IDN_merge_20161208.shp,VNF-VBD_npp_20120301-20151231_global_asia-enhanced_c201607211230.bitmask,NCEI_NGA.union.nga_lead2.add_2015ntl.mask,timezone.shp,VBD_platforms-recurring_2015_r20170330.shp,999999,VBD_bridges_c20160811.shp,2.701723;0.592520;-1.537733;-6.424739;-11.321091;-16.224911;-21.132078;-19.454973;-16.614069;-11.826628;-7.007390;-2.161976,98.595314;112.244095;125.823792;124.798187;123.864281;123.023224;122.264351;107.621338;93.259468;94.789581;96.172417;97.426979,npp_d20140716_t1803247_e1809051_b14079,158.384,42.9504,37.2853,99.7765,42.9033,83.627
281,VBD_npp_d20140716_t1805367_x1056649E_y063536S_l1185_s1314_v23,2017-05-23 13:08:46,-6.353600,105.664856,15.9182,2014-07-16 18:05:36,2014-07-17 01:05:36,1185,1314,0.247328,1,2529,0.529759,0.155003,0.886153,0.4,0.843473,0.75,0.0401092,0.0001,3.11909e-09,999999,3.585086e-01,3,Indonesian Exclusive Economic Zone,WPP572,,SVDNB_npp_d20140716_t1803247_e1809051_b14079_c20140717000905445784_noaa_ops.h5,GDNBO_npp_d20140716_t1803247_e1809051_b14079_c20140717000905445471_noaa_ops.h5,SVI04_npp_d20140716_t1803247_e1809051_b14079_c20140717000905432367_noaa_ops.dspace_rad,VNFF_npp_d20140716_t1803247_e1809051_b14079_v21.csv,World_EEZ_v8_2014.shp,WPP_BFAR_merge.shp,KKP_IDN_merge_20161208.shp,VNF-VBD_npp_20120301-20151231_global_asia-enhanced_c201607211230.bitmask,NCEI_NGA.union.nga_lead2.add_2015ntl.mask,timezone.shp,VBD_platforms-recurring_2015_r20170330.shp,999999,VBD_bridges_c20160811.shp,2.701723;0.592520;-1.537733;-6.424739;-11.321091;-16.224911;-21.132078;-19.454973;-16.614069;-11.826628;-7.007390;-2.161976,98.595314;112.244095;125.823792;124.798187;123.864281;123.023224;122.264351;107.621338;93.259468;94.789581;96.172417;97.426979,npp_d20140716_t1803247_e1809051_b14079,158.81,43.6902,37.286,99.9862,43.0485,83.0934
282,VBD_npp_d20140716_t1805260_x1058214E_y058001S_l1099_s1317_v23,2017-05-23 13:08:46,-5.800104,105.821449,8.20118,2014-07-16 18:05:26,2014-07-17 01:05:26,1099,1317,0.269205,1,2529,0.332259,0.233863,0.813426,0.4,0.75385,0.75,0.0402886,0.0001,3.49946e-09,999999,-2.052795e-01,3,Indonesian Exclusive Economic Zone,WPP572,,SVDNB_npp_d20140716_t1803247_e1809051_b14079_c20140717000905445784_noaa_ops.h5,GDNBO_npp_d20140716_t1803247_e1809051_b14079_c20140717000905445471_noaa_ops.h5,SVI04_npp_d20140716_t1803247_e1809051_b14079_c20140717000905432367_noaa_ops.dspace_rad,VNFF_npp_d20140716_t1803247_e1809051_b14079_v21.csv,World_EEZ_v8_2014.shp,WPP_BFAR_merge.shp,KKP_IDN_merge_20161208.shp,VNF-VBD_npp_20120301-20151231_global_asia-enhanced_c201607211230.bitmask,NCEI_NGA.union.nga_lead2.add_2015ntl.mask,timezone.shp,VBD_platforms-recurring_2015_r20170330.shp,999999,VBD_bridges_c20160811.shp,2.701723;0.592520;-1.537733;-6.424739;-11.321091;-16.224911;-21.132078;-19.454973;-16.614069;-11.826628;-7.007390;-2.161976,98.595314;112.244095;125.823792;124.798187;123.864281;123.023224;122.264351;107.621338;93.259468;94.789581;96.172417;97.426979,npp_d20140716_t1803247_e1809051_b14079,158.331,42.9177,37.1681,99.128,42.8702,83.6724
283,VBD_npp_d20140716_t1805367_x1056824E_y063704S_l1187_s1317_v23,2017-05-23 13:08:46,-6.370368,105.682365,33.6987,2014-07-16 18:05:36,2014-07-17 01:05:36,1187,1317,0.277437,1,2529,0.819401,0.199013,0.859326,0.4,0.926543,0.75,0.0401215,0.0001,3.35665e-09,999999,4.387042e-02,3,Indonesian Exclusive Economic Zone,WPP572,,SVDNB_npp_d20140716_t1803247_e1809051_b14079_c20140717000905445784_noaa_ops.h5,GDNBO_npp_d20140716_t1803247_e1809051_b14079_c20140717000905445471_noaa_ops.h5,SVI04_npp_d20140716_t1803247_e1809051_b14079_c20140717000905432367_noaa_ops.dspace_rad,VNFF_npp_d20140716_t1803247_e1809051_b14079_v21.csv,World_EEZ_v8_2014.shp,WPP_BFAR_merge.shp,KKP_IDN_merge_20161208.shp,VNF-VBD_npp_20120301-20151231_global_asia-enhanced_c201607211230.bitmask,NCEI_NGA.union.nga_lead2.add_2015ntl.mask,timezone.shp,VBD_platforms-recurring_2015_r20170330.shp,999999,VBD_bridges_c20160811.shp,2.701723;0.592520;-1.537733;-6.424739;-11.321091;-16.224911;-21.132078;-19.454973;-16.614069;-11.826628;-7.007390;-2.161976,98.595314;112.244095;125.823792;124.798187;123.864281;123.023224;122.264351;107.621338;93.259468;94.789581;96.172417;97.426979,npp_d20140716_t1803247_e1809051_b14079,158.81,43.7505,37.1655,99.827,43.0331,83.0709
284,VBD_npp_d20140716_t1805260_x1058371E_y057477S_l1091_s1318_v23,2017-05-23 13:08:46,-5.747707,105.837067,5.07265,2014-07-16 18:05:26,2014-07-17 01:05:26,1091,1318,0.284784,7,2209,0.20766,0.204136,0.844135,0.4,0.652217,0.75,0.040309,0.0001,3.71467e-09,999999,7.245413e-03,3,,,,SVDNB_npp_d20140716_t1803247_e1809051_b14079_c20140717000905445784_noaa_ops.h5,GDNBO_npp_d20140716_t1803247_e1809051_b14079_c20140717000905445471_noaa_ops.h5,SVI04_npp_d20140716_t1803247_e1809051_b14079_c20140717000905432367_noaa_ops.dspace_rad,VNFF_npp_d20140716_t1803247_e1809051_b14079_v21.csv,World_EEZ_v8_2014.shp,WPP_BFAR_merge.shp,KKP_IDN_merge_20161208.shp,VNF-VBD_npp_20120301-20151231_global_asia-enhanced_c201607211230.bitmask,NCEI_NGA.union.nga_lead2.add_2015ntl.mask,timezone.shp,VBD_platforms-recurring_2015_r20170330.shp,999999,VBD_bridges_c20160811.shp,2.701723;0.592520;-1.537733;-6.424739;-11.321091;-16.224911;-21.132078;-19.454973;-16.614069;-11.826628;-7.007390;-2.161976,98.595314;112.244095;125.823792;124.798187;123.864281;123.023224;122.264351;107.621338;93.259468;94.789581;96.172417;97.426979,npp_d20140716_t1803247_e1809051_b14079,158.282,42.8551,37.1272,99.7616,42.8487,83.7264
285,VBD_npp_d20140716_t1805260_x1058391E_y057756S_l1095_s1319_v23,2017-05-23 13:08:46,-5.775552,105.839119,19.9634,2014-07-16 18:05:26,2014-07-17 01:05:26,1095,1319,0.298429,1,2529,0.665773,0.195955,0.861111,0.4,0.896873,0.75,0.0403069,0.0001,3.75538e-09,999999,6.573287e-02,3,Indonesian Exclusive Economic Zone,WPP572,,SVDNB_npp_d20140716_t1803247_e1809051_b14079_c20140717000905445784_noaa_ops.h5,GDNBO_npp_d20140716_t1803247_e1809051_b14079_c20140717000905445471_noaa_ops.h5,SVI04_npp_d20140716_t1803247_e1809051_b14079_c20140717000905432367_noaa_ops.dspace_rad,VNFF_npp_d20140716_t1803247_e1809051_b14079_v21.csv,World_EEZ_v8_2014.shp,WPP_BFAR_merge.shp,KKP_IDN_merge_20161208.shp,VNF-VBD_npp_20120301-20151231_global_asia-enhanced_c201607211230.bitmask,NCEI_NGA.union.nga_lead2.add_2015ntl.mask,timezone.shp,VBD_platforms-recurring_2015_r20170330.shp,999999,VBD_bridges_c20160811.shp,2.701723;0.592520;-1.537733;-6.424739;-11.321091;-16.224911;-21.132078;-19.454973;-16.614069;-11.826628;-7.007390;-2.161976,98.595314;112.244095;125.823792;124.798187;123.864281;123.023224;122.264351;107.621338;93.259468;94.789581;96.172417;97.426979,npp_d20140716_t1803247_e1809051_b14079,158.301,42.9063,37.0872,99.4437,42.8497,83.6954
286,VBD_npp_d20140716_t1805242_x1058647E_y057059S_l1084_s1320_v23,2017-05-23 13:08:46,-5.705868,105.864746,10.7939,2014-07-16 18:05:24,2014-07-17 01:05:24,1084,1320,0.313787,1,2529,0.461675,0.227354,0.798974,0.4,0.847502,0.75,0.0403197,0.0001,3.82745e-09,999999,-1.587474e-01,3,Indonesian Exclusive Economic Zone,WPP572,,SVDNB_npp_d20140716_t1803247_e1809051_b14079_c20140717000905445784_noaa_ops.h5,GDNBO_npp_d20140716_t1803247_e1809051_b14079_c20140717000905445471_noaa_ops.h5,SVI04_npp_d20140716_t1803247_e1809051_b14079_c20140717000905432367_noaa_ops.dspace_rad,VNFF_npp_d20140716_t1803247_e1809051_b14079_v21.csv,World_EEZ_v8_2014.shp,WPP_BFAR_merge.shp,KKP_IDN_merge_20161208.shp,VNF-VBD_npp_20120301-20151231_global_asia-enhanced_c201607211230.bitmask,NCEI_NGA.union.nga_lead2.add_2015ntl.mask,timezone.shp,VBD_platforms-recurring_2015_r20170330.shp,999999,VBD_bridges_c20160811.shp,2.701723;0.592520;-1.537733;-6.424739;-11.321091;-16.224911;-21.132078;-19.454973;-16.614069;-11.826628;-7.007390;-2.161976,98.595314;112.244095;125.823792;124.798187;123.864281;123.023224;122.264351;107.621338;93.259468;94.789581;96.172417;97.426979,npp_d20140716_t1803247_e1809051_b14079,158.237,42.8189,37.0484,99.0377,42.8235,83.768
287,VBD_npp_d20140716_t1805260_x1058567E_y057510S_l1091_s1321_v23,2017-05-23 13:08:46,-5.751042,105.856743,5.98985,2014-07-16 18:05:26,2014-07-17 01:05:26,1091,1321,0.305446,7,2465,0.276548,0.193883,0.868856,0.4,0.695153,0.75,0.0403251,0.0001,4.02746e-09,999999,8.054264e-02,3,,,,SVDNB_npp_d20140716_t1803247_e1809051_b14079_c20140717000905445784_noaa_ops.h5,GDNBO_npp_d20140716_t1803247_e1809051_b14079_c20140717000905445471_noaa_ops.h5,SVI04_npp_d20140716_t1803247_e1809051_b14079_c20140717000905432367_noaa_ops.dspace_rad,VNFF_npp_d20140716_t1803247_e1809051_b14079_v21.csv,World_EEZ_v8_2014.shp,WPP_BFAR_merge.shp,KKP_IDN_merge_20161208.shp,VNF-VBD_npp_20120301-20151231_global_asia-enhanced_c201607211230.bitmask,NCEI_NGA.union.nga_lead2.add_2015ntl.mask,timezone.shp,VBD_platforms-recurring_2015_r20170330.shp,999999,VBD_bridges_c20160811.shp,2.701723;0.592520;-1.537733;-6.424739;-11.321091;-16.224911;-21.132078;-19.454973;-16.614069;-11.826628;-7.007390;-2.161976,98.595314;112.244095;125.823792;124.798187;123.864281;123.023224;122.264351;107.621338;93.259468;94.789581;96.172417;97.426979,npp_d20140716_t1803247_e1809051_b14079,158.271,42.8949,37.0073,99.7606,42.8294,83.7184
288,VBD_npp_d20140716_t1805260_x1058488E_y057978S_l1098_s1321_v23,2017-05-23 13:08:46,-5.797782,105.848846,7.79599,2014-07-16 18:05:26,2014-07-17 01:05:26,1098,1321,0.30086,1,2529,0.350621,0.227766,0.861111,0.4,0.759216,0.75,0.0403119,0.0001,3.91483e-09,999999,-1.616946e-01,3,Indonesian Exclusive Economic Zone,WPP572,,SVDNB_npp_d20140716_t1803247_e1809051_b14079_c20140717000905445784_noaa_ops.h5,GDNBO_npp_d20140716_t1803247_e1809051_b14079_c20140717000905445471_noaa_ops.h5,SVI04_npp_d20140716_t1803247_e1809051_b14079_c20140717000905432367_noaa_ops.dspace_rad,VNFF_npp_d20140716_t1803247_e1809051_b14079_v21.csv,World_EEZ_v8_2014.shp,WPP_BFAR_merge.shp,KKP_IDN_merge_20161208.shp,VNF-VBD_npp_20120301-20151231_global_asia-enhanced_c201607211230.bitmask,NCEI_NGA.union.nga_lead2.add_2015ntl.mask,timezone.shp,VBD_platforms-recurring_2015_r20170330.shp,999999,VBD_bridges_c20160811.shp,2.701723;0.592520;-1.537733;-6.424739;-11.321091;-16.224911;-21.132078;-19.454973;-16.614069;-11.826628;-7.007390;-2.161976,98.595314;112.244095;125.823792;124.798187;123.864281;123.023224;122.264351;107.621338;93.259468;94.789581;96.172417;97.426979,npp_d20140716_t1803247_e1809051_b14079,158.31,42.9612,37.0078,99.2038,42.8425,83.6688
289,VBD_npp_d20140716_t1805171_x1059765E_y052921S_l1020_s1322_v23,2017-05-23 13:08:46,-5.292074,105.976486,16.7217,2014-07-16 18:05:17,2014-07-17 01:05:17,1020,1322,0.417592,1,2529,0.682487,0.193256,0.853055,0.4,0.929656,0.75,0.04033,0.0001,4.24407e-09,999999,8.502630e-02,3,Indonesian Exclusive Economic Zone,WPP712,,SVDNB_npp_d20140716_t1803247_e1809051_b14079_c20140717000905445784_noaa_ops.h5,GDNBO_npp_d20140716_t1803247_e1809051_b14079_c20140717000905445471_noaa_ops.h5,SVI04_npp_d20140716_t1803247_e1809051_b14079_c20140717000905432367_noaa_ops.dspace_rad,VNFF_npp_d20140716_t1803247_e1809051_b14079_v21.csv,World_EEZ_v8_2014.shp,WPP_BFAR_merge.shp,KKP_IDN_merge_20161208.shp,VNF-VBD_npp_20120301-20151231_global_asia-enhanced_c201607211230.bitmask,NCEI_NGA.union.nga_lead2.add_2015ntl.mask,timezone.shp,VBD_platforms-recurring_2015_r20170330.shp,999999,VBD_bridges_c20160811.shp,2.701723;0.592520;-1.537733;-6.424739;-11.321091;-16.224911;-21.132078;-19.454973;-16.614069;-11.826628;-7.007390;-2.161976,98.595314;112.244095;125.823792;124.798187;123.864281;123.023224;122.264351;107.621338;93.259468;94.789581;96.172417;97.426979,npp_d20140716_t1803247_e1809051_b14079,157.877,42.2659,36.9672,98.9938,42.6962,84.2066
290,VBD_npp_d20140716_t1805189_x1059585E_y053974S_l1036_s1323_v23,2017-05-23 13:08:46,-5.397357,105.958481,15.6931,2014-07-16 18:05:18,2014-07-17 01:05:18,1036,1323,0.419083,1,2529,0.660289,0.196697,0.880568,0.4,0.932919,0.75,0.0403355,0.0001,4.30773e-09,999999,6.042718e-02,3,Indonesian Exclusive Economic Zone,WPP712,,SVDNB_npp_d20140716_t1803247_e1809051_b14079_c20140717000905445784_noaa_ops.h5,GDNBO_npp_d20140716_t1803247_e1809051_b14079_c20140717000905445471_noaa_ops.h5,SVI04_npp_d20140716_t1803247_e1809051_b14079_c20140717000905432367_noaa_ops.dspace_rad,VNFF_npp_d20140716_t1803247_e1809051_b14079_v21.csv,World_EEZ_v8_2014.shp,WPP_BFAR_merge.shp,KKP_IDN_merge_20161208.shp,VNF-VBD_npp_20120301-20151231_global_asia-enhanced_c201607211230.bitmask,NCEI_NGA.union.nga_lead2.add_2015ntl.mask,timezone.shp,VBD_platforms-recurring_2015_r20170330.shp,999999,VBD_bridges_c20160811.shp,2.701723;0.592520;-1.537733;-6.424739;-11.321091;-16.224911;-21.132078;-19.454973;-16.614069;-11.826628;-7.007390;-2.161976,98.595314;112.244095;125.823792;124.798187;123.864281;123.023224;122.264351;107.621338;93.259468;94.789581;96.172417;97.426979,npp_d20140716_t1803247_e1809051_b14079,157.962,42.4225,36.9268,99.001,42.718,84.0925
291,VBD_npp_d20140716_t1805207_x1059444E_y054412S_l1043_s1323_v23,2017-05-23 13:08:46,-5.441165,105.944359,46.4811,2014-07-16 18:05:20,2014-07-17 01:05:20,1043,1323,0.418144,11,18913,1.01013,0.20467,0.907222,0.4,0.962556,0.75,0.0403355,0.0001,4.41708e-09,999999,3.428669e-03,3,Indonesian Exclusive Economic Zone,WPP712,,SVDNB_npp_d20140716_t1803247_e1809051_b14079_c20140717000905445784_noaa_ops.h5,GDNBO_npp_d20140716_t1803247_e1809051_b14079_c20140717000905445471_noaa_ops.h5,SVI04_npp_d20140716_t1803247_e1809051_b14079_c20140717000905432367_noaa_ops.dspace_rad,VNFF_npp_d20140716_t1803247_e1809051_b14079_v21.csv,World_EEZ_v8_2014.shp,WPP_BFAR_merge.shp,KKP_IDN_merge_20161208.shp,VNF-VBD_npp_20120301-20151231_global_asia-enhanced_c201607211230.bitmask,NCEI_NGA.union.nga_lead2.add_2015ntl.mask,timezone.shp,VBD_platforms-recurring_2015_r20170330.shp,0.302946,VBD_bridges_c20160811.shp,2.701723;0.592520;-1.537733;-6.424739;-11.321091;-16.224911;-21.132078;-19.454973;-16.614069;-11.826628;-7.007390;-2.161976,98.595314;112.244095;125.823792;124.798187;123.864281;123.023224;122.264351;107.621338;93.259468;94.789581;96.172417;97.426979,npp_d20140716_t1803247_e1809051_b14079,157.999,42.4841,36.9235,99.7311,42.7296,84.0455
292,VBD_npp_d20140716_t1805314_x1057965E_y060651S_l1139_s1323_v23,2017-05-23 13:08:46,-6.065092,105.796509,8.34263,2014-07-16 18:05:31,2014-07-17 01:05:31,1139,1323,0.256223,2,2465,0.333298,0.226779,0.618292,0.4,0.741148,0.75,0.0402448,0.0001,4.10793e-09,999999,-1.546388e-01,3,Indonesian Exclusive Economic Zone,WPP572,,SVDNB_npp_d20140716_t1803247_e1809051_b14079_c20140717000905445784_noaa_ops.h5,GDNBO_npp_d20140716_t1803247_e1809051_b14079_c20140717000905445471_noaa_ops.h5,SVI04_npp_d20140716_t1803247_e1809051_b14079_c20140717000905432367_noaa_ops.dspace_rad,VNFF_npp_d20140716_t1803247_e1809051_b14079_v21.csv,World_EEZ_v8_2014.shp,WPP_BFAR_merge.shp,KKP_IDN_merge_20161208.shp,VNF-VBD_npp_20120301-20151231_global_asia-enhanced_c201607211230.bitmask,NCEI_NGA.union.nga_lead2.add_2015ntl.mask,timezone.shp,VBD_platforms-recurring_2015_r20170330.shp,999999,VBD_bridges_c20160811.shp,2.701723;0.592520;-1.537733;-6.424739;-11.321091;-16.224911;-21.132078;-19.454973;-16.614069;-11.826628;-7.007390;-2.161976,98.595314;112.244095;125.823792;124.798187;123.864281;123.023224;122.264351;107.621338;93.259468;94.789581;96.172417;97.426979,npp_d20140716_t1803247_e1809051_b14079,158.526,43.3714,36.9229,99.7944,42.9039,83.3825
293,VBD_npp_d20140716_t1805260_x1058741E_y057677S_l1093_s1324_v23,2017-05-23 13:08:46,-5.767704,105.874123,13.0039,2014-07-16 18:05:26,2014-07-17 01:05:26,1093,1324,0.308097,1,2529,0.496265,0.217333,0.837939,0.4,0.847174,0.75,0.0403375,0.0001,4.33019e-09,999999,-8.710261e-02,3,Indonesian Exclusive Economic Zone,WPP572,,SVDNB_npp_d20140716_t1803247_e1809051_b14079_c20140717000905445784_noaa_ops.h5,GDNBO_npp_d20140716_t1803247_e1809051_b14079_c20140717000905445471_noaa_ops.h5,SVI04_npp_d20140716_t1803247_e1809051_b14079_c20140717000905432367_noaa_ops.dspace_rad,VNFF_npp_d20140716_t1803247_e1809051_b14079_v21.csv,World_EEZ_v8_2014.shp,WPP_BFAR_merge.shp,KKP_IDN_merge_20161208.shp,VNF-VBD_npp_20120301-20151231_global_asia-enhanced_c201607211230.bitmask,NCEI_NGA.union.nga_lead2.add_2015ntl.mask,timezone.shp,VBD_platforms-recurring_2015_r20170330.shp,999999,VBD_bridges_c20160811.shp,2.701723;0.592520;-1.537733;-6.424739;-11.321091;-16.224911;-21.132078;-19.454973;-16.614069;-11.826628;-7.007390;-2.161976,98.595314;112.244095;125.823792;124.798187;123.864281;123.023224;122.264351;107.621338;93.259468;94.789581;96.172417;97.426979,npp_d20140716_t1803247_e1809051_b14079,158.271,42.9534,36.8871,99.6001,42.8138,83.6963
294,VBD_npp_d20140716_t1805207_x1059595E_y054711S_l1047_s1326_v23,2017-05-23 13:08:46,-5.471124,105.959465,32.5471,2014-07-16 18:05:20,2014-07-17 01:05:20,1047,1326,0.424773,1,2529,0.930391,0.195563,0.895485,0.4,0.963765,0.75,0.0403516,0.0001,4.71092e-09,999999,6.853184e-02,3,Indonesian Exclusive Economic Zone,WPP712,,SVDNB_npp_d20140716_t1803247_e1809051_b14079_c20140717000905445784_noaa_ops.h5,GDNBO_npp_d20140716_t1803247_e1809051_b14079_c20140717000905445471_noaa_ops.h5,SVI04_npp_d20140716_t1803247_e1809051_b14079_c20140717000905432367_noaa_ops.dspace_rad,VNFF_npp_d20140716_t1803247_e1809051_b14079_v21.csv,World_EEZ_v8_2014.shp,WPP_BFAR_merge.shp,KKP_IDN_merge_20161208.shp,VNF-VBD_npp_20120301-20151231_global_asia-enhanced_c201607211230.bitmask,NCEI_NGA.union.nga_lead2.add_2015ntl.mask,timezone.shp,VBD_platforms-recurring_2015_r20170330.shp,999999,VBD_bridges_c20160811.shp,2.701723;0.592520;-1.537733;-6.424739;-11.321091;-16.224911;-21.132078;-19.454973;-16.614069;-11.826628;-7.007390;-2.161976,98.595314;112.244095;125.823792;124.798187;123.864281;123.023224;122.264351;107.621338;93.259468;94.789581;96.172417;97.426979,npp_d20140716_t1803247_e1809051_b14079,158.011,42.5602,36.8035,99.4105,42.7176,84.0093
295,VBD_npp_d20140716_t1803428_x1073289E_y002194N_l0171_s1334_v23,2017-05-23 13:08:46,0.219423,107.328949,44.6402,2014-07-16 18:03:42,2014-07-17 01:03:42,171,1334,0.429745,1,2529,0.992613,0.200589,0.914852,0.4,0.963127,0.75,0.0414265,0.0001,9.4717e-09,999999,3.260436e-02,3,Indonesian Exclusive Economic Zone,WPP711,,SVDNB_npp_d20140716_t1803247_e1809051_b14079_c20140717000905445784_noaa_ops.h5,GDNBO_npp_d20140716_t1803247_e1809051_b14079_c20140717000905445471_noaa_ops.h5,SVI04_npp_d20140716_t1803247_e1809051_b14079_c20140717000905432367_noaa_ops.dspace_rad,VNFF_npp_d20140716_t1803247_e1809051_b14079_v21.csv,World_EEZ_v8_2014.shp,WPP_BFAR_merge.shp,KKP_IDN_merge_20161208.shp,VNF-VBD_npp_20120301-20151231_global_asia-enhanced_c201607211230.bitmask,NCEI_NGA.union.nga_lead2.add_2015ntl.mask,timezone.shp,VBD_platforms-recurring_2015_r20170330.shp,999999,VBD_bridges_c20160811.shp,2.701723;0.592520;-1.537733;-6.424739;-11.321091;-16.224911;-21.132078;-19.454973;-16.614069;-11.826628;-7.007390;-2.161976,98.595314;112.244095;125.823792;124.798187;123.864281;123.023224;122.264351;107.621338;93.259468;94.789581;96.172417;97.426979,npp_d20140716_t1803247_e1809051_b14079,152.994,36.2134,36.4845,98.5583,41.4447,90.3694
296,VBD_npp_d20140716_t1803428_x1073312E_y001919N_l0175_s1335_v23,2017-05-23 13:08:46,0.191859,107.331177,14.7345,2014-07-16 18:03:42,2014-07-17 01:03:42,175,1335,0.425215,1,2529,0.515338,0.210487,0.917023,0.4,0.854203,0.75,0.0414273,0.0001,9.63011e-09,999999,-3.815911e-02,3,Indonesian Exclusive Economic Zone,WPP711,,SVDNB_npp_d20140716_t1803247_e1809051_b14079_c20140717000905445784_noaa_ops.h5,GDNBO_npp_d20140716_t1803247_e1809051_b14079_c20140717000905445471_noaa_ops.h5,SVI04_npp_d20140716_t1803247_e1809051_b14079_c20140717000905432367_noaa_ops.dspace_rad,VNFF_npp_d20140716_t1803247_e1809051_b14079_v21.csv,World_EEZ_v8_2014.shp,WPP_BFAR_merge.shp,KKP_IDN_merge_20161208.shp,VNF-VBD_npp_20120301-20151231_global_asia-enhanced_c201607211230.bitmask,NCEI_NGA.union.nga_lead2.add_2015ntl.mask,timezone.shp,VBD_platforms-recurring_2015_r20170330.shp,999999,VBD_bridges_c20160811.shp,2.701723;0.592520;-1.537733;-6.424739;-11.321091;-16.224911;-21.132078;-19.454973;-16.614069;-11.826628;-7.007390;-2.161976,98.595314;112.244095;125.823792;124.798187;123.864281;123.023224;122.264351;107.621338;93.259468;94.789581;96.172417;97.426979,npp_d20140716_t1803247_e1809051_b14079,153.015,36.249,36.4465,98.2353,41.4423,90.3375
297,VBD_npp_d20140716_t1805296_x1058974E_y060220S_l1130_s1336_v23,2017-05-23 13:08:46,-6.022026,105.897446,8.62072,2014-07-16 18:05:29,2014-07-17 01:05:29,1130,1336,0.391793,1,35297,0.392225,0.185352,0.717068,0.4,0.79931,0.75,0.0403315,0.0001,5.69566e-09,999999,1.415330e-01,3,Indonesian Exclusive Economic Zone,WPP572,,SVDNB_npp_d20140716_t1803247_e1809051_b14079_c20140717000905445784_noaa_ops.h5,GDNBO_npp_d20140716_t1803247_e1809051_b14079_c20140717000905445471_noaa_ops.h5,SVI04_npp_d20140716_t1803247_e1809051_b14079_c20140717000905432367_noaa_ops.dspace_rad,VNFF_npp_d20140716_t1803247_e1809051_b14079_v21.csv,World_EEZ_v8_2014.shp,WPP_BFAR_merge.shp,KKP_IDN_merge_20161208.shp,VNF-VBD_npp_20120301-20151231_global_asia-enhanced_c201607211230.bitmask,NCEI_NGA.union.nga_lead2.add_2015ntl.mask,timezone.shp,VBD_platforms-recurring_2015_r20170330.shp,999999,VBD_bridges_c20160811.shp,2.701723;0.592520;-1.537733;-6.424739;-11.321091;-16.224911;-21.132078;-19.454973;-16.614069;-11.826628;-7.007390;-2.161976,98.595314;112.244095;125.823792;124.798187;123.864281;123.023224;122.264351;107.621338;93.259468;94.789581;96.172417;97.426979,npp_d20140716_t1803247_e1809051_b14079,158.431,43.4578,36.4066,99.2122,42.8051,83.4081
298,VBD_npp_d20140716_t1803446_x1073408E_y001653N_l0179_s1338_v23,2017-05-23 13:08:46,0.165291,107.340767,105.026,2014-07-16 18:03:44,2014-07-17 01:03:44,179,1338,0.427701,1,2529,1.24695,0.189702,0.911692,0.4,0.967702,0.75,0.0414389,0.0001,1.06476e-08,999999,1.104356e-01,3,Indonesian Exclusive Economic Zone,WPP711,,SVDNB_npp_d20140716_t1803247_e1809051_b14079_c20140717000905445784_noaa_ops.h5,GDNBO_npp_d20140716_t1803247_e1809051_b14079_c20140717000905445471_noaa_ops.h5,SVI04_npp_d20140716_t1803247_e1809051_b14079_c20140717000905432367_noaa_ops.dspace_rad,VNFF_npp_d20140716_t1803247_e1809051_b14079_v21.csv,World_EEZ_v8_2014.shp,WPP_BFAR_merge.shp,KKP_IDN_merge_20161208.shp,VNF-VBD_npp_20120301-20151231_global_asia-enhanced_c201607211230.bitmask,NCEI_NGA.union.nga_lead2.add_2015ntl.mask,timezone.shp,VBD_platforms-recurring_2015_r20170330.shp,999999,VBD_bridges_c20160811.shp,2.701723;0.592520;-1.537733;-6.424739;-11.321091;-16.224911;-21.132078;-19.454973;-16.614069;-11.826628;-7.007390;-2.161976,98.595314;112.244095;125.823792;124.798187;123.864281;123.023224;122.264351;107.621338;93.259468;94.789581;96.172417;97.426979,npp_d20140716_t1803247_e1809051_b14079,153.027,36.3068,36.3175,99.2284,41.4251,90.3067
299,VBD_npp_d20140716_t1803428_x1073708E_y002683N_l0163_s1339_v23,2017-05-23 13:08:46,0.268268,107.370758,86.8539,2014-07-16 18:03:42,2014-07-17 01:03:42,163,1339,0.423282,1,2529,1.22932,0.206236,0.913811,0.4,0.971868,0.75,0.0414627,0.0001,1.09905e-08,999999,-7.771053e-03,3,Indonesian Exclusive Economic Zone,WPP711,,SVDNB_npp_d20140716_t1803247_e1809051_b14079_c20140717000905445784_noaa_ops.h5,GDNBO_npp_d20140716_t1803247_e1809051_b14079_c20140717000905445471_noaa_ops.h5,SVI04_npp_d20140716_t1803247_e1809051_b14079_c20140717000905432367_noaa_ops.dspace_rad,VNFF_npp_d20140716_t1803247_e1809051_b14079_v21.csv,World_EEZ_v8_2014.shp,WPP_BFAR_merge.shp,KKP_IDN_merge_20161208.shp,VNF-VBD_npp_20120301-20151231_global_asia-enhanced_c201607211230.bitmask,NCEI_NGA.union.nga_lead2.add_2015ntl.mask,timezone.shp,VBD_platforms-recurring_2015_r20170330.shp,999999,VBD_bridges_c20160811.shp,2.701723;0.592520;-1.537733;-6.424739;-11.321091;-16.224911;-21.132078;-19.454973;-16.614069;-11.826628;-7.007390;-2.161976,98.595314;112.244095;125.823792;124.798187;123.864281;123.023224;122.264351;107.621338;93.259468;94.789581;96.172417;97.426979,npp_d20140716_t1803247_e1809051_b14079,152.93,36.2232,36.2772,99.2179,41.4027,90.4266
300,VBD_npp_d20140716_t1805260_x1059818E_y058132S_l1097_s1341_v23,2017-05-23 13:08:46,-5.813168,105.981842,11.7672,2014-07-16 18:05:26,2014-07-17 01:05:26,1097,1341,0.347928,1,2529,0.509876,0.217725,0.772647,0.4,0.872965,0.75,0.0404209,0.0001,6.72245e-09,999999,-8.990567e-02,3,Indonesian Exclusive Economic Zone,WPP572,,SVDNB_npp_d20140716_t1803247_e1809051_b14079_c20140717000905445784_noaa_ops.h5,GDNBO_npp_d20140716_t1803247_e1809051_b14079_c20140717000905445471_noaa_ops.h5,SVI04_npp_d20140716_t1803247_e1809051_b14079_c20140717000905432367_noaa_ops.dspace_rad,VNFF_npp_d20140716_t1803247_e1809051_b14079_v21.csv,World_EEZ_v8_2014.shp,WPP_BFAR_merge.shp,KKP_IDN_merge_20161208.shp,VNF-VBD_npp_20120301-20151231_global_asia-enhanced_c201607211230.bitmask,NCEI_NGA.union.nga_lead2.add_2015ntl.mask,timezone.shp,VBD_platforms-recurring_2015_r20170330.shp,999999,VBD_bridges_c20160811.shp,2.701723;0.592520;-1.537733;-6.424739;-11.321091;-16.224911;-21.132078;-19.454973;-16.614069;-11.826628;-7.007390;-2.161976,98.595314;112.244095;125.823792;124.798187;123.864281;123.023224;122.264351;107.621338;93.259468;94.789581;96.172417;97.426979,npp_d20140716_t1803247_e1809051_b14079,158.231,43.2166,36.1964,99.2664,42.711,83.6223
301,VBD_npp_d20140716_t1803428_x1073838E_y002173N_l0170_s1342_v23,2017-05-23 13:08:46,0.217336,107.383774,109.015,2014-07-16 18:03:42,2014-07-17 01:03:42,170,1342,0.430519,1,2529,1.25236,0.197107,0.917707,0.4,0.959532,0.75,0.0414708,0.0001,1.17404e-08,999999,5.749548e-02,3,Indonesian Exclusive Economic Zone,WPP711,,SVDNB_npp_d20140716_t1803247_e1809051_b14079_c20140717000905445784_noaa_ops.h5,GDNBO_npp_d20140716_t1803247_e1809051_b14079_c20140717000905445471_noaa_ops.h5,SVI04_npp_d20140716_t1803247_e1809051_b14079_c20140717000905432367_noaa_ops.dspace_rad,VNFF_npp_d20140716_t1803247_e1809051_b14079_v21.csv,World_EEZ_v8_2014.shp,WPP_BFAR_merge.shp,KKP_IDN_merge_20161208.shp,VNF-VBD_npp_20120301-20151231_global_asia-enhanced_c201607211230.bitmask,NCEI_NGA.union.nga_lead2.add_2015ntl.mask,timezone.shp,VBD_platforms-recurring_2015_r20170330.shp,999999,VBD_bridges_c20160811.shp,2.701723;0.592520;-1.537733;-6.424739;-11.321091;-16.224911;-21.132078;-19.454973;-16.614069;-11.826628;-7.007390;-2.161976,98.595314;112.244095;125.823792;124.798187;123.864281;123.023224;122.264351;107.621338;93.259468;94.789581;96.172417;97.426979,npp_d20140716_t1803247_e1809051_b14079,152.964,36.3028,36.1498,98.634,41.3891,90.3676
302,VBD_npp_d20140716_t1803446_x1073628E_y001269N_l0184_s1342_v23,2017-05-23 13:08:46,0.126870,107.362778,88.9667,2014-07-16 18:03:44,2014-07-17 01:03:44,184,1342,0.426044,1,2529,1.31891,0.200612,0.914636,0.4,0.968424,0.75,0.0414547,0.0001,1.17362e-08,999999,3.243691e-02,3,Indonesian Exclusive Economic Zone,WPP711,,SVDNB_npp_d20140716_t1803247_e1809051_b14079_c20140717000905445784_noaa_ops.h5,GDNBO_npp_d20140716_t1803247_e1809051_b14079_c20140717000905445471_noaa_ops.h5,SVI04_npp_d20140716_t1803247_e1809051_b14079_c20140717000905432367_noaa_ops.dspace_rad,VNFF_npp_d20140716_t1803247_e1809051_b14079_v21.csv,World_EEZ_v8_2014.shp,WPP_BFAR_merge.shp,KKP_IDN_merge_20161208.shp,VNF-VBD_npp_20120301-20151231_global_asia-enhanced_c201607211230.bitmask,NCEI_NGA.union.nga_lead2.add_2015ntl.mask,timezone.shp,VBD_platforms-recurring_2015_r20170330.shp,999999,VBD_bridges_c20160811.shp,2.701723;0.592520;-1.537733;-6.424739;-11.321091;-16.224911;-21.132078;-19.454973;-16.614069;-11.826628;-7.007390;-2.161976,98.595314;112.244095;125.823792;124.798187;123.864281;123.023224;122.264351;107.621338;93.259468;94.789581;96.172417;97.426979,npp_d20140716_t1803247_e1809051_b14079,153.045,36.3865,36.147,98.8121,41.4026,90.2623
303,VBD_npp_d20140716_t1803446_x1073994E_y000933N_l0188_s1348_v23,2017-05-23 13:08:46,0.093257,107.399376,76.9562,2014-07-16 18:03:44,2014-07-17 01:03:44,188,1348,0.382953,1,2529,1.12047,0.224857,0.895016,0.4,0.90694,0.75,0.0414825,0.0001,1.36585e-08,999999,-1.408969e-01,3,Indonesian Exclusive Economic Zone,WPP711,,SVDNB_npp_d20140716_t1803247_e1809051_b14079_c20140717000905445784_noaa_ops.h5,GDNBO_npp_d20140716_t1803247_e1809051_b14079_c20140717000905445471_noaa_ops.h5,SVI04_npp_d20140716_t1803247_e1809051_b14079_c20140717000905432367_noaa_ops.dspace_rad,VNFF_npp_d20140716_t1803247_e1809051_b14079_v21.csv,World_EEZ_v8_2014.shp,WPP_BFAR_merge.shp,KKP_IDN_merge_20161208.shp,VNF-VBD_npp_20120301-20151231_global_asia-enhanced_c201607211230.bitmask,NCEI_NGA.union.nga_lead2.add_2015ntl.mask,timezone.shp,VBD_platforms-recurring_2015_r20170330.shp,999999,VBD_bridges_c20160811.shp,2.701723;0.592520;-1.537733;-6.424739;-11.321091;-16.224911;-21.132078;-19.454973;-16.614069;-11.826628;-7.007390;-2.161976,98.595314;112.244095;125.823792;124.798187;123.864281;123.023224;122.264351;107.621338;93.259468;94.789581;96.172417;97.426979,npp_d20140716_t1803247_e1809051_b14079,153.05,36.4837,35.8926,98.4755,41.3654,90.2235
304,VBD_npp_d20140716_t1803428_x1074293E_y001963N_l0172_s1349_v23,2017-05-23 13:08:46,0.196281,107.429321,19.856,2014-07-16 18:03:42,2014-07-17 01:03:42,172,1349,0.378865,1,2529,0.619075,0.25819,0.858734,0.4,0.840488,0.75,0.0415063,0.0001,1.40946e-08,999999,-3.792019e-01,3,Indonesian Exclusive Economic Zone,WPP711,,SVDNB_npp_d20140716_t1803247_e1809051_b14079_c20140717000905445784_noaa_ops.h5,GDNBO_npp_d20140716_t1803247_e1809051_b14079_c20140717000905445471_noaa_ops.h5,SVI04_npp_d20140716_t1803247_e1809051_b14079_c20140717000905432367_noaa_ops.dspace_rad,VNFF_npp_d20140716_t1803247_e1809051_b14079_v21.csv,World_EEZ_v8_2014.shp,WPP_BFAR_merge.shp,KKP_IDN_merge_20161208.shp,VNF-VBD_npp_20120301-20151231_global_asia-enhanced_c201607211230.bitmask,NCEI_NGA.union.nga_lead2.add_2015ntl.mask,timezone.shp,VBD_platforms-recurring_2015_r20170330.shp,999999,VBD_bridges_c20160811.shp,2.701723;0.592520;-1.537733;-6.424739;-11.321091;-16.224911;-21.132078;-19.454973;-16.614069;-11.826628;-7.007390;-2.161976,98.595314;112.244095;125.823792;124.798187;123.864281;123.023224;122.264351;107.621338;93.259468;94.789581;96.172417;97.426979,npp_d20140716_t1803247_e1809051_b14079,152.954,36.3992,35.8524,98.4643,41.3428,90.3436
305,VBD_npp_d20140716_t1803410_x1074851E_y003234N_l0152_s1353_v23,2017-05-23 13:08:46,0.323417,107.485138,75.7977,2014-07-16 18:03:41,2014-07-17 01:03:41,152,1353,0.397814,1,2529,1.22035,0.223933,0.874997,0.4,0.935483,0.75,0.0415508,0.0001,1.59582e-08,999999,-1.342904e-01,3,Indonesian Exclusive Economic Zone,WPP711,,SVDNB_npp_d20140716_t1803247_e1809051_b14079_c20140717000905445784_noaa_ops.h5,GDNBO_npp_d20140716_t1803247_e1809051_b14079_c20140717000905445471_noaa_ops.h5,SVI04_npp_d20140716_t1803247_e1809051_b14079_c20140717000905432367_noaa_ops.dspace_rad,VNFF_npp_d20140716_t1803247_e1809051_b14079_v21.csv,World_EEZ_v8_2014.shp,WPP_BFAR_merge.shp,KKP_IDN_merge_20161208.shp,VNF-VBD_npp_20120301-20151231_global_asia-enhanced_c201607211230.bitmask,NCEI_NGA.union.nga_lead2.add_2015ntl.mask,timezone.shp,VBD_platforms-recurring_2015_r20170330.shp,999999,VBD_bridges_c20160811.shp,2.701723;0.592520;-1.537733;-6.424739;-11.321091;-16.224911;-21.132078;-19.454973;-16.614069;-11.826628;-7.007390;-2.161976,98.595314;112.244095;125.823792;124.798187;123.864281;123.023224;122.264351;107.621338;93.259468;94.789581;96.172417;97.426979,npp_d20140716_t1803247_e1809051_b14079,152.823,36.3284,35.6754,98.795,41.2945,90.4924
306,VBD_npp_d20140716_t1805153_x1062108E_y052095S_l1002_s1353_v23,2017-05-23 13:08:46,-5.209514,106.210838,205.45,2014-07-16 18:05:15,2014-07-17 01:05:15,1002,1353,0.421901,4,35309,1.57767,0.200772,0.893924,0.4,0.984372,0.75,0.0404966,0.0001,1.00016e-08,999999,3.129277e-02,3,Indonesian Exclusive Economic Zone,WPP712,,SVDNB_npp_d20140716_t1803247_e1809051_b14079_c20140717000905445784_noaa_ops.h5,GDNBO_npp_d20140716_t1803247_e1809051_b14079_c20140717000905445471_noaa_ops.h5,SVI04_npp_d20140716_t1803247_e1809051_b14079_c20140717000905432367_noaa_ops.dspace_rad,VNFF_npp_d20140716_t1803247_e1809051_b14079_v21.csv,World_EEZ_v8_2014.shp,WPP_BFAR_merge.shp,KKP_IDN_merge_20161208.shp,VNF-VBD_npp_20120301-20151231_global_asia-enhanced_c201607211230.bitmask,NCEI_NGA.union.nga_lead2.add_2015ntl.mask,timezone.shp,VBD_platforms-recurring_2015_r20170330.shp,999999,VBD_bridges_c20160811.shp,2.701723;0.592520;-1.537733;-6.424739;-11.321091;-16.224911;-21.132078;-19.454973;-16.614069;-11.826628;-7.007390;-2.161976,98.595314;112.244095;125.823792;124.798187;123.864281;123.023224;122.264351;107.621338;93.259468;94.789581;96.172417;97.426979,npp_d20140716_t1803247_e1809051_b14079,157.664,42.5174,35.6812,99.1113,42.4598,84.2521
307,VBD_npp_d20140716_t1805242_x1060896E_y057576S_l1086_s1354_v23,2017-05-23 13:08:46,-5.757561,106.089645,13.8432,2014-07-16 18:05:24,2014-07-17 01:05:24,1086,1354,0.307213,1,2529,0.547634,0.216832,0.845052,0.4,0.867383,0.75,0.0405018,0.0001,9.51696e-09,999999,-8.352536e-02,3,Indonesian Exclusive Economic Zone,WPP712,,SVDNB_npp_d20140716_t1803247_e1809051_b14079_c20140717000905445784_noaa_ops.h5,GDNBO_npp_d20140716_t1803247_e1809051_b14079_c20140717000905445471_noaa_ops.h5,SVI04_npp_d20140716_t1803247_e1809051_b14079_c20140717000905432367_noaa_ops.dspace_rad,VNFF_npp_d20140716_t1803247_e1809051_b14079_v21.csv,World_EEZ_v8_2014.shp,WPP_BFAR_merge.shp,KKP_IDN_merge_20161208.shp,VNF-VBD_npp_20120301-20151231_global_asia-enhanced_c201607211230.bitmask,NCEI_NGA.union.nga_lead2.add_2015ntl.mask,timezone.shp,VBD_platforms-recurring_2015_r20170330.shp,999999,VBD_bridges_c20160811.shp,2.701723;0.592520;-1.537733;-6.424739;-11.321091;-16.224911;-21.132078;-19.454973;-16.614069;-11.826628;-7.007390;-2.161976,98.595314;112.244095;125.823792;124.798187;123.864281;123.023224;122.264351;107.621338;93.259468;94.789581;96.172417;97.426979,npp_d20140716_t1803247_e1809051_b14079,158.122,43.293,35.6445,98.8255,42.6039,83.6613
308,VBD_npp_d20140716_t1803446_x1074511E_y001129N_l0184_s1355_v23,2017-05-23 13:08:46,0.112910,107.451080,176.835,2014-07-16 18:03:44,2014-07-17 01:03:44,184,1355,0.391461,1,2529,1.2506,0.224299,0.879004,0.4,0.961636,0.75,0.0415248,0.0001,1.65843e-08,999999,-1.369062e-01,3,Indonesian Exclusive Economic Zone,WPP711,,SVDNB_npp_d20140716_t1803247_e1809051_b14079_c20140717000905445784_noaa_ops.h5,GDNBO_npp_d20140716_t1803247_e1809051_b14079_c20140717000905445471_noaa_ops.h5,SVI04_npp_d20140716_t1803247_e1809051_b14079_c20140717000905432367_noaa_ops.dspace_rad,VNFF_npp_d20140716_t1803247_e1809051_b14079_v21.csv,World_EEZ_v8_2014.shp,WPP_BFAR_merge.shp,KKP_IDN_merge_20161208.shp,VNF-VBD_npp_20120301-20151231_global_asia-enhanced_c201607211230.bitmask,NCEI_NGA.union.nga_lead2.add_2015ntl.mask,timezone.shp,VBD_platforms-recurring_2015_r20170330.shp,999999,VBD_bridges_c20160811.shp,2.701723;0.592520;-1.537733;-6.424739;-11.321091;-16.224911;-21.132078;-19.454973;-16.614069;-11.826628;-7.007390;-2.161976,98.595314;112.244095;125.823792;124.798187;123.864281;123.023224;122.264351;107.621338;93.259468;94.789581;96.172417;97.426979,npp_d20140716_t1803247_e1809051_b14079,153.003,36.5425,35.5934,98.8117,41.3131,90.2467
309,VBD_npp_d20140716_t1805242_x1061100E_y057609S_l1086_s1357_v23,2017-05-23 13:08:46,-5.760897,106.110001,19.316,2014-07-16 18:05:24,2014-07-17 01:05:24,1086,1357,0.31213,1,2529,0.654257,0.218089,0.864586,0.4,0.897455,0.75,0.0405179,0.0001,1.03198e-08,999999,-9.250687e-02,3,Indonesian Exclusive Economic Zone,WPP712,,SVDNB_npp_d20140716_t1803247_e1809051_b14079_c20140717000905445784_noaa_ops.h5,GDNBO_npp_d20140716_t1803247_e1809051_b14079_c20140717000905445471_noaa_ops.h5,SVI04_npp_d20140716_t1803247_e1809051_b14079_c20140717000905432367_noaa_ops.dspace_rad,VNFF_npp_d20140716_t1803247_e1809051_b14079_v21.csv,World_EEZ_v8_2014.shp,WPP_BFAR_merge.shp,KKP_IDN_merge_20161208.shp,VNF-VBD_npp_20120301-20151231_global_asia-enhanced_c201607211230.bitmask,NCEI_NGA.union.nga_lead2.add_2015ntl.mask,timezone.shp,VBD_platforms-recurring_2015_r20170330.shp,999999,VBD_bridges_c20160811.shp,2.701723;0.592520;-1.537733;-6.424739;-11.321091;-16.224911;-21.132078;-19.454973;-16.614069;-11.826628;-7.007390;-2.161976,98.595314;112.244095;125.823792;124.798187;123.864281;123.023224;122.264351;107.621338;93.259468;94.789581;96.172417;97.426979,npp_d20140716_t1803247_e1809051_b14079,158.111,43.3333,35.5168,98.8217,42.5839,83.6531
310,VBD_npp_d20140716_t1805189_x1061941E_y054299S_l1035_s1358_v23,2017-05-23 13:08:46,-5.429851,106.194115,6.70371,2014-07-16 18:05:18,2014-07-17 01:05:18,1035,1358,0.412896,1,2529,0.386488,0.17473,0.781816,0.4,0.859606,0.75,0.0405234,0.0001,1.11223e-08,999999,2.174786e-01,3,Indonesian Exclusive Economic Zone,WPP712,,SVDNB_npp_d20140716_t1803247_e1809051_b14079_c20140717000905445784_noaa_ops.h5,GDNBO_npp_d20140716_t1803247_e1809051_b14079_c20140717000905445471_noaa_ops.h5,SVI04_npp_d20140716_t1803247_e1809051_b14079_c20140717000905432367_noaa_ops.dspace_rad,VNFF_npp_d20140716_t1803247_e1809051_b14079_v21.csv,World_EEZ_v8_2014.shp,WPP_BFAR_merge.shp,KKP_IDN_merge_20161208.shp,VNF-VBD_npp_20120301-20151231_global_asia-enhanced_c201607211230.bitmask,NCEI_NGA.union.nga_lead2.add_2015ntl.mask,timezone.shp,VBD_platforms-recurring_2015_r20170330.shp,999999,VBD_bridges_c20160811.shp,2.701723;0.592520;-1.537733;-6.424739;-11.321091;-16.224911;-21.132078;-19.454973;-16.614069;-11.826628;-7.007390;-2.161976,98.595314;112.244095;125.823792;124.798187;123.864281;123.023224;122.264351;107.621338;93.259468;94.789581;96.172417;97.426979,npp_d20140716_t1803247_e1809051_b14079,157.827,42.8793,35.4714,99.0425,42.485,84.0072
311,VBD_npp_d20140716_t1805242_x1061213E_y057350S_l1082_s1358_v23,2017-05-23 13:08:46,-5.734986,106.121330,7.45353,2014-07-16 18:05:24,2014-07-17 01:05:24,1082,1358,0.306827,2,2465,0.277147,0.231301,0.829405,0.4,0.652562,0.75,0.0405232,0.0001,1.07771e-08,999999,-1.869674e-01,3,Indonesian Exclusive Economic Zone,WPP712,,SVDNB_npp_d20140716_t1803247_e1809051_b14079_c20140717000905445784_noaa_ops.h5,GDNBO_npp_d20140716_t1803247_e1809051_b14079_c20140717000905445471_noaa_ops.h5,SVI04_npp_d20140716_t1803247_e1809051_b14079_c20140717000905432367_noaa_ops.dspace_rad,VNFF_npp_d20140716_t1803247_e1809051_b14079_v21.csv,World_EEZ_v8_2014.shp,WPP_BFAR_merge.shp,KKP_IDN_merge_20161208.shp,VNF-VBD_npp_20120301-20151231_global_asia-enhanced_c201607211230.bitmask,NCEI_NGA.union.nga_lead2.add_2015ntl.mask,timezone.shp,VBD_platforms-recurring_2015_r20170330.shp,999999,VBD_bridges_c20160811.shp,2.701723;0.592520;-1.537733;-6.424739;-11.321091;-16.224911;-21.132078;-19.454973;-16.614069;-11.826628;-7.007390;-2.161976,98.595314;112.244095;125.823792;124.798187;123.864281;123.023224;122.264351;107.621338;93.259468;94.789581;96.172417;97.426979,npp_d20140716_t1803247_e1809051_b14079,158.084,43.3083,35.4725,99.1599,42.5696,83.6793
312,VBD_npp_d20140716_t1805242_x1061426E_y057732S_l1087_s1362_v23,2017-05-23 13:08:46,-5.773174,106.142639,13.2908,2014-07-16 18:05:24,2014-07-17 01:05:24,1087,1362,0.356933,1,2529,0.490146,0.201519,0.863659,0.4,0.815604,0.75,0.0405446,0.0001,1.17498e-08,999999,2.595289e-02,3,Indonesian Exclusive Economic Zone,WPP712,,SVDNB_npp_d20140716_t1803247_e1809051_b14079_c20140717000905445784_noaa_ops.h5,GDNBO_npp_d20140716_t1803247_e1809051_b14079_c20140717000905445471_noaa_ops.h5,SVI04_npp_d20140716_t1803247_e1809051_b14079_c20140717000905432367_noaa_ops.dspace_rad,VNFF_npp_d20140716_t1803247_e1809051_b14079_v21.csv,World_EEZ_v8_2014.shp,WPP_BFAR_merge.shp,KKP_IDN_merge_20161208.shp,VNF-VBD_npp_20120301-20151231_global_asia-enhanced_c201607211230.bitmask,NCEI_NGA.union.nga_lead2.add_2015ntl.mask,timezone.shp,VBD_platforms-recurring_2015_r20170330.shp,999999,VBD_bridges_c20160811.shp,2.701723;0.592520;-1.537733;-6.424739;-11.321091;-16.224911;-21.132078;-19.454973;-16.614069;-11.826628;-7.007390;-2.161976,98.595314;112.244095;125.823792;124.798187;123.864281;123.023224;122.264351;107.621338;93.259468;94.789581;96.172417;97.426979,npp_d20140716_t1803247_e1809051_b14079,158.097,43.4097,35.3048,98.7302,42.5526,83.6322
313,VBD_npp_d20140716_t1805260_x1061339E_y057830S_l1089_s1362_v23,2017-05-23 13:08:46,-5.783004,106.133865,11.4288,2014-07-16 18:05:26,2014-07-17 01:05:26,1089,1362,0.32782,1,2529,0.396427,0.212788,0.863659,0.4,0.774828,0.75,0.0405446,0.0001,1.22844e-08,999999,-5.460888e-02,3,Indonesian Exclusive Economic Zone,WPP712,,SVDNB_npp_d20140716_t1803247_e1809051_b14079_c20140717000905445784_noaa_ops.h5,GDNBO_npp_d20140716_t1803247_e1809051_b14079_c20140717000905445471_noaa_ops.h5,SVI04_npp_d20140716_t1803247_e1809051_b14079_c20140717000905432367_noaa_ops.dspace_rad,VNFF_npp_d20140716_t1803247_e1809051_b14079_v21.csv,World_EEZ_v8_2014.shp,WPP_BFAR_merge.shp,KKP_IDN_merge_20161208.shp,VNF-VBD_npp_20120301-20151231_global_asia-enhanced_c201607211230.bitmask,NCEI_NGA.union.nga_lead2.add_2015ntl.mask,timezone.shp,VBD_platforms-recurring_2015_r20170330.shp,999999,VBD_bridges_c20160811.shp,2.701723;0.592520;-1.537733;-6.424739;-11.321091;-16.224911;-21.132078;-19.454973;-16.614069;-11.826628;-7.007390;-2.161976,98.595314;112.244095;125.823792;124.798187;123.864281;123.023224;122.264351;107.621338;93.259468;94.789581;96.172417;97.426979,npp_d20140716_t1803247_e1809051_b14079,158.106,43.4242,35.3026,99.9308,42.5553,83.6216
314,VBD_npp_d20140716_t1805260_x1061395E_y057909S_l1090_s1363_v23,2017-05-23 13:08:46,-5.790887,106.139465,18.6918,2014-07-16 18:05:26,2014-07-17 01:05:26,1090,1363,0.34942,1,2529,0.604945,0.210048,0.860682,0.4,0.88587,0.75,0.04055,0.0001,1.25667e-08,999999,-3.502384e-02,3,Indonesian Exclusive Economic Zone,WPP712,,SVDNB_npp_d20140716_t1803247_e1809051_b14079_c20140717000905445784_noaa_ops.h5,GDNBO_npp_d20140716_t1803247_e1809051_b14079_c20140717000905445471_noaa_ops.h5,SVI04_npp_d20140716_t1803247_e1809051_b14079_c20140717000905432367_noaa_ops.dspace_rad,VNFF_npp_d20140716_t1803247_e1809051_b14079_v21.csv,World_EEZ_v8_2014.shp,WPP_BFAR_merge.shp,KKP_IDN_merge_20161208.shp,VNF-VBD_npp_20120301-20151231_global_asia-enhanced_c201607211230.bitmask,NCEI_NGA.union.nga_lead2.add_2015ntl.mask,timezone.shp,VBD_platforms-recurring_2015_r20170330.shp,999999,VBD_bridges_c20160811.shp,2.701723;0.592520;-1.537733;-6.424739;-11.321091;-16.224911;-21.132078;-19.454973;-16.614069;-11.826628;-7.007390;-2.161976,98.595314;112.244095;125.823792;124.798187;123.864281;123.023224;122.264351;107.621338;93.259468;94.789581;96.172417;97.426979,npp_d20140716_t1803247_e1809051_b14079,158.107,43.4472,35.2598,99.8454,42.5506,83.6116
315,VBD_npp_d20140716_t1805260_x1061327E_y058313S_l1096_s1363_v23,2017-05-23 13:08:46,-5.831329,106.132660,16.4322,2014-07-16 18:05:26,2014-07-17 01:05:26,1096,1363,0.374501,1,2529,0.527653,0.232947,0.788009,0.4,0.867471,0.75,0.0405406,0.0001,1.2271e-08,999999,-1.987301e-01,3,Indonesian Exclusive Economic Zone,WPP712,,SVDNB_npp_d20140716_t1803247_e1809051_b14079_c20140717000905445784_noaa_ops.h5,GDNBO_npp_d20140716_t1803247_e1809051_b14079_c20140717000905445471_noaa_ops.h5,SVI04_npp_d20140716_t1803247_e1809051_b14079_c20140717000905432367_noaa_ops.dspace_rad,VNFF_npp_d20140716_t1803247_e1809051_b14079_v21.csv,World_EEZ_v8_2014.shp,WPP_BFAR_merge.shp,KKP_IDN_merge_20161208.shp,VNF-VBD_npp_20120301-20151231_global_asia-enhanced_c201607211230.bitmask,NCEI_NGA.union.nga_lead2.add_2015ntl.mask,timezone.shp,VBD_platforms-recurring_2015_r20170330.shp,999999,VBD_bridges_c20160811.shp,2.701723;0.592520;-1.537733;-6.424739;-11.321091;-16.224911;-21.132078;-19.454973;-16.614069;-11.826628;-7.007390;-2.161976,98.595314;112.244095;125.823792;124.798187;123.864281;123.023224;122.264351;107.621338;93.259468;94.789581;96.172417;97.426979,npp_d20140716_t1803247_e1809051_b14079,158.141,43.505,35.2597,99.3335,42.562,83.5683
316,VBD_npp_d20140716_t1805189_x1062368E_y054230S_l1033_s1364_v23,2017-05-23 13:08:46,-5.423039,106.236824,9.41502,2014-07-16 18:05:18,2014-07-17 01:05:18,1033,1364,0.409747,8,51681,0.477873,0.179641,0.868495,0.4,0.888578,0.75,0.0405556,0.0001,1.31541e-08,999999,1.823661e-01,3,Indonesian Exclusive Economic Zone,WPP712,,SVDNB_npp_d20140716_t1803247_e1809051_b14079_c20140717000905445784_noaa_ops.h5,GDNBO_npp_d20140716_t1803247_e1809051_b14079_c20140717000905445471_noaa_ops.h5,SVI04_npp_d20140716_t1803247_e1809051_b14079_c20140717000905432367_noaa_ops.dspace_rad,VNFF_npp_d20140716_t1803247_e1809051_b14079_v21.csv,World_EEZ_v8_2014.shp,WPP_BFAR_merge.shp,KKP_IDN_merge_20161208.shp,VNF-VBD_npp_20120301-20151231_global_asia-enhanced_c201607211230.bitmask,NCEI_NGA.union.nga_lead2.add_2015ntl.mask,timezone.shp,VBD_platforms-recurring_2015_r20170330.shp,0.230591,VBD_bridges_c20160811.shp,2.701723;0.592520;-1.537733;-6.424739;-11.321091;-16.224911;-21.132078;-19.454973;-16.614069;-11.826628;-7.007390;-2.161976,98.595314;112.244095;125.823792;124.798187;123.864281;123.023224;122.264351;107.621338;93.259468;94.789581;96.172417;97.426979,npp_d20140716_t1803247_e1809051_b14079,157.793,42.9402,35.2157,99.2076,42.4415,84.0058
317,VBD_npp_d20140716_t1805260_x1061507E_y058066S_l1092_s1365_v23,2017-05-23 13:08:46,-5.806633,106.150650,8.59964,2014-07-16 18:05:26,2014-07-17 01:05:26,1092,1365,0.34489,1,2529,0.367278,0.23253,0.843509,0.4,0.810897,0.75,0.0405589,0.0001,1.31483e-08,999999,-1.957522e-01,3,Indonesian Exclusive Economic Zone,WPP712,,SVDNB_npp_d20140716_t1803247_e1809051_b14079_c20140717000905445784_noaa_ops.h5,GDNBO_npp_d20140716_t1803247_e1809051_b14079_c20140717000905445471_noaa_ops.h5,SVI04_npp_d20140716_t1803247_e1809051_b14079_c20140717000905432367_noaa_ops.dspace_rad,VNFF_npp_d20140716_t1803247_e1809051_b14079_v21.csv,World_EEZ_v8_2014.shp,WPP_BFAR_merge.shp,KKP_IDN_merge_20161208.shp,VNF-VBD_npp_20120301-20151231_global_asia-enhanced_c201607211230.bitmask,NCEI_NGA.union.nga_lead2.add_2015ntl.mask,timezone.shp,VBD_platforms-recurring_2015_r20170330.shp,999999,VBD_bridges_c20160811.shp,2.701723;0.592520;-1.537733;-6.424739;-11.321091;-16.224911;-21.132078;-19.454973;-16.614069;-11.826628;-7.007390;-2.161976,98.595314;112.244095;125.823792;124.798187;123.864281;123.023224;122.264351;107.621338;93.259468;94.789581;96.172417;97.426979,npp_d20140716_t1803247_e1809051_b14079,158.111,43.4931,35.1745,99.674,42.5412,83.5916
318,VBD_npp_d20140716_t1805153_x1063131E_y051780S_l0995_s1367_v23,2017-05-23 13:08:46,-5.177986,106.313141,3.19885,2014-07-16 18:05:15,2014-07-17 01:05:15,995,1367,0.421956,8,51425,0.207815,0.202722,0.771287,0.4,0.773003,0.75,0.0405719,0.0001,1.49176e-08,999999,1.735206e-02,3,Indonesian Exclusive Economic Zone,WPP712,,SVDNB_npp_d20140716_t1803247_e1809051_b14079_c20140717000905445784_noaa_ops.h5,GDNBO_npp_d20140716_t1803247_e1809051_b14079_c20140717000905445471_noaa_ops.h5,SVI04_npp_d20140716_t1803247_e1809051_b14079_c20140717000905432367_noaa_ops.dspace_rad,VNFF_npp_d20140716_t1803247_e1809051_b14079_v21.csv,World_EEZ_v8_2014.shp,WPP_BFAR_merge.shp,KKP_IDN_merge_20161208.shp,VNF-VBD_npp_20120301-20151231_global_asia-enhanced_c201607211230.bitmask,NCEI_NGA.union.nga_lead2.add_2015ntl.mask,timezone.shp,VBD_platforms-recurring_2015_r20170330.shp,0.149308,VBD_bridges_c20160811.shp,2.701723;0.592520;-1.537733;-6.424739;-11.321091;-16.224911;-21.132078;-19.454973;-16.614069;-11.826628;-7.007390;-2.161976,98.595314;112.244095;125.823792;124.798187;123.864281;123.023224;122.264351;107.621338;93.259468;94.789581;96.172417;97.426979,npp_d20140716_t1803247_e1809051_b14079,157.572,42.6385,35.0854,99.6993,42.3539,84.2666
319,VBD_npp_d20140716_t1805207_x1062418E_y054765S_l1041_s1367_v23,2017-05-23 13:08:46,-5.476452,106.241814,9.11479,2014-07-16 18:05:20,2014-07-17 01:05:20,1041,1367,0.409968,1,35297,0.424962,0.232182,0.882192,0.4,0.837614,0.75,0.0405717,0.0001,1.45413e-08,999999,-1.932659e-01,3,Indonesian Exclusive Economic Zone,WPP712,,SVDNB_npp_d20140716_t1803247_e1809051_b14079_c20140717000905445784_noaa_ops.h5,GDNBO_npp_d20140716_t1803247_e1809051_b14079_c20140717000905445471_noaa_ops.h5,SVI04_npp_d20140716_t1803247_e1809051_b14079_c20140717000905432367_noaa_ops.dspace_rad,VNFF_npp_d20140716_t1803247_e1809051_b14079_v21.csv,World_EEZ_v8_2014.shp,WPP_BFAR_merge.shp,KKP_IDN_merge_20161208.shp,VNF-VBD_npp_20120301-20151231_global_asia-enhanced_c201607211230.bitmask,NCEI_NGA.union.nga_lead2.add_2015ntl.mask,timezone.shp,VBD_platforms-recurring_2015_r20170330.shp,999999,VBD_bridges_c20160811.shp,2.701723;0.592520;-1.537733;-6.424739;-11.321091;-16.224911;-21.132078;-19.454973;-16.614069;-11.826628;-7.007390;-2.161976,98.595314;112.244095;125.823792;124.798187;123.864281;123.023224;122.264351;107.621338;93.259468;94.789581;96.172417;97.426979,npp_d20140716_t1803247_e1809051_b14079,157.824,43.0505,35.0863,99.9033,42.435,83.9436
320,VBD_npp_d20140716_t1805189_x1062591E_y054544S_l1037_s1368_v23,2017-05-23 13:08:46,-5.454385,106.259148,238.052,2014-07-16 18:05:18,2014-07-17 01:05:18,1037,1368,0.526257,4,35309,1.46851,0.0903535,0.892782,0.4,0.969954,0.75,0.0405771,0.0001,1.43893e-08,999999,8.207057e-01,3,Indonesian Exclusive Economic Zone,WPP712,,SVDNB_npp_d20140716_t1803247_e1809051_b14079_c20140717000905445784_noaa_ops.h5,GDNBO_npp_d20140716_t1803247_e1809051_b14079_c20140717000905445471_noaa_ops.h5,SVI04_npp_d20140716_t1803247_e1809051_b14079_c20140717000905432367_noaa_ops.dspace_rad,VNFF_npp_d20140716_t1803247_e1809051_b14079_v21.csv,World_EEZ_v8_2014.shp,WPP_BFAR_merge.shp,KKP_IDN_merge_20161208.shp,VNF-VBD_npp_20120301-20151231_global_asia-enhanced_c201607211230.bitmask,NCEI_NGA.union.nga_lead2.add_2015ntl.mask,timezone.shp,VBD_platforms-recurring_2015_r20170330.shp,999999,VBD_bridges_c20160811.shp,2.701723;0.592520;-1.537733;-6.424739;-11.321091;-16.224911;-21.132078;-19.454973;-16.614069;-11.826628;-7.007390;-2.161976,98.595314;112.244095;125.823792;124.798187;123.864281;123.023224;122.264351;107.621338;93.259468;94.789581;96.172417;97.426979,npp_d20140716_t1803247_e1809051_b14079,157.801,43.0303,35.0473,98.8614,42.4224,83.9661
321,VBD_npp_d20140716_t1805260_x1061806E_y058739S_l1101_s1371_v23,2017-05-23 13:08:46,-5.873851,106.180649,7.29507,2014-07-16 18:05:26,2014-07-17 01:05:26,1101,1371,0.423669,1,2529,0.386378,0.288851,0.743919,0.4,0.833372,0.75,0.040574,0.0001,1.48525e-08,999999,-5.984047e-01,3,Indonesian Exclusive Economic Zone,WPP712,,SVDNB_npp_d20140716_t1803247_e1809051_b14079_c20140717000905445784_noaa_ops.h5,GDNBO_npp_d20140716_t1803247_e1809051_b14079_c20140717000905445471_noaa_ops.h5,SVI04_npp_d20140716_t1803247_e1809051_b14079_c20140717000905432367_noaa_ops.dspace_rad,VNFF_npp_d20140716_t1803247_e1809051_b14079_v21.csv,World_EEZ_v8_2014.shp,WPP_BFAR_merge.shp,KKP_IDN_merge_20161208.shp,VNF-VBD_npp_20120301-20151231_global_asia-enhanced_c201607211230.bitmask,NCEI_NGA.union.nga_lead2.add_2015ntl.mask,timezone.shp,VBD_platforms-recurring_2015_r20170330.shp,999999,VBD_bridges_c20160811.shp,2.701723;0.592520;-1.537733;-6.424739;-11.321091;-16.224911;-21.132078;-19.454973;-16.614069;-11.826628;-7.007390;-2.161976,98.595314;112.244095;125.823792;124.798187;123.864281;123.023224;122.264351;107.621338;93.259468;94.789581;96.172417;97.426979,npp_d20140716_t1803247_e1809051_b14079,158.139,43.6594,34.9216,98.8975,42.5188,83.5103
322,VBD_npp_d20140716_t1805260_x1061998E_y058011S_l1090_s1372_v23,2017-05-23 13:08:46,-5.801099,106.199768,15.1392,2014-07-16 18:05:26,2014-07-17 01:05:26,1090,1372,0.396212,1,2529,0.558068,0.238815,0.865352,0.4,0.876071,0.75,0.0405982,0.0001,1.59316e-08,999999,-2.406869e-01,3,Indonesian Exclusive Economic Zone,WPP712,,SVDNB_npp_d20140716_t1803247_e1809051_b14079_c20140717000905445784_noaa_ops.h5,GDNBO_npp_d20140716_t1803247_e1809051_b14079_c20140717000905445471_noaa_ops.h5,SVI04_npp_d20140716_t1803247_e1809051_b14079_c20140717000905432367_noaa_ops.dspace_rad,VNFF_npp_d20140716_t1803247_e1809051_b14079_v21.csv,World_EEZ_v8_2014.shp,WPP_BFAR_merge.shp,KKP_IDN_merge_20161208.shp,VNF-VBD_npp_20120301-20151231_global_asia-enhanced_c201607211230.bitmask,NCEI_NGA.union.nga_lead2.add_2015ntl.mask,timezone.shp,VBD_platforms-recurring_2015_r20170330.shp,999999,VBD_bridges_c20160811.shp,2.701723;0.592520;-1.537733;-6.424739;-11.321091;-16.224911;-21.132078;-19.454973;-16.614069;-11.826628;-7.007390;-2.161976,98.595314;112.244095;125.823792;124.798187;123.864281;123.023224;122.264351;107.621338;93.259468;94.789581;96.172417;97.426979,npp_d20140716_t1803247_e1809051_b14079,158.074,43.5668,34.8776,99.8438,42.4914,83.5867
323,VBD_npp_d20140716_t1805242_x1062232E_y057450S_l1081_s1373_v23,2017-05-23 13:08:46,-5.744959,106.223206,22.9673,2014-07-16 18:05:24,2014-07-17 01:05:24,1081,1373,0.400576,1,2529,0.786617,0.222014,0.864332,0.4,0.94583,0.75,0.0406036,0.0001,1.60956e-08,999999,-1.205677e-01,3,Indonesian Exclusive Economic Zone,WPP712,,SVDNB_npp_d20140716_t1803247_e1809051_b14079_c20140717000905445784_noaa_ops.h5,GDNBO_npp_d20140716_t1803247_e1809051_b14079_c20140717000905445471_noaa_ops.h5,SVI04_npp_d20140716_t1803247_e1809051_b14079_c20140717000905432367_noaa_ops.dspace_rad,VNFF_npp_d20140716_t1803247_e1809051_b14079_v21.csv,World_EEZ_v8_2014.shp,WPP_BFAR_merge.shp,KKP_IDN_merge_20161208.shp,VNF-VBD_npp_20120301-20151231_global_asia-enhanced_c201607211230.bitmask,NCEI_NGA.union.nga_lead2.add_2015ntl.mask,timezone.shp,VBD_platforms-recurring_2015_r20170330.shp,999999,VBD_bridges_c20160811.shp,2.701723;0.592520;-1.537733;-6.424739;-11.321091;-16.224911;-21.132078;-19.454973;-16.614069;-11.826628;-7.007390;-2.161976,98.595314;112.244095;125.823792;124.798187;123.864281;123.023224;122.264351;107.621338;93.259468;94.789581;96.172417;97.426979,npp_d20140716_t1803247_e1809051_b14079,158.022,43.4979,34.835,99.2327,42.4687,83.6455
324,VBD_npp_d20140716_t1805260_x1062130E_y058447S_l1096_s1375_v23,2017-05-23 13:08:46,-5.844713,106.212990,9.16923,2014-07-16 18:05:26,2014-07-17 01:05:26,1096,1375,0.386931,1,2529,0.38776,0.27586,0.832185,0.4,0.801503,0.75,0.0406049,0.0001,1.68266e-08,999999,-5.055323e-01,3,Indonesian Exclusive Economic Zone,WPP712,,SVDNB_npp_d20140716_t1803247_e1809051_b14079_c20140717000905445784_noaa_ops.h5,GDNBO_npp_d20140716_t1803247_e1809051_b14079_c20140717000905445471_noaa_ops.h5,SVI04_npp_d20140716_t1803247_e1809051_b14079_c20140717000905432367_noaa_ops.dspace_rad,VNFF_npp_d20140716_t1803247_e1809051_b14079_v21.csv,World_EEZ_v8_2014.shp,WPP_BFAR_merge.shp,KKP_IDN_merge_20161208.shp,VNF-VBD_npp_20120301-20151231_global_asia-enhanced_c201607211230.bitmask,NCEI_NGA.union.nga_lead2.add_2015ntl.mask,timezone.shp,VBD_platforms-recurring_2015_r20170330.shp,999999,VBD_bridges_c20160811.shp,2.701723;0.592520;-1.537733;-6.424739;-11.321091;-16.224911;-21.132078;-19.454973;-16.614069;-11.826628;-7.007390;-2.161976,98.595314;112.244095;125.823792;124.798187;123.864281;123.023224;122.264351;107.621338;93.259468;94.789581;96.172417;97.426979,npp_d20140716_t1803247_e1809051_b14079,158.096,43.6639,34.7501,99.3248,42.4831,83.5352
325,VBD_npp_d20140716_t1805153_x1063809E_y051825S_l0994_s1377_v23,2017-05-23 13:08:46,-5.182477,106.380882,26.5244,2014-07-16 18:05:15,2014-07-17 01:05:15,994,1377,0.416321,4,35301,0.861351,0.208751,0.878498,0.4,0.946575,0.75,0.0406257,0.0001,1.94268e-08,999999,-2.575245e-02,3,Indonesian Exclusive Economic Zone,WPP712,,SVDNB_npp_d20140716_t1803247_e1809051_b14079_c20140717000905445784_noaa_ops.h5,GDNBO_npp_d20140716_t1803247_e1809051_b14079_c20140717000905445471_noaa_ops.h5,SVI04_npp_d20140716_t1803247_e1809051_b14079_c20140717000905432367_noaa_ops.dspace_rad,VNFF_npp_d20140716_t1803247_e1809051_b14079_v21.csv,World_EEZ_v8_2014.shp,WPP_BFAR_merge.shp,KKP_IDN_merge_20161208.shp,VNF-VBD_npp_20120301-20151231_global_asia-enhanced_c201607211230.bitmask,NCEI_NGA.union.nga_lead2.add_2015ntl.mask,timezone.shp,VBD_platforms-recurring_2015_r20170330.shp,999999,VBD_bridges_c20160811.shp,2.701723;0.592520;-1.537733;-6.424739;-11.321091;-16.224911;-21.132078;-19.454973;-16.614069;-11.826628;-7.007390;-2.161976,98.595314;112.244095;125.823792;124.798187;123.864281;123.023224;122.264351;107.621338;93.259468;94.789581;96.172417;97.426979,npp_d20140716_t1803247_e1809051_b14079,157.529,42.7598,34.6612,99.784,42.2863,84.2478
326,VBD_npp_d20140716_t1805189_x1063292E_y054452S_l1034_s1378_v23,2017-05-23 13:08:46,-5.445210,106.329163,729.37,2014-07-16 18:05:18,2014-07-17 01:05:18,1034,1378,0.424166,4,100837,1.70479,0.183878,0.884422,0.4,0.975256,0.75,0.0406308,0.0001,1.88952e-08,999999,1.520708e-01,3,Indonesian Exclusive Economic Zone,WPP712,,SVDNB_npp_d20140716_t1803247_e1809051_b14079_c20140717000905445784_noaa_ops.h5,GDNBO_npp_d20140716_t1803247_e1809051_b14079_c20140717000905445471_noaa_ops.h5,SVI04_npp_d20140716_t1803247_e1809051_b14079_c20140717000905432367_noaa_ops.dspace_rad,VNFF_npp_d20140716_t1803247_e1809051_b14079_v21.csv,World_EEZ_v8_2014.shp,WPP_BFAR_merge.shp,KKP_IDN_merge_20161208.shp,VNF-VBD_npp_20120301-20151231_global_asia-enhanced_c201607211230.bitmask,NCEI_NGA.union.nga_lead2.add_2015ntl.mask,timezone.shp,VBD_platforms-recurring_2015_r20170330.shp,999999,VBD_bridges_c20160811.shp,2.701723;0.592520;-1.537733;-6.424739;-11.321091;-16.224911;-21.132078;-19.454973;-16.614069;-11.826628;-7.007390;-2.161976,98.595314;112.244095;125.823792;124.798187;123.864281;123.023224;122.264351;107.621338;93.259468;94.789581;96.172417;97.426979,npp_d20140716_t1803247_e1809051_b14079,157.747,43.1329,34.6218,99.1101,42.3512,83.9615
327,VBD_npp_d20140716_t1805260_x1062273E_y058815S_l1101_s1378_v23,2017-05-23 13:08:46,-5.881515,106.227280,8.15914,2014-07-16 18:05:26,2014-07-17 01:05:26,1101,1378,0.38787,1,2529,0.415739,0.221903,0.792999,0.4,0.82939,0.75,0.0406114,0.0001,1.78247e-08,999999,-1.197735e-01,3,Indonesian Exclusive Economic Zone,WPP712,,SVDNB_npp_d20140716_t1803247_e1809051_b14079_c20140717000905445784_noaa_ops.h5,GDNBO_npp_d20140716_t1803247_e1809051_b14079_c20140717000905445471_noaa_ops.h5,SVI04_npp_d20140716_t1803247_e1809051_b14079_c20140717000905432367_noaa_ops.dspace_rad,VNFF_npp_d20140716_t1803247_e1809051_b14079_v21.csv,World_EEZ_v8_2014.shp,WPP_BFAR_merge.shp,KKP_IDN_merge_20161208.shp,VNF-VBD_npp_20120301-20151231_global_asia-enhanced_c201607211230.bitmask,NCEI_NGA.union.nga_lead2.add_2015ntl.mask,timezone.shp,VBD_platforms-recurring_2015_r20170330.shp,999999,VBD_bridges_c20160811.shp,2.701723;0.592520;-1.537733;-6.424739;-11.321091;-16.224911;-21.132078;-19.454973;-16.614069;-11.826628;-7.007390;-2.161976,98.595314;112.244095;125.823792;124.798187;123.864281;123.023224;122.264351;107.621338;93.259468;94.789581;96.172417;97.426979,npp_d20140716_t1803247_e1809051_b14079,158.113,43.7513,34.6246,98.8891,42.473,83.4911
328,VBD_npp_d20140716_t1805260_x1062439E_y058636S_l1098_s1380_v23,2017-05-23 13:08:46,-5.863622,106.243927,10.997,2014-07-16 18:05:26,2014-07-17 01:05:26,1098,1380,0.40146,1,2529,0.519955,0.225111,0.831771,0.4,0.891578,0.75,0.0406278,0.0001,1.89999e-08,999999,-1.427117e-01,3,Indonesian Exclusive Economic Zone,WPP712,,SVDNB_npp_d20140716_t1803247_e1809051_b14079_c20140717000905445784_noaa_ops.h5,GDNBO_npp_d20140716_t1803247_e1809051_b14079_c20140717000905445471_noaa_ops.h5,SVI04_npp_d20140716_t1803247_e1809051_b14079_c20140717000905432367_noaa_ops.dspace_rad,VNFF_npp_d20140716_t1803247_e1809051_b14079_v21.csv,World_EEZ_v8_2014.shp,WPP_BFAR_merge.shp,KKP_IDN_merge_20161208.shp,VNF-VBD_npp_20120301-20151231_global_asia-enhanced_c201607211230.bitmask,NCEI_NGA.union.nga_lead2.add_2015ntl.mask,timezone.shp,VBD_platforms-recurring_2015_r20170330.shp,999999,VBD_bridges_c20160811.shp,2.701723;0.592520;-1.537733;-6.424739;-11.321091;-16.224911;-21.132078;-19.454973;-16.614069;-11.826628;-7.007390;-2.161976,98.595314;112.244095;125.823792;124.798187;123.864281;123.023224;122.264351;107.621338;93.259468;94.789581;96.172417;97.426979,npp_d20140716_t1803247_e1809051_b14079,158.088,43.7486,34.5385,99.1473,42.4542,83.5072
329,VBD_npp_d20140716_t1805118_x1064448E_y050456S_l0972_s1381_v23,2017-05-23 13:08:46,-5.045554,106.444763,5.72756,2014-07-16 18:05:11,2014-07-17 01:05:11,972,1381,0.417315,8,18913,0.336545,0.212056,0.725093,0.4,0.833537,0.75,0.0406822,0.0001,2.11636e-08,999999,-4.937947e-02,3,Indonesian Exclusive Economic Zone,WPP712,,SVDNB_npp_d20140716_t1803247_e1809051_b14079_c20140717000905445784_noaa_ops.h5,GDNBO_npp_d20140716_t1803247_e1809051_b14079_c20140717000905445471_noaa_ops.h5,SVI04_npp_d20140716_t1803247_e1809051_b14079_c20140717000905432367_noaa_ops.dspace_rad,VNFF_npp_d20140716_t1803247_e1809051_b14079_v21.csv,World_EEZ_v8_2014.shp,WPP_BFAR_merge.shp,KKP_IDN_merge_20161208.shp,VNF-VBD_npp_20120301-20151231_global_asia-enhanced_c201607211230.bitmask,NCEI_NGA.union.nga_lead2.add_2015ntl.mask,timezone.shp,VBD_platforms-recurring_2015_r20170330.shp,0.50847,VBD_bridges_c20160811.shp,2.701723;0.592520;-1.537733;-6.424739;-11.321091;-16.224911;-21.132078;-19.454973;-16.614069;-11.826628;-7.007390;-2.161976,98.595314;112.244095;125.823792;124.798187;123.864281;123.023224;122.264351;107.621338;93.259468;94.789581;96.172417;97.426979,npp_d20140716_t1803247_e1809051_b14079,157.395,42.6182,34.4949,98.895,42.2228,84.3917
330,VBD_npp_d20140716_t1805260_x1062647E_y059014S_l1103_s1384_v23,2017-05-23 13:08:46,-5.901397,106.264748,6.11627,2014-07-16 18:05:26,2014-07-17 01:05:26,1103,1384,0.369419,2,2465,0.309368,0.222159,0.764573,0.4,0.744225,0.75,0.0406398,0.0001,2.06319e-08,999999,-1.216054e-01,3,Indonesian Exclusive Economic Zone,WPP712,,SVDNB_npp_d20140716_t1803247_e1809051_b14079_c20140717000905445784_noaa_ops.h5,GDNBO_npp_d20140716_t1803247_e1809051_b14079_c20140717000905445471_noaa_ops.h5,SVI04_npp_d20140716_t1803247_e1809051_b14079_c20140717000905432367_noaa_ops.dspace_rad,VNFF_npp_d20140716_t1803247_e1809051_b14079_v21.csv,World_EEZ_v8_2014.shp,WPP_BFAR_merge.shp,KKP_IDN_merge_20161208.shp,VNF-VBD_npp_20120301-20151231_global_asia-enhanced_c201607211230.bitmask,NCEI_NGA.union.nga_lead2.add_2015ntl.mask,timezone.shp,VBD_platforms-recurring_2015_r20170330.shp,999999,VBD_bridges_c20160811.shp,2.701723;0.592520;-1.537733;-6.424739;-11.321091;-16.224911;-21.132078;-19.454973;-16.614069;-11.826628;-7.007390;-2.161976,98.595314;112.244095;125.823792;124.798187;123.864281;123.023224;122.264351;107.621338;93.259468;94.789581;96.172417;97.426979,npp_d20140716_t1803247_e1809051_b14079,158.101,43.8486,34.3715,98.7074,42.4377,83.4604
331,VBD_npp_d20140716_t1805242_x1063642E_y057136S_l1073_s1393_v23,2017-05-23 13:08:46,-5.713638,106.364220,30.2794,2014-07-16 18:05:24,2014-07-17 01:05:24,1073,1393,0.424331,1,2529,0.924092,0.178091,0.869127,0.4,0.961584,0.75,0.0407108,0.0001,2.77036e-08,999999,1.934461e-01,3,Indonesian Exclusive Economic Zone,WPP712,,SVDNB_npp_d20140716_t1803247_e1809051_b14079_c20140717000905445784_noaa_ops.h5,GDNBO_npp_d20140716_t1803247_e1809051_b14079_c20140717000905445471_noaa_ops.h5,SVI04_npp_d20140716_t1803247_e1809051_b14079_c20140717000905432367_noaa_ops.dspace_rad,VNFF_npp_d20140716_t1803247_e1809051_b14079_v21.csv,World_EEZ_v8_2014.shp,WPP_BFAR_merge.shp,KKP_IDN_merge_20161208.shp,VNF-VBD_npp_20120301-20151231_global_asia-enhanced_c201607211230.bitmask,NCEI_NGA.union.nga_lead2.add_2015ntl.mask,timezone.shp,VBD_platforms-recurring_2015_r20170330.shp,999999,VBD_bridges_c20160811.shp,2.701723;0.592520;-1.537733;-6.424739;-11.321091;-16.224911;-21.132078;-19.454973;-16.614069;-11.826628;-7.007390;-2.161976,98.595314;112.244095;125.823792;124.798187;123.864281;123.023224;122.264351;107.621338;93.259468;94.789581;96.172417;97.426979,npp_d20140716_t1803247_e1809051_b14079,157.902,43.6816,33.9878,99.9216,42.3239,83.6489
332,VBD_npp_d20140716_t1805242_x1063508E_y057935S_l1085_s1393_v23,2017-05-23 13:08:46,-5.793487,106.350822,8.7876,2014-07-16 18:05:24,2014-07-17 01:05:24,1085,1393,0.384666,1,2529,0.4557,0.252815,0.767935,0.4,0.843113,0.75,0.0407106,0.0001,2.64458e-08,999999,-3.407778e-01,3,Indonesian Exclusive Economic Zone,WPP712,,SVDNB_npp_d20140716_t1803247_e1809051_b14079_c20140717000905445784_noaa_ops.h5,GDNBO_npp_d20140716_t1803247_e1809051_b14079_c20140717000905445471_noaa_ops.h5,SVI04_npp_d20140716_t1803247_e1809051_b14079_c20140717000905432367_noaa_ops.dspace_rad,VNFF_npp_d20140716_t1803247_e1809051_b14079_v21.csv,World_EEZ_v8_2014.shp,WPP_BFAR_merge.shp,KKP_IDN_merge_20161208.shp,VNF-VBD_npp_20120301-20151231_global_asia-enhanced_c201607211230.bitmask,NCEI_NGA.union.nga_lead2.add_2015ntl.mask,timezone.shp,VBD_platforms-recurring_2015_r20170330.shp,999999,VBD_bridges_c20160811.shp,2.701723;0.592520;-1.537733;-6.424739;-11.321091;-16.224911;-21.132078;-19.454973;-16.614069;-11.826628;-7.007390;-2.161976,98.595314;112.244095;125.823792;124.798187;123.864281;123.023224;122.264351;107.621338;93.259468;94.789581;96.172417;97.426979,npp_d20140716_t1803247_e1809051_b14079,157.969,43.7954,33.989,98.864,42.3463,83.5628
333,VBD_npp_d20140716_t1805260_x1063405E_y058523S_l1094_s1394_v23,2017-05-23 13:08:46,-5.852271,106.340546,7.8329,2014-07-16 18:05:26,2014-07-17 01:05:26,1094,1394,0.377816,1,2529,0.411606,0.202931,0.795297,0.4,0.855748,0.75,0.0407103,0.0001,2.75618e-08,999999,1.585705e-02,3,Indonesian Exclusive Economic Zone,WPP712,,SVDNB_npp_d20140716_t1803247_e1809051_b14079_c20140717000905445784_noaa_ops.h5,GDNBO_npp_d20140716_t1803247_e1809051_b14079_c20140717000905445471_noaa_ops.h5,SVI04_npp_d20140716_t1803247_e1809051_b14079_c20140717000905432367_noaa_ops.dspace_rad,VNFF_npp_d20140716_t1803247_e1809051_b14079_v21.csv,World_EEZ_v8_2014.shp,WPP_BFAR_merge.shp,KKP_IDN_merge_20161208.shp,VNF-VBD_npp_20120301-20151231_global_asia-enhanced_c201607211230.bitmask,NCEI_NGA.union.nga_lead2.add_2015ntl.mask,timezone.shp,VBD_platforms-recurring_2015_r20170330.shp,999999,VBD_bridges_c20160811.shp,2.701723;0.592520;-1.537733;-6.424739;-11.321091;-16.224911;-21.132078;-19.454973;-16.614069;-11.826628;-7.007390;-2.161976,98.595314;112.244095;125.823792;124.798187;123.864281;123.023224;122.264351;107.621338;93.259468;94.789581;96.172417;97.426979,npp_d20140716_t1803247_e1809051_b14079,158.014,43.8913,33.945,99.4874,42.3562,83.4978
334,VBD_npp_d20140716_t1805047_x1066311E_y046642S_l0911_s1395_v23,2017-05-23 13:08:46,-4.664183,106.631065,236.088,2014-07-16 18:05:04,2014-07-17 01:05:04,911,1395,0.421348,4,35301,1.45419,0.185868,0.875348,0.4,0.970974,0.75,0.0408643,0.0001,3.11006e-08,999999,1.378484e-01,3,Indonesian Exclusive Economic Zone,WPP712,,SVDNB_npp_d20140716_t1803247_e1809051_b14079_c20140717000905445784_noaa_ops.h5,GDNBO_npp_d20140716_t1803247_e1809051_b14079_c20140717000905445471_noaa_ops.h5,SVI04_npp_d20140716_t1803247_e1809051_b14079_c20140717000905432367_noaa_ops.dspace_rad,VNFF_npp_d20140716_t1803247_e1809051_b14079_v21.csv,World_EEZ_v8_2014.shp,WPP_BFAR_merge.shp,KKP_IDN_merge_20161208.shp,VNF-VBD_npp_20120301-20151231_global_asia-enhanced_c201607211230.bitmask,NCEI_NGA.union.nga_lead2.add_2015ntl.mask,timezone.shp,VBD_platforms-recurring_2015_r20170330.shp,999999,VBD_bridges_c20160811.shp,2.701723;0.592520;-1.537733;-6.424739;-11.321091;-16.224911;-21.132078;-19.454973;-16.614069;-11.826628;-7.007390;-2.161976,98.595314;112.244095;125.823792;124.798187;123.864281;123.023224;122.264351;107.621338;93.259468;94.789581;96.172417;97.426979,npp_d20140716_t1803247_e1809051_b14079,157.009,42.2667,33.9028,98.5774,42.0279,84.7919
335,VBD_npp_d20140716_t1805260_x1063644E_y058699S_l1096_s1398_v23,2017-05-23 13:08:46,-5.869915,106.364418,10.9876,2014-07-16 18:05:26,2014-07-17 01:05:26,1096,1398,0.364723,1,2529,0.430234,0.226802,0.783063,0.4,0.80808,0.75,0.0407279,0.0001,3.02259e-08,999999,-1.548022e-01,3,Indonesian Exclusive Economic Zone,WPP712,,SVDNB_npp_d20140716_t1803247_e1809051_b14079_c20140717000905445784_noaa_ops.h5,GDNBO_npp_d20140716_t1803247_e1809051_b14079_c20140717000905445471_noaa_ops.h5,SVI04_npp_d20140716_t1803247_e1809051_b14079_c20140717000905432367_noaa_ops.dspace_rad,VNFF_npp_d20140716_t1803247_e1809051_b14079_v21.csv,World_EEZ_v8_2014.shp,WPP_BFAR_merge.shp,KKP_IDN_merge_20161208.shp,VNF-VBD_npp_20120301-20151231_global_asia-enhanced_c201607211230.bitmask,NCEI_NGA.union.nga_lead2.add_2015ntl.mask,timezone.shp,VBD_platforms-recurring_2015_r20170330.shp,999999,VBD_bridges_c20160811.shp,2.701723;0.592520;-1.537733;-6.424739;-11.321091;-16.224911;-21.132078;-19.454973;-16.614069;-11.826628;-7.007390;-2.161976,98.595314;112.244095;125.823792;124.798187;123.864281;123.023224;122.264351;107.621338;93.259468;94.789581;96.172417;97.426979,npp_d20140716_t1803247_e1809051_b14079,158.01,43.9615,33.7761,99.3081,42.3343,83.4726
336,VBD_npp_d20140716_t1805064_x1066463E_y046927S_l0915_s1399_v23,2017-05-23 13:08:46,-4.692703,106.646301,8.97811,2014-07-16 18:05:06,2014-07-17 01:05:06,915,1399,0.284232,7,51617,0.28517,0.245598,0.812985,0.4,0.657559,0.75,0.0408787,0.0001,3.55296e-08,999999,-2.891800e-01,3,,,,SVDNB_npp_d20140716_t1803247_e1809051_b14079_c20140717000905445784_noaa_ops.h5,GDNBO_npp_d20140716_t1803247_e1809051_b14079_c20140717000905445471_noaa_ops.h5,SVI04_npp_d20140716_t1803247_e1809051_b14079_c20140717000905432367_noaa_ops.dspace_rad,VNFF_npp_d20140716_t1803247_e1809051_b14079_v21.csv,World_EEZ_v8_2014.shp,WPP_BFAR_merge.shp,KKP_IDN_merge_20161208.shp,VNF-VBD_npp_20120301-20151231_global_asia-enhanced_c201607211230.bitmask,NCEI_NGA.union.nga_lead2.add_2015ntl.mask,timezone.shp,VBD_platforms-recurring_2015_r20170330.shp,0.351938,VBD_bridges_c20160811.shp,2.701723;0.592520;-1.537733;-6.424739;-11.321091;-16.224911;-21.132078;-19.454973;-16.614069;-11.826628;-7.007390;-2.161976,98.595314;112.244095;125.823792;124.798187;123.864281;123.023224;122.264351;107.621338;93.259468;94.789581;96.172417;97.426979,npp_d20140716_t1803247_e1809051_b14079,157.015,42.3494,33.7289,99.6492,42.008,84.7553
337,VBD_npp_d20140716_t1805207_x1064917E_y055313S_l1043_s1405_v23,2017-05-23 13:08:46,-5.531295,106.491707,6.22621,2014-07-16 18:05:20,2014-07-17 01:05:20,1043,1405,0.419139,1,2529,0.374273,0.214739,0.825159,0.4,0.861201,0.75,0.0407753,0.0001,3.82246e-08,999999,-6.855669e-02,3,Indonesian Exclusive Economic Zone,WPP712,Kepulauan Seribu Marine National Park,SVDNB_npp_d20140716_t1803247_e1809051_b14079_c20140717000905445784_noaa_ops.h5,GDNBO_npp_d20140716_t1803247_e1809051_b14079_c20140717000905445471_noaa_ops.h5,SVI04_npp_d20140716_t1803247_e1809051_b14079_c20140717000905432367_noaa_ops.dspace_rad,VNFF_npp_d20140716_t1803247_e1809051_b14079_v21.csv,World_EEZ_v8_2014.shp,WPP_BFAR_merge.shp,KKP_IDN_merge_20161208.shp,VNF-VBD_npp_20120301-20151231_global_asia-enhanced_c201607211230.bitmask,NCEI_NGA.union.nga_lead2.add_2015ntl.mask,timezone.shp,VBD_platforms-recurring_2015_r20170330.shp,999999,VBD_bridges_c20160811.shp,2.701723;0.592520;-1.537733;-6.424739;-11.321091;-16.224911;-21.132078;-19.454973;-16.614069;-11.826628;-7.007390;-2.161976,98.595314;112.244095;125.823792;124.798187;123.864281;123.023224;122.264351;107.621338;93.259468;94.789581;96.172417;97.426979,npp_d20140716_t1803247_e1809051_b14079,157.693,43.5612,33.4641,99.7376,42.1903,83.8285
338,VBD_npp_d20140716_t1805207_x1065043E_y055404S_l1044_s1407_v23,2017-05-23 13:08:46,-5.540404,106.504333,9.51254,2014-07-16 18:05:20,2014-07-17 01:05:20,1044,1407,0.419139,1,2529,0.506905,0.207539,0.826779,0.4,0.903802,0.75,0.040786,0.0001,4.01202e-08,999999,-1.708685e-02,3,Indonesian Exclusive Economic Zone,WPP712,Kepulauan Seribu Marine National Park,SVDNB_npp_d20140716_t1803247_e1809051_b14079_c20140717000905445784_noaa_ops.h5,GDNBO_npp_d20140716_t1803247_e1809051_b14079_c20140717000905445471_noaa_ops.h5,SVI04_npp_d20140716_t1803247_e1809051_b14079_c20140717000905432367_noaa_ops.dspace_rad,VNFF_npp_d20140716_t1803247_e1809051_b14079_v21.csv,World_EEZ_v8_2014.shp,WPP_BFAR_merge.shp,KKP_IDN_merge_20161208.shp,VNF-VBD_npp_20120301-20151231_global_asia-enhanced_c201607211230.bitmask,NCEI_NGA.union.nga_lead2.add_2015ntl.mask,timezone.shp,VBD_platforms-recurring_2015_r20170330.shp,999999,VBD_bridges_c20160811.shp,2.701723;0.592520;-1.537733;-6.424739;-11.321091;-16.224911;-21.132078;-19.454973;-16.614069;-11.826628;-7.007390;-2.161976,98.595314;112.244095;125.823792;124.798187;123.864281;123.023224;122.264351;107.621338;93.259468;94.789581;96.172417;97.426979,npp_d20140716_t1803247_e1809051_b14079,157.691,43.5975,33.3739,99.6452,42.1786,83.8155
339,VBD_npp_d20140716_t1805171_x1065667E_y053763S_l1018_s1410_v23,2017-05-23 13:08:46,-5.376320,106.566711,656.149,2014-07-16 18:05:17,2014-07-17 01:05:17,1018,1410,0.434828,4,35301,1.70181,0.173384,0.881258,0.4,0.984015,0.75,0.0408024,0.0001,4.32261e-08,999999,2.270960e-01,3,Indonesian Exclusive Economic Zone,WPP712,,SVDNB_npp_d20140716_t1803247_e1809051_b14079_c20140717000905445784_noaa_ops.h5,GDNBO_npp_d20140716_t1803247_e1809051_b14079_c20140717000905445471_noaa_ops.h5,SVI04_npp_d20140716_t1803247_e1809051_b14079_c20140717000905432367_noaa_ops.dspace_rad,VNFF_npp_d20140716_t1803247_e1809051_b14079_v21.csv,World_EEZ_v8_2014.shp,WPP_BFAR_merge.shp,KKP_IDN_merge_20161208.shp,VNF-VBD_npp_20120301-20151231_global_asia-enhanced_c201607211230.bitmask,NCEI_NGA.union.nga_lead2.add_2015ntl.mask,timezone.shp,VBD_platforms-recurring_2015_r20170330.shp,999999,VBD_bridges_c20160811.shp,2.701723;0.592520;-1.537733;-6.424739;-11.321091;-16.224911;-21.132078;-19.454973;-16.614069;-11.826628;-7.007390;-2.161976,98.595314;112.244095;125.823792;124.798187;123.864281;123.023224;122.264351;107.621338;93.259468;94.789581;96.172417;97.426979,npp_d20140716_t1803247_e1809051_b14079,157.539,43.4021,33.2421,99.0713,42.1128,83.99
340,VBD_npp_d20140716_t1805242_x1064731E_y057656S_l1078_s1410_v23,2017-05-23 13:08:46,-5.765553,106.473091,5.66722,2014-07-16 18:05:24,2014-07-17 01:05:24,1078,1410,0.357541,2,2465,0.281073,0.239347,0.683795,0.4,0.739807,0.75,0.0408015,0.0001,4.20467e-08,999999,-2.444889e-01,3,Indonesian Exclusive Economic Zone,WPP712,Kepulauan Seribu Marine National Park,SVDNB_npp_d20140716_t1803247_e1809051_b14079_c20140717000905445784_noaa_ops.h5,GDNBO_npp_d20140716_t1803247_e1809051_b14079_c20140717000905445471_noaa_ops.h5,SVI04_npp_d20140716_t1803247_e1809051_b14079_c20140717000905432367_noaa_ops.dspace_rad,VNFF_npp_d20140716_t1803247_e1809051_b14079_v21.csv,World_EEZ_v8_2014.shp,WPP_BFAR_merge.shp,KKP_IDN_merge_20161208.shp,VNF-VBD_npp_20120301-20151231_global_asia-enhanced_c201607211230.bitmask,NCEI_NGA.union.nga_lead2.add_2015ntl.mask,timezone.shp,VBD_platforms-recurring_2015_r20170330.shp,999999,VBD_bridges_c20160811.shp,2.701723;0.592520;-1.537733;-6.424739;-11.321091;-16.224911;-21.132078;-19.454973;-16.614069;-11.826628;-7.007390;-2.161976,98.595314;112.244095;125.823792;124.798187;123.864281;123.023224;122.264351;107.621338;93.259468;94.789581;96.172417;97.426979,npp_d20140716_t1803247_e1809051_b14079,157.865,43.9515,33.2425,99.4782,42.2207,83.5664
341,VBD_npp_d20140716_t1805225_x1065175E_y056719S_l1063_s1413_v23,2017-05-23 13:08:46,-5.671937,106.517479,5.11522,2014-07-16 18:05:22,2014-07-17 01:05:22,1063,1413,0.356989,1,2529,0.283799,0.228548,0.686434,0.4,0.776329,0.75,0.0408178,0.0001,4.58261e-08,999999,-1.672824e-01,3,Indonesian Exclusive Economic Zone,WPP712,Kepulauan Seribu Marine National Park,SVDNB_npp_d20140716_t1803247_e1809051_b14079_c20140717000905445784_noaa_ops.h5,GDNBO_npp_d20140716_t1803247_e1809051_b14079_c20140717000905445471_noaa_ops.h5,SVI04_npp_d20140716_t1803247_e1809051_b14079_c20140717000905432367_noaa_ops.dspace_rad,VNFF_npp_d20140716_t1803247_e1809051_b14079_v21.csv,World_EEZ_v8_2014.shp,WPP_BFAR_merge.shp,KKP_IDN_merge_20161208.shp,VNF-VBD_npp_20120301-20151231_global_asia-enhanced_c201607211230.bitmask,NCEI_NGA.union.nga_lead2.add_2015ntl.mask,timezone.shp,VBD_platforms-recurring_2015_r20170330.shp,999999,VBD_bridges_c20160811.shp,2.701723;0.592520;-1.537733;-6.424739;-11.321091;-16.224911;-21.132078;-19.454973;-16.614069;-11.826628;-7.007390;-2.161976,98.595314;112.244095;125.823792;124.798187;123.864281;123.023224;122.264351;107.621338;93.259468;94.789581;96.172417;97.426979,npp_d20140716_t1803247_e1809051_b14079,157.772,43.8536,33.1045,99.3719,42.1728,83.6632
342,VBD_npp_d20140716_t1805242_x1065289E_y057679S_l1077_s1418_v23,2017-05-23 13:08:46,-5.767910,106.528885,6.17674,2014-07-16 18:05:24,2014-07-17 01:05:24,1077,1418,0.351188,2,2465,0.295398,0.22805,0.722227,0.4,0.742484,0.75,0.0408443,0.0001,5.18569e-08,999999,-1.637206e-01,3,Indonesian Exclusive Economic Zone,WPP712,Kepulauan Seribu Marine National Park,SVDNB_npp_d20140716_t1803247_e1809051_b14079_c20140717000905445784_noaa_ops.h5,GDNBO_npp_d20140716_t1803247_e1809051_b14079_c20140717000905445471_noaa_ops.h5,SVI04_npp_d20140716_t1803247_e1809051_b14079_c20140717000905432367_noaa_ops.dspace_rad,VNFF_npp_d20140716_t1803247_e1809051_b14079_v21.csv,World_EEZ_v8_2014.shp,WPP_BFAR_merge.shp,KKP_IDN_merge_20161208.shp,VNF-VBD_npp_20120301-20151231_global_asia-enhanced_c201607211230.bitmask,NCEI_NGA.union.nga_lead2.add_2015ntl.mask,timezone.shp,VBD_platforms-recurring_2015_r20170330.shp,999999,VBD_bridges_c20160811.shp,2.701723;0.592520;-1.537733;-6.424739;-11.321091;-16.224911;-21.132078;-19.454973;-16.614069;-11.826628;-7.007390;-2.161976,98.595314;112.244095;125.823792;124.798187;123.864281;123.023224;122.264351;107.621338;93.259468;94.789581;96.172417;97.426979,npp_d20140716_t1803247_e1809051_b14079,157.828,44.048,32.883,99.5674,42.1651,83.5511
343,VBD_npp_d20140716_t1804006_x1077188E_y008603S_l0322_s1426_v23,2017-05-23 13:08:46,-0.860292,107.718849,21.3532,2014-07-16 18:04:00,2014-07-17 01:04:00,322,1426,0.420243,1,2529,0.793146,0.19679,0.86779,0.4,0.94599,0.75,0.0417376,0.0001,9.5057e-08,999999,5.976397e-02,3,Indonesian Exclusive Economic Zone,WPP711,,SVDNB_npp_d20140716_t1803247_e1809051_b14079_c20140717000905445784_noaa_ops.h5,GDNBO_npp_d20140716_t1803247_e1809051_b14079_c20140717000905445471_noaa_ops.h5,SVI04_npp_d20140716_t1803247_e1809051_b14079_c20140717000905432367_noaa_ops.dspace_rad,VNFF_npp_d20140716_t1803247_e1809051_b14079_v21.csv,World_EEZ_v8_2014.shp,WPP_BFAR_merge.shp,KKP_IDN_merge_20161208.shp,VNF-VBD_npp_20120301-20151231_global_asia-enhanced_c201607211230.bitmask,NCEI_NGA.union.nga_lead2.add_2015ntl.mask,timezone.shp,VBD_platforms-recurring_2015_r20170330.shp,999999,VBD_bridges_c20160811.shp,2.701723;0.592520;-1.537733;-6.424739;-11.321091;-16.224911;-21.132078;-19.454973;-16.614069;-11.826628;-7.007390;-2.161976,98.595314;112.244095;125.823792;124.798187;123.864281;123.023224;122.264351;107.621338;93.259468;94.789581;96.172417;97.426979,npp_d20140716_t1803247_e1809051_b14079,153.573,38.2431,32.5196,99.4407,40.9821,89.1014
344,VBD_npp_d20140716_t1805260_x1065653E_y059240S_l1099_s1428_v23,2017-05-23 13:08:46,-5.923965,106.565292,6.88671,2014-07-16 18:05:26,2014-07-17 01:05:26,1099,1428,0.407703,8,18913,0.309623,0.245795,0.663901,0.4,0.763827,0.75,0.0408823,0.0001,6.45354e-08,999999,-2.905843e-01,3,Indonesian Exclusive Economic Zone,WPP712,,SVDNB_npp_d20140716_t1803247_e1809051_b14079_c20140717000905445784_noaa_ops.h5,GDNBO_npp_d20140716_t1803247_e1809051_b14079_c20140717000905445471_noaa_ops.h5,SVI04_npp_d20140716_t1803247_e1809051_b14079_c20140717000905432367_noaa_ops.dspace_rad,VNFF_npp_d20140716_t1803247_e1809051_b14079_v21.csv,World_EEZ_v8_2014.shp,WPP_BFAR_merge.shp,KKP_IDN_merge_20161208.shp,VNF-VBD_npp_20120301-20151231_global_asia-enhanced_c201607211230.bitmask,NCEI_NGA.union.nga_lead2.add_2015ntl.mask,timezone.shp,VBD_platforms-recurring_2015_r20170330.shp,0.655726,VBD_bridges_c20160811.shp,2.701723;0.592520;-1.537733;-6.424739;-11.321091;-16.224911;-21.132078;-19.454973;-16.614069;-11.826628;-7.007390;-2.161976,98.595314;112.244095;125.823792;124.798187;123.864281;123.023224;122.264351;107.621338;93.259468;94.789581;96.172417;97.426979,npp_d20140716_t1803247_e1809051_b14079,157.909,44.3879,32.4355,99.0033,42.1395,83.3656
345,VBD_npp_d20140716_t1805118_x1068184E_y051210S_l0974_s1437_v23,2017-05-23 13:08:46,-5.121010,106.818382,48.3176,2014-07-16 18:05:11,2014-07-17 01:05:11,974,1437,0.424,1,2529,1.0163,0.198102,0.865744,0.4,0.955913,0.75,0.040979,0.0001,8.67474e-08,999999,5.038340e-02,3,Indonesian Exclusive Economic Zone,WPP712,,SVDNB_npp_d20140716_t1803247_e1809051_b14079_c20140717000905445784_noaa_ops.h5,GDNBO_npp_d20140716_t1803247_e1809051_b14079_c20140717000905445471_noaa_ops.h5,SVI04_npp_d20140716_t1803247_e1809051_b14079_c20140717000905432367_noaa_ops.dspace_rad,VNFF_npp_d20140716_t1803247_e1809051_b14079_v21.csv,World_EEZ_v8_2014.shp,WPP_BFAR_merge.shp,KKP_IDN_merge_20161208.shp,VNF-VBD_npp_20120301-20151231_global_asia-enhanced_c201607211230.bitmask,NCEI_NGA.union.nga_lead2.add_2015ntl.mask,timezone.shp,VBD_platforms-recurring_2015_r20170330.shp,999999,VBD_bridges_c20160811.shp,2.701723;0.592520;-1.537733;-6.424739;-11.321091;-16.224911;-21.132078;-19.454973;-16.614069;-11.826628;-7.007390;-2.161976,98.595314;112.244095;125.823792;124.798187;123.864281;123.023224;122.264351;107.621338;93.259468;94.789581;96.172417;97.426979,npp_d20140716_t1803247_e1809051_b14079,157.197,43.3588,32.0317,98.6349,41.8552,84.2315
346,VBD_npp_d20140716_t1805136_x1068288E_y051824S_l0983_s1441_v23,2017-05-23 13:08:46,-5.182441,106.828819,13.4811,2014-07-16 18:05:13,2014-07-17 01:05:13,983,1441,0.386931,1,2529,0.465953,0.242778,0.809522,0.4,0.850031,0.75,0.0409846,0.0001,9.73122e-08,999999,-2.690198e-01,3,Indonesian Exclusive Economic Zone,WPP712,,SVDNB_npp_d20140716_t1803247_e1809051_b14079_c20140717000905445784_noaa_ops.h5,GDNBO_npp_d20140716_t1803247_e1809051_b14079_c20140717000905445471_noaa_ops.h5,SVI04_npp_d20140716_t1803247_e1809051_b14079_c20140717000905432367_noaa_ops.dspace_rad,VNFF_npp_d20140716_t1803247_e1809051_b14079_v21.csv,World_EEZ_v8_2014.shp,WPP_BFAR_merge.shp,KKP_IDN_merge_20161208.shp,VNF-VBD_npp_20120301-20151231_global_asia-enhanced_c201607211230.bitmask,NCEI_NGA.union.nga_lead2.add_2015ntl.mask,timezone.shp,VBD_platforms-recurring_2015_r20170330.shp,999999,VBD_bridges_c20160811.shp,2.701723;0.592520;-1.537733;-6.424739;-11.321091;-16.224911;-21.132078;-19.454973;-16.614069;-11.826628;-7.007390;-2.161976,98.595314;112.244095;125.823792;124.798187;123.864281;123.023224;122.264351;107.621338;93.259468;94.789581;96.172417;97.426979,npp_d20140716_t1803247_e1809051_b14079,157.229,43.4884,31.848,99.313,41.8438,84.1579
347,VBD_npp_d20140716_t1805136_x1068321E_y052036S_l0986_s1442_v23,2017-05-23 13:08:46,-5.203633,106.832146,15.6753,2014-07-16 18:05:13,2014-07-17 01:05:13,986,1442,0.418697,1,2529,0.591692,0.227323,0.809522,0.4,0.869929,0.75,0.0409847,0.0001,9.8626e-08,999999,-1.585264e-01,3,Indonesian Exclusive Economic Zone,WPP712,,SVDNB_npp_d20140716_t1803247_e1809051_b14079_c20140717000905445784_noaa_ops.h5,GDNBO_npp_d20140716_t1803247_e1809051_b14079_c20140717000905445471_noaa_ops.h5,SVI04_npp_d20140716_t1803247_e1809051_b14079_c20140717000905432367_noaa_ops.dspace_rad,VNFF_npp_d20140716_t1803247_e1809051_b14079_v21.csv,World_EEZ_v8_2014.shp,WPP_BFAR_merge.shp,KKP_IDN_merge_20161208.shp,VNF-VBD_npp_20120301-20151231_global_asia-enhanced_c201607211230.bitmask,NCEI_NGA.union.nga_lead2.add_2015ntl.mask,timezone.shp,VBD_platforms-recurring_2015_r20170330.shp,999999,VBD_bridges_c20160811.shp,2.701723;0.592520;-1.537733;-6.424739;-11.321091;-16.224911;-21.132078;-19.454973;-16.614069;-11.826628;-7.007390;-2.161976,98.595314;112.244095;125.823792;124.798187;123.864281;123.023224;122.264351;107.621338;93.259468;94.789581;96.172417;97.426979,npp_d20140716_t1803247_e1809051_b14079,157.242,43.5286,31.8038,99.0241,41.8427,84.1331
348,VBD_npp_d20140716_t1805171_x1068117E_y054029S_l1016_s1446_v23,2017-05-23 13:08:46,-5.402872,106.811745,84.9897,2014-07-16 18:05:17,2014-07-17 01:05:17,1016,1446,0.400079,1,2529,1.2481,0.216077,0.905403,0.4,0.975927,0.75,0.0409952,0.0001,1.07168e-07,999999,-7.812408e-02,3,Indonesian Exclusive Economic Zone,WPP712,,SVDNB_npp_d20140716_t1803247_e1809051_b14079_c20140717000905445784_noaa_ops.h5,GDNBO_npp_d20140716_t1803247_e1809051_b14079_c20140717000905445471_noaa_ops.h5,SVI04_npp_d20140716_t1803247_e1809051_b14079_c20140717000905432367_noaa_ops.dspace_rad,VNFF_npp_d20140716_t1803247_e1809051_b14079_v21.csv,World_EEZ_v8_2014.shp,WPP_BFAR_merge.shp,KKP_IDN_merge_20161208.shp,VNF-VBD_npp_20120301-20151231_global_asia-enhanced_c201607211230.bitmask,NCEI_NGA.union.nga_lead2.add_2015ntl.mask,timezone.shp,VBD_platforms-recurring_2015_r20170330.shp,999999,VBD_bridges_c20160811.shp,2.701723;0.592520;-1.537733;-6.424739;-11.321091;-16.224911;-21.132078;-19.454973;-16.614069;-11.826628;-7.007390;-2.161976,98.595314;112.244095;125.823792;124.798187;123.864281;123.023224;122.264351;107.621338;93.259468;94.789581;96.172417;97.426979,npp_d20140716_t1803247_e1809051_b14079,157.39,43.8488,31.627,99.2312,41.8698,83.9077
349,VBD_npp_d20140716_t1805260_x1066957E_y059660S_l1102_s1448_v23,2017-05-23 13:08:46,-5.966026,106.695740,16.8335,2014-07-16 18:05:26,2014-07-17 01:05:26,1102,1448,0.420078,1,2529,0.621588,0.219866,0.814714,0.4,0.905944,0.75,0.0409834,0.0001,1.0435e-07,999999,-1.052134e-01,3,Indonesian Exclusive Economic Zone,WPP712,,SVDNB_npp_d20140716_t1803247_e1809051_b14079_c20140717000905445784_noaa_ops.h5,GDNBO_npp_d20140716_t1803247_e1809051_b14079_c20140717000905445471_noaa_ops.h5,SVI04_npp_d20140716_t1803247_e1809051_b14079_c20140717000905432367_noaa_ops.dspace_rad,VNFF_npp_d20140716_t1803247_e1809051_b14079_v21.csv,World_EEZ_v8_2014.shp,WPP_BFAR_merge.shp,KKP_IDN_merge_20161208.shp,VNF-VBD_npp_20120301-20151231_global_asia-enhanced_c201607211230.bitmask,NCEI_NGA.union.nga_lead2.add_2015ntl.mask,timezone.shp,VBD_platforms-recurring_2015_r20170330.shp,999999,VBD_bridges_c20160811.shp,2.701723;0.592520;-1.537733;-6.424739;-11.321091;-16.224911;-21.132078;-19.454973;-16.614069;-11.826628;-7.007390;-2.161976,98.595314;112.244095;125.823792;124.798187;123.864281;123.023224;122.264351;107.621338;93.259468;94.789581;96.172417;97.426979,npp_d20140716_t1803247_e1809051_b14079,157.848,44.6745,31.5413,98.6906,42.0139,83.2877
350,VBD_npp_d20140716_t1805260_x1067035E_y059604S_l1101_s1449_v23,2017-05-23 13:08:46,-5.960430,106.703484,13.8766,2014-07-16 18:05:26,2014-07-17 01:05:26,1101,1449,0.422398,1,2529,0.399254,0.218581,0.814714,0.4,0.868156,0.75,0.0409907,0.0001,1.07324e-07,999999,-9.602356e-02,3,Indonesian Exclusive Economic Zone,WPP712,,SVDNB_npp_d20140716_t1803247_e1809051_b14079_c20140717000905445784_noaa_ops.h5,GDNBO_npp_d20140716_t1803247_e1809051_b14079_c20140717000905445471_noaa_ops.h5,SVI04_npp_d20140716_t1803247_e1809051_b14079_c20140717000905432367_noaa_ops.dspace_rad,VNFF_npp_d20140716_t1803247_e1809051_b14079_v21.csv,World_EEZ_v8_2014.shp,WPP_BFAR_merge.shp,KKP_IDN_merge_20161208.shp,VNF-VBD_npp_20120301-20151231_global_asia-enhanced_c201607211230.bitmask,NCEI_NGA.union.nga_lead2.add_2015ntl.mask,timezone.shp,VBD_platforms-recurring_2015_r20170330.shp,999999,VBD_bridges_c20160811.shp,2.701723;0.592520;-1.537733;-6.424739;-11.321091;-16.224911;-21.132078;-19.454973;-16.614069;-11.826628;-7.007390;-2.161976,98.595314;112.244095;125.823792;124.798187;123.864281;123.023224;122.264351;107.621338;93.259468;94.789581;96.172417;97.426979,npp_d20140716_t1803247_e1809051_b14079,157.839,44.6775,31.4959,98.7861,42.0055,83.2921
351,VBD_npp_d20140716_t1805260_x1067168E_y059215S_l1095_s1450_v23,2017-05-23 13:08:46,-5.921463,106.716812,8.26458,2014-07-16 18:05:26,2014-07-17 01:05:26,1095,1450,0.422232,8,18913,0.411553,0.191443,0.798174,0.4,0.839997,0.75,0.0410074,0.0001,1.12532e-07,999999,9.798800e-02,3,Indonesian Exclusive Economic Zone,WPP712,,SVDNB_npp_d20140716_t1803247_e1809051_b14079_c20140717000905445784_noaa_ops.h5,GDNBO_npp_d20140716_t1803247_e1809051_b14079_c20140717000905445471_noaa_ops.h5,SVI04_npp_d20140716_t1803247_e1809051_b14079_c20140717000905432367_noaa_ops.dspace_rad,VNFF_npp_d20140716_t1803247_e1809051_b14079_v21.csv,World_EEZ_v8_2014.shp,WPP_BFAR_merge.shp,KKP_IDN_merge_20161208.shp,VNF-VBD_npp_20120301-20151231_global_asia-enhanced_c201607211230.bitmask,NCEI_NGA.union.nga_lead2.add_2015ntl.mask,timezone.shp,VBD_platforms-recurring_2015_r20170330.shp,0.593783,VBD_bridges_c20160811.shp,2.701723;0.592520;-1.537733;-6.424739;-11.321091;-16.224911;-21.132078;-19.454973;-16.614069;-11.826628;-7.007390;-2.161976,98.595314;112.244095;125.823792;124.798187;123.864281;123.023224;122.264351;107.621338;93.259468;94.789581;96.172417;97.426979,npp_d20140716_t1803247_e1809051_b14079,157.802,44.6321,31.4492,99.3672,41.9875,83.333
352,VBD_npp_d20140716_t1805118_x1069247E_y050560S_l0962_s1451_v23,2017-05-23 13:08:46,-5.056026,106.924683,103.247,2014-07-16 18:05:11,2014-07-17 01:05:11,962,1451,0.421514,1,2529,1.25154,0.196028,0.871645,0.4,0.964204,0.75,0.041075,0.0001,1.27127e-07,999999,6.521026e-02,3,Indonesian Exclusive Economic Zone,WPP712,,SVDNB_npp_d20140716_t1803247_e1809051_b14079_c20140717000905445784_noaa_ops.h5,GDNBO_npp_d20140716_t1803247_e1809051_b14079_c20140717000905445471_noaa_ops.h5,SVI04_npp_d20140716_t1803247_e1809051_b14079_c20140717000905432367_noaa_ops.dspace_rad,VNFF_npp_d20140716_t1803247_e1809051_b14079_v21.csv,World_EEZ_v8_2014.shp,WPP_BFAR_merge.shp,KKP_IDN_merge_20161208.shp,VNF-VBD_npp_20120301-20151231_global_asia-enhanced_c201607211230.bitmask,NCEI_NGA.union.nga_lead2.add_2015ntl.mask,timezone.shp,VBD_platforms-recurring_2015_r20170330.shp,999999,VBD_bridges_c20160811.shp,2.701723;0.592520;-1.537733;-6.424739;-11.321091;-16.224911;-21.132078;-19.454973;-16.614069;-11.826628;-7.007390;-2.161976,98.595314;112.244095;125.823792;124.798187;123.864281;123.023224;122.264351;107.621338;93.259468;94.789581;96.172417;97.426979,npp_d20140716_t1803247_e1809051_b14079,157.077,43.426,31.4031,99.7822,41.7418,84.2839
353,VBD_npp_d20140716_t1805260_x1067277E_y059781S_l1103_s1453_v23,2017-05-23 13:08:46,-5.978093,106.727699,5.2251,2014-07-16 18:05:26,2014-07-17 01:05:26,1103,1453,0.420851,7,2465,0.266526,0.220891,0.804264,0.4,0.747335,0.75,0.0410082,0.0001,1.17219e-07,999999,-1.125442e-01,3,,,,SVDNB_npp_d20140716_t1803247_e1809051_b14079_c20140717000905445784_noaa_ops.h5,GDNBO_npp_d20140716_t1803247_e1809051_b14079_c20140717000905445471_noaa_ops.h5,SVI04_npp_d20140716_t1803247_e1809051_b14079_c20140717000905432367_noaa_ops.dspace_rad,VNFF_npp_d20140716_t1803247_e1809051_b14079_v21.csv,World_EEZ_v8_2014.shp,WPP_BFAR_merge.shp,KKP_IDN_merge_20161208.shp,VNF-VBD_npp_20120301-20151231_global_asia-enhanced_c201607211230.bitmask,NCEI_NGA.union.nga_lead2.add_2015ntl.mask,timezone.shp,VBD_platforms-recurring_2015_r20170330.shp,999999,VBD_bridges_c20160811.shp,2.701723;0.592520;-1.537733;-6.424739;-11.321091;-16.224911;-21.132078;-19.454973;-16.614069;-11.826628;-7.007390;-2.161976,98.595314;112.244095;125.823792;124.798187;123.864281;123.023224;122.264351;107.621338;93.259468;94.789581;96.172417;97.426979,npp_d20140716_t1803247_e1809051_b14079,157.835,44.7476,31.3184,98.5857,41.9833,83.2665
354,VBD_npp_d20140716_t1805118_x1069565E_y050682S_l0963_s1456_v23,2017-05-23 13:08:46,-5.068190,106.956505,31.0737,2014-07-16 18:05:11,2014-07-17 01:05:11,963,1456,0.417315,1,2529,0.684164,0.219302,0.837563,0.4,0.879187,0.75,0.0411001,0.0001,1.42679e-07,999999,-1.011794e-01,3,Indonesian Exclusive Economic Zone,WPP712,,SVDNB_npp_d20140716_t1803247_e1809051_b14079_c20140717000905445784_noaa_ops.h5,GDNBO_npp_d20140716_t1803247_e1809051_b14079_c20140717000905445471_noaa_ops.h5,SVI04_npp_d20140716_t1803247_e1809051_b14079_c20140717000905432367_noaa_ops.dspace_rad,VNFF_npp_d20140716_t1803247_e1809051_b14079_v21.csv,World_EEZ_v8_2014.shp,WPP_BFAR_merge.shp,KKP_IDN_merge_20161208.shp,VNF-VBD_npp_20120301-20151231_global_asia-enhanced_c201607211230.bitmask,NCEI_NGA.union.nga_lead2.add_2015ntl.mask,timezone.shp,VBD_platforms-recurring_2015_r20170330.shp,999999,VBD_bridges_c20160811.shp,2.701723;0.592520;-1.537733;-6.424739;-11.321091;-16.224911;-21.132078;-19.454973;-16.614069;-11.826628;-7.007390;-2.161976,98.595314;112.244095;125.823792;124.798187;123.864281;123.023224;122.264351;107.621338;93.259468;94.789581;96.172417;97.426979,npp_d20140716_t1803247_e1809051_b14079,157.064,43.4973,31.1793,99.6849,41.7111,84.2636
355,VBD_npp_d20140716_t1803517_x1080454E_y003997S_l0246_s1458_v23,2017-05-23 13:08:46,-0.399671,108.045380,88.1527,2014-07-16 18:03:51,2014-07-17 01:03:51,246,1458,0.440518,1,2529,1.304,0.196751,0.915346,0.4,0.982923,0.75,0.0420043,0.0001,2.0844e-07,999999,6.003993e-02,3,Indonesian Exclusive Economic Zone,WPP711,,SVDNB_npp_d20140716_t1803247_e1809051_b14079_c20140717000905445784_noaa_ops.h5,GDNBO_npp_d20140716_t1803247_e1809051_b14079_c20140717000905445471_noaa_ops.h5,SVI04_npp_d20140716_t1803247_e1809051_b14079_c20140717000905432367_noaa_ops.dspace_rad,VNFF_npp_d20140716_t1803247_e1809051_b14079_v21.csv,World_EEZ_v8_2014.shp,WPP_BFAR_merge.shp,KKP_IDN_merge_20161208.shp,VNF-VBD_npp_20120301-20151231_global_asia-enhanced_c201607211230.bitmask,NCEI_NGA.union.nga_lead2.add_2015ntl.mask,timezone.shp,VBD_platforms-recurring_2015_r20170330.shp,999999,VBD_bridges_c20160811.shp,2.701723;0.592520;-1.537733;-6.424739;-11.321091;-16.224911;-21.132078;-19.454973;-16.614069;-11.826628;-7.007390;-2.161976,98.595314;112.244095;125.823792;124.798187;123.864281;123.023224;122.264351;107.621338;93.259468;94.789581;96.172417;97.426979,npp_d20140716_t1803247_e1809051_b14079,153.032,38.1261,31.0838,99.0316,40.6823,89.6405
356,VBD_npp_d20140716_t1805260_x1067739E_y059446S_l1097_s1459_v23,2017-05-23 13:08:46,-5.944615,106.773895,13.3675,2014-07-16 18:05:26,2014-07-17 01:05:26,1097,1459,0.422177,8,18913,0.6029,0.20245,0.786064,0.4,0.925007,0.75,0.0410516,0.0001,1.38416e-07,999999,1.929712e-02,3,Indonesian Exclusive Economic Zone,WPP712,,SVDNB_npp_d20140716_t1803247_e1809051_b14079_c20140717000905445784_noaa_ops.h5,GDNBO_npp_d20140716_t1803247_e1809051_b14079_c20140717000905445471_noaa_ops.h5,SVI04_npp_d20140716_t1803247_e1809051_b14079_c20140717000905432367_noaa_ops.dspace_rad,VNFF_npp_d20140716_t1803247_e1809051_b14079_v21.csv,World_EEZ_v8_2014.shp,WPP_BFAR_merge.shp,KKP_IDN_merge_20161208.shp,VNF-VBD_npp_20120301-20151231_global_asia-enhanced_c201607211230.bitmask,NCEI_NGA.union.nga_lead2.add_2015ntl.mask,timezone.shp,VBD_platforms-recurring_2015_r20170330.shp,0.611187,VBD_bridges_c20160811.shp,2.701723;0.592520;-1.537733;-6.424739;-11.321091;-16.224911;-21.132078;-19.454973;-16.614069;-11.826628;-7.007390;-2.161976,98.595314;112.244095;125.823792;124.798187;123.864281;123.023224;122.264351;107.621338;93.259468;94.789581;96.172417;97.426979,npp_d20140716_t1803247_e1809051_b14079,157.779,44.7649,31.0473,99.1652,41.9331,83.2934
357,VBD_npp_d20140716_t1805225_x1068343E_y057519S_l1067_s1461_v23,2017-05-23 13:08:46,-5.751850,106.834251,52.915,2014-07-16 18:05:22,2014-07-17 01:05:22,1067,1461,0.400024,1,2529,1.08243,0.208619,0.872853,0.4,0.930705,0.75,0.0410742,0.0001,1.47219e-07,999999,-2.480606e-02,3,Indonesian Exclusive Economic Zone,WPP712,,SVDNB_npp_d20140716_t1803247_e1809051_b14079_c20140717000905445784_noaa_ops.h5,GDNBO_npp_d20140716_t1803247_e1809051_b14079_c20140717000905445471_noaa_ops.h5,SVI04_npp_d20140716_t1803247_e1809051_b14079_c20140717000905432367_noaa_ops.dspace_rad,VNFF_npp_d20140716_t1803247_e1809051_b14079_v21.csv,World_EEZ_v8_2014.shp,WPP_BFAR_merge.shp,KKP_IDN_merge_20161208.shp,VNF-VBD_npp_20120301-20151231_global_asia-enhanced_c201607211230.bitmask,NCEI_NGA.union.nga_lead2.add_2015ntl.mask,timezone.shp,VBD_platforms-recurring_2015_r20170330.shp,999999,VBD_bridges_c20160811.shp,2.701723;0.592520;-1.537733;-6.424739;-11.321091;-16.224911;-21.132078;-19.454973;-16.614069;-11.826628;-7.007390;-2.161976,98.595314;112.244095;125.823792;124.798187;123.864281;123.023224;122.264351;107.621338;93.259468;94.789581;96.172417;97.426979,npp_d20140716_t1803247_e1809051_b14079,157.61,44.5087,30.9553,98.9488,41.8645,83.5014
358,VBD_npp_d20140716_t1805260_x1067957E_y059755S_l1101_s1463_v23,2017-05-23 13:08:46,-5.975508,106.795670,8.69842,2014-07-16 18:05:26,2014-07-17 01:05:26,1101,1463,0.416432,8,18913,0.415934,0.231116,0.774858,0.4,0.830276,0.75,0.0410654,0.0001,1.49768e-07,999999,-1.856443e-01,3,Indonesian Exclusive Economic Zone,WPP712,,SVDNB_npp_d20140716_t1803247_e1809051_b14079_c20140717000905445784_noaa_ops.h5,GDNBO_npp_d20140716_t1803247_e1809051_b14079_c20140717000905445471_noaa_ops.h5,SVI04_npp_d20140716_t1803247_e1809051_b14079_c20140717000905432367_noaa_ops.dspace_rad,VNFF_npp_d20140716_t1803247_e1809051_b14079_v21.csv,World_EEZ_v8_2014.shp,WPP_BFAR_merge.shp,KKP_IDN_merge_20161208.shp,VNF-VBD_npp_20120301-20151231_global_asia-enhanced_c201607211230.bitmask,NCEI_NGA.union.nga_lead2.add_2015ntl.mask,timezone.shp,VBD_platforms-recurring_2015_r20170330.shp,0.482233,VBD_bridges_c20160811.shp,2.701723;0.592520;-1.537733;-6.424739;-11.321091;-16.224911;-21.132078;-19.454973;-16.614069;-11.826628;-7.007390;-2.161976,98.595314;112.244095;125.823792;124.798187;123.864281;123.023224;122.264351;107.621338;93.259468;94.789581;96.172417;97.426979,npp_d20140716_t1803247_e1809051_b14079,157.785,44.8536,30.8704,98.7667,41.915,83.2533
359,VBD_npp_d20140716_t1805207_x1068999E_y056057S_l1044_s1466_v23,2017-05-23 13:08:46,-5.605690,106.899940,79.1084,2014-07-16 18:05:20,2014-07-17 01:05:20,1044,1466,0.409139,1,2529,1.20426,0.187942,0.913956,0.4,0.961587,0.75,0.0411015,0.0001,1.72033e-07,999999,1.230209e-01,3,Indonesian Exclusive Economic Zone,WPP712,,SVDNB_npp_d20140716_t1803247_e1809051_b14079_c20140717000905445784_noaa_ops.h5,GDNBO_npp_d20140716_t1803247_e1809051_b14079_c20140717000905445471_noaa_ops.h5,SVI04_npp_d20140716_t1803247_e1809051_b14079_c20140717000905432367_noaa_ops.dspace_rad,VNFF_npp_d20140716_t1803247_e1809051_b14079_v21.csv,World_EEZ_v8_2014.shp,WPP_BFAR_merge.shp,KKP_IDN_merge_20161208.shp,VNF-VBD_npp_20120301-20151231_global_asia-enhanced_c201607211230.bitmask,NCEI_NGA.union.nga_lead2.add_2015ntl.mask,timezone.shp,VBD_platforms-recurring_2015_r20170330.shp,999999,VBD_bridges_c20160811.shp,2.701723;0.592520;-1.537733;-6.424739;-11.321091;-16.224911;-21.132078;-19.454973;-16.614069;-11.826628;-7.007390;-2.161976,98.595314;112.244095;125.823792;124.798187;123.864281;123.023224;122.264351;107.621338;93.259468;94.789581;96.172417;97.426979,npp_d20140716_t1803247_e1809051_b14079,157.465,44.3556,30.7268,99.6441,41.7893,83.6544
360,VBD_npp_d20140716_t1805207_x1068943E_y056398S_l1049_s1466_v23,2017-05-23 13:08:46,-5.639780,106.894272,82.0661,2014-07-16 18:05:20,2014-07-17 01:05:20,1049,1466,0.402178,1,2529,1.26265,0.201701,0.924026,0.4,0.969575,0.75,0.0411014,0.0001,1.68834e-07,999999,2.464977e-02,3,Indonesian Exclusive Economic Zone,WPP712,,SVDNB_npp_d20140716_t1803247_e1809051_b14079_c20140717000905445784_noaa_ops.h5,GDNBO_npp_d20140716_t1803247_e1809051_b14079_c20140717000905445471_noaa_ops.h5,SVI04_npp_d20140716_t1803247_e1809051_b14079_c20140717000905432367_noaa_ops.dspace_rad,VNFF_npp_d20140716_t1803247_e1809051_b14079_v21.csv,World_EEZ_v8_2014.shp,WPP_BFAR_merge.shp,KKP_IDN_merge_20161208.shp,VNF-VBD_npp_20120301-20151231_global_asia-enhanced_c201607211230.bitmask,NCEI_NGA.union.nga_lead2.add_2015ntl.mask,timezone.shp,VBD_platforms-recurring_2015_r20170330.shp,999999,VBD_bridges_c20160811.shp,2.701723;0.592520;-1.537733;-6.424739;-11.321091;-16.224911;-21.132078;-19.454973;-16.614069;-11.826628;-7.007390;-2.161976,98.595314;112.244095;125.823792;124.798187;123.864281;123.023224;122.264351;107.621338;93.259468;94.789581;96.172417;97.426979,npp_d20140716_t1803247_e1809051_b14079,157.493,44.404,30.727,99.1345,41.7988,83.6169
361,VBD_npp_d20140716_t1805260_x1068262E_y060023S_l1104_s1468_v23,2017-05-23 13:08:46,-6.002345,106.826164,5.38664,2014-07-16 18:05:26,2014-07-17 01:05:26,1104,1468,0.421238,8,18657,0.238759,0.227822,0.742233,0.4,0.775312,0.75,0.0410864,0.0001,1.67073e-07,999999,-1.620905e-01,3,Indonesian Exclusive Economic Zone,WPP712,,SVDNB_npp_d20140716_t1803247_e1809051_b14079_c20140717000905445784_noaa_ops.h5,GDNBO_npp_d20140716_t1803247_e1809051_b14079_c20140717000905445471_noaa_ops.h5,SVI04_npp_d20140716_t1803247_e1809051_b14079_c20140717000905432367_noaa_ops.dspace_rad,VNFF_npp_d20140716_t1803247_e1809051_b14079_v21.csv,World_EEZ_v8_2014.shp,WPP_BFAR_merge.shp,KKP_IDN_merge_20161208.shp,VNF-VBD_npp_20120301-20151231_global_asia-enhanced_c201607211230.bitmask,NCEI_NGA.union.nga_lead2.add_2015ntl.mask,timezone.shp,VBD_platforms-recurring_2015_r20170330.shp,0.744103,VBD_bridges_c20160811.shp,2.701723;0.592520;-1.537733;-6.424739;-11.321091;-16.224911;-21.132078;-19.454973;-16.614069;-11.826628;-7.007390;-2.161976,98.595314;112.244095;125.823792;124.798187;123.864281;123.023224;122.264351;107.621338;93.259468;94.789581;96.172417;97.426979,npp_d20140716_t1803247_e1809051_b14079,157.783,44.9494,30.64,98.4404,41.8877,83.2156
362,VBD_npp_d20140716_t1805207_x1069093E_y056772S_l1054_s1469_v23,2017-05-23 13:08:46,-5.677243,106.909340,41.138,2014-07-16 18:05:20,2014-07-17 01:05:20,1054,1469,0.396544,1,2529,0.959561,0.209826,0.919373,0.4,0.937675,0.75,0.0411173,0.0001,1.78322e-07,999999,-3.343832e-02,3,Indonesian Exclusive Economic Zone,WPP712,,SVDNB_npp_d20140716_t1803247_e1809051_b14079_c20140717000905445784_noaa_ops.h5,GDNBO_npp_d20140716_t1803247_e1809051_b14079_c20140717000905445471_noaa_ops.h5,SVI04_npp_d20140716_t1803247_e1809051_b14079_c20140717000905432367_noaa_ops.dspace_rad,VNFF_npp_d20140716_t1803247_e1809051_b14079_v21.csv,World_EEZ_v8_2014.shp,WPP_BFAR_merge.shp,KKP_IDN_merge_20161208.shp,VNF-VBD_npp_20120301-20151231_global_asia-enhanced_c201607211230.bitmask,NCEI_NGA.union.nga_lead2.add_2015ntl.mask,timezone.shp,VBD_platforms-recurring_2015_r20170330.shp,999999,VBD_bridges_c20160811.shp,2.701723;0.592520;-1.537733;-6.424739;-11.321091;-16.224911;-21.132078;-19.454973;-16.614069;-11.826628;-7.007390;-2.161976,98.595314;112.244095;125.823792;124.798187;123.864281;123.023224;122.264351;107.621338;93.259468;94.789581;96.172417;97.426979,npp_d20140716_t1803247_e1809051_b14079,157.509,44.4917,30.5874,98.6201,41.788,83.5709
363,VBD_npp_d20140716_t1805278_x1068260E_y060053S_l1105_s1469_v23,2017-05-23 13:08:46,-6.005286,106.825966,5.62891,2014-07-16 18:05:27,2014-07-17 01:05:27,1105,1469,0.421238,8,18593,0.246014,0.211091,0.742233,0.4,0.585774,0.75,0.0410898,0.0001,1.79961e-07,999999,-4.247669e-02,3,Indonesian Exclusive Economic Zone,WPP712,,SVDNB_npp_d20140716_t1803247_e1809051_b14079_c20140717000905445784_noaa_ops.h5,GDNBO_npp_d20140716_t1803247_e1809051_b14079_c20140717000905445471_noaa_ops.h5,SVI04_npp_d20140716_t1803247_e1809051_b14079_c20140717000905432367_noaa_ops.dspace_rad,VNFF_npp_d20140716_t1803247_e1809051_b14079_v21.csv,World_EEZ_v8_2014.shp,WPP_BFAR_merge.shp,KKP_IDN_merge_20161208.shp,VNF-VBD_npp_20120301-20151231_global_asia-enhanced_c201607211230.bitmask,NCEI_NGA.union.nga_lead2.add_2015ntl.mask,timezone.shp,VBD_platforms-recurring_2015_r20170330.shp,0.490033,VBD_bridges_c20160811.shp,2.701723;0.592520;-1.537733;-6.424739;-11.321091;-16.224911;-21.132078;-19.454973;-16.614069;-11.826628;-7.007390;-2.161976,98.595314;112.244095;125.823792;124.798187;123.864281;123.023224;122.264351;107.621338;93.259468;94.789581;96.172417;97.426979,npp_d20140716_t1803247_e1809051_b14079,157.78,44.9662,30.5873,99.9859,41.8811,83.2105
364,VBD_npp_d20140716_t1805029_x1071607E_y046298S_l0893_s1470_v23,2017-05-23 13:08:46,-4.629778,107.160667,4.20939,2014-07-16 18:05:02,2014-07-17 01:05:02,893,1470,0.40472,1,2529,0.263065,0.253647,0.64477,0.4,0.792136,0.75,0.0412978,0.0001,2.01697e-07,999999,-3.467261e-01,3,Indonesian Exclusive Economic Zone,WPP712,,SVDNB_npp_d20140716_t1803247_e1809051_b14079_c20140717000905445784_noaa_ops.h5,GDNBO_npp_d20140716_t1803247_e1809051_b14079_c20140717000905445471_noaa_ops.h5,SVI04_npp_d20140716_t1803247_e1809051_b14079_c20140717000905432367_noaa_ops.dspace_rad,VNFF_npp_d20140716_t1803247_e1809051_b14079_v21.csv,World_EEZ_v8_2014.shp,WPP_BFAR_merge.shp,KKP_IDN_merge_20161208.shp,VNF-VBD_npp_20120301-20151231_global_asia-enhanced_c201607211230.bitmask,NCEI_NGA.union.nga_lead2.add_2015ntl.mask,timezone.shp,VBD_platforms-recurring_2015_r20170330.shp,999999,VBD_bridges_c20160811.shp,2.701723;0.592520;-1.537733;-6.424739;-11.321091;-16.224911;-21.132078;-19.454973;-16.614069;-11.826628;-7.007390;-2.161976,98.595314;112.244095;125.823792;124.798187;123.864281;123.023224;122.264351;107.621338;93.259468;94.789581;96.172417;97.426979,npp_d20140716_t1803247_e1809051_b14079,156.631,43.0638,30.5402,98.6349,41.4992,84.7345
365,VBD_npp_d20140716_t1805207_x1069299E_y056387S_l1048_s1471_v23,2017-05-23 13:08:46,-5.638664,106.929939,11.7947,2014-07-16 18:05:20,2014-07-17 01:05:20,1048,1471,0.413393,1,2529,0.538381,0.239306,0.902021,0.4,0.892534,0.75,0.0411281,0.0001,1.91667e-07,999999,-2.441972e-01,3,Indonesian Exclusive Economic Zone,WPP712,,SVDNB_npp_d20140716_t1803247_e1809051_b14079_c20140717000905445784_noaa_ops.h5,GDNBO_npp_d20140716_t1803247_e1809051_b14079_c20140717000905445471_noaa_ops.h5,SVI04_npp_d20140716_t1803247_e1809051_b14079_c20140717000905432367_noaa_ops.dspace_rad,VNFF_npp_d20140716_t1803247_e1809051_b14079_v21.csv,World_EEZ_v8_2014.shp,WPP_BFAR_merge.shp,KKP_IDN_merge_20161208.shp,VNF-VBD_npp_20120301-20151231_global_asia-enhanced_c201607211230.bitmask,NCEI_NGA.union.nga_lead2.add_2015ntl.mask,timezone.shp,VBD_platforms-recurring_2015_r20170330.shp,999999,VBD_bridges_c20160811.shp,2.701723;0.592520;-1.537733;-6.424739;-11.321091;-16.224911;-21.132078;-19.454973;-16.614069;-11.826628;-7.007390;-2.161976,98.595314;112.244095;125.823792;124.798187;123.864281;123.023224;122.264351;107.621338;93.259468;94.789581;96.172417;97.426979,npp_d20140716_t1803247_e1809051_b14079,157.467,44.4597,30.4901,99.2327,41.763,83.6101
366,VBD_npp_d20140716_t1805189_x1069701E_y055652S_l1036_s1474_v23,2017-05-23 13:08:46,-5.565228,106.970108,45.6616,2014-07-16 18:05:18,2014-07-17 01:05:18,1036,1474,0.408863,1,2529,1.06274,0.184595,0.904313,0.4,0.958164,0.75,0.0411445,0.0001,2.04846e-07,999999,1.469473e-01,3,Indonesian Exclusive Economic Zone,WPP712,,SVDNB_npp_d20140716_t1803247_e1809051_b14079_c20140717000905445784_noaa_ops.h5,GDNBO_npp_d20140716_t1803247_e1809051_b14079_c20140717000905445471_noaa_ops.h5,SVI04_npp_d20140716_t1803247_e1809051_b14079_c20140717000905432367_noaa_ops.dspace_rad,VNFF_npp_d20140716_t1803247_e1809051_b14079_v21.csv,World_EEZ_v8_2014.shp,WPP_BFAR_merge.shp,KKP_IDN_merge_20161208.shp,VNF-VBD_npp_20120301-20151231_global_asia-enhanced_c201607211230.bitmask,NCEI_NGA.union.nga_lead2.add_2015ntl.mask,timezone.shp,VBD_platforms-recurring_2015_r20170330.shp,999999,VBD_bridges_c20160811.shp,2.701723;0.592520;-1.537733;-6.424739;-11.321091;-16.224911;-21.132078;-19.454973;-16.614069;-11.826628;-7.007390;-2.161976,98.595314;112.244095;125.823792;124.798187;123.864281;123.023224;122.264351;107.621338;93.259468;94.789581;96.172417;97.426979,npp_d20140716_t1803247_e1809051_b14079,157.392,44.3889,30.3519,98.8066,41.7216,83.6866
367,VBD_npp_d20140716_t1805207_x1069723E_y056387S_l1047_s1477_v23,2017-05-23 13:08:46,-5.638683,106.972282,17.0226,2014-07-16 18:05:20,2014-07-17 01:05:20,1047,1477,0.322848,1,2529,0.466233,0.27291,0.87372,0.4,0.756524,0.75,0.0411603,0.0001,2.22638e-07,999999,-4.844378e-01,3,Indonesian Exclusive Economic Zone,WPP712,,SVDNB_npp_d20140716_t1803247_e1809051_b14079_c20140717000905445784_noaa_ops.h5,GDNBO_npp_d20140716_t1803247_e1809051_b14079_c20140717000905445471_noaa_ops.h5,SVI04_npp_d20140716_t1803247_e1809051_b14079_c20140717000905432367_noaa_ops.dspace_rad,VNFF_npp_d20140716_t1803247_e1809051_b14079_v21.csv,World_EEZ_v8_2014.shp,WPP_BFAR_merge.shp,KKP_IDN_merge_20161208.shp,VNF-VBD_npp_20120301-20151231_global_asia-enhanced_c201607211230.bitmask,NCEI_NGA.union.nga_lead2.add_2015ntl.mask,timezone.shp,VBD_platforms-recurring_2015_r20170330.shp,999999,VBD_bridges_c20160811.shp,2.701723;0.592520;-1.537733;-6.424739;-11.321091;-16.224911;-21.132078;-19.454973;-16.614069;-11.826628;-7.007390;-2.161976,98.595314;112.244095;125.823792;124.798187;123.864281;123.023224;122.264351;107.621338;93.259468;94.789581;96.172417;97.426979,npp_d20140716_t1803247_e1809051_b14079,157.438,44.528,30.2061,99.3318,41.7205,83.6006
368,VBD_npp_d20140716_t1805207_x1069848E_y056059S_l1042_s1478_v23,2017-05-23 13:08:46,-5.605894,106.984764,53.7109,2014-07-16 18:05:20,2014-07-17 01:05:20,1042,1478,0.392179,1,2529,1.0745,0.2099,0.918587,0.4,0.962196,0.75,0.0411657,0.0001,2.32306e-07,999999,-3.396201e-02,3,Indonesian Exclusive Economic Zone,WPP712,,SVDNB_npp_d20140716_t1803247_e1809051_b14079_c20140717000905445784_noaa_ops.h5,GDNBO_npp_d20140716_t1803247_e1809051_b14079_c20140717000905445471_noaa_ops.h5,SVI04_npp_d20140716_t1803247_e1809051_b14079_c20140717000905432367_noaa_ops.dspace_rad,VNFF_npp_d20140716_t1803247_e1809051_b14079_v21.csv,World_EEZ_v8_2014.shp,WPP_BFAR_merge.shp,KKP_IDN_merge_20161208.shp,VNF-VBD_npp_20120301-20151231_global_asia-enhanced_c201607211230.bitmask,NCEI_NGA.union.nga_lead2.add_2015ntl.mask,timezone.shp,VBD_platforms-recurring_2015_r20170330.shp,999999,VBD_bridges_c20160811.shp,2.701723;0.592520;-1.537733;-6.424739;-11.321091;-16.224911;-21.132078;-19.454973;-16.614069;-11.826628;-7.007390;-2.161976,98.595314;112.244095;125.823792;124.798187;123.864281;123.023224;122.264351;107.621338;93.259468;94.789581;96.172417;97.426979,npp_d20140716_t1803247_e1809051_b14079,157.406,44.4928,30.1595,99.8496,41.7043,83.6352
369,VBD_npp_d20140716_t1803571_x1081311E_y007304S_l0293_s1481_v23,2017-05-23 13:08:46,-0.730444,108.131050,12.9238,2014-07-16 18:03:57,2014-07-17 01:03:57,293,1481,0.44085,1,2529,0.637698,0.180073,0.888495,0.4,0.945353,0.75,0.0420706,0.0001,3.53683e-07,999999,1.792779e-01,3,Indonesian Exclusive Economic Zone,WPP711,,SVDNB_npp_d20140716_t1803247_e1809051_b14079_c20140717000905445784_noaa_ops.h5,GDNBO_npp_d20140716_t1803247_e1809051_b14079_c20140717000905445471_noaa_ops.h5,SVI04_npp_d20140716_t1803247_e1809051_b14079_c20140717000905432367_noaa_ops.dspace_rad,VNFF_npp_d20140716_t1803247_e1809051_b14079_v21.csv,World_EEZ_v8_2014.shp,WPP_BFAR_merge.shp,KKP_IDN_merge_20161208.shp,VNF-VBD_npp_20120301-20151231_global_asia-enhanced_c201607211230.bitmask,NCEI_NGA.union.nga_lead2.add_2015ntl.mask,timezone.shp,VBD_platforms-recurring_2015_r20170330.shp,999999,VBD_bridges_c20160811.shp,2.701723;0.592520;-1.537733;-6.424739;-11.321091;-16.224911;-21.132078;-19.454973;-16.614069;-11.826628;-7.007390;-2.161976,98.595314;112.244095;125.823792;124.798187;123.864281;123.023224;122.264351;107.621338;93.259468;94.789581;96.172417;97.426979,npp_d20140716_t1803247_e1809051_b14079,153.225,38.6975,30.012,99.1641,40.577,89.2434
370,VBD_npp_d20140716_t1805278_x1069084E_y060192S_l1105_s1481_v23,2017-05-23 13:08:46,-6.019171,106.908379,11.2975,2014-07-16 18:05:27,2014-07-17 01:05:27,1105,1481,0.414608,1,2529,0.475556,0.190809,0.724157,0.4,0.84418,0.75,0.0411539,0.0001,2.40983e-07,999999,1.025191e-01,3,Indonesian Exclusive Economic Zone,WPP712,,SVDNB_npp_d20140716_t1803247_e1809051_b14079_c20140717000905445784_noaa_ops.h5,GDNBO_npp_d20140716_t1803247_e1809051_b14079_c20140717000905445471_noaa_ops.h5,SVI04_npp_d20140716_t1803247_e1809051_b14079_c20140717000905432367_noaa_ops.dspace_rad,VNFF_npp_d20140716_t1803247_e1809051_b14079_v21.csv,World_EEZ_v8_2014.shp,WPP_BFAR_merge.shp,KKP_IDN_merge_20161208.shp,VNF-VBD_npp_20120301-20151231_global_asia-enhanced_c201607211230.bitmask,NCEI_NGA.union.nga_lead2.add_2015ntl.mask,timezone.shp,VBD_platforms-recurring_2015_r20170330.shp,999999,VBD_bridges_c20160811.shp,2.701723;0.592520;-1.537733;-6.424739;-11.321091;-16.224911;-21.132078;-19.454973;-16.614069;-11.826628;-7.007390;-2.161976,98.595314;112.244095;125.823792;124.798187;123.864281;123.023224;122.264351;107.621338;93.259468;94.789581;96.172417;97.426979,npp_d20140716_t1803247_e1809051_b14079,157.732,45.1232,30.0197,99.9888,41.8003,83.175
371,VBD_npp_d20140716_t1805189_x1070215E_y055945S_l1039_s1482_v23,2017-05-23 13:08:46,-5.594491,107.021507,57.7444,2014-07-16 18:05:18,2014-07-17 01:05:18,1039,1482,0.387262,1,2529,1.11261,0.191472,0.930591,0.4,0.962746,0.75,0.0411872,0.0001,2.45677e-07,999999,9.778408e-02,3,Indonesian Exclusive Economic Zone,WPP712,,SVDNB_npp_d20140716_t1803247_e1809051_b14079_c20140717000905445784_noaa_ops.h5,GDNBO_npp_d20140716_t1803247_e1809051_b14079_c20140717000905445471_noaa_ops.h5,SVI04_npp_d20140716_t1803247_e1809051_b14079_c20140717000905432367_noaa_ops.dspace_rad,VNFF_npp_d20140716_t1803247_e1809051_b14079_v21.csv,World_EEZ_v8_2014.shp,WPP_BFAR_merge.shp,KKP_IDN_merge_20161208.shp,VNF-VBD_npp_20120301-20151231_global_asia-enhanced_c201607211230.bitmask,NCEI_NGA.union.nga_lead2.add_2015ntl.mask,timezone.shp,VBD_platforms-recurring_2015_r20170330.shp,999999,VBD_bridges_c20160811.shp,2.701723;0.592520;-1.537733;-6.424739;-11.321091;-16.224911;-21.132078;-19.454973;-16.614069;-11.826628;-7.007390;-2.161976,98.595314;112.244095;125.823792;124.798187;123.864281;123.023224;122.264351;107.621338;93.259468;94.789581;96.172417;97.426979,npp_d20140716_t1803247_e1809051_b14079,157.377,44.5207,29.9756,98.4832,41.6734,83.6417
372,VBD_npp_d20140716_t1805189_x1070567E_y055932S_l1038_s1487_v23,2017-05-23 13:08:46,-5.593246,107.056686,56.9222,2014-07-16 18:05:18,2014-07-17 01:05:18,1038,1487,0.379694,1,2529,1.08921,0.199278,0.922819,0.4,0.957631,0.75,0.041214,0.0001,2.77871e-07,999999,4.197384e-02,3,Indonesian Exclusive Economic Zone,WPP712,,SVDNB_npp_d20140716_t1803247_e1809051_b14079_c20140717000905445784_noaa_ops.h5,GDNBO_npp_d20140716_t1803247_e1809051_b14079_c20140717000905445471_noaa_ops.h5,SVI04_npp_d20140716_t1803247_e1809051_b14079_c20140717000905432367_noaa_ops.dspace_rad,VNFF_npp_d20140716_t1803247_e1809051_b14079_v21.csv,World_EEZ_v8_2014.shp,WPP_BFAR_merge.shp,KKP_IDN_merge_20161208.shp,VNF-VBD_npp_20120301-20151231_global_asia-enhanced_c201607211230.bitmask,NCEI_NGA.union.nga_lead2.add_2015ntl.mask,timezone.shp,VBD_platforms-recurring_2015_r20170330.shp,999999,VBD_bridges_c20160811.shp,2.701723;0.592520;-1.537733;-6.424739;-11.321091;-16.224911;-21.132078;-19.454973;-16.614069;-11.826628;-7.007390;-2.161976,98.595314;112.244095;125.823792;124.798187;123.864281;123.023224;122.264351;107.621338;93.259468;94.789581;96.172417;97.426979,npp_d20140716_t1803247_e1809051_b14079,157.352,44.5751,29.7386,98.5793,41.638,83.6352
373,VBD_npp_d20140716_t1805225_x1070262E_y058185S_l1072_s1490_v23,2017-05-23 13:08:46,-5.818479,107.026245,55.0012,2014-07-16 18:05:22,2014-07-17 01:05:22,1072,1490,0.415216,1,2529,1.094,0.199167,0.892856,0.4,0.971422,0.75,0.0412288,0.0001,2.90596e-07,999999,4.276613e-02,3,Indonesian Exclusive Economic Zone,WPP712,,SVDNB_npp_d20140716_t1803247_e1809051_b14079_c20140717000905445784_noaa_ops.h5,GDNBO_npp_d20140716_t1803247_e1809051_b14079_c20140717000905445471_noaa_ops.h5,SVI04_npp_d20140716_t1803247_e1809051_b14079_c20140717000905432367_noaa_ops.dspace_rad,VNFF_npp_d20140716_t1803247_e1809051_b14079_v21.csv,World_EEZ_v8_2014.shp,WPP_BFAR_merge.shp,KKP_IDN_merge_20161208.shp,VNF-VBD_npp_20120301-20151231_global_asia-enhanced_c201607211230.bitmask,NCEI_NGA.union.nga_lead2.add_2015ntl.mask,timezone.shp,VBD_platforms-recurring_2015_r20170330.shp,999999,VBD_bridges_c20160811.shp,2.701723;0.592520;-1.537733;-6.424739;-11.321091;-16.224911;-21.132078;-19.454973;-16.614069;-11.826628;-7.007390;-2.161976,98.595314;112.244095;125.823792;124.798187;123.864281;123.023224;122.264351;107.621338;93.259468;94.789581;96.172417;97.426979,npp_d20140716_t1803247_e1809051_b14079,157.522,44.9317,29.5967,98.3801,41.68,83.3812
374,VBD_npp_d20140716_t1805242_x1070250E_y058223S_l1073_s1491_v23,2017-05-23 13:08:46,-5.822258,107.025024,74.9483,2014-07-16 18:05:24,2014-07-17 01:05:24,1073,1491,0.414829,1,2529,1.16029,0.197609,0.896149,0.4,0.960567,0.75,0.041234,0.0001,3.11372e-07,999999,5.390768e-02,3,Indonesian Exclusive Economic Zone,WPP712,,SVDNB_npp_d20140716_t1803247_e1809051_b14079_c20140717000905445784_noaa_ops.h5,GDNBO_npp_d20140716_t1803247_e1809051_b14079_c20140717000905445471_noaa_ops.h5,SVI04_npp_d20140716_t1803247_e1809051_b14079_c20140717000905432367_noaa_ops.dspace_rad,VNFF_npp_d20140716_t1803247_e1809051_b14079_v21.csv,World_EEZ_v8_2014.shp,WPP_BFAR_merge.shp,KKP_IDN_merge_20161208.shp,VNF-VBD_npp_20120301-20151231_global_asia-enhanced_c201607211230.bitmask,NCEI_NGA.union.nga_lead2.add_2015ntl.mask,timezone.shp,VBD_platforms-recurring_2015_r20170330.shp,999999,VBD_bridges_c20160811.shp,2.701723;0.592520;-1.537733;-6.424739;-11.321091;-16.224911;-21.132078;-19.454973;-16.614069;-11.826628;-7.007390;-2.161976,98.595314;112.244095;125.823792;124.798187;123.864281;123.023224;122.264351;107.621338;93.259468;94.789581;96.172417;97.426979,npp_d20140716_t1803247_e1809051_b14079,157.521,44.9481,29.5491,99.974,41.6745,83.3754
375,VBD_npp_d20140716_t1803553_x1082380E_y006255S_l0275_s1493_v23,2017-05-23 13:08:46,-0.625473,108.238007,215.835,2014-07-16 18:03:55,2014-07-17 01:03:55,275,1493,0.443998,8,18913,1.51591,0.154486,0.907513,0.4,0.926165,0.75,0.0421566,0.0001,4.72013e-07,999999,3.622074e-01,3,Indonesian Exclusive Economic Zone,WPP711,,SVDNB_npp_d20140716_t1803247_e1809051_b14079_c20140717000905445784_noaa_ops.h5,GDNBO_npp_d20140716_t1803247_e1809051_b14079_c20140717000905445471_noaa_ops.h5,SVI04_npp_d20140716_t1803247_e1809051_b14079_c20140717000905432367_noaa_ops.dspace_rad,VNFF_npp_d20140716_t1803247_e1809051_b14079_v21.csv,World_EEZ_v8_2014.shp,WPP_BFAR_merge.shp,KKP_IDN_merge_20161208.shp,VNF-VBD_npp_20120301-20151231_global_asia-enhanced_c201607211230.bitmask,NCEI_NGA.union.nga_lead2.add_2015ntl.mask,timezone.shp,VBD_platforms-recurring_2015_r20170330.shp,0.662363,VBD_bridges_c20160811.shp,2.701723;0.592520;-1.537733;-6.424739;-11.321091;-16.224911;-21.132078;-19.454973;-16.614069;-11.826628;-7.007390;-2.161976,98.595314;112.244095;125.823792;124.798187;123.864281;123.023224;122.264351;107.621338;93.259468;94.789581;96.172417;97.426979,npp_d20140716_t1803247_e1809051_b14079,153.08,38.7201,29.4454,99.3755,40.4746,89.3665
376,VBD_npp_d20140716_t1805189_x1070985E_y055931S_l1037_s1493_v23,2017-05-23 13:08:46,-5.593105,107.098488,76.5814,2014-07-16 18:05:18,2014-07-17 01:05:18,1037,1493,0.37312,1,2529,1.20686,0.213836,0.919188,0.4,0.971551,0.75,0.0412457,0.0001,3.2138e-07,999999,-6.210049e-02,3,Indonesian Exclusive Economic Zone,WPP712,,SVDNB_npp_d20140716_t1803247_e1809051_b14079_c20140717000905445784_noaa_ops.h5,GDNBO_npp_d20140716_t1803247_e1809051_b14079_c20140717000905445471_noaa_ops.h5,SVI04_npp_d20140716_t1803247_e1809051_b14079_c20140717000905432367_noaa_ops.dspace_rad,VNFF_npp_d20140716_t1803247_e1809051_b14079_v21.csv,World_EEZ_v8_2014.shp,WPP_BFAR_merge.shp,KKP_IDN_merge_20161208.shp,VNF-VBD_npp_20120301-20151231_global_asia-enhanced_c201607211230.bitmask,NCEI_NGA.union.nga_lead2.add_2015ntl.mask,timezone.shp,VBD_platforms-recurring_2015_r20170330.shp,999999,VBD_bridges_c20160811.shp,2.701723;0.592520;-1.537733;-6.424739;-11.321091;-16.224911;-21.132078;-19.454973;-16.614069;-11.826628;-7.007390;-2.161976,98.595314;112.244095;125.823792;124.798187;123.864281;123.023224;122.264351;107.621338;93.259468;94.789581;96.172417;97.426979,npp_d20140716_t1803247_e1809051_b14079,157.322,44.6417,29.4546,98.6753,41.5961,83.626
377,VBD_npp_d20140716_t1805225_x1070522E_y057880S_l1067_s1493_v23,2017-05-23 13:08:46,-5.788048,107.052185,213.148,2014-07-16 18:05:22,2014-07-17 01:05:22,1067,1493,0.475985,4,35301,1.45801,0.160385,0.901857,0.4,0.975455,0.75,0.0412448,0.0001,3.17969e-07,999999,3.200284e-01,3,Indonesian Exclusive Economic Zone,WPP712,,SVDNB_npp_d20140716_t1803247_e1809051_b14079_c20140717000905445784_noaa_ops.h5,GDNBO_npp_d20140716_t1803247_e1809051_b14079_c20140717000905445471_noaa_ops.h5,SVI04_npp_d20140716_t1803247_e1809051_b14079_c20140717000905432367_noaa_ops.dspace_rad,VNFF_npp_d20140716_t1803247_e1809051_b14079_v21.csv,World_EEZ_v8_2014.shp,WPP_BFAR_merge.shp,KKP_IDN_merge_20161208.shp,VNF-VBD_npp_20120301-20151231_global_asia-enhanced_c201607211230.bitmask,NCEI_NGA.union.nga_lead2.add_2015ntl.mask,timezone.shp,VBD_platforms-recurring_2015_r20170330.shp,999999,VBD_bridges_c20160811.shp,2.701723;0.592520;-1.537733;-6.424739;-11.321091;-16.224911;-21.132078;-19.454973;-16.614069;-11.826628;-7.007390;-2.161976,98.595314;112.244095;125.823792;124.798187;123.864281;123.023224;122.264351;107.621338;93.259468;94.789581;96.172417;97.426979,npp_d20140716_t1803247_e1809051_b14079,157.483,44.9213,29.4516,98.9038,41.6505,83.4099
378,VBD_npp_d20140716_t1805189_x1071198E_y055481S_l1030_s1495_v23,2017-05-23 13:08:46,-5.548135,107.119827,68.5316,2014-07-16 18:05:18,2014-07-17 01:05:18,1030,1495,0.361684,1,2529,1.1825,0.197199,0.888208,0.4,0.942201,0.75,0.0412565,0.0001,3.45626e-07,999999,5.683779e-02,3,Indonesian Exclusive Economic Zone,WPP712,,SVDNB_npp_d20140716_t1803247_e1809051_b14079_c20140717000905445784_noaa_ops.h5,GDNBO_npp_d20140716_t1803247_e1809051_b14079_c20140717000905445471_noaa_ops.h5,SVI04_npp_d20140716_t1803247_e1809051_b14079_c20140717000905432367_noaa_ops.dspace_rad,VNFF_npp_d20140716_t1803247_e1809051_b14079_v21.csv,World_EEZ_v8_2014.shp,WPP_BFAR_merge.shp,KKP_IDN_merge_20161208.shp,VNF-VBD_npp_20120301-20151231_global_asia-enhanced_c201607211230.bitmask,NCEI_NGA.union.nga_lead2.add_2015ntl.mask,timezone.shp,VBD_platforms-recurring_2015_r20170330.shp,999999,VBD_bridges_c20160811.shp,2.701723;0.592520;-1.537733;-6.424739;-11.321091;-16.224911;-21.132078;-19.454973;-16.614069;-11.826628;-7.007390;-2.161976,98.595314;112.244095;125.823792;124.798187;123.864281;123.023224;122.264351;107.621338;93.259468;94.789581;96.172417;97.426979,npp_d20140716_t1803247_e1809051_b14079,157.275,44.6002,29.358,99.4161,41.5697,83.6728
379,VBD_npp_d20140716_t1805207_x1070958E_y056937S_l1052_s1496_v23,2017-05-23 13:08:46,-5.693712,107.095825,24.5947,2014-07-16 18:05:20,2014-07-17 01:05:20,1052,1496,0.374225,1,2529,0.766904,0.24024,0.828901,0.4,0.907525,0.75,0.041261,0.0001,3.43202e-07,999999,-2.508706e-01,3,Indonesian Exclusive Economic Zone,WPP712,,SVDNB_npp_d20140716_t1803247_e1809051_b14079_c20140717000905445784_noaa_ops.h5,GDNBO_npp_d20140716_t1803247_e1809051_b14079_c20140717000905445471_noaa_ops.h5,SVI04_npp_d20140716_t1803247_e1809051_b14079_c20140717000905432367_noaa_ops.dspace_rad,VNFF_npp_d20140716_t1803247_e1809051_b14079_v21.csv,World_EEZ_v8_2014.shp,WPP_BFAR_merge.shp,KKP_IDN_merge_20161208.shp,VNF-VBD_npp_20120301-20151231_global_asia-enhanced_c201607211230.bitmask,NCEI_NGA.union.nga_lead2.add_2015ntl.mask,timezone.shp,VBD_platforms-recurring_2015_r20170330.shp,999999,VBD_bridges_c20160811.shp,2.701723;0.592520;-1.537733;-6.424739;-11.321091;-16.224911;-21.132078;-19.454973;-16.614069;-11.826628;-7.007390;-2.161976,98.595314;112.244095;125.823792;124.798187;123.864281;123.023224;122.264351;107.621338;93.259468;94.789581;96.172417;97.426979,npp_d20140716_t1803247_e1809051_b14079,157.39,44.819,29.3101,98.7886,41.603,83.5096
380,VBD_npp_d20140716_t1803571_x1082369E_y007612S_l0295_s1497_v23,2017-05-23 13:08:46,-0.761224,108.236870,58.3254,2014-07-16 18:03:57,2014-07-17 01:03:57,295,1497,0.436927,1,2529,1.13503,0.223907,0.871081,0.4,0.951869,0.75,0.0421534,0.0001,5.09831e-07,999999,-1.341015e-01,3,Indonesian Exclusive Economic Zone,WPP711,,SVDNB_npp_d20140716_t1803247_e1809051_b14079_c20140717000905445784_noaa_ops.h5,GDNBO_npp_d20140716_t1803247_e1809051_b14079_c20140717000905445471_noaa_ops.h5,SVI04_npp_d20140716_t1803247_e1809051_b14079_c20140717000905432367_noaa_ops.dspace_rad,VNFF_npp_d20140716_t1803247_e1809051_b14079_v21.csv,World_EEZ_v8_2014.shp,WPP_BFAR_merge.shp,KKP_IDN_merge_20161208.shp,VNF-VBD_npp_20120301-20151231_global_asia-enhanced_c201607211230.bitmask,NCEI_NGA.union.nga_lead2.add_2015ntl.mask,timezone.shp,VBD_platforms-recurring_2015_r20170330.shp,999999,VBD_bridges_c20160811.shp,2.701723;0.592520;-1.537733;-6.424739;-11.321091;-16.224911;-21.132078;-19.454973;-16.614069;-11.826628;-7.007390;-2.161976,98.595314;112.244095;125.823792;124.798187;123.864281;123.023224;122.264351;107.621338;93.259468;94.789581;96.172417;97.426979,npp_d20140716_t1803247_e1809051_b14079,153.182,38.8976,29.2566,98.9555,40.4702,89.2034
381,VBD_npp_d20140716_t1803571_x1082446E_y007556S_l0294_s1498_v23,2017-05-23 13:08:46,-0.755563,108.244637,113.384,2014-07-16 18:03:57,2014-07-17 01:03:57,294,1498,0.437922,1,2529,1.1972,0.240056,0.878104,0.4,0.9686,0.75,0.0421599,0.0001,5.22719e-07,999999,-2.495565e-01,3,Indonesian Exclusive Economic Zone,WPP711,,SVDNB_npp_d20140716_t1803247_e1809051_b14079_c20140717000905445784_noaa_ops.h5,GDNBO_npp_d20140716_t1803247_e1809051_b14079_c20140717000905445471_noaa_ops.h5,SVI04_npp_d20140716_t1803247_e1809051_b14079_c20140717000905432367_noaa_ops.dspace_rad,VNFF_npp_d20140716_t1803247_e1809051_b14079_v21.csv,World_EEZ_v8_2014.shp,WPP_BFAR_merge.shp,KKP_IDN_merge_20161208.shp,VNF-VBD_npp_20120301-20151231_global_asia-enhanced_c201607211230.bitmask,NCEI_NGA.union.nga_lead2.add_2015ntl.mask,timezone.shp,VBD_platforms-recurring_2015_r20170330.shp,999999,VBD_bridges_c20160811.shp,2.701723;0.592520;-1.537733;-6.424739;-11.321091;-16.224911;-21.132078;-19.454973;-16.614069;-11.826628;-7.007390;-2.161976,98.595314;112.244095;125.823792;124.798187;123.864281;123.023224;122.264351;107.621338;93.259468;94.789581;96.172417;97.426979,npp_d20140716_t1803247_e1809051_b14079,153.173,38.9024,29.2094,99.0623,40.4623,89.21
382,VBD_npp_d20140716_t1803571_x1082602E_y007443S_l0292_s1500_v23,2017-05-23 13:08:46,-0.744254,108.260155,70.0315,2014-07-16 18:03:57,2014-07-17 01:03:57,292,1500,0.438585,1,2529,1.05477,0.244779,0.877063,0.4,0.945206,0.75,0.0421729,0.0001,5.49366e-07,999999,-2.833227e-01,3,Indonesian Exclusive Economic Zone,WPP711,,SVDNB_npp_d20140716_t1803247_e1809051_b14079_c20140717000905445784_noaa_ops.h5,GDNBO_npp_d20140716_t1803247_e1809051_b14079_c20140717000905445471_noaa_ops.h5,SVI04_npp_d20140716_t1803247_e1809051_b14079_c20140717000905432367_noaa_ops.dspace_rad,VNFF_npp_d20140716_t1803247_e1809051_b14079_v21.csv,World_EEZ_v8_2014.shp,WPP_BFAR_merge.shp,KKP_IDN_merge_20161208.shp,VNF-VBD_npp_20120301-20151231_global_asia-enhanced_c201607211230.bitmask,NCEI_NGA.union.nga_lead2.add_2015ntl.mask,timezone.shp,VBD_platforms-recurring_2015_r20170330.shp,999999,VBD_bridges_c20160811.shp,2.701723;0.592520;-1.537733;-6.424739;-11.321091;-16.224911;-21.132078;-19.454973;-16.614069;-11.826628;-7.007390;-2.161976,98.595314;112.244095;125.823792;124.798187;123.864281;123.023224;122.264351;107.621338;93.259468;94.789581;96.172417;97.426979,npp_d20140716_t1803247_e1809051_b14079,153.154,38.912,29.1152,99.2769,40.4464,89.2231
383,VBD_npp_d20140716_t1803553_x1082873E_y006610S_l0279_s1501_v23,2017-05-23 13:08:46,-0.660995,108.287338,159.846,2014-07-16 18:03:55,2014-07-17 01:03:55,279,1501,0.441236,1,2529,1.52276,0.206476,0.921229,0.4,0.986142,0.75,0.0421941,0.0001,5.61489e-07,999999,-9.487546e-03,3,Indonesian Exclusive Economic Zone,WPP711,,SVDNB_npp_d20140716_t1803247_e1809051_b14079_c20140717000905445784_noaa_ops.h5,GDNBO_npp_d20140716_t1803247_e1809051_b14079_c20140717000905445471_noaa_ops.h5,SVI04_npp_d20140716_t1803247_e1809051_b14079_c20140717000905432367_noaa_ops.dspace_rad,VNFF_npp_d20140716_t1803247_e1809051_b14079_v21.csv,World_EEZ_v8_2014.shp,WPP_BFAR_merge.shp,KKP_IDN_merge_20161208.shp,VNF-VBD_npp_20120301-20151231_global_asia-enhanced_c201607211230.bitmask,NCEI_NGA.union.nga_lead2.add_2015ntl.mask,timezone.shp,VBD_platforms-recurring_2015_r20170330.shp,999999,VBD_bridges_c20160811.shp,2.701723;0.592520;-1.537733;-6.424739;-11.321091;-16.224911;-21.132078;-19.454973;-16.614069;-11.826628;-7.007390;-2.161976,98.595314;112.244095;125.823792;124.798187;123.864281;123.023224;122.264351;107.621338;93.259468;94.789581;96.172417;97.426979,npp_d20140716_t1803247_e1809051_b14079,153.077,38.8391,29.0677,98.9513,40.425,89.3226
384,VBD_npp_d20140716_t1805100_x1072874E_y050000S_l0945_s1501_v23,2017-05-23 13:08:46,-4.999988,107.287437,22.3901,2014-07-16 18:05:10,2014-07-17 01:05:10,945,1501,0.421901,1,2529,0.717165,0.207622,0.847131,0.4,0.919504,0.75,0.0413717,0.0001,4.22819e-07,999999,-1.767575e-02,3,Indonesian Exclusive Economic Zone,WPP712,,SVDNB_npp_d20140716_t1803247_e1809051_b14079_c20140717000905445784_noaa_ops.h5,GDNBO_npp_d20140716_t1803247_e1809051_b14079_c20140717000905445471_noaa_ops.h5,SVI04_npp_d20140716_t1803247_e1809051_b14079_c20140717000905432367_noaa_ops.dspace_rad,VNFF_npp_d20140716_t1803247_e1809051_b14079_v21.csv,World_EEZ_v8_2014.shp,WPP_BFAR_merge.shp,KKP_IDN_merge_20161208.shp,VNF-VBD_npp_20120301-20151231_global_asia-enhanced_c201607211230.bitmask,NCEI_NGA.union.nga_lead2.add_2015ntl.mask,timezone.shp,VBD_platforms-recurring_2015_r20170330.shp,999999,VBD_bridges_c20160811.shp,2.701723;0.592520;-1.537733;-6.424739;-11.321091;-16.224911;-21.132078;-19.454973;-16.614069;-11.826628;-7.007390;-2.161976,98.595314;112.244095;125.823792;124.798187;123.864281;123.023224;122.264351;107.621338;93.259468;94.789581;96.172417;97.426979,npp_d20140716_t1803247_e1809051_b14079,156.792,43.9053,29.0758,99.9118,41.379,84.2765
385,VBD_npp_d20140716_t1803446_x1084639E_y000265S_l0181_s1506_v23,2017-05-23 13:08:46,-0.026506,108.463852,77.4689,2014-07-16 18:03:44,2014-07-17 01:03:44,181,1506,0.442673,8,18913,1.25052,0.226249,0.917186,0.4,0.980357,0.75,0.0423387,0.0001,6.49768e-07,999999,-1.508475e-01,3,Indonesian Exclusive Economic Zone,WPP711,,SVDNB_npp_d20140716_t1803247_e1809051_b14079_c20140717000905445784_noaa_ops.h5,GDNBO_npp_d20140716_t1803247_e1809051_b14079_c20140717000905445471_noaa_ops.h5,SVI04_npp_d20140716_t1803247_e1809051_b14079_c20140717000905432367_noaa_ops.dspace_rad,VNFF_npp_d20140716_t1803247_e1809051_b14079_v21.csv,World_EEZ_v8_2014.shp,WPP_BFAR_merge.shp,KKP_IDN_merge_20161208.shp,VNF-VBD_npp_20120301-20151231_global_asia-enhanced_c201607211230.bitmask,NCEI_NGA.union.nga_lead2.add_2015ntl.mask,timezone.shp,VBD_platforms-recurring_2015_r20170330.shp,0.354948,VBD_bridges_c20160811.shp,2.701723;0.592520;-1.537733;-6.424739;-11.321091;-16.224911;-21.132078;-19.454973;-16.614069;-11.826628;-7.007390;-2.161976,98.595314;112.244095;125.823792;124.798187;123.864281;123.023224;122.264351;107.621338;93.259468;94.789581;96.172417;97.426979,npp_d20140716_t1803247_e1809051_b14079,152.499,38.27,28.8358,99.1309,40.2863,90.0857
386,VBD_npp_d20140716_t1805011_x1074275E_y045719S_l0878_s1506_v23,2017-05-23 13:08:46,-4.571882,107.427467,30.402,2014-07-16 18:05:01,2014-07-17 01:05:01,878,1506,0.422674,1,2529,0.834939,0.197556,0.847542,0.4,0.921035,0.75,0.0415145,0.0001,4.73225e-07,999999,5.428398e-02,3,Indonesian Exclusive Economic Zone,WPP712,,SVDNB_npp_d20140716_t1803247_e1809051_b14079_c20140717000905445784_noaa_ops.h5,GDNBO_npp_d20140716_t1803247_e1809051_b14079_c20140717000905445471_noaa_ops.h5,SVI04_npp_d20140716_t1803247_e1809051_b14079_c20140717000905432367_noaa_ops.dspace_rad,VNFF_npp_d20140716_t1803247_e1809051_b14079_v21.csv,World_EEZ_v8_2014.shp,WPP_BFAR_merge.shp,KKP_IDN_merge_20161208.shp,VNF-VBD_npp_20120301-20151231_global_asia-enhanced_c201607211230.bitmask,NCEI_NGA.union.nga_lead2.add_2015ntl.mask,timezone.shp,VBD_platforms-recurring_2015_r20170330.shp,999999,VBD_bridges_c20160811.shp,2.701723;0.592520;-1.537733;-6.424739;-11.321091;-16.224911;-21.132078;-19.454973;-16.614069;-11.826628;-7.007390;-2.161976,98.595314;112.244095;125.823792;124.798187;123.864281;123.023224;122.264351;107.621338;93.259468;94.789581;96.172417;97.426979,npp_d20140716_t1803247_e1809051_b14079,156.411,43.3854,28.8433,98.4657,41.2327,84.7532
387,VBD_npp_d20140716_t1805082_x1073482E_y050054S_l0944_s1509_v23,2017-05-23 13:08:46,-5.005383,107.348206,18.3176,2014-07-16 18:05:08,2014-07-17 01:05:08,944,1509,0.398146,1,2529,0.642171,0.212859,0.835962,0.4,0.892264,0.75,0.0414157,0.0001,4.85495e-07,999999,-5.512066e-02,3,Indonesian Exclusive Economic Zone,WPP712,,SVDNB_npp_d20140716_t1803247_e1809051_b14079_c20140717000905445784_noaa_ops.h5,GDNBO_npp_d20140716_t1803247_e1809051_b14079_c20140717000905445471_noaa_ops.h5,SVI04_npp_d20140716_t1803247_e1809051_b14079_c20140717000905432367_noaa_ops.dspace_rad,VNFF_npp_d20140716_t1803247_e1809051_b14079_v21.csv,World_EEZ_v8_2014.shp,WPP_BFAR_merge.shp,KKP_IDN_merge_20161208.shp,VNF-VBD_npp_20120301-20151231_global_asia-enhanced_c201607211230.bitmask,NCEI_NGA.union.nga_lead2.add_2015ntl.mask,timezone.shp,VBD_platforms-recurring_2015_r20170330.shp,999999,VBD_bridges_c20160811.shp,2.701723;0.592520;-1.537733;-6.424739;-11.321091;-16.224911;-21.132078;-19.454973;-16.614069;-11.826628;-7.007390;-2.161976,98.595314;112.244095;125.823792;124.798187;123.864281;123.023224;122.264351;107.621338;93.259468;94.789581;96.172417;97.426979,npp_d20140716_t1803247_e1809051_b14079,156.759,43.9986,28.7046,98.2763,41.3257,84.2595
388,VBD_npp_d20140716_t1803517_x1083913E_y005231S_l0256_s1511_v23,2017-05-23 13:08:46,-0.523076,108.391327,35.0855,2014-07-16 18:03:51,2014-07-17 01:03:51,256,1511,0.440187,8,18913,0.989906,0.205316,0.881112,0.4,0.977582,0.75,0.042275,0.0001,6.95552e-07,999999,-1.190448e-03,3,Indonesian Exclusive Economic Zone,WPP711,,SVDNB_npp_d20140716_t1803247_e1809051_b14079_c20140717000905445784_noaa_ops.h5,GDNBO_npp_d20140716_t1803247_e1809051_b14079_c20140717000905445471_noaa_ops.h5,SVI04_npp_d20140716_t1803247_e1809051_b14079_c20140717000905432367_noaa_ops.dspace_rad,VNFF_npp_d20140716_t1803247_e1809051_b14079_v21.csv,World_EEZ_v8_2014.shp,WPP_BFAR_merge.shp,KKP_IDN_merge_20161208.shp,VNF-VBD_npp_20120301-20151231_global_asia-enhanced_c201607211230.bitmask,NCEI_NGA.union.nga_lead2.add_2015ntl.mask,timezone.shp,VBD_platforms-recurring_2015_r20170330.shp,0.476275,VBD_bridges_c20160811.shp,2.701723;0.592520;-1.537733;-6.424739;-11.321091;-16.224911;-21.132078;-19.454973;-16.614069;-11.826628;-7.007390;-2.161976,98.595314;112.244095;125.823792;124.798187;123.864281;123.023224;122.264351;107.621338;93.259468;94.789581;96.172417;97.426979,npp_d20140716_t1803247_e1809051_b14079,152.914,38.8048,28.6025,97.9587,40.3327,89.4868
389,VBD_npp_d20140716_t1805082_x1073704E_y049539S_l0936_s1511_v23,2017-05-23 13:08:46,-4.953950,107.370361,8.54226,2014-07-16 18:05:08,2014-07-17 01:05:08,936,1511,0.417868,1,2529,0.440312,0.230703,0.729508,0.4,0.859836,0.75,0.0414403,0.0001,5.22509e-07,999999,-1.826886e-01,3,Indonesian Exclusive Economic Zone,WPP712,,SVDNB_npp_d20140716_t1803247_e1809051_b14079_c20140717000905445784_noaa_ops.h5,GDNBO_npp_d20140716_t1803247_e1809051_b14079_c20140717000905445471_noaa_ops.h5,SVI04_npp_d20140716_t1803247_e1809051_b14079_c20140717000905432367_noaa_ops.dspace_rad,VNFF_npp_d20140716_t1803247_e1809051_b14079_v21.csv,World_EEZ_v8_2014.shp,WPP_BFAR_merge.shp,KKP_IDN_merge_20161208.shp,VNF-VBD_npp_20120301-20151231_global_asia-enhanced_c201607211230.bitmask,NCEI_NGA.union.nga_lead2.add_2015ntl.mask,timezone.shp,VBD_platforms-recurring_2015_r20170330.shp,999999,VBD_bridges_c20160811.shp,2.701723;0.592520;-1.537733;-6.424739;-11.321091;-16.224911;-21.132078;-19.454973;-16.614069;-11.826628;-7.007390;-2.161976,98.595314;112.244095;125.823792;124.798187;123.864281;123.023224;122.264351;107.621338;93.259468;94.789581;96.172417;97.426979,npp_d20140716_t1803247_e1809051_b14079,156.707,43.9505,28.6059,99.1429,41.2983,84.3146
390,VBD_npp_d20140716_t1803535_x1083902E_y005283S_l0257_s1512_v23,2017-05-23 13:08:46,-0.528286,108.390175,11.1261,2014-07-16 18:03:53,2014-07-17 01:03:53,257,1512,0.443391,8,18913,0.5507,0.207603,0.881112,0.4,0.915528,0.75,0.0422791,0.0001,7.30297e-07,999999,-1.754529e-02,3,Indonesian Exclusive Economic Zone,WPP711,,SVDNB_npp_d20140716_t1803247_e1809051_b14079_c20140717000905445784_noaa_ops.h5,GDNBO_npp_d20140716_t1803247_e1809051_b14079_c20140717000905445471_noaa_ops.h5,SVI04_npp_d20140716_t1803247_e1809051_b14079_c20140717000905432367_noaa_ops.dspace_rad,VNFF_npp_d20140716_t1803247_e1809051_b14079_v21.csv,World_EEZ_v8_2014.shp,WPP_BFAR_merge.shp,KKP_IDN_merge_20161208.shp,VNF-VBD_npp_20120301-20151231_global_asia-enhanced_c201607211230.bitmask,NCEI_NGA.union.nga_lead2.add_2015ntl.mask,timezone.shp,VBD_platforms-recurring_2015_r20170330.shp,0.471115,VBD_bridges_c20160811.shp,2.701723;0.592520;-1.537733;-6.424739;-11.321091;-16.224911;-21.132078;-19.454973;-16.614069;-11.826628;-7.007390;-2.161976,98.595314;112.244095;125.823792;124.798187;123.864281;123.023224;122.264351;107.621338;93.259468;94.789581;96.172417;97.426979,npp_d20140716_t1803247_e1809051_b14079,152.914,38.8207,28.5523,99.5964,40.3266,89.4802
391,VBD_npp_d20140716_t1805207_x1072207E_y056454S_l1042_s1513_v23,2017-05-23 13:08:46,-5.645366,107.220718,70.5706,2014-07-16 18:05:20,2014-07-17 01:05:20,1042,1513,0.423171,1,2529,1.15594,0.194009,0.886113,0.4,0.971399,0.75,0.0413509,0.0001,5.25749e-07,999999,7.964146e-02,3,Indonesian Exclusive Economic Zone,WPP712,,SVDNB_npp_d20140716_t1803247_e1809051_b14079_c20140717000905445784_noaa_ops.h5,GDNBO_npp_d20140716_t1803247_e1809051_b14079_c20140717000905445471_noaa_ops.h5,SVI04_npp_d20140716_t1803247_e1809051_b14079_c20140717000905432367_noaa_ops.dspace_rad,VNFF_npp_d20140716_t1803247_e1809051_b14079_v21.csv,World_EEZ_v8_2014.shp,WPP_BFAR_merge.shp,KKP_IDN_merge_20161208.shp,VNF-VBD_npp_20120301-20151231_global_asia-enhanced_c201607211230.bitmask,NCEI_NGA.union.nga_lead2.add_2015ntl.mask,timezone.shp,VBD_platforms-recurring_2015_r20170330.shp,999999,VBD_bridges_c20160811.shp,2.701723;0.592520;-1.537733;-6.424739;-11.321091;-16.224911;-21.132078;-19.454973;-16.614069;-11.826628;-7.007390;-2.161976,98.595314;112.244095;125.823792;124.798187;123.864281;123.023224;122.264351;107.621338;93.259468;94.789581;96.172417;97.426979,npp_d20140716_t1803247_e1809051_b14079,157.268,44.9358,28.5081,99.8569,41.4724,83.5366
392,VBD_npp_d20140716_t1805047_x1074591E_y047932S_l0910_s1518_v23,2017-05-23 13:08:46,-4.793212,107.459106,50.0795,2014-07-16 18:05:04,2014-07-17 01:05:04,910,1518,0.425271,1,2529,1.03105,0.194327,0.816137,0.4,0.925064,0.75,0.0415228,0.0001,6.10177e-07,999999,7.737306e-02,3,Indonesian Exclusive Economic Zone,WPP712,,SVDNB_npp_d20140716_t1803247_e1809051_b14079_c20140717000905445784_noaa_ops.h5,GDNBO_npp_d20140716_t1803247_e1809051_b14079_c20140717000905445471_noaa_ops.h5,SVI04_npp_d20140716_t1803247_e1809051_b14079_c20140717000905432367_noaa_ops.dspace_rad,VNFF_npp_d20140716_t1803247_e1809051_b14079_v21.csv,World_EEZ_v8_2014.shp,WPP_BFAR_merge.shp,KKP_IDN_merge_20161208.shp,VNF-VBD_npp_20120301-20151231_global_asia-enhanced_c201607211230.bitmask,NCEI_NGA.union.nga_lead2.add_2015ntl.mask,timezone.shp,VBD_platforms-recurring_2015_r20170330.shp,999999,VBD_bridges_c20160811.shp,2.701723;0.592520;-1.537733;-6.424739;-11.321091;-16.224911;-21.132078;-19.454973;-16.614069;-11.826628;-7.007390;-2.161976,98.595314;112.244095;125.823792;124.798187;123.864281;123.023224;122.264351;107.621338;93.259468;94.789581;96.172417;97.426979,npp_d20140716_t1803247_e1809051_b14079,156.54,43.8093,28.2759,98.4628,41.2076,84.4868
393,VBD_npp_d20140716_t1803535_x1084552E_y005867S_l0264_s1523_v23,2017-05-23 13:08:46,-0.586659,108.455215,89.9776,2014-07-16 18:03:53,2014-07-17 01:03:53,264,1523,0.444551,1,2529,1.31413,0.170857,0.937637,0.4,0.977025,0.75,0.0423288,0.0001,9.1579e-07,999999,2.451644e-01,3,Indonesian Exclusive Economic Zone,WPP711,,SVDNB_npp_d20140716_t1803247_e1809051_b14079_c20140717000905445784_noaa_ops.h5,GDNBO_npp_d20140716_t1803247_e1809051_b14079_c20140717000905445471_noaa_ops.h5,SVI04_npp_d20140716_t1803247_e1809051_b14079_c20140717000905432367_noaa_ops.dspace_rad,VNFF_npp_d20140716_t1803247_e1809051_b14079_v21.csv,World_EEZ_v8_2014.shp,WPP_BFAR_merge.shp,KKP_IDN_merge_20161208.shp,VNF-VBD_npp_20120301-20151231_global_asia-enhanced_c201607211230.bitmask,NCEI_NGA.union.nga_lead2.add_2015ntl.mask,timezone.shp,VBD_platforms-recurring_2015_r20170330.shp,999999,VBD_bridges_c20160811.shp,2.701723;0.592520;-1.537733;-6.424739;-11.321091;-16.224911;-21.132078;-19.454973;-16.614069;-11.826628;-7.007390;-2.161976,98.595314;112.244095;125.823792;124.798187;123.864281;123.023224;122.264351;107.621338;93.259468;94.789581;96.172417;97.426979,npp_d20140716_t1803247_e1809051_b14079,152.919,38.9907,28.0338,98.831,40.2613,89.4084
394,VBD_npp_d20140716_t1805011_x1075489E_y045367S_l0870_s1523_v23,2017-05-23 13:08:46,-4.536692,107.548904,32.4076,2014-07-16 18:05:01,2014-07-17 01:05:01,870,1523,0.42063,8,18913,0.811978,0.204474,0.838627,0.4,0.913869,0.75,0.0416177,0.0001,7.11215e-07,999999,4.827371e-03,3,Indonesian Exclusive Economic Zone,WPP712,,SVDNB_npp_d20140716_t1803247_e1809051_b14079_c20140717000905445784_noaa_ops.h5,GDNBO_npp_d20140716_t1803247_e1809051_b14079_c20140717000905445471_noaa_ops.h5,SVI04_npp_d20140716_t1803247_e1809051_b14079_c20140717000905432367_noaa_ops.dspace_rad,VNFF_npp_d20140716_t1803247_e1809051_b14079_v21.csv,World_EEZ_v8_2014.shp,WPP_BFAR_merge.shp,KKP_IDN_merge_20161208.shp,VNF-VBD_npp_20120301-20151231_global_asia-enhanced_c201607211230.bitmask,NCEI_NGA.union.nga_lead2.add_2015ntl.mask,timezone.shp,VBD_platforms-recurring_2015_r20170330.shp,0.392689,VBD_bridges_c20160811.shp,2.701723;0.592520;-1.537733;-6.424739;-11.321091;-16.224911;-21.132078;-19.454973;-16.614069;-11.826628;-7.007390;-2.161976,98.595314;112.244095;125.823792;124.798187;123.864281;123.023224;122.264351;107.621338;93.259468;94.789581;96.172417;97.426979,npp_d20140716_t1803247_e1809051_b14079,156.303,43.5213,28.0401,99.3253,41.1073,84.7716
395,VBD_npp_d20140716_t1805047_x1074965E_y047719S_l0906_s1523_v23,2017-05-23 13:08:46,-4.771865,107.496483,35.925,2014-07-16 18:05:04,2014-07-17 01:05:04,906,1523,0.409305,1,2529,0.668791,0.195767,0.766582,0.4,0.859998,0.75,0.0415562,0.0001,6.91118e-07,999999,6.707885e-02,3,Indonesian Exclusive Economic Zone,WPP712,,SVDNB_npp_d20140716_t1803247_e1809051_b14079_c20140717000905445784_noaa_ops.h5,GDNBO_npp_d20140716_t1803247_e1809051_b14079_c20140717000905445471_noaa_ops.h5,SVI04_npp_d20140716_t1803247_e1809051_b14079_c20140717000905432367_noaa_ops.dspace_rad,VNFF_npp_d20140716_t1803247_e1809051_b14079_v21.csv,World_EEZ_v8_2014.shp,WPP_BFAR_merge.shp,KKP_IDN_merge_20161208.shp,VNF-VBD_npp_20120301-20151231_global_asia-enhanced_c201607211230.bitmask,NCEI_NGA.union.nga_lead2.add_2015ntl.mask,timezone.shp,VBD_platforms-recurring_2015_r20170330.shp,999999,VBD_bridges_c20160811.shp,2.701723;0.592520;-1.537733;-6.424739;-11.321091;-16.224911;-21.132078;-19.454973;-16.614069;-11.826628;-7.007390;-2.161976,98.595314;112.244095;125.823792;124.798187;123.864281;123.023224;122.264351;107.621338;93.259468;94.789581;96.172417;97.426979,npp_d20140716_t1803247_e1809051_b14079,156.499,43.834,28.0384,98.898,41.1679,84.5043
396,VBD_npp_d20140716_t1803482_x1085266E_y003144S_l0222_s1524_v23,2017-05-23 13:08:46,-0.314374,108.526550,162.009,2014-07-16 18:03:48,2014-07-17 01:03:48,222,1524,0.444054,1,2529,1.45344,0.189879,0.908083,0.4,0.982934,0.75,0.0423853,0.0001,9.39427e-07,999999,1.091712e-01,3,Indonesian Exclusive Economic Zone,WPP711,,SVDNB_npp_d20140716_t1803247_e1809051_b14079_c20140717000905445784_noaa_ops.h5,GDNBO_npp_d20140716_t1803247_e1809051_b14079_c20140717000905445471_noaa_ops.h5,SVI04_npp_d20140716_t1803247_e1809051_b14079_c20140717000905432367_noaa_ops.dspace_rad,VNFF_npp_d20140716_t1803247_e1809051_b14079_v21.csv,World_EEZ_v8_2014.shp,WPP_BFAR_merge.shp,KKP_IDN_merge_20161208.shp,VNF-VBD_npp_20120301-20151231_global_asia-enhanced_c201607211230.bitmask,NCEI_NGA.union.nga_lead2.add_2015ntl.mask,timezone.shp,VBD_platforms-recurring_2015_r20170330.shp,999999,VBD_bridges_c20160811.shp,2.701723;0.592520;-1.537733;-6.424739;-11.321091;-16.224911;-21.132078;-19.454973;-16.614069;-11.826628;-7.007390;-2.161976,98.595314;112.244095;125.823792;124.798187;123.864281;123.023224;122.264351;107.621338;93.259468;94.789581;96.172417;97.426979,npp_d20140716_t1803247_e1809051_b14079,152.676,38.7323,27.9877,98.1491,40.2087,89.7372
397,VBD_npp_d20140716_t1804042_x1083156E_y012404S_l0364_s1524_v23,2017-05-23 13:08:46,-1.240364,108.315643,38.5233,2014-07-16 18:04:04,2014-07-17 01:04:04,364,1524,0.412675,8,18913,0.974676,0.20664,0.887312,0.4,0.965137,0.75,0.0422066,0.0001,8.97098e-07,999999,-1.065856e-02,3,Indonesian Exclusive Economic Zone,WPP711,,SVDNB_npp_d20140716_t1803247_e1809051_b14079_c20140717000905445784_noaa_ops.h5,GDNBO_npp_d20140716_t1803247_e1809051_b14079_c20140717000905445471_noaa_ops.h5,SVI04_npp_d20140716_t1803247_e1809051_b14079_c20140717000905432367_noaa_ops.dspace_rad,VNFF_npp_d20140716_t1803247_e1809051_b14079_v21.csv,World_EEZ_v8_2014.shp,WPP_BFAR_merge.shp,KKP_IDN_merge_20161208.shp,VNF-VBD_npp_20120301-20151231_global_asia-enhanced_c201607211230.bitmask,NCEI_NGA.union.nga_lead2.add_2015ntl.mask,timezone.shp,VBD_platforms-recurring_2015_r20170330.shp,0.82544,VBD_bridges_c20160811.shp,2.701723;0.592520;-1.537733;-6.424739;-11.321091;-16.224911;-21.132078;-19.454973;-16.614069;-11.826628;-7.007390;-2.161976,98.595314;112.244095;125.823792;124.798187;123.864281;123.023224;122.264351;107.621338;93.259468;94.789581;96.172417;97.426979,npp_d20140716_t1803247_e1809051_b14079,153.484,39.6669,27.9879,98.4278,40.3706,88.6231
398,VBD_npp_d20140716_t1805047_x1075063E_y047529S_l0903_s1524_v23,2017-05-23 13:08:46,-4.752945,107.506348,22.3695,2014-07-16 18:05:04,2014-07-17 01:05:04,903,1524,0.415879,1,2529,0.63557,0.231946,0.766582,0.4,0.850678,0.75,0.0415667,0.0001,7.13642e-07,999999,-1.915790e-01,3,Indonesian Exclusive Economic Zone,WPP712,,SVDNB_npp_d20140716_t1803247_e1809051_b14079_c20140717000905445784_noaa_ops.h5,GDNBO_npp_d20140716_t1803247_e1809051_b14079_c20140717000905445471_noaa_ops.h5,SVI04_npp_d20140716_t1803247_e1809051_b14079_c20140717000905432367_noaa_ops.dspace_rad,VNFF_npp_d20140716_t1803247_e1809051_b14079_v21.csv,World_EEZ_v8_2014.shp,WPP_BFAR_merge.shp,KKP_IDN_merge_20161208.shp,VNF-VBD_npp_20120301-20151231_global_asia-enhanced_c201607211230.bitmask,NCEI_NGA.union.nga_lead2.add_2015ntl.mask,timezone.shp,VBD_platforms-recurring_2015_r20170330.shp,999999,VBD_bridges_c20160811.shp,2.701723;0.592520;-1.537733;-6.424739;-11.321091;-16.224911;-21.132078;-19.454973;-16.614069;-11.826628;-7.007390;-2.161976,98.595314;112.244095;125.823792;124.798187;123.864281;123.023224;122.264351;107.621338;93.259468;94.789581;96.172417;97.426979,npp_d20140716_t1803247_e1809051_b14079,156.478,43.8194,27.9907,99.2301,41.1562,84.5245
399,VBD_npp_d20140716_t1805047_x1074987E_y047996S_l0910_s1524_v23,2017-05-23 13:08:46,-4.799592,107.498680,18.3165,2014-07-16 18:05:04,2014-07-17 01:05:04,910,1524,0.410244,1,2529,0.532911,0.196107,0.767553,0.4,0.815762,0.75,0.0415544,0.0001,6.96913e-07,999999,6.464370e-02,3,Indonesian Exclusive Economic Zone,WPP712,,SVDNB_npp_d20140716_t1803247_e1809051_b14079_c20140717000905445784_noaa_ops.h5,GDNBO_npp_d20140716_t1803247_e1809051_b14079_c20140717000905445471_noaa_ops.h5,SVI04_npp_d20140716_t1803247_e1809051_b14079_c20140717000905432367_noaa_ops.dspace_rad,VNFF_npp_d20140716_t1803247_e1809051_b14079_v21.csv,World_EEZ_v8_2014.shp,WPP_BFAR_merge.shp,KKP_IDN_merge_20161208.shp,VNF-VBD_npp_20120301-20151231_global_asia-enhanced_c201607211230.bitmask,NCEI_NGA.union.nga_lead2.add_2015ntl.mask,timezone.shp,VBD_platforms-recurring_2015_r20170330.shp,999999,VBD_bridges_c20160811.shp,2.701723;0.592520;-1.537733;-6.424739;-11.321091;-16.224911;-21.132078;-19.454973;-16.614069;-11.826628;-7.007390;-2.161976,98.595314;112.244095;125.823792;124.798187;123.864281;123.023224;122.264351;107.621338;93.259468;94.789581;96.172417;97.426979,npp_d20140716_t1803247_e1809051_b14079,156.517,43.8817,27.9937,98.4529,41.1684,84.4716
400,VBD_npp_d20140716_t1803482_x1085321E_y003221S_l0223_s1525_v23,2017-05-23 13:08:46,-0.322059,108.532051,51.6875,2014-07-16 18:03:48,2014-07-17 01:03:48,223,1525,0.445324,1,2529,0.978819,0.183904,0.908492,0.4,0.953819,0.75,0.0423893,0.0001,9.57852e-07,999999,1.518851e-01,3,Indonesian Exclusive Economic Zone,WPP711,,SVDNB_npp_d20140716_t1803247_e1809051_b14079_c20140717000905445784_noaa_ops.h5,GDNBO_npp_d20140716_t1803247_e1809051_b14079_c20140717000905445471_noaa_ops.h5,SVI04_npp_d20140716_t1803247_e1809051_b14079_c20140717000905432367_noaa_ops.dspace_rad,VNFF_npp_d20140716_t1803247_e1809051_b14079_v21.csv,World_EEZ_v8_2014.shp,WPP_BFAR_merge.shp,KKP_IDN_merge_20161208.shp,VNF-VBD_npp_20120301-20151231_global_asia-enhanced_c201607211230.bitmask,NCEI_NGA.union.nga_lead2.add_2015ntl.mask,timezone.shp,VBD_platforms-recurring_2015_r20170330.shp,999999,VBD_bridges_c20160811.shp,2.701723;0.592520;-1.537733;-6.424739;-11.321091;-16.224911;-21.132078;-19.454973;-16.614069;-11.826628;-7.007390;-2.161976,98.595314;112.244095;125.823792;124.798187;123.864281;123.023224;122.264351;107.621338;93.259468;94.789581;96.172417;97.426979,npp_d20140716_t1803247_e1809051_b14079,152.678,38.7499,27.9415,98.0366,40.2032,89.7278
401,VBD_npp_d20140716_t1805011_x1075566E_y045722S_l0875_s1525_v23,2017-05-23 13:08:46,-4.572155,107.556587,58.8257,2014-07-16 18:05:01,2014-07-17 01:05:01,875,1525,0.42505,1,2529,1.006,0.212183,0.851539,0.4,0.936415,0.75,0.0416198,0.0001,7.31087e-07,999999,-5.028310e-02,3,Indonesian Exclusive Economic Zone,WPP712,,SVDNB_npp_d20140716_t1803247_e1809051_b14079_c20140717000905445784_noaa_ops.h5,GDNBO_npp_d20140716_t1803247_e1809051_b14079_c20140717000905445471_noaa_ops.h5,SVI04_npp_d20140716_t1803247_e1809051_b14079_c20140717000905432367_noaa_ops.dspace_rad,VNFF_npp_d20140716_t1803247_e1809051_b14079_v21.csv,World_EEZ_v8_2014.shp,WPP_BFAR_merge.shp,KKP_IDN_merge_20161208.shp,VNF-VBD_npp_20120301-20151231_global_asia-enhanced_c201607211230.bitmask,NCEI_NGA.union.nga_lead2.add_2015ntl.mask,timezone.shp,VBD_platforms-recurring_2015_r20170330.shp,999999,VBD_bridges_c20160811.shp,2.701723;0.592520;-1.537733;-6.424739;-11.321091;-16.224911;-21.132078;-19.454973;-16.614069;-11.826628;-7.007390;-2.161976,98.595314;112.244095;125.823792;124.798187;123.864281;123.023224;122.264351;107.621338;93.259468;94.789581;96.172417;97.426979,npp_d20140716_t1803247_e1809051_b14079,156.323,43.589,27.9472,98.7688,41.1028,84.7288
402,VBD_npp_d20140716_t1805189_x1073196E_y055812S_l1030_s1525_v23,2017-05-23 13:08:46,-5.581178,107.319633,72.8903,2014-07-16 18:05:18,2014-07-17 01:05:18,1030,1525,0.378534,1,2529,1.18055,0.235937,0.892684,0.4,0.966944,0.75,0.0414146,0.0001,6.82821e-07,999999,-2.201124e-01,3,Indonesian Exclusive Economic Zone,WPP712,,SVDNB_npp_d20140716_t1803247_e1809051_b14079_c20140717000905445784_noaa_ops.h5,GDNBO_npp_d20140716_t1803247_e1809051_b14079_c20140717000905445471_noaa_ops.h5,SVI04_npp_d20140716_t1803247_e1809051_b14079_c20140717000905432367_noaa_ops.dspace_rad,VNFF_npp_d20140716_t1803247_e1809051_b14079_v21.csv,World_EEZ_v8_2014.shp,WPP_BFAR_merge.shp,KKP_IDN_merge_20161208.shp,VNF-VBD_npp_20120301-20151231_global_asia-enhanced_c201607211230.bitmask,NCEI_NGA.union.nga_lead2.add_2015ntl.mask,timezone.shp,VBD_platforms-recurring_2015_r20170330.shp,999999,VBD_bridges_c20160811.shp,2.701723;0.592520;-1.537733;-6.424739;-11.321091;-16.224911;-21.132078;-19.454973;-16.614069;-11.826628;-7.007390;-2.161976,98.595314;112.244095;125.823792;124.798187;123.864281;123.023224;122.264351;107.621338;93.259468;94.789581;96.172417;97.426979,npp_d20140716_t1803247_e1809051_b14079,157.159,44.9724,27.945,99.4042,41.3731,83.5898
403,VBD_npp_d20140716_t1805225_x1072679E_y058097S_l1065_s1525_v23,2017-05-23 13:08:46,-5.809651,107.267853,26.4428,2014-07-16 18:05:22,2014-07-17 01:05:22,1065,1525,0.397206,1,2529,0.803985,0.206771,0.849589,0.4,0.93001,0.75,0.0414132,0.0001,6.63971e-07,999999,-1.159637e-02,3,Indonesian Exclusive Economic Zone,WPP712,,SVDNB_npp_d20140716_t1803247_e1809051_b14079_c20140717000905445784_noaa_ops.h5,GDNBO_npp_d20140716_t1803247_e1809051_b14079_c20140717000905445471_noaa_ops.h5,SVI04_npp_d20140716_t1803247_e1809051_b14079_c20140717000905432367_noaa_ops.dspace_rad,VNFF_npp_d20140716_t1803247_e1809051_b14079_v21.csv,World_EEZ_v8_2014.shp,WPP_BFAR_merge.shp,KKP_IDN_merge_20161208.shp,VNF-VBD_npp_20120301-20151231_global_asia-enhanced_c201607211230.bitmask,NCEI_NGA.union.nga_lead2.add_2015ntl.mask,timezone.shp,VBD_platforms-recurring_2015_r20170330.shp,999999,VBD_bridges_c20160811.shp,2.701723;0.592520;-1.537733;-6.424739;-11.321091;-16.224911;-21.132078;-19.454973;-16.614069;-11.826628;-7.007390;-2.161976,98.595314;112.244095;125.823792;124.798187;123.864281;123.023224;122.264351;107.621338;93.259468;94.789581;96.172417;97.426979,npp_d20140716_t1803247_e1809051_b14079,157.346,45.3004,27.9435,99.0865,41.437,83.3348
404,VBD_npp_d20140716_t1803535_x1084749E_y005898S_l0264_s1526_v23,2017-05-23 13:08:46,-0.589782,108.474869,73.6359,2014-07-16 18:03:53,2014-07-17 01:03:53,264,1526,0.440076,1,2529,1.16341,0.17393,0.937637,0.4,0.968916,0.75,0.0423446,0.0001,9.77125e-07,999999,2.231966e-01,3,Indonesian Exclusive Economic Zone,WPP711,,SVDNB_npp_d20140716_t1803247_e1809051_b14079_c20140717000905445784_noaa_ops.h5,GDNBO_npp_d20140716_t1803247_e1809051_b14079_c20140717000905445471_noaa_ops.h5,SVI04_npp_d20140716_t1803247_e1809051_b14079_c20140717000905432367_noaa_ops.dspace_rad,VNFF_npp_d20140716_t1803247_e1809051_b14079_v21.csv,World_EEZ_v8_2014.shp,WPP_BFAR_merge.shp,KKP_IDN_merge_20161208.shp,VNF-VBD_npp_20120301-20151231_global_asia-enhanced_c201607211230.bitmask,NCEI_NGA.union.nga_lead2.add_2015ntl.mask,timezone.shp,VBD_platforms-recurring_2015_r20170330.shp,999999,VBD_bridges_c20160811.shp,2.701723;0.592520;-1.537733;-6.424739;-11.321091;-16.224911;-21.132078;-19.454973;-16.614069;-11.826628;-7.007390;-2.161976,98.595314;112.244095;125.823792;124.798187;123.864281;123.023224;122.264351;107.621338;93.259468;94.789581;96.172417;97.426979,npp_d20140716_t1803247_e1809051_b14079,152.909,39.0242,27.8927,98.8306,40.2414,89.4042
405,VBD_npp_d20140716_t1803535_x1084696E_y006231S_l0269_s1526_v23,2017-05-23 13:08:46,-0.623074,108.469582,108.194,2014-07-16 18:03:53,2014-07-17 01:03:53,269,1526,0.439745,1,2529,1.29669,0.188926,0.933073,0.4,0.97587,0.75,0.0423386,0.0001,9.6654e-07,999999,1.159843e-01,3,Indonesian Exclusive Economic Zone,WPP711,,SVDNB_npp_d20140716_t1803247_e1809051_b14079_c20140717000905445784_noaa_ops.h5,GDNBO_npp_d20140716_t1803247_e1809051_b14079_c20140717000905445471_noaa_ops.h5,SVI04_npp_d20140716_t1803247_e1809051_b14079_c20140717000905432367_noaa_ops.dspace_rad,VNFF_npp_d20140716_t1803247_e1809051_b14079_v21.csv,World_EEZ_v8_2014.shp,WPP_BFAR_merge.shp,KKP_IDN_merge_20161208.shp,VNF-VBD_npp_20120301-20151231_global_asia-enhanced_c201607211230.bitmask,NCEI_NGA.union.nga_lead2.add_2015ntl.mask,timezone.shp,VBD_platforms-recurring_2015_r20170330.shp,999999,VBD_bridges_c20160811.shp,2.701723;0.592520;-1.537733;-6.424739;-11.321091;-16.224911;-21.132078;-19.454973;-16.614069;-11.826628;-7.007390;-2.161976,98.595314;112.244095;125.823792;124.798187;123.864281;123.023224;122.264351;107.621338;93.259468;94.789581;96.172417;97.426979,npp_d20140716_t1803247_e1809051_b14079,152.938,39.0573,27.8949,98.2733,40.2471,89.3641
406,VBD_npp_d20140716_t1805047_x1075184E_y047618S_l0904_s1526_v23,2017-05-23 13:08:46,-4.761758,107.518402,46.9568,2014-07-16 18:05:04,2014-07-17 01:05:04,904,1526,0.421238,1,2529,0.66622,0.205489,0.766582,0.4,0.857149,0.75,0.0415755,0.0001,7.43221e-07,999999,-2.431998e-03,3,Indonesian Exclusive Economic Zone,WPP712,,SVDNB_npp_d20140716_t1803247_e1809051_b14079_c20140717000905445784_noaa_ops.h5,GDNBO_npp_d20140716_t1803247_e1809051_b14079_c20140717000905445471_noaa_ops.h5,SVI04_npp_d20140716_t1803247_e1809051_b14079_c20140717000905432367_noaa_ops.dspace_rad,VNFF_npp_d20140716_t1803247_e1809051_b14079_v21.csv,World_EEZ_v8_2014.shp,WPP_BFAR_merge.shp,KKP_IDN_merge_20161208.shp,VNF-VBD_npp_20120301-20151231_global_asia-enhanced_c201607211230.bitmask,NCEI_NGA.union.nga_lead2.add_2015ntl.mask,timezone.shp,VBD_platforms-recurring_2015_r20170330.shp,999999,VBD_bridges_c20160811.shp,2.701723;0.592520;-1.537733;-6.424739;-11.321091;-16.224911;-21.132078;-19.454973;-16.614069;-11.826628;-7.007390;-2.161976,98.595314;112.244095;125.823792;124.798187;123.864281;123.023224;122.264351;107.621338;93.259468;94.789581;96.172417;97.426979,npp_d20140716_t1803247_e1809051_b14079,156.476,43.8523,27.8968,99.1179,41.1449,84.5118
407,VBD_npp_d20140716_t1805047_x1075140E_y047884S_l0908_s1526_v23,2017-05-23 13:08:46,-4.788393,107.514023,160.709,2014-07-16 18:05:04,2014-07-17 01:05:04,908,1526,0.41842,2,2465,0.559923,0.189291,0.767553,0.4,0.612291,0.75,0.0415685,0.0001,7.33267e-07,999999,1.133735e-01,3,Indonesian Exclusive Economic Zone,WPP712,,SVDNB_npp_d20140716_t1803247_e1809051_b14079_c20140717000905445784_noaa_ops.h5,GDNBO_npp_d20140716_t1803247_e1809051_b14079_c20140717000905445471_noaa_ops.h5,SVI04_npp_d20140716_t1803247_e1809051_b14079_c20140717000905432367_noaa_ops.dspace_rad,VNFF_npp_d20140716_t1803247_e1809051_b14079_v21.csv,World_EEZ_v8_2014.shp,WPP_BFAR_merge.shp,KKP_IDN_merge_20161208.shp,VNF-VBD_npp_20120301-20151231_global_asia-enhanced_c201607211230.bitmask,NCEI_NGA.union.nga_lead2.add_2015ntl.mask,timezone.shp,VBD_platforms-recurring_2015_r20170330.shp,999999,VBD_bridges_c20160811.shp,2.701723;0.592520;-1.537733;-6.424739;-11.321091;-16.224911;-21.132078;-19.454973;-16.614069;-11.826628;-7.007390;-2.161976,98.595314;112.244095;125.823792;124.798187;123.864281;123.023224;122.264351;107.621338;93.259468;94.789581;96.172417;97.426979,npp_d20140716_t1803247_e1809051_b14079,156.498,43.8879,27.8983,98.6723,41.1519,84.4817
408,VBD_npp_d20140716_t1805136_x1073973E_y052827S_l0984_s1526_v23,2017-05-23 13:08:46,-5.282739,107.397324,38.807,2014-07-16 18:05:13,2014-07-17 01:05:13,984,1526,0.320914,1,2529,0.887372,0.213114,0.82893,0.4,0.917552,0.75,0.0414353,0.0001,7.12589e-07,999999,-5.693986e-02,3,Indonesian Exclusive Economic Zone,WPP712,,SVDNB_npp_d20140716_t1803247_e1809051_b14079_c20140717000905445784_noaa_ops.h5,GDNBO_npp_d20140716_t1803247_e1809051_b14079_c20140717000905445471_noaa_ops.h5,SVI04_npp_d20140716_t1803247_e1809051_b14079_c20140717000905432367_noaa_ops.dspace_rad,VNFF_npp_d20140716_t1803247_e1809051_b14079_v21.csv,World_EEZ_v8_2014.shp,WPP_BFAR_merge.shp,KKP_IDN_merge_20161208.shp,VNF-VBD_npp_20120301-20151231_global_asia-enhanced_c201607211230.bitmask,NCEI_NGA.union.nga_lead2.add_2015ntl.mask,timezone.shp,VBD_platforms-recurring_2015_r20170330.shp,999999,VBD_bridges_c20160811.shp,2.701723;0.592520;-1.537733;-6.424739;-11.321091;-16.224911;-21.132078;-19.454973;-16.614069;-11.826628;-7.007390;-2.161976,98.595314;112.244095;125.823792;124.798187;123.864281;123.023224;122.264351;107.621338;93.259468;94.789581;96.172417;97.426979,npp_d20140716_t1803247_e1809051_b14079,156.908,44.5636,27.8958,99.1609,41.2838,83.923
409,VBD_npp_d20140716_t1805225_x1072689E_y058440S_l1070_s1526_v23,2017-05-23 13:08:46,-5.844026,107.268906,7.75524,2014-07-16 18:05:22,2014-07-17 01:05:22,1070,1526,0.350414,1,2529,0.393544,0.254421,0.822783,0.4,0.840707,0.75,0.0414182,0.0001,6.66303e-07,999999,-3.522534e-01,3,Indonesian Exclusive Economic Zone,WPP712,,SVDNB_npp_d20140716_t1803247_e1809051_b14079_c20140717000905445784_noaa_ops.h5,GDNBO_npp_d20140716_t1803247_e1809051_b14079_c20140717000905445471_noaa_ops.h5,SVI04_npp_d20140716_t1803247_e1809051_b14079_c20140717000905432367_noaa_ops.dspace_rad,VNFF_npp_d20140716_t1803247_e1809051_b14079_v21.csv,World_EEZ_v8_2014.shp,WPP_BFAR_merge.shp,KKP_IDN_merge_20161208.shp,VNF-VBD_npp_20120301-20151231_global_asia-enhanced_c201607211230.bitmask,NCEI_NGA.union.nga_lead2.add_2015ntl.mask,timezone.shp,VBD_platforms-recurring_2015_r20170330.shp,999999,VBD_bridges_c20160811.shp,2.701723;0.592520;-1.537733;-6.424739;-11.321091;-16.224911;-21.132078;-19.454973;-16.614069;-11.826628;-7.007390;-2.161976,98.595314;112.244095;125.823792;124.798187;123.864281;123.023224;122.264351;107.621338;93.259468;94.789581;96.172417;97.426979,npp_d20140716_t1803247_e1809051_b14079,157.369,45.3606,27.8991,98.5288,41.44,83.2949
410,VBD_npp_d20140716_t1803535_x1084825E_y005842S_l0263_s1527_v23,2017-05-23 13:08:46,-0.584165,108.482460,85.8241,2014-07-16 18:03:53,2014-07-17 01:03:53,263,1527,0.440187,1,2529,1.22103,0.202525,0.935308,0.4,0.970834,0.75,0.0423512,0.0001,1.0005e-06,999999,1.876016e-02,3,Indonesian Exclusive Economic Zone,WPP711,,SVDNB_npp_d20140716_t1803247_e1809051_b14079_c20140717000905445784_noaa_ops.h5,GDNBO_npp_d20140716_t1803247_e1809051_b14079_c20140717000905445471_noaa_ops.h5,SVI04_npp_d20140716_t1803247_e1809051_b14079_c20140717000905432367_noaa_ops.dspace_rad,VNFF_npp_d20140716_t1803247_e1809051_b14079_v21.csv,World_EEZ_v8_2014.shp,WPP_BFAR_merge.shp,KKP_IDN_merge_20161208.shp,VNF-VBD_npp_20120301-20151231_global_asia-enhanced_c201607211230.bitmask,NCEI_NGA.union.nga_lead2.add_2015ntl.mask,timezone.shp,VBD_platforms-recurring_2015_r20170330.shp,999999,VBD_bridges_c20160811.shp,2.701723;0.592520;-1.537733;-6.424739;-11.321091;-16.224911;-21.132078;-19.454973;-16.614069;-11.826628;-7.007390;-2.161976,98.595314;112.244095;125.823792;124.798187;123.864281;123.023224;122.264351;107.621338;93.259468;94.789581;96.172417;97.426979,npp_d20140716_t1803247_e1809051_b14079,152.899,39.0288,27.8456,98.9421,40.2337,89.4108
411,VBD_npp_d20140716_t1804576_x1076174E_y043725S_l0844_s1527_v23,2017-05-23 13:08:46,-4.372478,107.617393,69.1555,2014-07-16 18:04:57,2014-07-17 01:04:57,844,1527,0.420962,1,2529,1.15323,0.207823,0.881544,0.4,0.962939,0.75,0.0416825,0.0001,7.75047e-07,999999,-1.911319e-02,3,Indonesian Exclusive Economic Zone,WPP712,,SVDNB_npp_d20140716_t1803247_e1809051_b14079_c20140717000905445784_noaa_ops.h5,GDNBO_npp_d20140716_t1803247_e1809051_b14079_c20140717000905445471_noaa_ops.h5,SVI04_npp_d20140716_t1803247_e1809051_b14079_c20140717000905432367_noaa_ops.dspace_rad,VNFF_npp_d20140716_t1803247_e1809051_b14079_v21.csv,World_EEZ_v8_2014.shp,WPP_BFAR_merge.shp,KKP_IDN_merge_20161208.shp,VNF-VBD_npp_20120301-20151231_global_asia-enhanced_c201607211230.bitmask,NCEI_NGA.union.nga_lead2.add_2015ntl.mask,timezone.shp,VBD_platforms-recurring_2015_r20170330.shp,999999,VBD_bridges_c20160811.shp,2.701723;0.592520;-1.537733;-6.424739;-11.321091;-16.224911;-21.132078;-19.454973;-16.614069;-11.826628;-7.007390;-2.161976,98.595314;112.244095;125.823792;124.798187;123.864281;123.023224;122.264351;107.621338;93.259468;94.789581;96.172417;97.426979,npp_d20140716_t1803247_e1809051_b14079,156.147,43.349,27.8505,98.6399,41.0379,84.9541
412,VBD_npp_d20140716_t1805064_x1075076E_y048270S_l0914_s1527_v23,2017-05-23 13:08:46,-4.826985,107.507591,4.7811,2014-07-16 18:05:06,2014-07-17 01:05:06,914,1527,0.39229,7,2209,0.205322,0.199876,0.740683,0.4,0.623506,0.75,0.0415633,0.0001,7.69092e-07,999999,3.770150e-02,3,,,,SVDNB_npp_d20140716_t1803247_e1809051_b14079_c20140717000905445784_noaa_ops.h5,GDNBO_npp_d20140716_t1803247_e1809051_b14079_c20140717000905445471_noaa_ops.h5,SVI04_npp_d20140716_t1803247_e1809051_b14079_c20140717000905432367_noaa_ops.dspace_rad,VNFF_npp_d20140716_t1803247_e1809051_b14079_v21.csv,World_EEZ_v8_2014.shp,WPP_BFAR_merge.shp,KKP_IDN_merge_20161208.shp,VNF-VBD_npp_20120301-20151231_global_asia-enhanced_c201607211230.bitmask,NCEI_NGA.union.nga_lead2.add_2015ntl.mask,timezone.shp,VBD_platforms-recurring_2015_r20170330.shp,999999,VBD_bridges_c20160811.shp,2.701723;0.592520;-1.537733;-6.424739;-11.321091;-16.224911;-21.132078;-19.454973;-16.614069;-11.826628;-7.007390;-2.161976,98.595314;112.244095;125.823792;124.798187;123.864281;123.023224;122.264351;107.621338;93.259468;94.789581;96.172417;97.426979,npp_d20140716_t1803247_e1809051_b14079,156.525,43.951,27.8486,99.7977,41.1549,84.4364
413,VBD_npp_d20140716_t1803535_x1084858E_y006052S_l0266_s1528_v23,2017-05-23 13:08:46,-0.605167,108.485825,89.7274,2014-07-16 18:03:53,2014-07-17 01:03:53,266,1528,0.442783,1,2529,1.2446,0.209141,0.935308,0.4,0.974689,0.75,0.0423528,0.0001,1.01571e-06,999999,-2.853676e-02,3,Indonesian Exclusive Economic Zone,WPP711,,SVDNB_npp_d20140716_t1803247_e1809051_b14079_c20140717000905445784_noaa_ops.h5,GDNBO_npp_d20140716_t1803247_e1809051_b14079_c20140717000905445471_noaa_ops.h5,SVI04_npp_d20140716_t1803247_e1809051_b14079_c20140717000905432367_noaa_ops.dspace_rad,VNFF_npp_d20140716_t1803247_e1809051_b14079_v21.csv,World_EEZ_v8_2014.shp,WPP_BFAR_merge.shp,KKP_IDN_merge_20161208.shp,VNF-VBD_npp_20120301-20151231_global_asia-enhanced_c201607211230.bitmask,NCEI_NGA.union.nga_lead2.add_2015ntl.mask,timezone.shp,VBD_platforms-recurring_2015_r20170330.shp,999999,VBD_bridges_c20160811.shp,2.701723;0.592520;-1.537733;-6.424739;-11.321091;-16.224911;-21.132078;-19.454973;-16.614069;-11.826628;-7.007390;-2.161976,98.595314;112.244095;125.823792;124.798187;123.864281;123.023224;122.264351;107.621338;93.259468;94.789581;96.172417;97.426979,npp_d20140716_t1803247_e1809051_b14079,152.914,39.0597,27.7993,98.6067,40.2305,89.3854
414,VBD_npp_d20140716_t1803482_x1085582E_y003261S_l0223_s1529_v23,2017-05-23 13:08:46,-0.326136,108.558197,65.9953,2014-07-16 18:03:48,2014-07-17 01:03:48,223,1529,0.442617,1,2529,1.13862,0.207081,0.906951,0.4,0.968488,0.75,0.0424105,0.0001,1.04386e-06,999999,-1.381301e-02,3,Indonesian Exclusive Economic Zone,WPP711,,SVDNB_npp_d20140716_t1803247_e1809051_b14079_c20140717000905445784_noaa_ops.h5,GDNBO_npp_d20140716_t1803247_e1809051_b14079_c20140717000905445471_noaa_ops.h5,SVI04_npp_d20140716_t1803247_e1809051_b14079_c20140717000905432367_noaa_ops.dspace_rad,VNFF_npp_d20140716_t1803247_e1809051_b14079_v21.csv,World_EEZ_v8_2014.shp,WPP_BFAR_merge.shp,KKP_IDN_merge_20161208.shp,VNF-VBD_npp_20120301-20151231_global_asia-enhanced_c201607211230.bitmask,NCEI_NGA.union.nga_lead2.add_2015ntl.mask,timezone.shp,VBD_platforms-recurring_2015_r20170330.shp,999999,VBD_bridges_c20160811.shp,2.701723;0.592520;-1.537733;-6.424739;-11.321091;-16.224911;-21.132078;-19.454973;-16.614069;-11.826628;-7.007390;-2.161976,98.595314;112.244095;125.823792;124.798187;123.864281;123.023224;122.264351;107.621338;93.259468;94.789581;96.172417;97.426979,npp_d20140716_t1803247_e1809051_b14079,152.665,38.7942,27.7535,98.0313,40.1767,89.7226
415,VBD_npp_d20140716_t1804593_x1076110E_y044521S_l0856_s1529_v23,2017-05-23 13:08:46,-4.452103,107.611000,50.9276,2014-07-16 18:04:59,2014-07-17 01:04:59,856,1529,0.389196,1,2529,0.885534,0.240261,0.852118,0.4,0.930064,0.75,0.0416729,0.0001,8.14415e-07,999999,-2.510227e-01,3,Indonesian Exclusive Economic Zone,WPP712,,SVDNB_npp_d20140716_t1803247_e1809051_b14079_c20140717000905445784_noaa_ops.h5,GDNBO_npp_d20140716_t1803247_e1809051_b14079_c20140717000905445471_noaa_ops.h5,SVI04_npp_d20140716_t1803247_e1809051_b14079_c20140717000905432367_noaa_ops.dspace_rad,VNFF_npp_d20140716_t1803247_e1809051_b14079_v21.csv,World_EEZ_v8_2014.shp,WPP_BFAR_merge.shp,KKP_IDN_merge_20161208.shp,VNF-VBD_npp_20120301-20151231_global_asia-enhanced_c201607211230.bitmask,NCEI_NGA.union.nga_lead2.add_2015ntl.mask,timezone.shp,VBD_platforms-recurring_2015_r20170330.shp,999999,VBD_bridges_c20160811.shp,2.701723;0.592520;-1.537733;-6.424739;-11.321091;-16.224911;-21.132078;-19.454973;-16.614069;-11.826628;-7.007390;-2.161976,98.595314;112.244095;125.823792;124.798187;123.864281;123.023224;122.264351;107.621338;93.259468;94.789581;96.172417;97.426979,npp_d20140716_t1803247_e1809051_b14079,156.204,43.4745,27.7531,99.0958,41.0443,84.8606
416,VBD_npp_d20140716_t1803571_x1084539E_y008027S_l0296_s1530_v23,2017-05-23 13:08:46,-0.802676,108.453949,80.1886,2014-07-16 18:03:57,2014-07-17 01:03:57,296,1530,0.432563,1,2529,1.22068,0.221375,0.903067,0.4,0.96952,0.75,0.0423268,0.0001,1.05422e-06,999999,-1.160037e-01,3,Indonesian Exclusive Economic Zone,WPP711,,SVDNB_npp_d20140716_t1803247_e1809051_b14079_c20140717000905445784_noaa_ops.h5,GDNBO_npp_d20140716_t1803247_e1809051_b14079_c20140717000905445471_noaa_ops.h5,SVI04_npp_d20140716_t1803247_e1809051_b14079_c20140717000905432367_noaa_ops.dspace_rad,VNFF_npp_d20140716_t1803247_e1809051_b14079_v21.csv,World_EEZ_v8_2014.shp,WPP_BFAR_merge.shp,KKP_IDN_merge_20161208.shp,VNF-VBD_npp_20120301-20151231_global_asia-enhanced_c201607211230.bitmask,NCEI_NGA.union.nga_lead2.add_2015ntl.mask,timezone.shp,VBD_platforms-recurring_2015_r20170330.shp,999999,VBD_bridges_c20160811.shp,2.701723;0.592520;-1.537733;-6.424739;-11.321091;-16.224911;-21.132078;-19.454973;-16.614069;-11.826628;-7.007390;-2.161976,98.595314;112.244095;125.823792;124.798187;123.864281;123.023224;122.264351;107.621338;93.259468;94.789581;96.172417;97.426979,npp_d20140716_t1803247_e1809051_b14079,153.078,39.2788,27.7032,98.8432,40.2508,89.1468
417,VBD_npp_d20140716_t1805064_x1075251E_y048435S_l0916_s1530_v23,2017-05-23 13:08:46,-4.843543,107.525063,42.4993,2014-07-16 18:05:06,2014-07-17 01:05:06,916,1530,0.422122,1,2529,0.885118,0.199981,0.757517,0.4,0.924299,0.75,0.0415756,0.0001,8.15817e-07,999999,3.694918e-02,3,Indonesian Exclusive Economic Zone,WPP712,,SVDNB_npp_d20140716_t1803247_e1809051_b14079_c20140717000905445784_noaa_ops.h5,GDNBO_npp_d20140716_t1803247_e1809051_b14079_c20140717000905445471_noaa_ops.h5,SVI04_npp_d20140716_t1803247_e1809051_b14079_c20140717000905432367_noaa_ops.dspace_rad,VNFF_npp_d20140716_t1803247_e1809051_b14079_v21.csv,World_EEZ_v8_2014.shp,WPP_BFAR_merge.shp,KKP_IDN_merge_20161208.shp,VNF-VBD_npp_20120301-20151231_global_asia-enhanced_c201607211230.bitmask,NCEI_NGA.union.nga_lead2.add_2015ntl.mask,timezone.shp,VBD_platforms-recurring_2015_r20170330.shp,999999,VBD_bridges_c20160811.shp,2.701723;0.592520;-1.537733;-6.424739;-11.321091;-16.224911;-21.132078;-19.454973;-16.614069;-11.826628;-7.007390;-2.161976,98.595314;112.244095;125.823792;124.798187;123.864281;123.023224;122.264351;107.621338;93.259468;94.789581;96.172417;97.426979,npp_d20140716_t1803247_e1809051_b14079,156.525,44.0049,27.707,99.5747,41.139,84.4136
418,VBD_npp_d20140716_t1803499_x1085607E_y003463S_l0226_s1531_v23,2017-05-23 13:08:46,-0.346276,108.560715,60.8162,2014-07-16 18:03:49,2014-07-17 01:03:49,226,1531,0.441236,1,2529,1.06408,0.233011,0.902027,0.4,0.958531,0.75,0.0424174,0.0001,1.11108e-06,999999,-1.991893e-01,3,Indonesian Exclusive Economic Zone,WPP711,,SVDNB_npp_d20140716_t1803247_e1809051_b14079_c20140717000905445784_noaa_ops.h5,GDNBO_npp_d20140716_t1803247_e1809051_b14079_c20140717000905445471_noaa_ops.h5,SVI04_npp_d20140716_t1803247_e1809051_b14079_c20140717000905432367_noaa_ops.dspace_rad,VNFF_npp_d20140716_t1803247_e1809051_b14079_v21.csv,World_EEZ_v8_2014.shp,WPP_BFAR_merge.shp,KKP_IDN_merge_20161208.shp,VNF-VBD_npp_20120301-20151231_global_asia-enhanced_c201607211230.bitmask,NCEI_NGA.union.nga_lead2.add_2015ntl.mask,timezone.shp,VBD_platforms-recurring_2015_r20170330.shp,999999,VBD_bridges_c20160811.shp,2.701723;0.592520;-1.537733;-6.424739;-11.321091;-16.224911;-21.132078;-19.454973;-16.614069;-11.826628;-7.007390;-2.161976,98.595314;112.244095;125.823792;124.798187;123.864281;123.023224;122.264351;107.621338;93.259468;94.789581;96.172417;97.426979,npp_d20140716_t1803247_e1809051_b14079,152.675,38.8335,27.6607,99.4917,40.167,89.6979
419,VBD_npp_d20140716_t1803571_x1084594E_y008104S_l0297_s1531_v23,2017-05-23 13:08:46,-0.810359,108.459412,141.948,2014-07-16 18:03:57,2014-07-17 01:03:57,297,1531,0.440021,1,2529,1.35279,0.218792,0.911792,0.4,0.974761,0.75,0.0423309,0.0001,1.07465e-06,999999,-9.753203e-02,3,Indonesian Exclusive Economic Zone,WPP711,,SVDNB_npp_d20140716_t1803247_e1809051_b14079_c20140717000905445784_noaa_ops.h5,GDNBO_npp_d20140716_t1803247_e1809051_b14079_c20140717000905445471_noaa_ops.h5,SVI04_npp_d20140716_t1803247_e1809051_b14079_c20140717000905432367_noaa_ops.dspace_rad,VNFF_npp_d20140716_t1803247_e1809051_b14079_v21.csv,World_EEZ_v8_2014.shp,WPP_BFAR_merge.shp,KKP_IDN_merge_20161208.shp,VNF-VBD_npp_20120301-20151231_global_asia-enhanced_c201607211230.bitmask,NCEI_NGA.union.nga_lead2.add_2015ntl.mask,timezone.shp,VBD_platforms-recurring_2015_r20170330.shp,999999,VBD_bridges_c20160811.shp,2.701723;0.592520;-1.537733;-6.424739;-11.321091;-16.224911;-21.132078;-19.454973;-16.614069;-11.826628;-7.007390;-2.161976,98.595314;112.244095;125.823792;124.798187;123.864281;123.023224;122.264351;107.621338;93.259468;94.789581;96.172417;97.426979,npp_d20140716_t1803247_e1809051_b14079,153.08,39.2966,27.6565,98.7306,40.2454,89.1374
420,VBD_npp_d20140716_t1803499_x1085662E_y003540S_l0227_s1532_v23,2017-05-23 13:08:46,-0.353968,108.566177,112.658,2014-07-16 18:03:49,2014-07-17 01:03:49,227,1532,0.443612,1,2529,1.09752,0.235726,0.903407,0.4,0.961037,0.75,0.0424215,0.0001,1.13281e-06,999999,-2.186006e-01,3,Indonesian Exclusive Economic Zone,WPP711,,SVDNB_npp_d20140716_t1803247_e1809051_b14079_c20140717000905445784_noaa_ops.h5,GDNBO_npp_d20140716_t1803247_e1809051_b14079_c20140717000905445471_noaa_ops.h5,SVI04_npp_d20140716_t1803247_e1809051_b14079_c20140717000905432367_noaa_ops.dspace_rad,VNFF_npp_d20140716_t1803247_e1809051_b14079_v21.csv,World_EEZ_v8_2014.shp,WPP_BFAR_merge.shp,KKP_IDN_merge_20161208.shp,VNF-VBD_npp_20120301-20151231_global_asia-enhanced_c201607211230.bitmask,NCEI_NGA.union.nga_lead2.add_2015ntl.mask,timezone.shp,VBD_platforms-recurring_2015_r20170330.shp,999999,VBD_bridges_c20160811.shp,2.701723;0.592520;-1.537733;-6.424739;-11.321091;-16.224911;-21.132078;-19.454973;-16.614069;-11.826628;-7.007390;-2.161976,98.595314;112.244095;125.823792;124.798187;123.864281;123.023224;122.264351;107.621338;93.259468;94.789581;96.172417;97.426979,npp_d20140716_t1803247_e1809051_b14079,152.677,38.851,27.6134,99.3801,40.1615,89.6885
421,VBD_npp_d20140716_t1805242_x1072901E_y059145S_l1080_s1532_v23,2017-05-23 13:08:46,-5.914513,107.290123,13.8943,2014-07-16 18:05:24,2014-07-17 01:05:24,1080,1532,0.302628,4,100773,0.428224,0.249558,0.614176,0.4,0.736889,0.75,0.0414494,0.0001,7.68958e-07,999999,-3.174875e-01,3,Indonesian Exclusive Economic Zone,WPP712,,SVDNB_npp_d20140716_t1803247_e1809051_b14079_c20140717000905445784_noaa_ops.h5,GDNBO_npp_d20140716_t1803247_e1809051_b14079_c20140717000905445471_noaa_ops.h5,SVI04_npp_d20140716_t1803247_e1809051_b14079_c20140717000905432367_noaa_ops.dspace_rad,VNFF_npp_d20140716_t1803247_e1809051_b14079_v21.csv,World_EEZ_v8_2014.shp,WPP_BFAR_merge.shp,KKP_IDN_merge_20161208.shp,VNF-VBD_npp_20120301-20151231_global_asia-enhanced_c201607211230.bitmask,NCEI_NGA.union.nga_lead2.add_2015ntl.mask,timezone.shp,VBD_platforms-recurring_2015_r20170330.shp,999999,VBD_bridges_c20160811.shp,2.701723;0.592520;-1.537733;-6.424739;-11.321091;-16.224911;-21.132078;-19.454973;-16.614069;-11.826628;-7.007390;-2.161976,98.595314;112.244095;125.823792;124.798187;123.864281;123.023224;122.264351;107.621338;93.259468;94.789581;96.172417;97.426979,npp_d20140716_t1803247_e1809051_b14079,157.398,45.5263,27.6174,99.2037,41.42,83.2069
422,VBD_npp_d20140716_t1803571_x1084756E_y007925S_l0294_s1533_v23,2017-05-23 13:08:46,-0.792503,108.475594,150.157,2014-07-16 18:03:57,2014-07-17 01:03:57,294,1533,0.439358,1,2529,1.45946,0.220973,0.912881,0.4,0.978034,0.75,0.0423451,0.0001,1.12876e-06,999999,-1.131272e-01,3,Indonesian Exclusive Economic Zone,WPP711,,SVDNB_npp_d20140716_t1803247_e1809051_b14079_c20140717000905445784_noaa_ops.h5,GDNBO_npp_d20140716_t1803247_e1809051_b14079_c20140717000905445471_noaa_ops.h5,SVI04_npp_d20140716_t1803247_e1809051_b14079_c20140717000905432367_noaa_ops.dspace_rad,VNFF_npp_d20140716_t1803247_e1809051_b14079_v21.csv,World_EEZ_v8_2014.shp,WPP_BFAR_merge.shp,KKP_IDN_merge_20161208.shp,VNF-VBD_npp_20120301-20151231_global_asia-enhanced_c201607211230.bitmask,NCEI_NGA.union.nga_lead2.add_2015ntl.mask,timezone.shp,VBD_platforms-recurring_2015_r20170330.shp,999999,VBD_bridges_c20160811.shp,2.701723;0.592520;-1.537733;-6.424739;-11.321091;-16.224911;-21.132078;-19.454973;-16.614069;-11.826628;-7.007390;-2.161976,98.595314;112.244095;125.823792;124.798187;123.864281;123.023224;122.264351;107.621338;93.259468;94.789581;96.172417;97.426979,npp_d20140716_t1803247_e1809051_b14079,153.056,39.2988,27.5621,99.068,40.2288,89.1584
423,VBD_npp_d20140716_t1803571_x1084724E_y008124S_l0297_s1533_v23,2017-05-23 13:08:46,-0.812426,108.472435,64.66,2014-07-16 18:03:57,2014-07-17 01:03:57,297,1533,0.438585,1,2529,0.982508,0.218072,0.911792,0.4,0.948017,0.75,0.0423415,0.0001,1.12147e-06,999999,-9.239095e-02,3,Indonesian Exclusive Economic Zone,WPP711,,SVDNB_npp_d20140716_t1803247_e1809051_b14079_c20140717000905445784_noaa_ops.h5,GDNBO_npp_d20140716_t1803247_e1809051_b14079_c20140717000905445471_noaa_ops.h5,SVI04_npp_d20140716_t1803247_e1809051_b14079_c20140717000905432367_noaa_ops.dspace_rad,VNFF_npp_d20140716_t1803247_e1809051_b14079_v21.csv,World_EEZ_v8_2014.shp,WPP_BFAR_merge.shp,KKP_IDN_merge_20161208.shp,VNF-VBD_npp_20120301-20151231_global_asia-enhanced_c201607211230.bitmask,NCEI_NGA.union.nga_lead2.add_2015ntl.mask,timezone.shp,VBD_platforms-recurring_2015_r20170330.shp,999999,VBD_bridges_c20160811.shp,2.701723;0.592520;-1.537733;-6.424739;-11.321091;-16.224911;-21.132078;-19.454973;-16.614069;-11.826628;-7.007390;-2.161976,98.595314;112.244095;125.823792;124.798187;123.864281;123.023224;122.264351;107.621338;93.259468;94.789581;96.172417;97.426979,npp_d20140716_t1803247_e1809051_b14079,153.073,39.3188,27.5625,98.7299,40.2323,89.1345
424,VBD_npp_d20140716_t1804593_x1076339E_y044763S_l0859_s1533_v23,2017-05-23 13:08:46,-4.476292,107.633896,33.5435,2014-07-16 18:04:59,2014-07-17 01:04:59,859,1533,0.424111,1,2529,0.890612,0.222311,0.878275,0.4,0.935956,0.75,0.0416889,0.0001,8.79588e-07,999999,-1.226940e-01,3,Indonesian Exclusive Economic Zone,WPP712,,SVDNB_npp_d20140716_t1803247_e1809051_b14079_c20140717000905445784_noaa_ops.h5,GDNBO_npp_d20140716_t1803247_e1809051_b14079_c20140717000905445471_noaa_ops.h5,SVI04_npp_d20140716_t1803247_e1809051_b14079_c20140717000905432367_noaa_ops.dspace_rad,VNFF_npp_d20140716_t1803247_e1809051_b14079_v21.csv,World_EEZ_v8_2014.shp,WPP_BFAR_merge.shp,KKP_IDN_merge_20161208.shp,VNF-VBD_npp_20120301-20151231_global_asia-enhanced_c201607211230.bitmask,NCEI_NGA.union.nga_lead2.add_2015ntl.mask,timezone.shp,VBD_platforms-recurring_2015_r20170330.shp,999999,VBD_bridges_c20160811.shp,2.701723;0.592520;-1.537733;-6.424739;-11.321091;-16.224911;-21.132078;-19.454973;-16.614069;-11.826628;-7.007390;-2.161976,98.595314;112.244095;125.823792;124.798187;123.864281;123.023224;122.264351;107.621338;93.259468;94.789581;96.172417;97.426979,npp_d20140716_t1803247_e1809051_b14079,156.205,43.5481,27.5661,98.7556,41.0234,84.8281
425,VBD_npp_d20140716_t1803446_x1086469E_y000625S_l0182_s1534_v23,2017-05-23 13:08:46,-0.062507,108.646873,27.0663,2014-07-16 18:03:44,2014-07-17 01:03:44,182,1534,0.44665,1,2529,0.835802,0.239126,0.926716,0.4,0.940929,0.75,0.0424857,0.0001,1.19268e-06,999999,-2.429078e-01,3,Indonesian Exclusive Economic Zone,WPP711,,SVDNB_npp_d20140716_t1803247_e1809051_b14079_c20140717000905445784_noaa_ops.h5,GDNBO_npp_d20140716_t1803247_e1809051_b14079_c20140717000905445471_noaa_ops.h5,SVI04_npp_d20140716_t1803247_e1809051_b14079_c20140717000905432367_noaa_ops.dspace_rad,VNFF_npp_d20140716_t1803247_e1809051_b14079_v21.csv,World_EEZ_v8_2014.shp,WPP_BFAR_merge.shp,KKP_IDN_merge_20161208.shp,VNF-VBD_npp_20120301-20151231_global_asia-enhanced_c201607211230.bitmask,NCEI_NGA.union.nga_lead2.add_2015ntl.mask,timezone.shp,VBD_platforms-recurring_2015_r20170330.shp,999999,VBD_bridges_c20160811.shp,2.701723;0.592520;-1.537733;-6.424739;-11.321091;-16.224911;-21.132078;-19.454973;-16.614069;-11.826628;-7.007390;-2.161976,98.595314;112.244095;125.823792;124.798187;123.864281;123.023224;122.264351;107.621338;93.259468;94.789581;96.172417;97.426979,npp_d20140716_t1803247_e1809051_b14079,152.413,38.5877,27.5187,99.0301,40.1008,90.0422
426,VBD_npp_d20140716_t1803499_x1085781E_y003627S_l0228_s1534_v23,2017-05-23 13:08:46,-0.362697,108.578140,90.687,2014-07-16 18:03:49,2014-07-17 01:03:49,228,1534,0.440684,8,18849,0.860576,0.205432,0.903407,0.4,0.678181,0.75,0.0424309,0.0001,1.17968e-06,999999,-2.018769e-03,3,Indonesian Exclusive Economic Zone,WPP711,,SVDNB_npp_d20140716_t1803247_e1809051_b14079_c20140717000905445784_noaa_ops.h5,GDNBO_npp_d20140716_t1803247_e1809051_b14079_c20140717000905445471_noaa_ops.h5,SVI04_npp_d20140716_t1803247_e1809051_b14079_c20140717000905432367_noaa_ops.dspace_rad,VNFF_npp_d20140716_t1803247_e1809051_b14079_v21.csv,World_EEZ_v8_2014.shp,WPP_BFAR_merge.shp,KKP_IDN_merge_20161208.shp,VNF-VBD_npp_20120301-20151231_global_asia-enhanced_c201607211230.bitmask,NCEI_NGA.union.nga_lead2.add_2015ntl.mask,timezone.shp,VBD_platforms-recurring_2015_r20170330.shp,0.597708,VBD_bridges_c20160811.shp,2.701723;0.592520;-1.537733;-6.424739;-11.321091;-16.224911;-21.132078;-19.454973;-16.614069;-11.826628;-7.007390;-2.161976,98.595314;112.244095;125.823792;124.798187;123.864281;123.023224;122.264351;107.621338;93.259468;94.789581;96.172417;97.426979,npp_d20140716_t1803247_e1809051_b14079,152.676,38.8796,27.5192,99.2687,40.1494,89.6778
427,VBD_npp_d20140716_t1803571_x1084800E_y008068S_l0296_s1534_v23,2017-05-23 13:08:46,-0.806820,108.479996,76.9933,2014-07-16 18:03:57,2014-07-17 01:03:57,296,1534,0.439634,1,2529,0.876589,0.211077,0.911792,0.4,0.921258,0.75,0.042348,0.0001,1.14807e-06,999999,-4.237660e-02,3,Indonesian Exclusive Economic Zone,WPP711,,SVDNB_npp_d20140716_t1803247_e1809051_b14079_c20140717000905445784_noaa_ops.h5,GDNBO_npp_d20140716_t1803247_e1809051_b14079_c20140717000905445471_noaa_ops.h5,SVI04_npp_d20140716_t1803247_e1809051_b14079_c20140717000905432367_noaa_ops.dspace_rad,VNFF_npp_d20140716_t1803247_e1809051_b14079_v21.csv,World_EEZ_v8_2014.shp,WPP_BFAR_merge.shp,KKP_IDN_merge_20161208.shp,VNF-VBD_npp_20120301-20151231_global_asia-enhanced_c201607211230.bitmask,NCEI_NGA.union.nga_lead2.add_2015ntl.mask,timezone.shp,VBD_platforms-recurring_2015_r20170330.shp,999999,VBD_bridges_c20160811.shp,2.701723;0.592520;-1.537733;-6.424739;-11.321091;-16.224911;-21.132078;-19.454973;-16.614069;-11.826628;-7.007390;-2.161976,98.595314;112.244095;125.823792;124.798187;123.864281;123.023224;122.264351;107.621338;93.259468;94.789581;96.172417;97.426979,npp_d20140716_t1803247_e1809051_b14079,153.064,39.3232,27.5153,98.8425,40.2245,89.141
428,VBD_npp_d20140716_t1803446_x1086565E_y000436S_l0179_s1535_v23,2017-05-23 13:08:46,-0.043631,108.656509,138.675,2014-07-16 18:03:44,2014-07-17 01:03:44,179,1535,0.443336,1,2529,1.39355,0.227509,0.931646,0.4,0.898165,0.75,0.0424944,0.0001,1.2251e-06,999999,-1.598559e-01,3,Indonesian Exclusive Economic Zone,WPP711,,SVDNB_npp_d20140716_t1803247_e1809051_b14079_c20140717000905445784_noaa_ops.h5,GDNBO_npp_d20140716_t1803247_e1809051_b14079_c20140717000905445471_noaa_ops.h5,SVI04_npp_d20140716_t1803247_e1809051_b14079_c20140717000905432367_noaa_ops.dspace_rad,VNFF_npp_d20140716_t1803247_e1809051_b14079_v21.csv,World_EEZ_v8_2014.shp,WPP_BFAR_merge.shp,KKP_IDN_merge_20161208.shp,VNF-VBD_npp_20120301-20151231_global_asia-enhanced_c201607211230.bitmask,NCEI_NGA.union.nga_lead2.add_2015ntl.mask,timezone.shp,VBD_platforms-recurring_2015_r20170330.shp,999999,VBD_bridges_c20160811.shp,2.701723;0.592520;-1.537733;-6.424739;-11.321091;-16.224911;-21.132078;-19.454973;-16.614069;-11.826628;-7.007390;-2.161976,98.595314;112.244095;125.823792;124.798187;123.864281;123.023224;122.264351;107.621338;93.259468;94.789581;96.172417;97.426979,npp_d20140716_t1803247_e1809051_b14079,152.392,38.5796,27.4722,99.3695,40.091,90.0652
429,VBD_npp_d20140716_t1803499_x1085783E_y004036S_l0234_s1535_v23,2017-05-23 13:08:46,-0.403557,108.578339,23.904,2014-07-16 18:03:49,2014-07-17 01:03:49,234,1535,0.440187,1,2529,0.782304,0.196028,0.922905,0.4,0.942132,0.75,0.0424288,0.0001,1.19036e-06,999999,6.520933e-02,3,Indonesian Exclusive Economic Zone,WPP711,,SVDNB_npp_d20140716_t1803247_e1809051_b14079_c20140717000905445784_noaa_ops.h5,GDNBO_npp_d20140716_t1803247_e1809051_b14079_c20140717000905445471_noaa_ops.h5,SVI04_npp_d20140716_t1803247_e1809051_b14079_c20140717000905432367_noaa_ops.dspace_rad,VNFF_npp_d20140716_t1803247_e1809051_b14079_v21.csv,World_EEZ_v8_2014.shp,WPP_BFAR_merge.shp,KKP_IDN_merge_20161208.shp,VNF-VBD_npp_20120301-20151231_global_asia-enhanced_c201607211230.bitmask,NCEI_NGA.union.nga_lead2.add_2015ntl.mask,timezone.shp,VBD_platforms-recurring_2015_r20170330.shp,999999,VBD_bridges_c20160811.shp,2.701723;0.592520;-1.537733;-6.424739;-11.321091;-16.224911;-21.132078;-19.454973;-16.614069;-11.826628;-7.007390;-2.161976,98.595314;112.244095;125.823792;124.798187;123.864281;123.023224;122.264351;107.621338;93.259468;94.789581;96.172417;97.426979,npp_d20140716_t1803247_e1809051_b14079,152.708,38.9296,27.4728,98.591,40.1495,89.6283
430,VBD_npp_d20140716_t1803553_x1085070E_y007232S_l0283_s1535_v23,2017-05-23 13:08:46,-0.723236,108.507027,103.594,2014-07-16 18:03:55,2014-07-17 01:03:55,283,1535,0.437314,1,2529,1.36631,0.212282,0.926685,0.4,0.982545,0.75,0.0423691,0.0001,1.17148e-06,999999,-5.099414e-02,3,Indonesian Exclusive Economic Zone,WPP711,,SVDNB_npp_d20140716_t1803247_e1809051_b14079_c20140717000905445784_noaa_ops.h5,GDNBO_npp_d20140716_t1803247_e1809051_b14079_c20140717000905445471_noaa_ops.h5,SVI04_npp_d20140716_t1803247_e1809051_b14079_c20140717000905432367_noaa_ops.dspace_rad,VNFF_npp_d20140716_t1803247_e1809051_b14079_v21.csv,World_EEZ_v8_2014.shp,WPP_BFAR_merge.shp,KKP_IDN_merge_20161208.shp,VNF-VBD_npp_20120301-20151231_global_asia-enhanced_c201607211230.bitmask,NCEI_NGA.union.nga_lead2.add_2015ntl.mask,timezone.shp,VBD_platforms-recurring_2015_r20170330.shp,999999,VBD_bridges_c20160811.shp,2.701723;0.592520;-1.537733;-6.424739;-11.321091;-16.224911;-21.132078;-19.454973;-16.614069;-11.826628;-7.007390;-2.161976,98.595314;112.244095;125.823792;124.798187;123.864281;123.023224;122.264351;107.621338;93.259468;94.789581;96.172417;97.426979,npp_d20140716_t1803247_e1809051_b14079,152.987,39.2488,27.4691,98.4995,40.2032,89.2416
431,VBD_npp_d20140716_t1803571_x1084844E_y008211S_l0298_s1535_v23,2017-05-23 13:08:46,-0.821127,108.484383,239.948,2014-07-16 18:03:57,2014-07-17 01:03:57,298,1535,0.440076,2,2465,1.35908,0.212872,0.910513,0.4,0.695849,0.75,0.0423508,0.0001,1.16757e-06,999999,-5.521019e-02,3,Indonesian Exclusive Economic Zone,WPP711,,SVDNB_npp_d20140716_t1803247_e1809051_b14079_c20140717000905445784_noaa_ops.h5,GDNBO_npp_d20140716_t1803247_e1809051_b14079_c20140717000905445471_noaa_ops.h5,SVI04_npp_d20140716_t1803247_e1809051_b14079_c20140717000905432367_noaa_ops.dspace_rad,VNFF_npp_d20140716_t1803247_e1809051_b14079_v21.csv,World_EEZ_v8_2014.shp,WPP_BFAR_merge.shp,KKP_IDN_merge_20161208.shp,VNF-VBD_npp_20120301-20151231_global_asia-enhanced_c201607211230.bitmask,NCEI_NGA.union.nga_lead2.add_2015ntl.mask,timezone.shp,VBD_platforms-recurring_2015_r20170330.shp,999999,VBD_bridges_c20160811.shp,2.701723;0.592520;-1.537733;-6.424739;-11.321091;-16.224911;-21.132078;-19.454973;-16.614069;-11.826628;-7.007390;-2.161976,98.595314;112.244095;125.823792;124.798187;123.864281;123.023224;122.264351;107.621338;93.259468;94.789581;96.172417;97.426979,npp_d20140716_t1803247_e1809051_b14079,153.073,39.3477,27.4689,98.6162,40.2203,89.1235
432,VBD_npp_d20140716_t1804593_x1076491E_y045060S_l0863_s1536_v23,2017-05-23 13:08:46,-4.505995,107.649109,32.0228,2014-07-16 18:04:59,2014-07-17 01:04:59,863,1536,0.421404,1,2529,0.853699,0.205159,0.878147,0.4,0.93072,0.75,0.041698,0.0001,9.25945e-07,999999,-7.006659e-05,3,Indonesian Exclusive Economic Zone,WPP712,,SVDNB_npp_d20140716_t1803247_e1809051_b14079_c20140717000905445784_noaa_ops.h5,GDNBO_npp_d20140716_t1803247_e1809051_b14079_c20140717000905445471_noaa_ops.h5,SVI04_npp_d20140716_t1803247_e1809051_b14079_c20140717000905432367_noaa_ops.dspace_rad,VNFF_npp_d20140716_t1803247_e1809051_b14079_v21.csv,World_EEZ_v8_2014.shp,WPP_BFAR_merge.shp,KKP_IDN_merge_20161208.shp,VNF-VBD_npp_20120301-20151231_global_asia-enhanced_c201607211230.bitmask,NCEI_NGA.union.nga_lead2.add_2015ntl.mask,timezone.shp,VBD_platforms-recurring_2015_r20170330.shp,999999,VBD_bridges_c20160811.shp,2.701723;0.592520;-1.537733;-6.424739;-11.321091;-16.224911;-21.132078;-19.454973;-16.614069;-11.826628;-7.007390;-2.161976,98.595314;112.244095;125.823792;124.798187;123.864281;123.023224;122.264351;107.621338;93.259468;94.789581;96.172417;97.426979,npp_d20140716_t1803247_e1809051_b14079,156.217,43.6182,27.4279,98.2996,41.0108,84.7904
433,VBD_npp_d20140716_t1803446_x1086655E_y000720S_l0183_s1537_v23,2017-05-23 13:08:46,-0.072007,108.665520,102.976,2014-07-16 18:03:44,2014-07-17 01:03:44,183,1537,0.444054,8,18913,1.33292,0.211002,0.931623,0.4,0.979966,0.75,0.0425004,0.0001,1.26914e-06,999999,-4.184575e-02,3,Indonesian Exclusive Economic Zone,WPP711,,SVDNB_npp_d20140716_t1803247_e1809051_b14079_c20140717000905445784_noaa_ops.h5,GDNBO_npp_d20140716_t1803247_e1809051_b14079_c20140717000905445471_noaa_ops.h5,SVI04_npp_d20140716_t1803247_e1809051_b14079_c20140717000905432367_noaa_ops.dspace_rad,VNFF_npp_d20140716_t1803247_e1809051_b14079_v21.csv,World_EEZ_v8_2014.shp,WPP_BFAR_merge.shp,KKP_IDN_merge_20161208.shp,VNF-VBD_npp_20120301-20151231_global_asia-enhanced_c201607211230.bitmask,NCEI_NGA.union.nga_lead2.add_2015ntl.mask,timezone.shp,VBD_platforms-recurring_2015_r20170330.shp,0.865608,VBD_bridges_c20160811.shp,2.701723;0.592520;-1.537733;-6.424739;-11.321091;-16.224911;-21.132078;-19.454973;-16.614069;-11.826628;-7.007390;-2.161976,98.595314;112.244095;125.823792;124.798187;123.864281;123.023224;122.264351;107.621338;93.259468;94.789581;96.172417;97.426979,npp_d20140716_t1803247_e1809051_b14079,152.409,38.6269,27.3765,98.9219,40.0819,90.0307
434,VBD_npp_d20140716_t1803553_x1085147E_y007598S_l0288_s1537_v23,2017-05-23 13:08:46,-0.759770,108.514717,60.2288,2014-07-16 18:03:55,2014-07-17 01:03:55,288,1537,0.440297,1,2529,1.1431,0.185638,0.919324,0.4,0.978056,0.75,0.0423736,0.0001,1.20863e-06,999999,1.394903e-01,3,Indonesian Exclusive Economic Zone,WPP711,,SVDNB_npp_d20140716_t1803247_e1809051_b14079_c20140717000905445784_noaa_ops.h5,GDNBO_npp_d20140716_t1803247_e1809051_b14079_c20140717000905445471_noaa_ops.h5,SVI04_npp_d20140716_t1803247_e1809051_b14079_c20140717000905432367_noaa_ops.dspace_rad,VNFF_npp_d20140716_t1803247_e1809051_b14079_v21.csv,World_EEZ_v8_2014.shp,WPP_BFAR_merge.shp,KKP_IDN_merge_20161208.shp,VNF-VBD_npp_20120301-20151231_global_asia-enhanced_c201607211230.bitmask,NCEI_NGA.union.nga_lead2.add_2015ntl.mask,timezone.shp,VBD_platforms-recurring_2015_r20170330.shp,999999,VBD_bridges_c20160811.shp,2.701723;0.592520;-1.537733;-6.424739;-11.321091;-16.224911;-21.132078;-19.454973;-16.614069;-11.826628;-7.007390;-2.161976,98.595314;112.244095;125.823792;124.798187;123.864281;123.023224;122.264351;107.621338;93.259468;94.789581;96.172417;97.426979,npp_d20140716_t1803247_e1809051_b14079,153.011,39.3058,27.3777,97.9089,40.1959,89.1972
435,VBD_npp_d20140716_t1803446_x1086649E_y001207S_l0190_s1538_v23,2017-05-23 13:08:46,-0.120709,108.664856,59.2412,2014-07-16 18:03:44,2014-07-17 01:03:44,190,1538,0.443612,1,2529,1.13808,0.224264,0.927056,0.4,0.970504,0.75,0.0424977,0.0001,1.27912e-06,999999,-1.366541e-01,3,Indonesian Exclusive Economic Zone,WPP711,,SVDNB_npp_d20140716_t1803247_e1809051_b14079_c20140717000905445784_noaa_ops.h5,GDNBO_npp_d20140716_t1803247_e1809051_b14079_c20140717000905445471_noaa_ops.h5,SVI04_npp_d20140716_t1803247_e1809051_b14079_c20140717000905432367_noaa_ops.dspace_rad,VNFF_npp_d20140716_t1803247_e1809051_b14079_v21.csv,World_EEZ_v8_2014.shp,WPP_BFAR_merge.shp,KKP_IDN_merge_20161208.shp,VNF-VBD_npp_20120301-20151231_global_asia-enhanced_c201607211230.bitmask,NCEI_NGA.union.nga_lead2.add_2015ntl.mask,timezone.shp,VBD_platforms-recurring_2015_r20170330.shp,999999,VBD_bridges_c20160811.shp,2.701723;0.592520;-1.537733;-6.424739;-11.321091;-16.224911;-21.132078;-19.454973;-16.614069;-11.826628;-7.007390;-2.161976,98.595314;112.244095;125.823792;124.798187;123.864281;123.023224;122.264351;107.621338;93.259468;94.789581;96.172417;97.426979,npp_d20140716_t1803247_e1809051_b14079,152.447,38.6842,27.33,98.106,40.0825,89.9715
436,VBD_npp_d20140716_t1803553_x1085248E_y007404S_l0285_s1538_v23,2017-05-23 13:08:46,-0.740434,108.524818,10.0642,2014-07-16 18:03:55,2014-07-17 01:03:55,285,1538,0.439855,1,2529,0.511107,0.206472,0.926685,0.4,0.871763,0.75,0.0423825,0.0001,1.2446e-06,999999,-9.457683e-03,3,Indonesian Exclusive Economic Zone,WPP711,,SVDNB_npp_d20140716_t1803247_e1809051_b14079_c20140717000905445784_noaa_ops.h5,GDNBO_npp_d20140716_t1803247_e1809051_b14079_c20140717000905445471_noaa_ops.h5,SVI04_npp_d20140716_t1803247_e1809051_b14079_c20140717000905432367_noaa_ops.dspace_rad,VNFF_npp_d20140716_t1803247_e1809051_b14079_v21.csv,World_EEZ_v8_2014.shp,WPP_BFAR_merge.shp,KKP_IDN_merge_20161208.shp,VNF-VBD_npp_20120301-20151231_global_asia-enhanced_c201607211230.bitmask,NCEI_NGA.union.nga_lead2.add_2015ntl.mask,timezone.shp,VBD_platforms-recurring_2015_r20170330.shp,999999,VBD_bridges_c20160811.shp,2.701723;0.592520;-1.537733;-6.424739;-11.321091;-16.224911;-21.132078;-19.454973;-16.614069;-11.826628;-7.007390;-2.161976,98.595314;112.244095;125.823792;124.798187;123.864281;123.023224;122.264351;107.621338;93.259468;94.789581;96.172417;97.426979,npp_d20140716_t1803247_e1809051_b14079,152.989,39.297,27.3255,98.2568,40.1854,89.2203
437,VBD_npp_d20140716_t1803446_x1086803E_y000674S_l0182_s1539_v23,2017-05-23 13:08:46,-0.067383,108.680290,6.54542,2014-07-16 18:03:44,2014-07-17 01:03:44,182,1539,0.443998,1,2529,0.334604,0.211103,0.921192,0.4,0.795872,0.75,0.0425121,0.0001,1.32949e-06,999999,-4.256206e-02,3,Indonesian Exclusive Economic Zone,WPP711,,SVDNB_npp_d20140716_t1803247_e1809051_b14079_c20140717000905445784_noaa_ops.h5,GDNBO_npp_d20140716_t1803247_e1809051_b14079_c20140717000905445471_noaa_ops.h5,SVI04_npp_d20140716_t1803247_e1809051_b14079_c20140717000905432367_noaa_ops.dspace_rad,VNFF_npp_d20140716_t1803247_e1809051_b14079_v21.csv,World_EEZ_v8_2014.shp,WPP_BFAR_merge.shp,KKP_IDN_merge_20161208.shp,VNF-VBD_npp_20120301-20151231_global_asia-enhanced_c201607211230.bitmask,NCEI_NGA.union.nga_lead2.add_2015ntl.mask,timezone.shp,VBD_platforms-recurring_2015_r20170330.shp,999999,VBD_bridges_c20160811.shp,2.701723;0.592520;-1.537733;-6.424739;-11.321091;-16.224911;-21.132078;-19.454973;-16.614069;-11.826628;-7.007390;-2.161976,98.595314;112.244095;125.823792;124.798187;123.864281;123.023224;122.264351;107.621338;93.259468;94.789581;96.172417;97.426979,npp_d20140716_t1803247_e1809051_b14079,152.396,38.6435,27.2772,99.0389,40.0669,90.0363
438,VBD_npp_d20140716_t1803499_x1086095E_y003809S_l0230_s1539_v23,2017-05-23 13:08:46,-0.380863,108.609474,82.7474,2014-07-16 18:03:49,2014-07-17 01:03:49,230,1539,0.43538,1,2529,1.2362,0.209168,0.93357,0.4,0.961369,0.75,0.0424549,0.0001,1.30995e-06,999999,-2.873030e-02,3,Indonesian Exclusive Economic Zone,WPP711,,SVDNB_npp_d20140716_t1803247_e1809051_b14079_c20140717000905445784_noaa_ops.h5,GDNBO_npp_d20140716_t1803247_e1809051_b14079_c20140717000905445471_noaa_ops.h5,SVI04_npp_d20140716_t1803247_e1809051_b14079_c20140717000905432367_noaa_ops.dspace_rad,VNFF_npp_d20140716_t1803247_e1809051_b14079_v21.csv,World_EEZ_v8_2014.shp,WPP_BFAR_merge.shp,KKP_IDN_merge_20161208.shp,VNF-VBD_npp_20120301-20151231_global_asia-enhanced_c201607211230.bitmask,NCEI_NGA.union.nga_lead2.add_2015ntl.mask,timezone.shp,VBD_platforms-recurring_2015_r20170330.shp,999999,VBD_bridges_c20160811.shp,2.701723;0.592520;-1.537733;-6.424739;-11.321091;-16.224911;-21.132078;-19.454973;-16.614069;-11.826628;-7.007390;-2.161976,98.595314;112.244095;125.823792;124.798187;123.864281;123.023224;122.264351;107.621338;93.259468;94.789581;96.172417;97.426979,npp_d20140716_t1803247_e1809051_b14079,152.671,38.9487,27.2775,99.0515,40.1178,89.6553
439,VBD_npp_d20140716_t1803499_x1086019E_y004285S_l0237_s1539_v23,2017-05-23 13:08:46,-0.428458,108.601936,64.7787,2014-07-16 18:03:49,2014-07-17 01:03:49,237,1539,0.416929,1,2529,1.15142,0.242942,0.934383,0.4,0.967508,0.75,0.0424463,0.0001,1.29056e-06,999999,-2.701930e-01,3,Indonesian Exclusive Economic Zone,WPP711,,SVDNB_npp_d20140716_t1803247_e1809051_b14079_c20140717000905445784_noaa_ops.h5,GDNBO_npp_d20140716_t1803247_e1809051_b14079_c20140717000905445471_noaa_ops.h5,SVI04_npp_d20140716_t1803247_e1809051_b14079_c20140717000905432367_noaa_ops.dspace_rad,VNFF_npp_d20140716_t1803247_e1809051_b14079_v21.csv,World_EEZ_v8_2014.shp,WPP_BFAR_merge.shp,KKP_IDN_merge_20161208.shp,VNF-VBD_npp_20120301-20151231_global_asia-enhanced_c201607211230.bitmask,NCEI_NGA.union.nga_lead2.add_2015ntl.mask,timezone.shp,VBD_platforms-recurring_2015_r20170330.shp,999999,VBD_bridges_c20160811.shp,2.701723;0.592520;-1.537733;-6.424739;-11.321091;-16.224911;-21.132078;-19.454973;-16.614069;-11.826628;-7.007390;-2.161976,98.595314;112.244095;125.823792;124.798187;123.864281;123.023224;122.264351;107.621338;93.259468;94.789581;96.172417;97.426979,npp_d20140716_t1803247_e1809051_b14079,152.713,38.9953,27.2799,98.2342,40.1257,89.5977
440,VBD_npp_d20140716_t1803464_x1086668E_y001527S_l0195_s1540_v23,2017-05-23 13:08:46,-0.152745,108.666840,65.2606,2014-07-16 18:03:46,2014-07-17 01:03:46,195,1540,0.444385,1,2529,1.20678,0.203952,0.916098,0.4,0.973431,0.75,0.0425025,0.0001,1.36108e-06,999999,8.560870e-03,3,Indonesian Exclusive Economic Zone,WPP711,,SVDNB_npp_d20140716_t1803247_e1809051_b14079_c20140717000905445784_noaa_ops.h5,GDNBO_npp_d20140716_t1803247_e1809051_b14079_c20140717000905445471_noaa_ops.h5,SVI04_npp_d20140716_t1803247_e1809051_b14079_c20140717000905432367_noaa_ops.dspace_rad,VNFF_npp_d20140716_t1803247_e1809051_b14079_v21.csv,World_EEZ_v8_2014.shp,WPP_BFAR_merge.shp,KKP_IDN_merge_20161208.shp,VNF-VBD_npp_20120301-20151231_global_asia-enhanced_c201607211230.bitmask,NCEI_NGA.union.nga_lead2.add_2015ntl.mask,timezone.shp,VBD_platforms-recurring_2015_r20170330.shp,999999,VBD_bridges_c20160811.shp,2.701723;0.592520;-1.537733;-6.424739;-11.321091;-16.224911;-21.132078;-19.454973;-16.614069;-11.826628;-7.007390;-2.161976,98.595314;112.244095;125.823792;124.798187;123.864281;123.023224;122.264351;107.621338;93.259468;94.789581;96.172417;97.426979,npp_d20140716_t1803247_e1809051_b14079,152.467,38.7367,27.2274,99.3918,40.0733,89.9324
441,VBD_npp_d20140716_t1803499_x1086264E_y003627S_l0227_s1541_v23,2017-05-23 13:08:46,-0.362663,108.626373,59.7484,2014-07-16 18:03:49,2014-07-17 01:03:49,227,1541,0.441292,1,2529,1.1308,0.232967,0.93357,0.4,0.968307,0.75,0.0424691,0.0001,1.37765e-06,999999,-1.988758e-01,3,Indonesian Exclusive Economic Zone,WPP711,,SVDNB_npp_d20140716_t1803247_e1809051_b14079_c20140717000905445784_noaa_ops.h5,GDNBO_npp_d20140716_t1803247_e1809051_b14079_c20140717000905445471_noaa_ops.h5,SVI04_npp_d20140716_t1803247_e1809051_b14079_c20140717000905432367_noaa_ops.dspace_rad,VNFF_npp_d20140716_t1803247_e1809051_b14079_v21.csv,World_EEZ_v8_2014.shp,WPP_BFAR_merge.shp,KKP_IDN_merge_20161208.shp,VNF-VBD_npp_20120301-20151231_global_asia-enhanced_c201607211230.bitmask,NCEI_NGA.union.nga_lead2.add_2015ntl.mask,timezone.shp,VBD_platforms-recurring_2015_r20170330.shp,999999,VBD_bridges_c20160811.shp,2.701723;0.592520;-1.537733;-6.424739;-11.321091;-16.224911;-21.132078;-19.454973;-16.614069;-11.826628;-7.007390;-2.161976,98.595314;112.244095;125.823792;124.798187;123.864281;123.023224;122.264351;107.621338;93.259468;94.789581;96.172417;97.426979,npp_d20140716_t1803247_e1809051_b14079,152.646,38.9518,27.1788,99.4036,40.1005,89.6772
442,VBD_npp_d20140716_t1803571_x1085281E_y008074S_l0295_s1541_v23,2017-05-23 13:08:46,-0.807428,108.528137,51.158,2014-07-16 18:03:57,2014-07-17 01:03:57,295,1541,0.437093,1,2529,1.05715,0.238847,0.901248,0.4,0.96517,0.75,0.0423862,0.0001,1.34108e-06,999999,-2.409119e-01,3,Indonesian Exclusive Economic Zone,WPP711,,SVDNB_npp_d20140716_t1803247_e1809051_b14079_c20140717000905445784_noaa_ops.h5,GDNBO_npp_d20140716_t1803247_e1809051_b14079_c20140717000905445471_noaa_ops.h5,SVI04_npp_d20140716_t1803247_e1809051_b14079_c20140717000905432367_noaa_ops.dspace_rad,VNFF_npp_d20140716_t1803247_e1809051_b14079_v21.csv,World_EEZ_v8_2014.shp,WPP_BFAR_merge.shp,KKP_IDN_merge_20161208.shp,VNF-VBD_npp_20120301-20151231_global_asia-enhanced_c201607211230.bitmask,NCEI_NGA.union.nga_lead2.add_2015ntl.mask,timezone.shp,VBD_platforms-recurring_2015_r20170330.shp,999999,VBD_bridges_c20160811.shp,2.701723;0.592520;-1.537733;-6.424739;-11.321091;-16.224911;-21.132078;-19.454973;-16.614069;-11.826628;-7.007390;-2.161976,98.595314;112.244095;125.823792;124.798187;123.864281;123.023224;122.264351;107.621338;93.259468;94.789581;96.172417;97.426979,npp_d20140716_t1803247_e1809051_b14079,153.034,39.3965,27.1744,98.9598,40.1757,89.1387
443,VBD_npp_d20140716_t1804558_x1077300E_y043108S_l0832_s1541_v23,2017-05-23 13:08:46,-4.310777,107.730026,29.5527,2014-07-16 18:04:55,2014-07-17 01:04:55,832,1541,0.370965,1,2529,0.76455,0.230157,0.828409,0.4,0.930331,0.75,0.0417766,0.0001,1.04813e-06,999999,-1.787880e-01,3,Indonesian Exclusive Economic Zone,WPP712,,SVDNB_npp_d20140716_t1803247_e1809051_b14079_c20140717000905445784_noaa_ops.h5,GDNBO_npp_d20140716_t1803247_e1809051_b14079_c20140717000905445471_noaa_ops.h5,SVI04_npp_d20140716_t1803247_e1809051_b14079_c20140717000905432367_noaa_ops.dspace_rad,VNFF_npp_d20140716_t1803247_e1809051_b14079_v21.csv,World_EEZ_v8_2014.shp,WPP_BFAR_merge.shp,KKP_IDN_merge_20161208.shp,VNF-VBD_npp_20120301-20151231_global_asia-enhanced_c201607211230.bitmask,NCEI_NGA.union.nga_lead2.add_2015ntl.mask,timezone.shp,VBD_platforms-recurring_2015_r20170330.shp,999999,VBD_bridges_c20160811.shp,2.701723;0.592520;-1.537733;-6.424739;-11.321091;-16.224911;-21.132078;-19.454973;-16.614069;-11.826628;-7.007390;-2.161976,98.595314;112.244095;125.823792;124.798187;123.864281;123.023224;122.264351;107.621338;93.259468;94.789581;96.172417;97.426979,npp_d20140716_t1803247_e1809051_b14079,156.03,43.4174,27.1838,98.1392,40.9262,85.0078
444,VBD_npp_d20140716_t1805064_x1075874E_y049228S_l0926_s1541_v23,2017-05-23 13:08:46,-4.922813,107.587379,6.16753,2014-07-16 18:05:06,2014-07-17 01:05:06,926,1541,0.401737,1,2529,0.33427,0.208225,0.671151,0.4,0.814051,0.75,0.0416161,0.0001,1.00495e-06,999999,-2.198861e-02,3,Indonesian Exclusive Economic Zone,WPP712,,SVDNB_npp_d20140716_t1803247_e1809051_b14079_c20140717000905445784_noaa_ops.h5,GDNBO_npp_d20140716_t1803247_e1809051_b14079_c20140717000905445471_noaa_ops.h5,SVI04_npp_d20140716_t1803247_e1809051_b14079_c20140717000905432367_noaa_ops.dspace_rad,VNFF_npp_d20140716_t1803247_e1809051_b14079_v21.csv,World_EEZ_v8_2014.shp,WPP_BFAR_merge.shp,KKP_IDN_merge_20161208.shp,VNF-VBD_npp_20120301-20151231_global_asia-enhanced_c201607211230.bitmask,NCEI_NGA.union.nga_lead2.add_2015ntl.mask,timezone.shp,VBD_platforms-recurring_2015_r20170330.shp,999999,VBD_bridges_c20160811.shp,2.701723;0.592520;-1.537733;-6.424739;-11.321091;-16.224911;-21.132078;-19.454973;-16.614069;-11.826628;-7.007390;-2.161976,98.595314;112.244095;125.823792;124.798187;123.864281;123.023224;122.264351;107.621338;93.259468;94.789581;96.172417;97.426979,npp_d20140716_t1803247_e1809051_b14079,156.539,44.2294,27.1812,98.4183,41.0843,84.3087
445,VBD_npp_d20140716_t1803499_x1086278E_y003977S_l0232_s1542_v23,2017-05-23 13:08:46,-0.397718,108.627831,32.8691,2014-07-16 18:03:49,2014-07-17 01:03:49,232,1542,0.436706,1,2529,0.905304,0.217912,0.935125,0.4,0.95443,0.75,0.0424683,0.0001,1.39419e-06,999999,-9.124281e-02,3,Indonesian Exclusive Economic Zone,WPP711,,SVDNB_npp_d20140716_t1803247_e1809051_b14079_c20140717000905445784_noaa_ops.h5,GDNBO_npp_d20140716_t1803247_e1809051_b14079_c20140717000905445471_noaa_ops.h5,SVI04_npp_d20140716_t1803247_e1809051_b14079_c20140717000905432367_noaa_ops.dspace_rad,VNFF_npp_d20140716_t1803247_e1809051_b14079_v21.csv,World_EEZ_v8_2014.shp,WPP_BFAR_merge.shp,KKP_IDN_merge_20161208.shp,VNF-VBD_npp_20120301-20151231_global_asia-enhanced_c201607211230.bitmask,NCEI_NGA.union.nga_lead2.add_2015ntl.mask,timezone.shp,VBD_platforms-recurring_2015_r20170330.shp,999999,VBD_bridges_c20160811.shp,2.701723;0.592520;-1.537733;-6.424739;-11.321091;-16.224911;-21.132078;-19.454973;-16.614069;-11.826628;-7.007390;-2.161976,98.595314;112.244095;125.823792;124.798187;123.864281;123.023224;122.264351;107.621338;93.259468;94.789581;96.172417;97.426979,npp_d20140716_t1803247_e1809051_b14079,152.672,38.9967,27.1288,98.8176,40.0993,89.6346
446,VBD_npp_d20140716_t1803517_x1086014E_y005223S_l0251_s1542_v23,2017-05-23 13:08:46,-0.522319,108.601418,36.5088,2014-07-16 18:03:51,2014-07-17 01:03:51,251,1542,0.438253,1,2529,0.994512,0.204095,0.896944,0.4,0.961984,0.75,0.0424452,0.0001,1.37999e-06,999999,7.539637e-03,3,Indonesian Exclusive Economic Zone,WPP711,,SVDNB_npp_d20140716_t1803247_e1809051_b14079_c20140717000905445784_noaa_ops.h5,GDNBO_npp_d20140716_t1803247_e1809051_b14079_c20140717000905445471_noaa_ops.h5,SVI04_npp_d20140716_t1803247_e1809051_b14079_c20140717000905432367_noaa_ops.dspace_rad,VNFF_npp_d20140716_t1803247_e1809051_b14079_v21.csv,World_EEZ_v8_2014.shp,WPP_BFAR_merge.shp,KKP_IDN_merge_20161208.shp,VNF-VBD_npp_20120301-20151231_global_asia-enhanced_c201607211230.bitmask,NCEI_NGA.union.nga_lead2.add_2015ntl.mask,timezone.shp,VBD_platforms-recurring_2015_r20170330.shp,999999,VBD_bridges_c20160811.shp,2.701723;0.592520;-1.537733;-6.424739;-11.321091;-16.224911;-21.132078;-19.454973;-16.614069;-11.826628;-7.007390;-2.161976,98.595314;112.244095;125.823792;124.798187;123.864281;123.023224;122.264351;107.621338;93.259468;94.789581;96.172417;97.426979,npp_d20140716_t1803247_e1809051_b14079,152.781,39.1205,27.1271,98.4753,40.1198,89.4835
447,VBD_npp_d20140716_t1803499_x1086390E_y003716S_l0228_s1543_v23,2017-05-23 13:08:46,-0.371646,108.638962,104.64,2014-07-16 18:03:49,2014-07-17 01:03:49,228,1543,0.441844,1,2529,1.30154,0.228406,0.941701,0.4,0.977587,0.75,0.0424785,0.0001,1.437e-06,999999,-1.662678e-01,3,Indonesian Exclusive Economic Zone,WPP711,,SVDNB_npp_d20140716_t1803247_e1809051_b14079_c20140717000905445784_noaa_ops.h5,GDNBO_npp_d20140716_t1803247_e1809051_b14079_c20140717000905445471_noaa_ops.h5,SVI04_npp_d20140716_t1803247_e1809051_b14079_c20140717000905432367_noaa_ops.dspace_rad,VNFF_npp_d20140716_t1803247_e1809051_b14079_v21.csv,World_EEZ_v8_2014.shp,WPP_BFAR_merge.shp,KKP_IDN_merge_20161208.shp,VNF-VBD_npp_20120301-20151231_global_asia-enhanced_c201607211230.bitmask,NCEI_NGA.union.nga_lead2.add_2015ntl.mask,timezone.shp,VBD_platforms-recurring_2015_r20170330.shp,999999,VBD_bridges_c20160811.shp,2.701723;0.592520;-1.537733;-6.424739;-11.321091;-16.224911;-21.132078;-19.454973;-16.614069;-11.826628;-7.007390;-2.161976,98.595314;112.244095;125.823792;124.798187;123.864281;123.023224;122.264351;107.621338;93.259468;94.789581;96.172417;97.426979,npp_d20140716_t1803247_e1809051_b14079,152.645,38.9816,27.0792,99.2877,40.0878,89.6661
448,VBD_npp_d20140716_t1803499_x1086329E_y004542S_l0240_s1544_v23,2017-05-23 13:08:46,-0.454175,108.632881,36.4193,2014-07-16 18:03:49,2014-07-17 01:03:49,240,1544,0.444164,1,2529,0.977009,0.164571,0.916926,0.4,0.968652,0.75,0.0424691,0.0001,1.43189e-06,999999,2.901057e-01,3,Indonesian Exclusive Economic Zone,WPP711,,SVDNB_npp_d20140716_t1803247_e1809051_b14079_c20140717000905445784_noaa_ops.h5,GDNBO_npp_d20140716_t1803247_e1809051_b14079_c20140717000905445471_noaa_ops.h5,SVI04_npp_d20140716_t1803247_e1809051_b14079_c20140717000905432367_noaa_ops.dspace_rad,VNFF_npp_d20140716_t1803247_e1809051_b14079_v21.csv,World_EEZ_v8_2014.shp,WPP_BFAR_merge.shp,KKP_IDN_merge_20161208.shp,VNF-VBD_npp_20120301-20151231_global_asia-enhanced_c201607211230.bitmask,NCEI_NGA.union.nga_lead2.add_2015ntl.mask,timezone.shp,VBD_platforms-recurring_2015_r20170330.shp,999999,VBD_bridges_c20160811.shp,2.701723;0.592520;-1.537733;-6.424739;-11.321091;-16.224911;-21.132078;-19.454973;-16.614069;-11.826628;-7.007390;-2.161976,98.595314;112.244095;125.823792;124.798187;123.864281;123.023224;122.264351;107.621338;93.259468;94.789581;96.172417;97.426979,npp_d20140716_t1803247_e1809051_b14079,152.713,39.0731,27.0344,97.8753,40.0945,89.5659
449,VBD_npp_d20140716_t1803499_x1086558E_y003535S_l0225_s1545_v23,2017-05-23 13:08:46,-0.353480,108.655800,64.7294,2014-07-16 18:03:49,2014-07-17 01:03:49,225,1545,0.438419,1,2529,1.12537,0.235677,0.939444,0.4,0.969481,0.75,0.0424927,0.0001,1.51051e-06,999999,-2.182529e-01,3,Indonesian Exclusive Economic Zone,WPP711,,SVDNB_npp_d20140716_t1803247_e1809051_b14079_c20140717000905445784_noaa_ops.h5,GDNBO_npp_d20140716_t1803247_e1809051_b14079_c20140717000905445471_noaa_ops.h5,SVI04_npp_d20140716_t1803247_e1809051_b14079_c20140717000905432367_noaa_ops.dspace_rad,VNFF_npp_d20140716_t1803247_e1809051_b14079_v21.csv,World_EEZ_v8_2014.shp,WPP_BFAR_merge.shp,KKP_IDN_merge_20161208.shp,VNF-VBD_npp_20120301-20151231_global_asia-enhanced_c201607211230.bitmask,NCEI_NGA.union.nga_lead2.add_2015ntl.mask,timezone.shp,VBD_platforms-recurring_2015_r20170330.shp,999999,VBD_bridges_c20160811.shp,2.701723;0.592520;-1.537733;-6.424739;-11.321091;-16.224911;-21.132078;-19.454973;-16.614069;-11.826628;-7.007390;-2.161976,98.595314;112.244095;125.823792;124.798187;123.864281;123.023224;122.264351;107.621338;93.259468;94.789581;96.172417;97.426979,npp_d20140716_t1803247_e1809051_b14079,152.62,38.9847,26.9811,99.643,40.0706,89.688
450,VBD_npp_d20140716_t1803517_x1086326E_y004577S_l0241_s1545_v23,2017-05-23 13:08:46,-0.457710,108.632614,43.203,2014-07-16 18:03:51,2014-07-17 01:03:51,241,1545,0.440297,1,2529,1.04321,0.160757,0.916926,0.4,0.972018,0.75,0.0424732,0.0001,1.50515e-06,999999,3.173737e-01,3,Indonesian Exclusive Economic Zone,WPP711,,SVDNB_npp_d20140716_t1803247_e1809051_b14079_c20140717000905445784_noaa_ops.h5,GDNBO_npp_d20140716_t1803247_e1809051_b14079_c20140717000905445471_noaa_ops.h5,SVI04_npp_d20140716_t1803247_e1809051_b14079_c20140717000905432367_noaa_ops.dspace_rad,VNFF_npp_d20140716_t1803247_e1809051_b14079_v21.csv,World_EEZ_v8_2014.shp,WPP_BFAR_merge.shp,KKP_IDN_merge_20161208.shp,VNF-VBD_npp_20120301-20151231_global_asia-enhanced_c201607211230.bitmask,NCEI_NGA.union.nga_lead2.add_2015ntl.mask,timezone.shp,VBD_platforms-recurring_2015_r20170330.shp,999999,VBD_bridges_c20160811.shp,2.701723;0.592520;-1.537733;-6.424739;-11.321091;-16.224911;-21.132078;-19.454973;-16.614069;-11.826628;-7.007390;-2.161976,98.595314;112.244095;125.823792;124.798187;123.864281;123.023224;122.264351;107.621338;93.259468;94.789581;96.172417;97.426979,npp_d20140716_t1803247_e1809051_b14079,152.711,39.0881,26.9784,99.6528,40.0876,89.5614
451,VBD_npp_d20140716_t1803588_x1085216E_y009769S_l0320_s1545_v23,2017-05-23 13:08:46,-0.976874,108.521599,46.5148,2014-07-16 18:03:58,2014-07-17 01:03:58,320,1545,0.4398,1,2529,1.11444,0.195452,0.892437,0.4,0.983173,0.75,0.0423751,0.0001,1.4248e-06,999999,6.932741e-02,3,Indonesian Exclusive Economic Zone,WPP711,,SVDNB_npp_d20140716_t1803247_e1809051_b14079_c20140717000905445784_noaa_ops.h5,GDNBO_npp_d20140716_t1803247_e1809051_b14079_c20140717000905445471_noaa_ops.h5,SVI04_npp_d20140716_t1803247_e1809051_b14079_c20140717000905432367_noaa_ops.dspace_rad,VNFF_npp_d20140716_t1803247_e1809051_b14079_v21.csv,World_EEZ_v8_2014.shp,WPP_BFAR_merge.shp,KKP_IDN_merge_20161208.shp,VNF-VBD_npp_20120301-20151231_global_asia-enhanced_c201607211230.bitmask,NCEI_NGA.union.nga_lead2.add_2015ntl.mask,timezone.shp,VBD_platforms-recurring_2015_r20170330.shp,999999,VBD_bridges_c20160811.shp,2.701723;0.592520;-1.537733;-6.424739;-11.321091;-16.224911;-21.132078;-19.454973;-16.614069;-11.826628;-7.007390;-2.161976,98.595314;112.244095;125.823792;124.798187;123.864281;123.023224;122.264351;107.621338;93.259468;94.789581;96.172417;97.426979,npp_d20140716_t1803247_e1809051_b14079,153.164,39.6103,26.9847,97.909,40.178,88.9333
452,VBD_npp_d20140716_t1803499_x1086605E_y003681S_l0227_s1546_v23,2017-05-23 13:08:46,-0.368141,108.660477,49.3755,2014-07-16 18:03:49,2014-07-17 01:03:49,227,1546,0.442728,1,2529,1.00836,0.226764,0.941701,0.4,0.955354,0.75,0.0424956,0.0001,1.538e-06,999999,-1.545274e-01,3,Indonesian Exclusive Economic Zone,WPP711,,SVDNB_npp_d20140716_t1803247_e1809051_b14079_c20140717000905445784_noaa_ops.h5,GDNBO_npp_d20140716_t1803247_e1809051_b14079_c20140717000905445471_noaa_ops.h5,SVI04_npp_d20140716_t1803247_e1809051_b14079_c20140717000905432367_noaa_ops.dspace_rad,VNFF_npp_d20140716_t1803247_e1809051_b14079_v21.csv,World_EEZ_v8_2014.shp,WPP_BFAR_merge.shp,KKP_IDN_merge_20161208.shp,VNF-VBD_npp_20120301-20151231_global_asia-enhanced_c201607211230.bitmask,NCEI_NGA.union.nga_lead2.add_2015ntl.mask,timezone.shp,VBD_platforms-recurring_2015_r20170330.shp,999999,VBD_bridges_c20160811.shp,2.701723;0.592520;-1.537733;-6.424739;-11.321091;-16.224911;-21.132078;-19.454973;-16.614069;-11.826628;-7.007390;-2.161976,98.595314;112.244095;125.823792;124.798187;123.864281;123.023224;122.264351;107.621338;93.259468;94.789581;96.172417;97.426979,npp_d20140716_t1803247_e1809051_b14079,152.629,39.0095,26.9307,99.4079,40.066,89.6701
453,VBD_npp_d20140716_t1804006_x1085208E_y009808S_l0321_s1546_v23,2017-05-23 13:08:46,-0.980754,108.520828,39.1531,2014-07-16 18:04:00,2014-07-17 01:04:00,321,1546,0.4398,1,2529,1.03377,0.195305,0.892437,0.4,0.947632,0.75,0.0423791,0.0001,1.49826e-06,999999,7.038260e-02,3,Indonesian Exclusive Economic Zone,WPP711,,SVDNB_npp_d20140716_t1803247_e1809051_b14079_c20140717000905445784_noaa_ops.h5,GDNBO_npp_d20140716_t1803247_e1809051_b14079_c20140717000905445471_noaa_ops.h5,SVI04_npp_d20140716_t1803247_e1809051_b14079_c20140717000905432367_noaa_ops.dspace_rad,VNFF_npp_d20140716_t1803247_e1809051_b14079_v21.csv,World_EEZ_v8_2014.shp,WPP_BFAR_merge.shp,KKP_IDN_merge_20161208.shp,VNF-VBD_npp_20120301-20151231_global_asia-enhanced_c201607211230.bitmask,NCEI_NGA.union.nga_lead2.add_2015ntl.mask,timezone.shp,VBD_platforms-recurring_2015_r20170330.shp,999999,VBD_bridges_c20160811.shp,2.701723;0.592520;-1.537733;-6.424739;-11.321091;-16.224911;-21.132078;-19.454973;-16.614069;-11.826628;-7.007390;-2.161976,98.595314;112.244095;125.823792;124.798187;123.864281;123.023224;122.264351;107.621338;93.259468;94.789581;96.172417;97.426979,npp_d20140716_t1803247_e1809051_b14079,153.163,39.6252,26.9319,99.6827,40.1716,88.9282
454,VBD_npp_d20140716_t1804006_x1085111E_y010418S_l0330_s1546_v23,2017-05-23 13:08:46,-1.041787,108.511131,179.879,2014-07-16 18:04:00,2014-07-17 01:04:00,330,1546,0.434883,8,18913,1.4921,0.222181,0.878731,0.4,0.978303,0.75,0.0423674,0.0001,1.4688e-06,999999,-1.217623e-01,3,Indonesian Exclusive Economic Zone,WPP711,,SVDNB_npp_d20140716_t1803247_e1809051_b14079_c20140717000905445784_noaa_ops.h5,GDNBO_npp_d20140716_t1803247_e1809051_b14079_c20140717000905445471_noaa_ops.h5,SVI04_npp_d20140716_t1803247_e1809051_b14079_c20140717000905432367_noaa_ops.dspace_rad,VNFF_npp_d20140716_t1803247_e1809051_b14079_v21.csv,World_EEZ_v8_2014.shp,WPP_BFAR_merge.shp,KKP_IDN_merge_20161208.shp,VNF-VBD_npp_20120301-20151231_global_asia-enhanced_c201607211230.bitmask,NCEI_NGA.union.nga_lead2.add_2015ntl.mask,timezone.shp,VBD_platforms-recurring_2015_r20170330.shp,0.475051,VBD_bridges_c20160811.shp,2.701723;0.592520;-1.537733;-6.424739;-11.321091;-16.224911;-21.132078;-19.454973;-16.614069;-11.826628;-7.007390;-2.161976,98.595314;112.244095;125.823792;124.798187;123.864281;123.023224;122.264351;107.621338;93.259468;94.789581;96.172417;97.426979,npp_d20140716_t1803247_e1809051_b14079,153.216,39.6877,26.9312,98.6194,40.1826,88.8547
455,VBD_npp_d20140716_t1804006_x1085090E_y010553S_l0332_s1546_v23,2017-05-23 13:08:46,-1.055349,108.508987,127.014,2014-07-16 18:04:00,2014-07-17 01:04:00,332,1546,0.420354,1,2529,1.3417,0.203082,0.871037,0.4,0.963653,0.75,0.0423648,0.0001,1.46197e-06,999999,1.478211e-02,3,Indonesian Exclusive Economic Zone,WPP711,,SVDNB_npp_d20140716_t1803247_e1809051_b14079_c20140717000905445784_noaa_ops.h5,GDNBO_npp_d20140716_t1803247_e1809051_b14079_c20140717000905445471_noaa_ops.h5,SVI04_npp_d20140716_t1803247_e1809051_b14079_c20140717000905432367_noaa_ops.dspace_rad,VNFF_npp_d20140716_t1803247_e1809051_b14079_v21.csv,World_EEZ_v8_2014.shp,WPP_BFAR_merge.shp,KKP_IDN_merge_20161208.shp,VNF-VBD_npp_20120301-20151231_global_asia-enhanced_c201607211230.bitmask,NCEI_NGA.union.nga_lead2.add_2015ntl.mask,timezone.shp,VBD_platforms-recurring_2015_r20170330.shp,999999,VBD_bridges_c20160811.shp,2.701723;0.592520;-1.537733;-6.424739;-11.321091;-16.224911;-21.132078;-19.454973;-16.614069;-11.826628;-7.007390;-2.161976,98.595314;112.244095;125.823792;124.798187;123.864281;123.023224;122.264351;107.621338;93.259468;94.789581;96.172417;97.426979,npp_d20140716_t1803247_e1809051_b14079,153.228,39.7016,26.9323,98.3831,40.1851,88.8383
456,VBD_npp_d20140716_t1804006_x1085169E_y010496S_l0331_s1547_v23,2017-05-23 13:08:46,-1.049645,108.516861,49.8188,2014-07-16 18:04:00,2014-07-17 01:04:00,331,1547,0.416376,8,18913,0.747239,0.214787,0.881027,0.4,0.881545,0.75,0.0423714,0.0001,1.49792e-06,999999,-6.889950e-02,3,Indonesian Exclusive Economic Zone,WPP711,,SVDNB_npp_d20140716_t1803247_e1809051_b14079_c20140717000905445784_noaa_ops.h5,GDNBO_npp_d20140716_t1803247_e1809051_b14079_c20140717000905445471_noaa_ops.h5,SVI04_npp_d20140716_t1803247_e1809051_b14079_c20140717000905432367_noaa_ops.dspace_rad,VNFF_npp_d20140716_t1803247_e1809051_b14079_v21.csv,World_EEZ_v8_2014.shp,WPP_BFAR_merge.shp,KKP_IDN_merge_20161208.shp,VNF-VBD_npp_20120301-20151231_global_asia-enhanced_c201607211230.bitmask,NCEI_NGA.union.nga_lead2.add_2015ntl.mask,timezone.shp,VBD_platforms-recurring_2015_r20170330.shp,0.643937,VBD_bridges_c20160811.shp,2.701723;0.592520;-1.537733;-6.424739;-11.321091;-16.224911;-21.132078;-19.454973;-16.614069;-11.826628;-7.007390;-2.161976,98.595314;112.244095;125.823792;124.798187;123.864281;123.023224;122.264351;107.621338;93.259468;94.789581;96.172417;97.426979,npp_d20140716_t1803247_e1809051_b14079,153.219,39.7063,26.8821,98.5004,40.177,88.8449
457,VBD_npp_d20140716_t1803428_x1087767E_y000303S_l0174_s1551_v23,2017-05-23 13:08:46,-0.030287,108.776726,96.7214,2014-07-16 18:03:42,2014-07-17 01:03:42,174,1551,0.443501,1,2529,1.33939,0.214813,0.918845,0.4,0.983888,0.75,0.0425847,0.0001,1.70865e-06,999999,-6.908571e-02,3,Indonesian Exclusive Economic Zone,WPP711,,SVDNB_npp_d20140716_t1803247_e1809051_b14079_c20140717000905445784_noaa_ops.h5,GDNBO_npp_d20140716_t1803247_e1809051_b14079_c20140717000905445471_noaa_ops.h5,SVI04_npp_d20140716_t1803247_e1809051_b14079_c20140717000905432367_noaa_ops.dspace_rad,VNFF_npp_d20140716_t1803247_e1809051_b14079_v21.csv,World_EEZ_v8_2014.shp,WPP_BFAR_merge.shp,KKP_IDN_merge_20161208.shp,VNF-VBD_npp_20120301-20151231_global_asia-enhanced_c201607211230.bitmask,NCEI_NGA.union.nga_lead2.add_2015ntl.mask,timezone.shp,VBD_platforms-recurring_2015_r20170330.shp,999999,VBD_bridges_c20160811.shp,2.701723;0.592520;-1.537733;-6.424739;-11.321091;-16.224911;-21.132078;-19.454973;-16.614069;-11.826628;-7.007390;-2.161976,98.595314;112.244095;125.823792;124.798187;123.864281;123.023224;122.264351;107.621338;93.259468;94.789581;96.172417;97.426979,npp_d20140716_t1803247_e1809051_b14079,152.312,38.7318,26.6873,98.08,39.9764,90.0817
458,VBD_npp_d20140716_t1803446_x1087588E_y001007S_l0185_s1551_v23,2017-05-23 13:08:46,-0.100701,108.758842,25.6534,2014-07-16 18:03:44,2014-07-17 01:03:44,185,1551,0.411902,1,2529,0.810405,0.218669,0.907737,0.4,0.935982,0.75,0.0425722,0.0001,1.71975e-06,999999,-9.665723e-02,3,Indonesian Exclusive Economic Zone,WPP711,,SVDNB_npp_d20140716_t1803247_e1809051_b14079_c20140717000905445784_noaa_ops.h5,GDNBO_npp_d20140716_t1803247_e1809051_b14079_c20140717000905445471_noaa_ops.h5,SVI04_npp_d20140716_t1803247_e1809051_b14079_c20140717000905432367_noaa_ops.dspace_rad,VNFF_npp_d20140716_t1803247_e1809051_b14079_v21.csv,World_EEZ_v8_2014.shp,WPP_BFAR_merge.shp,KKP_IDN_merge_20161208.shp,VNF-VBD_npp_20120301-20151231_global_asia-enhanced_c201607211230.bitmask,NCEI_NGA.union.nga_lead2.add_2015ntl.mask,timezone.shp,VBD_platforms-recurring_2015_r20170330.shp,999999,VBD_bridges_c20160811.shp,2.701723;0.592520;-1.537733;-6.424739;-11.321091;-16.224911;-21.132078;-19.454973;-16.614069;-11.826628;-7.007390;-2.161976,98.595314;112.244095;125.823792;124.798187;123.864281;123.023224;122.264351;107.621338;93.259468;94.789581;96.172417;97.426979,npp_d20140716_t1803247_e1809051_b14079,152.373,38.8004,26.6823,98.6851,39.9873,89.9957
459,VBD_npp_d20140716_t1803446_x1087546E_y001278S_l0189_s1551_v23,2017-05-23 13:08:46,-0.127774,108.754570,81.8593,2014-07-16 18:03:44,2014-07-17 01:03:44,189,1551,0.44096,1,2529,1.29021,0.19607,0.918065,0.4,0.978563,0.75,0.0425676,0.0001,1.7057e-06,999999,6.490780e-02,3,Indonesian Exclusive Economic Zone,WPP711,,SVDNB_npp_d20140716_t1803247_e1809051_b14079_c20140717000905445784_noaa_ops.h5,GDNBO_npp_d20140716_t1803247_e1809051_b14079_c20140717000905445471_noaa_ops.h5,SVI04_npp_d20140716_t1803247_e1809051_b14079_c20140717000905432367_noaa_ops.dspace_rad,VNFF_npp_d20140716_t1803247_e1809051_b14079_v21.csv,World_EEZ_v8_2014.shp,WPP_BFAR_merge.shp,KKP_IDN_merge_20161208.shp,VNF-VBD_npp_20120301-20151231_global_asia-enhanced_c201607211230.bitmask,NCEI_NGA.union.nga_lead2.add_2015ntl.mask,timezone.shp,VBD_platforms-recurring_2015_r20170330.shp,999999,VBD_bridges_c20160811.shp,2.701723;0.592520;-1.537733;-6.424739;-11.321091;-16.224911;-21.132078;-19.454973;-16.614069;-11.826628;-7.007390;-2.161976,98.595314;112.244095;125.823792;124.798187;123.864281;123.023224;122.264351;107.621338;93.259468;94.789581;96.172417;97.426979,npp_d20140716_t1803247_e1809051_b14079,152.397,38.8264,26.6843,98.2084,39.9916,89.9626
460,VBD_npp_d20140716_t1803482_x1087058E_y003503S_l0223_s1551_v23,2017-05-23 13:08:46,-0.350295,108.705788,33.3806,2014-07-16 18:03:48,2014-07-17 01:03:48,223,1551,0.439524,1,2529,0.908722,0.221804,0.927939,0.4,0.95458,0.75,0.0425269,0.0001,1.68433e-06,999999,-1.190685e-01,3,Indonesian Exclusive Economic Zone,WPP711,,SVDNB_npp_d20140716_t1803247_e1809051_b14079_c20140717000905445784_noaa_ops.h5,GDNBO_npp_d20140716_t1803247_e1809051_b14079_c20140717000905445471_noaa_ops.h5,SVI04_npp_d20140716_t1803247_e1809051_b14079_c20140717000905432367_noaa_ops.dspace_rad,VNFF_npp_d20140716_t1803247_e1809051_b14079_v21.csv,World_EEZ_v8_2014.shp,WPP_BFAR_merge.shp,KKP_IDN_merge_20161208.shp,VNF-VBD_npp_20120301-20151231_global_asia-enhanced_c201607211230.bitmask,NCEI_NGA.union.nga_lead2.add_2015ntl.mask,timezone.shp,VBD_platforms-recurring_2015_r20170330.shp,999999,VBD_bridges_c20160811.shp,2.701723;0.592520;-1.537733;-6.424739;-11.321091;-16.224911;-21.132078;-19.454973;-16.614069;-11.826628;-7.007390;-2.161976,98.595314;112.244095;125.823792;124.798187;123.864281;123.023224;122.264351;107.621338;93.259468;94.789581;96.172417;97.426979,npp_d20140716_t1803247_e1809051_b14079,152.591,39.0444,26.6821,97.9799,40.0272,89.6915
461,VBD_npp_d20140716_t1803464_x1087346E_y002538S_l0208_s1552_v23,2017-05-23 13:08:46,-0.253803,108.734612,56.3395,2014-07-16 18:03:46,2014-07-17 01:03:46,208,1552,0.441457,1,2529,1.1137,0.24815,0.923812,0.4,0.965296,0.75,0.0425505,0.0001,1.72368e-06,999999,-3.074219e-01,3,Indonesian Exclusive Economic Zone,WPP711,,SVDNB_npp_d20140716_t1803247_e1809051_b14079_c20140717000905445784_noaa_ops.h5,GDNBO_npp_d20140716_t1803247_e1809051_b14079_c20140717000905445471_noaa_ops.h5,SVI04_npp_d20140716_t1803247_e1809051_b14079_c20140717000905432367_noaa_ops.dspace_rad,VNFF_npp_d20140716_t1803247_e1809051_b14079_v21.csv,World_EEZ_v8_2014.shp,WPP_BFAR_merge.shp,KKP_IDN_merge_20161208.shp,VNF-VBD_npp_20120301-20151231_global_asia-enhanced_c201607211230.bitmask,NCEI_NGA.union.nga_lead2.add_2015ntl.mask,timezone.shp,VBD_platforms-recurring_2015_r20170330.shp,999999,VBD_bridges_c20160811.shp,2.701723;0.592520;-1.537733;-6.424739;-11.321091;-16.224911;-21.132078;-19.454973;-16.614069;-11.826628;-7.007390;-2.161976,98.595314;112.244095;125.823792;124.798187;123.864281;123.023224;122.264351;107.621338;93.259468;94.789581;96.172417;97.426979,npp_d20140716_t1803247_e1809051_b14079,152.503,38.9594,26.6368,97.8504,40.0048,89.8089
462,VBD_npp_d20140716_t1804006_x1085487E_y010685S_l0333_s1552_v23,2017-05-23 13:08:46,-1.068549,108.548668,42.1567,2014-07-16 18:04:00,2014-07-17 01:04:00,333,1552,0.435104,1,2529,1.00435,0.180754,0.884406,0.4,0.965959,0.75,0.0423952,0.0001,1.66279e-06,999999,1.744067e-01,3,Indonesian Exclusive Economic Zone,WPP711,,SVDNB_npp_d20140716_t1803247_e1809051_b14079_c20140717000905445784_noaa_ops.h5,GDNBO_npp_d20140716_t1803247_e1809051_b14079_c20140717000905445471_noaa_ops.h5,SVI04_npp_d20140716_t1803247_e1809051_b14079_c20140717000905432367_noaa_ops.dspace_rad,VNFF_npp_d20140716_t1803247_e1809051_b14079_v21.csv,World_EEZ_v8_2014.shp,WPP_BFAR_merge.shp,KKP_IDN_merge_20161208.shp,VNF-VBD_npp_20120301-20151231_global_asia-enhanced_c201607211230.bitmask,NCEI_NGA.union.nga_lead2.add_2015ntl.mask,timezone.shp,VBD_platforms-recurring_2015_r20170330.shp,999999,VBD_bridges_c20160811.shp,2.701723;0.592520;-1.537733;-6.424739;-11.321091;-16.224911;-21.132078;-19.454973;-16.614069;-11.826628;-7.007390;-2.161976,98.595314;112.244095;125.823792;124.798187;123.864281;123.023224;122.264351;107.621338;93.259468;94.789581;96.172417;97.426979,npp_d20140716_t1803247_e1809051_b14079,153.213,39.7781,26.6354,98.2575,40.1451,88.8206
463,VBD_npp_d20140716_t1804593_x1077616E_y045043S_l0860_s1552_v23,2017-05-23 13:08:46,-4.504344,107.761559,103.171,2014-07-16 18:04:59,2014-07-17 01:04:59,860,1552,0.421293,1,2529,1.22525,0.189679,0.88082,0.4,0.965991,0.75,0.0417875,0.0001,1.33662e-06,999999,1.106011e-01,3,Indonesian Exclusive Economic Zone,WPP712,,SVDNB_npp_d20140716_t1803247_e1809051_b14079_c20140717000905445784_noaa_ops.h5,GDNBO_npp_d20140716_t1803247_e1809051_b14079_c20140717000905445471_noaa_ops.h5,SVI04_npp_d20140716_t1803247_e1809051_b14079_c20140717000905432367_noaa_ops.dspace_rad,VNFF_npp_d20140716_t1803247_e1809051_b14079_v21.csv,World_EEZ_v8_2014.shp,WPP_BFAR_merge.shp,KKP_IDN_merge_20161208.shp,VNF-VBD_npp_20120301-20151231_global_asia-enhanced_c201607211230.bitmask,NCEI_NGA.union.nga_lead2.add_2015ntl.mask,timezone.shp,VBD_platforms-recurring_2015_r20170330.shp,999999,VBD_bridges_c20160811.shp,2.701723;0.592520;-1.537733;-6.424739;-11.321091;-16.224911;-21.132078;-19.454973;-16.614069;-11.826628;-7.007390;-2.161976,98.595314;112.244095;125.823792;124.798187;123.864281;123.023224;122.264351;107.621338;93.259468;94.789581;96.172417;97.426979,npp_d20140716_t1803247_e1809051_b14079,156.138,43.7904,26.6332,98.6062,40.8975,84.7715
464,VBD_npp_d20140716_t1803482_x1087343E_y002577S_l0209_s1553_v23,2017-05-23 13:08:46,-0.257723,108.734306,88.2537,2014-07-16 18:03:48,2014-07-17 01:03:48,209,1553,0.442175,1,2529,1.25691,0.243864,0.923812,0.4,0.97988,0.75,0.0425545,0.0001,1.8099e-06,999999,-2.767783e-01,3,Indonesian Exclusive Economic Zone,WPP711,,SVDNB_npp_d20140716_t1803247_e1809051_b14079_c20140717000905445784_noaa_ops.h5,GDNBO_npp_d20140716_t1803247_e1809051_b14079_c20140717000905445471_noaa_ops.h5,SVI04_npp_d20140716_t1803247_e1809051_b14079_c20140717000905432367_noaa_ops.dspace_rad,VNFF_npp_d20140716_t1803247_e1809051_b14079_v21.csv,World_EEZ_v8_2014.shp,WPP_BFAR_merge.shp,KKP_IDN_merge_20161208.shp,VNF-VBD_npp_20120301-20151231_global_asia-enhanced_c201607211230.bitmask,NCEI_NGA.union.nga_lead2.add_2015ntl.mask,timezone.shp,VBD_platforms-recurring_2015_r20170330.shp,999999,VBD_bridges_c20160811.shp,2.701723;0.592520;-1.537733;-6.424739;-11.321091;-16.224911;-21.132078;-19.454973;-16.614069;-11.826628;-7.007390;-2.161976,98.595314;112.244095;125.823792;124.798187;123.864281;123.023224;122.264351;107.621338;93.259468;94.789581;96.172417;97.426979,npp_d20140716_t1803247_e1809051_b14079,152.501,38.9748,26.5803,99.6513,39.9979,89.804
465,VBD_npp_d20140716_t1803482_x1087204E_y003456S_l0222_s1553_v23,2017-05-23 13:08:46,-0.345646,108.720413,61.4017,2014-07-16 18:03:48,2014-07-17 01:03:48,222,1553,0.442838,1,2529,1.14639,0.231819,0.924128,0.4,0.972301,0.75,0.0425387,0.0001,1.76278e-06,999999,-1.906724e-01,3,Indonesian Exclusive Economic Zone,WPP711,,SVDNB_npp_d20140716_t1803247_e1809051_b14079_c20140717000905445784_noaa_ops.h5,GDNBO_npp_d20140716_t1803247_e1809051_b14079_c20140717000905445471_noaa_ops.h5,SVI04_npp_d20140716_t1803247_e1809051_b14079_c20140717000905432367_noaa_ops.dspace_rad,VNFF_npp_d20140716_t1803247_e1809051_b14079_v21.csv,World_EEZ_v8_2014.shp,WPP_BFAR_merge.shp,KKP_IDN_merge_20161208.shp,VNF-VBD_npp_20120301-20151231_global_asia-enhanced_c201607211230.bitmask,NCEI_NGA.union.nga_lead2.add_2015ntl.mask,timezone.shp,VBD_platforms-recurring_2015_r20170330.shp,999999,VBD_bridges_c20160811.shp,2.701723;0.592520;-1.537733;-6.424739;-11.321091;-16.224911;-21.132078;-19.454973;-16.614069;-11.826628;-7.007390;-2.161976,98.595314;112.244095;125.823792;124.798187;123.864281;123.023224;122.264351;107.621338;93.259468;94.789581;96.172417;97.426979,npp_d20140716_t1803247_e1809051_b14079,152.578,39.0606,26.5821,98.0963,40.0124,89.6969
466,VBD_npp_d20140716_t1803499_x1087069E_y003825S_l0228_s1553_v23,2017-05-23 13:08:46,-0.382536,108.706917,37.5355,2014-07-16 18:03:49,2014-07-17 01:03:49,228,1553,0.443391,1,2529,0.958216,0.191823,0.921926,0.4,0.958574,0.75,0.0425314,0.0001,1.78757e-06,999999,9.527009e-02,3,Indonesian Exclusive Economic Zone,WPP711,,SVDNB_npp_d20140716_t1803247_e1809051_b14079_c20140717000905445784_noaa_ops.h5,GDNBO_npp_d20140716_t1803247_e1809051_b14079_c20140717000905445471_noaa_ops.h5,SVI04_npp_d20140716_t1803247_e1809051_b14079_c20140717000905432367_noaa_ops.dspace_rad,VNFF_npp_d20140716_t1803247_e1809051_b14079_v21.csv,World_EEZ_v8_2014.shp,WPP_BFAR_merge.shp,KKP_IDN_merge_20161208.shp,VNF-VBD_npp_20120301-20151231_global_asia-enhanced_c201607211230.bitmask,NCEI_NGA.union.nga_lead2.add_2015ntl.mask,timezone.shp,VBD_platforms-recurring_2015_r20170330.shp,999999,VBD_bridges_c20160811.shp,2.701723;0.592520;-1.537733;-6.424739;-11.321091;-16.224911;-21.132078;-19.454973;-16.614069;-11.826628;-7.007390;-2.161976,98.595314;112.244095;125.823792;124.798187;123.864281;123.023224;122.264351;107.621338;93.259468;94.789581;96.172417;97.426979,npp_d20140716_t1803247_e1809051_b14079,152.611,39.0964,26.5833,99.2945,40.019,89.6519
467,VBD_npp_d20140716_t1803482_x1087389E_y002723S_l0211_s1554_v23,2017-05-23 13:08:46,-0.272335,108.738937,73.7312,2014-07-16 18:03:48,2014-07-17 01:03:48,211,1554,0.441899,1,2529,1.14682,0.238501,0.919972,0.4,0.971883,0.75,0.0425574,0.0001,1.84235e-06,999999,-2.384415e-01,3,Indonesian Exclusive Economic Zone,WPP711,,SVDNB_npp_d20140716_t1803247_e1809051_b14079_c20140717000905445784_noaa_ops.h5,GDNBO_npp_d20140716_t1803247_e1809051_b14079_c20140717000905445471_noaa_ops.h5,SVI04_npp_d20140716_t1803247_e1809051_b14079_c20140717000905432367_noaa_ops.dspace_rad,VNFF_npp_d20140716_t1803247_e1809051_b14079_v21.csv,World_EEZ_v8_2014.shp,WPP_BFAR_merge.shp,KKP_IDN_merge_20161208.shp,VNF-VBD_npp_20120301-20151231_global_asia-enhanced_c201607211230.bitmask,NCEI_NGA.union.nga_lead2.add_2015ntl.mask,timezone.shp,VBD_platforms-recurring_2015_r20170330.shp,999999,VBD_bridges_c20160811.shp,2.701723;0.592520;-1.537733;-6.424739;-11.321091;-16.224911;-21.132078;-19.454973;-16.614069;-11.826628;-7.007390;-2.161976,98.595314;112.244095;125.823792;124.798187;123.864281;123.023224;122.264351;107.621338;93.259468;94.789581;96.172417;97.426979,npp_d20140716_t1803247_e1809051_b14079,152.51,38.9993,26.5299,99.413,39.9933,89.7861
468,VBD_npp_d20140716_t1805064_x1076894E_y048560S_l0914_s1554_v23,2017-05-23 13:08:46,-4.855978,107.689438,48.9084,2014-07-16 18:05:06,2014-07-17 01:05:06,914,1554,0.367098,1,2529,0.929736,0.220117,0.853419,0.4,0.92057,0.75,0.0417058,0.0001,1.39777e-06,999999,-1.070055e-01,3,Indonesian Exclusive Economic Zone,WPP712,,SVDNB_npp_d20140716_t1803247_e1809051_b14079_c20140717000905445784_noaa_ops.h5,GDNBO_npp_d20140716_t1803247_e1809051_b14079_c20140717000905445471_noaa_ops.h5,SVI04_npp_d20140716_t1803247_e1809051_b14079_c20140717000905432367_noaa_ops.dspace_rad,VNFF_npp_d20140716_t1803247_e1809051_b14079_v21.csv,World_EEZ_v8_2014.shp,WPP_BFAR_merge.shp,KKP_IDN_merge_20161208.shp,VNF-VBD_npp_20120301-20151231_global_asia-enhanced_c201607211230.bitmask,NCEI_NGA.union.nga_lead2.add_2015ntl.mask,timezone.shp,VBD_platforms-recurring_2015_r20170330.shp,999999,VBD_bridges_c20160811.shp,2.701723;0.592520;-1.537733;-6.424739;-11.321091;-16.224911;-21.132078;-19.454973;-16.614069;-11.826628;-7.007390;-2.161976,98.595314;112.244095;125.823792;124.798187;123.864281;123.023224;122.264351;107.621338;93.259468;94.789581;96.172417;97.426979,npp_d20140716_t1803247_e1809051_b14079,156.42,44.2809,26.5342,99.8306,40.975,84.3664
469,VBD_npp_d20140716_t1803464_x1087613E_y002164S_l0202_s1555_v23,2017-05-23 13:08:46,-0.216410,108.761337,49.6654,2014-07-16 18:03:46,2014-07-17 01:03:46,202,1555,0.443225,1,2529,1.10209,0.191547,0.919163,0.4,0.970721,0.75,0.0425736,0.0001,1.8626e-06,999999,9.724570e-02,3,Indonesian Exclusive Economic Zone,WPP711,,SVDNB_npp_d20140716_t1803247_e1809051_b14079_c20140717000905445784_noaa_ops.h5,GDNBO_npp_d20140716_t1803247_e1809051_b14079_c20140717000905445471_noaa_ops.h5,SVI04_npp_d20140716_t1803247_e1809051_b14079_c20140717000905432367_noaa_ops.dspace_rad,VNFF_npp_d20140716_t1803247_e1809051_b14079_v21.csv,World_EEZ_v8_2014.shp,WPP_BFAR_merge.shp,KKP_IDN_merge_20161208.shp,VNF-VBD_npp_20120301-20151231_global_asia-enhanced_c201607211230.bitmask,NCEI_NGA.union.nga_lead2.add_2015ntl.mask,timezone.shp,VBD_platforms-recurring_2015_r20170330.shp,999999,VBD_bridges_c20160811.shp,2.701723;0.592520;-1.537733;-6.424739;-11.321091;-16.224911;-21.132078;-19.454973;-16.614069;-11.826628;-7.007390;-2.161976,98.595314;112.244095;125.823792;124.798187;123.864281;123.023224;122.264351;107.621338;93.259468;94.789581;96.172417;97.426979,npp_d20140716_t1803247_e1809051_b14079,152.457,38.9541,26.4838,98.5652,39.9776,89.8543
470,VBD_npp_d20140716_t1803571_x1086244E_y008158S_l0294_s1555_v23,2017-05-23 13:08:46,-0.815850,108.624367,73.0645,2014-07-16 18:03:57,2014-07-17 01:03:57,294,1555,0.440518,1,2529,1.25003,0.186592,0.917699,0.4,0.981252,0.75,0.0424615,0.0001,1.82517e-06,999999,1.326690e-01,3,Indonesian Exclusive Economic Zone,WPP711,,SVDNB_npp_d20140716_t1803247_e1809051_b14079_c20140717000905445784_noaa_ops.h5,GDNBO_npp_d20140716_t1803247_e1809051_b14079_c20140717000905445471_noaa_ops.h5,SVI04_npp_d20140716_t1803247_e1809051_b14079_c20140717000905432367_noaa_ops.dspace_rad,VNFF_npp_d20140716_t1803247_e1809051_b14079_v21.csv,World_EEZ_v8_2014.shp,WPP_BFAR_merge.shp,KKP_IDN_merge_20161208.shp,VNF-VBD_npp_20120301-20151231_global_asia-enhanced_c201607211230.bitmask,NCEI_NGA.union.nga_lead2.add_2015ntl.mask,timezone.shp,VBD_platforms-recurring_2015_r20170330.shp,999999,VBD_bridges_c20160811.shp,2.701723;0.592520;-1.537733;-6.424739;-11.321091;-16.224911;-21.132078;-19.454973;-16.614069;-11.826628;-7.007390;-2.161976,98.595314;112.244095;125.823792;124.798187;123.864281;123.023224;122.264351;107.621338;93.259468;94.789581;96.172417;97.426979,npp_d20140716_t1803247_e1809051_b14079,152.98,39.5515,26.4801,99.08,40.0783,89.1254
471,VBD_npp_d20140716_t1803499_x1087304E_y003655S_l0225_s1556_v23,2017-05-23 13:08:46,-0.365517,108.730392,68.9189,2014-07-16 18:03:49,2014-07-17 01:03:49,225,1556,0.441015,1,2529,1.12655,0.199649,0.921003,0.4,0.964433,0.75,0.0425509,0.0001,1.91811e-06,999999,3.931950e-02,3,Indonesian Exclusive Economic Zone,WPP711,,SVDNB_npp_d20140716_t1803247_e1809051_b14079_c20140717000905445784_noaa_ops.h5,GDNBO_npp_d20140716_t1803247_e1809051_b14079_c20140717000905445471_noaa_ops.h5,SVI04_npp_d20140716_t1803247_e1809051_b14079_c20140717000905432367_noaa_ops.dspace_rad,VNFF_npp_d20140716_t1803247_e1809051_b14079_v21.csv,World_EEZ_v8_2014.shp,WPP_BFAR_merge.shp,KKP_IDN_merge_20161208.shp,VNF-VBD_npp_20120301-20151231_global_asia-enhanced_c201607211230.bitmask,NCEI_NGA.union.nga_lead2.add_2015ntl.mask,timezone.shp,VBD_platforms-recurring_2015_r20170330.shp,999999,VBD_bridges_c20160811.shp,2.701723;0.592520;-1.537733;-6.424739;-11.321091;-16.224911;-21.132078;-19.454973;-16.614069;-11.826628;-7.007390;-2.161976,98.595314;112.244095;125.823792;124.798187;123.864281;123.023224;122.264351;107.621338;93.259468;94.789581;96.172417;97.426979,npp_d20140716_t1803247_e1809051_b14079,152.583,39.1106,26.4358,99.6572,39.9951,89.6724
472,VBD_npp_d20140716_t1803499_x1087272E_y003858S_l0228_s1556_v23,2017-05-23 13:08:46,-0.385785,108.727196,83.3657,2014-07-16 18:03:49,2014-07-17 01:03:49,228,1556,0.441457,1,2529,1.20408,0.169401,0.915576,0.4,0.96089,0.75,0.0425473,0.0001,1.90696e-06,999999,2.555744e-01,3,Indonesian Exclusive Economic Zone,WPP711,,SVDNB_npp_d20140716_t1803247_e1809051_b14079_c20140717000905445784_noaa_ops.h5,GDNBO_npp_d20140716_t1803247_e1809051_b14079_c20140717000905445471_noaa_ops.h5,SVI04_npp_d20140716_t1803247_e1809051_b14079_c20140717000905432367_noaa_ops.dspace_rad,VNFF_npp_d20140716_t1803247_e1809051_b14079_v21.csv,World_EEZ_v8_2014.shp,WPP_BFAR_merge.shp,KKP_IDN_merge_20161208.shp,VNF-VBD_npp_20120301-20151231_global_asia-enhanced_c201607211230.bitmask,NCEI_NGA.union.nga_lead2.add_2015ntl.mask,timezone.shp,VBD_platforms-recurring_2015_r20170330.shp,999999,VBD_bridges_c20160811.shp,2.701723;0.592520;-1.537733;-6.424739;-11.321091;-16.224911;-21.132078;-19.454973;-16.614069;-11.826628;-7.007390;-2.161976,98.595314;112.244095;125.823792;124.798187;123.864281;123.023224;122.264351;107.621338;93.259468;94.789581;96.172417;97.426979,npp_d20140716_t1803247_e1809051_b14079,152.601,39.1305,26.4347,99.2965,39.9985,89.6477
473,VBD_npp_d20140716_t1804024_x1085535E_y011703S_l0348_s1556_v23,2017-05-23 13:08:46,-1.170276,108.553497,135.063,2014-07-16 18:04:02,2014-07-17 01:04:02,348,1556,0.407261,1,2529,1.35182,0.207216,0.904188,0.4,0.973549,0.75,0.0423968,0.0001,1.80937e-06,999999,-1.477421e-02,3,Indonesian Exclusive Economic Zone,WPP711,,SVDNB_npp_d20140716_t1803247_e1809051_b14079_c20140717000905445784_noaa_ops.h5,GDNBO_npp_d20140716_t1803247_e1809051_b14079_c20140717000905445471_noaa_ops.h5,SVI04_npp_d20140716_t1803247_e1809051_b14079_c20140717000905432367_noaa_ops.dspace_rad,VNFF_npp_d20140716_t1803247_e1809051_b14079_v21.csv,World_EEZ_v8_2014.shp,WPP_BFAR_merge.shp,KKP_IDN_merge_20161208.shp,VNF-VBD_npp_20120301-20151231_global_asia-enhanced_c201607211230.bitmask,NCEI_NGA.union.nga_lead2.add_2015ntl.mask,timezone.shp,VBD_platforms-recurring_2015_r20170330.shp,999999,VBD_bridges_c20160811.shp,2.701723;0.592520;-1.537733;-6.424739;-11.321091;-16.224911;-21.132078;-19.454973;-16.614069;-11.826628;-7.007390;-2.161976,98.595314;112.244095;125.823792;124.798187;123.864281;123.023224;122.264351;107.621338;93.259468;94.789581;96.172417;97.426979,npp_d20140716_t1803247_e1809051_b14079,153.283,39.9258,26.4341,98.3825,40.1352,88.6966
474,VBD_npp_d20140716_t1803499_x1087350E_y003801S_l0227_s1557_v23,2017-05-23 13:08:46,-0.380113,108.735008,108.983,2014-07-16 18:03:49,2014-07-17 01:03:49,227,1557,0.443612,1,2529,1.0665,0.183135,0.915576,0.4,0.964951,0.75,0.0425538,0.0001,1.95218e-06,999999,1.573878e-01,3,Indonesian Exclusive Economic Zone,WPP711,,SVDNB_npp_d20140716_t1803247_e1809051_b14079_c20140717000905445784_noaa_ops.h5,GDNBO_npp_d20140716_t1803247_e1809051_b14079_c20140717000905445471_noaa_ops.h5,SVI04_npp_d20140716_t1803247_e1809051_b14079_c20140717000905432367_noaa_ops.dspace_rad,VNFF_npp_d20140716_t1803247_e1809051_b14079_v21.csv,World_EEZ_v8_2014.shp,WPP_BFAR_merge.shp,KKP_IDN_merge_20161208.shp,VNF-VBD_npp_20120301-20151231_global_asia-enhanced_c201607211230.bitmask,NCEI_NGA.union.nga_lead2.add_2015ntl.mask,timezone.shp,VBD_platforms-recurring_2015_r20170330.shp,999999,VBD_bridges_c20160811.shp,2.701723;0.592520;-1.537733;-6.424739;-11.321091;-16.224911;-21.132078;-19.454973;-16.614069;-11.826628;-7.007390;-2.161976,98.595314;112.244095;125.823792;124.798187;123.864281;123.023224;122.264351;107.621338;93.259468;94.789581;96.172417;97.426979,npp_d20140716_t1803247_e1809051_b14079,152.591,39.1353,26.3854,99.4177,39.9905,89.6545
475,VBD_npp_d20140716_t1804024_x1085699E_y011106S_l0339_s1557_v23,2017-05-23 13:08:46,-1.110561,108.569908,91.171,2014-07-16 18:04:02,2014-07-17 01:04:02,339,1557,0.408587,8,18913,1.25694,0.202633,0.90716,0.4,0.893148,0.75,0.0424139,0.0001,1.88673e-06,999999,1.799103e-02,3,Indonesian Exclusive Economic Zone,WPP711,,SVDNB_npp_d20140716_t1803247_e1809051_b14079_c20140717000905445784_noaa_ops.h5,GDNBO_npp_d20140716_t1803247_e1809051_b14079_c20140717000905445471_noaa_ops.h5,SVI04_npp_d20140716_t1803247_e1809051_b14079_c20140717000905432367_noaa_ops.dspace_rad,VNFF_npp_d20140716_t1803247_e1809051_b14079_v21.csv,World_EEZ_v8_2014.shp,WPP_BFAR_merge.shp,KKP_IDN_merge_20161208.shp,VNF-VBD_npp_20120301-20151231_global_asia-enhanced_c201607211230.bitmask,NCEI_NGA.union.nga_lead2.add_2015ntl.mask,timezone.shp,VBD_platforms-recurring_2015_r20170330.shp,0.23892,VBD_bridges_c20160811.shp,2.701723;0.592520;-1.537733;-6.424739;-11.321091;-16.224911;-21.132078;-19.454973;-16.614069;-11.826628;-7.007390;-2.161976,98.595314;112.244095;125.823792;124.798187;123.864281;123.023224;122.264351;107.621338;93.259468;94.789581;96.172417;97.426979,npp_d20140716_t1803247_e1809051_b14079,153.227,39.8744,26.3834,99.4653,40.1173,88.7682
476,VBD_npp_d20140716_t1803499_x1087396E_y003947S_l0229_s1558_v23,2017-05-23 13:08:46,-0.394698,108.739616,59.7792,2014-07-16 18:03:49,2014-07-17 01:03:49,229,1558,0.440408,1,2529,1.08569,0.173452,0.915576,0.4,0.96378,0.75,0.0425566,0.0001,1.98659e-06,999999,2.266109e-01,3,Indonesian Exclusive Economic Zone,WPP711,,SVDNB_npp_d20140716_t1803247_e1809051_b14079_c20140717000905445784_noaa_ops.h5,GDNBO_npp_d20140716_t1803247_e1809051_b14079_c20140717000905445471_noaa_ops.h5,SVI04_npp_d20140716_t1803247_e1809051_b14079_c20140717000905432367_noaa_ops.dspace_rad,VNFF_npp_d20140716_t1803247_e1809051_b14079_v21.csv,World_EEZ_v8_2014.shp,WPP_BFAR_merge.shp,KKP_IDN_merge_20161208.shp,VNF-VBD_npp_20120301-20151231_global_asia-enhanced_c201607211230.bitmask,NCEI_NGA.union.nga_lead2.add_2015ntl.mask,timezone.shp,VBD_platforms-recurring_2015_r20170330.shp,999999,VBD_bridges_c20160811.shp,2.701723;0.592520;-1.537733;-6.424739;-11.321091;-16.224911;-21.132078;-19.454973;-16.614069;-11.826628;-7.007390;-2.161976,98.595314;112.244095;125.823792;124.798187;123.864281;123.023224;122.264351;107.621338;93.259468;94.789581;96.172417;97.426979,npp_d20140716_t1803247_e1809051_b14079,152.6,39.1599,26.3354,99.1773,39.9859,89.6366
477,VBD_npp_d20140716_t1805047_x1077404E_y047563S_l0898_s1558_v23,2017-05-23 13:08:46,-4.756347,107.740440,17.9304,2014-07-16 18:05:04,2014-07-17 01:05:04,898,1558,0.393726,1,2529,0.496951,0.23687,0.820351,0.4,0.780935,0.75,0.0417549,0.0001,1.53619e-06,999999,-2.267797e-01,3,Indonesian Exclusive Economic Zone,WPP712,,SVDNB_npp_d20140716_t1803247_e1809051_b14079_c20140717000905445784_noaa_ops.h5,GDNBO_npp_d20140716_t1803247_e1809051_b14079_c20140717000905445471_noaa_ops.h5,SVI04_npp_d20140716_t1803247_e1809051_b14079_c20140717000905432367_noaa_ops.dspace_rad,VNFF_npp_d20140716_t1803247_e1809051_b14079_v21.csv,World_EEZ_v8_2014.shp,WPP_BFAR_merge.shp,KKP_IDN_merge_20161208.shp,VNF-VBD_npp_20120301-20151231_global_asia-enhanced_c201607211230.bitmask,NCEI_NGA.union.nga_lead2.add_2015ntl.mask,timezone.shp,VBD_platforms-recurring_2015_r20170330.shp,999999,VBD_bridges_c20160811.shp,2.701723;0.592520;-1.537733;-6.424739;-11.321091;-16.224911;-21.132078;-19.454973;-16.614069;-11.826628;-7.007390;-2.161976,98.595314;112.244095;125.823792;124.798187;123.864281;123.023224;122.264351;107.621338;93.259468;94.789581;96.172417;97.426979,npp_d20140716_t1803247_e1809051_b14079,156.318,44.1895,26.3378,99.8221,40.9212,84.4748
478,VBD_npp_d20140716_t1805047_x1077316E_y048104S_l0906_s1558_v23,2017-05-23 13:08:46,-4.810359,107.731606,34.645,2014-07-16 18:05:04,2014-07-17 01:05:04,906,1558,0.34942,1,2529,0.687091,0.244153,0.843865,0.4,0.877125,0.75,0.0417409,0.0001,1.4964e-06,999999,-2.788462e-01,3,Indonesian Exclusive Economic Zone,WPP712,,SVDNB_npp_d20140716_t1803247_e1809051_b14079_c20140717000905445784_noaa_ops.h5,GDNBO_npp_d20140716_t1803247_e1809051_b14079_c20140717000905445471_noaa_ops.h5,SVI04_npp_d20140716_t1803247_e1809051_b14079_c20140717000905432367_noaa_ops.dspace_rad,VNFF_npp_d20140716_t1803247_e1809051_b14079_v21.csv,World_EEZ_v8_2014.shp,WPP_BFAR_merge.shp,KKP_IDN_merge_20161208.shp,VNF-VBD_npp_20120301-20151231_global_asia-enhanced_c201607211230.bitmask,NCEI_NGA.union.nga_lead2.add_2015ntl.mask,timezone.shp,VBD_platforms-recurring_2015_r20170330.shp,999999,VBD_bridges_c20160811.shp,2.701723;0.592520;-1.537733;-6.424739;-11.321091;-16.224911;-21.132078;-19.454973;-16.614069;-11.826628;-7.007390;-2.161976,98.595314;112.244095;125.823792;124.798187;123.864281;123.023224;122.264351;107.621338;93.259468;94.789581;96.172417;97.426979,npp_d20140716_t1803247_e1809051_b14079,156.363,44.2618,26.3376,98.8575,40.9353,84.4131
479,VBD_npp_d20140716_t1805047_x1077250E_y048509S_l0912_s1558_v23,2017-05-23 13:08:46,-4.850867,107.724953,28.0175,2014-07-16 18:05:04,2014-07-17 01:05:04,912,1558,0.365938,1,2529,0.666568,0.22042,0.865295,0.4,0.878658,0.75,0.0417304,0.0001,1.46582e-06,999999,-1.091778e-01,3,Indonesian Exclusive Economic Zone,WPP712,,SVDNB_npp_d20140716_t1803247_e1809051_b14079_c20140717000905445784_noaa_ops.h5,GDNBO_npp_d20140716_t1803247_e1809051_b14079_c20140717000905445471_noaa_ops.h5,SVI04_npp_d20140716_t1803247_e1809051_b14079_c20140717000905432367_noaa_ops.dspace_rad,VNFF_npp_d20140716_t1803247_e1809051_b14079_v21.csv,World_EEZ_v8_2014.shp,WPP_BFAR_merge.shp,KKP_IDN_merge_20161208.shp,VNF-VBD_npp_20120301-20151231_global_asia-enhanced_c201607211230.bitmask,NCEI_NGA.union.nga_lead2.add_2015ntl.mask,timezone.shp,VBD_platforms-recurring_2015_r20170330.shp,999999,VBD_bridges_c20160811.shp,2.701723;0.592520;-1.537733;-6.424739;-11.321091;-16.224911;-21.132078;-19.454973;-16.614069;-11.826628;-7.007390;-2.161976,98.595314;112.244095;125.823792;124.798187;123.864281;123.023224;122.264351;107.621338;93.259468;94.789581;96.172417;97.426979,npp_d20140716_t1803247_e1809051_b14079,156.397,44.3162,26.342,98.1342,40.946,84.3669
480,VBD_npp_d20140716_t1803464_x1087958E_y001734S_l0195_s1559_v23,2017-05-23 13:08:46,-0.173429,108.795792,53.4706,2014-07-16 18:03:46,2014-07-17 01:03:46,195,1559,0.441678,1,2529,1.10191,0.191884,0.906973,0.4,0.971871,0.75,0.042603,0.0001,2.05757e-06,999999,9.483959e-02,3,Indonesian Exclusive Economic Zone,WPP711,,SVDNB_npp_d20140716_t1803247_e1809051_b14079_c20140717000905445784_noaa_ops.h5,GDNBO_npp_d20140716_t1803247_e1809051_b14079_c20140717000905445471_noaa_ops.h5,SVI04_npp_d20140716_t1803247_e1809051_b14079_c20140717000905432367_noaa_ops.dspace_rad,VNFF_npp_d20140716_t1803247_e1809051_b14079_v21.csv,World_EEZ_v8_2014.shp,WPP_BFAR_merge.shp,KKP_IDN_merge_20161208.shp,VNF-VBD_npp_20120301-20151231_global_asia-enhanced_c201607211230.bitmask,NCEI_NGA.union.nga_lead2.add_2015ntl.mask,timezone.shp,VBD_platforms-recurring_2015_r20170330.shp,999999,VBD_bridges_c20160811.shp,2.701723;0.592520;-1.537733;-6.424739;-11.321091;-16.224911;-21.132078;-19.454973;-16.614069;-11.826628;-7.007390;-2.161976,98.595314;112.244095;125.823792;124.798187;123.864281;123.023224;122.264351;107.621338;93.259468;94.789581;96.172417;97.426979,npp_d20140716_t1803247_e1809051_b14079,152.402,38.9535,26.2854,99.4091,39.9426,89.9066
481,VBD_npp_d20140716_t1805047_x1077407E_y048395S_l0910_s1560_v23,2017-05-23 13:08:46,-4.839541,107.740700,13.8476,2014-07-16 18:05:04,2014-07-17 01:05:04,910,1560,0.38102,1,2529,0.516188,0.227873,0.85362,0.4,0.836572,0.75,0.0417445,0.0001,1.54175e-06,999999,-1.624573e-01,3,Indonesian Exclusive Economic Zone,WPP712,,SVDNB_npp_d20140716_t1803247_e1809051_b14079_c20140717000905445784_noaa_ops.h5,GDNBO_npp_d20140716_t1803247_e1809051_b14079_c20140717000905445471_noaa_ops.h5,SVI04_npp_d20140716_t1803247_e1809051_b14079_c20140717000905432367_noaa_ops.dspace_rad,VNFF_npp_d20140716_t1803247_e1809051_b14079_v21.csv,World_EEZ_v8_2014.shp,WPP_BFAR_merge.shp,KKP_IDN_merge_20161208.shp,VNF-VBD_npp_20120301-20151231_global_asia-enhanced_c201607211230.bitmask,NCEI_NGA.union.nga_lead2.add_2015ntl.mask,timezone.shp,VBD_platforms-recurring_2015_r20170330.shp,999999,VBD_bridges_c20160811.shp,2.701723;0.592520;-1.537733;-6.424739;-11.321091;-16.224911;-21.132078;-19.454973;-16.614069;-11.826628;-7.007390;-2.161976,98.595314;112.244095;125.823792;124.798187;123.864281;123.023224;122.264351;107.621338;93.259468;94.789581;96.172417;97.426979,npp_d20140716_t1803247_e1809051_b14079,156.378,44.3225,26.241,98.3715,40.9291,84.377
482,VBD_npp_d20140716_t1805047_x1077574E_y047799S_l0901_s1561_v23,2017-05-23 13:08:46,-4.779932,107.757401,36.5808,2014-07-16 18:05:04,2014-07-17 01:05:04,901,1561,0.325334,1,2529,0.781549,0.199777,0.86236,0.4,0.902327,0.75,0.0417655,0.0001,1.62383e-06,999999,3.840719e-02,3,Indonesian Exclusive Economic Zone,WPP712,,SVDNB_npp_d20140716_t1803247_e1809051_b14079_c20140717000905445784_noaa_ops.h5,GDNBO_npp_d20140716_t1803247_e1809051_b14079_c20140717000905445471_noaa_ops.h5,SVI04_npp_d20140716_t1803247_e1809051_b14079_c20140717000905432367_noaa_ops.dspace_rad,VNFF_npp_d20140716_t1803247_e1809051_b14079_v21.csv,World_EEZ_v8_2014.shp,WPP_BFAR_merge.shp,KKP_IDN_merge_20161208.shp,VNF-VBD_npp_20120301-20151231_global_asia-enhanced_c201607211230.bitmask,NCEI_NGA.union.nga_lead2.add_2015ntl.mask,timezone.shp,VBD_platforms-recurring_2015_r20170330.shp,999999,VBD_bridges_c20160811.shp,2.701723;0.592520;-1.537733;-6.424739;-11.321091;-16.224911;-21.132078;-19.454973;-16.614069;-11.826628;-7.007390;-2.161976,98.595314;112.244095;125.823792;124.798187;123.864281;123.023224;122.264351;107.621338;93.259468;94.789581;96.172417;97.426979,npp_d20140716_t1803247_e1809051_b14079,156.324,44.2532,26.1883,99.4603,40.9064,84.4437
483,VBD_npp_d20140716_t1803482_x1087854E_y003282S_l0218_s1562_v23,2017-05-23 13:08:46,-0.328175,108.785400,79.9691,2014-07-16 18:03:48,2014-07-17 01:03:48,218,1562,0.443391,1,2529,1.27651,0.199287,0.914379,0.4,0.981171,0.75,0.0425912,0.0001,2.15598e-06,999999,4.190962e-02,3,Indonesian Exclusive Economic Zone,WPP711,,SVDNB_npp_d20140716_t1803247_e1809051_b14079_c20140717000905445784_noaa_ops.h5,GDNBO_npp_d20140716_t1803247_e1809051_b14079_c20140717000905445471_noaa_ops.h5,SVI04_npp_d20140716_t1803247_e1809051_b14079_c20140717000905432367_noaa_ops.dspace_rad,VNFF_npp_d20140716_t1803247_e1809051_b14079_v21.csv,World_EEZ_v8_2014.shp,WPP_BFAR_merge.shp,KKP_IDN_merge_20161208.shp,VNF-VBD_npp_20120301-20151231_global_asia-enhanced_c201607211230.bitmask,NCEI_NGA.union.nga_lead2.add_2015ntl.mask,timezone.shp,VBD_platforms-recurring_2015_r20170330.shp,999999,VBD_bridges_c20160811.shp,2.701723;0.592520;-1.537733;-6.424739;-11.321091;-16.224911;-21.132078;-19.454973;-16.614069;-11.826628;-7.007390;-2.161976,98.595314;112.244095;125.823792;124.798187;123.864281;123.023224;122.264351;107.621338;93.259468;94.789581;96.172417;97.426979,npp_d20140716_t1803247_e1809051_b14079,152.524,39.1361,26.1338,98.5699,39.9464,89.7175
484,VBD_npp_d20140716_t1805029_x1077897E_y047529S_l0896_s1564_v23,2017-05-23 13:08:46,-4.752888,107.789680,8.505,2014-07-16 18:05:02,2014-07-17 01:05:02,896,1564,0.317655,7,2465,0.288298,0.247209,0.859082,0.4,0.649007,0.75,0.0417901,0.0001,1.68325e-06,999999,-3.006981e-01,3,,,,SVDNB_npp_d20140716_t1803247_e1809051_b14079_c20140717000905445784_noaa_ops.h5,GDNBO_npp_d20140716_t1803247_e1809051_b14079_c20140717000905445471_noaa_ops.h5,SVI04_npp_d20140716_t1803247_e1809051_b14079_c20140717000905432367_noaa_ops.dspace_rad,VNFF_npp_d20140716_t1803247_e1809051_b14079_v21.csv,World_EEZ_v8_2014.shp,WPP_BFAR_merge.shp,KKP_IDN_merge_20161208.shp,VNF-VBD_npp_20120301-20151231_global_asia-enhanced_c201607211230.bitmask,NCEI_NGA.union.nga_lead2.add_2015ntl.mask,timezone.shp,VBD_platforms-recurring_2015_r20170330.shp,999999,VBD_bridges_c20160811.shp,2.701723;0.592520;-1.537733;-6.424739;-11.321091;-16.224911;-21.132078;-19.454973;-16.614069;-11.826628;-7.007390;-2.161976,98.595314;112.244095;125.823792;124.798187;123.864281;123.023224;122.264351;107.621338;93.259468;94.789581;96.172417;97.426979,npp_d20140716_t1803247_e1809051_b14079,156.287,44.2486,26.0448,98.1161,40.8785,84.4707
485,VBD_npp_d20140716_t1805047_x1077888E_y047574S_l0897_s1565_v23,2017-05-23 13:08:46,-4.757425,107.788765,71.5943,2014-07-16 18:05:04,2014-07-17 01:05:04,897,1565,0.319091,1,2529,0.942485,0.249423,0.859082,0.4,0.902705,0.75,0.0417936,0.0001,1.79295e-06,999999,-3.165246e-01,3,Indonesian Exclusive Economic Zone,WPP712,,SVDNB_npp_d20140716_t1803247_e1809051_b14079_c20140717000905445784_noaa_ops.h5,GDNBO_npp_d20140716_t1803247_e1809051_b14079_c20140717000905445471_noaa_ops.h5,SVI04_npp_d20140716_t1803247_e1809051_b14079_c20140717000905432367_noaa_ops.dspace_rad,VNFF_npp_d20140716_t1803247_e1809051_b14079_v21.csv,World_EEZ_v8_2014.shp,WPP_BFAR_merge.shp,KKP_IDN_merge_20161208.shp,VNF-VBD_npp_20120301-20151231_global_asia-enhanced_c201607211230.bitmask,NCEI_NGA.union.nga_lead2.add_2015ntl.mask,timezone.shp,VBD_platforms-recurring_2015_r20170330.shp,999999,VBD_bridges_c20160811.shp,2.701723;0.592520;-1.537733;-6.424739;-11.321091;-16.224911;-21.132078;-19.454973;-16.614069;-11.826628;-7.007390;-2.161976,98.595314;112.244095;125.823792;124.798187;123.864281;123.023224;122.264351;107.621338;93.259468;94.789581;96.172417;97.426979,npp_d20140716_t1803247_e1809051_b14079,156.286,44.2658,25.9916,99.9486,40.8727,84.464
486,VBD_npp_d20140716_t1803464_x1088290E_y002685S_l0208_s1566_v23,2017-05-23 13:08:46,-0.268474,108.828972,90.1486,2014-07-16 18:03:46,2014-07-17 01:03:46,208,1566,0.441015,1,2529,1.3369,0.228958,0.900996,0.4,0.9861,0.75,0.0426245,0.0001,2.32484e-06,999999,-1.702121e-01,3,Indonesian Exclusive Economic Zone,WPP711,,SVDNB_npp_d20140716_t1803247_e1809051_b14079_c20140717000905445784_noaa_ops.h5,GDNBO_npp_d20140716_t1803247_e1809051_b14079_c20140717000905445471_noaa_ops.h5,SVI04_npp_d20140716_t1803247_e1809051_b14079_c20140717000905432367_noaa_ops.dspace_rad,VNFF_npp_d20140716_t1803247_e1809051_b14079_v21.csv,World_EEZ_v8_2014.shp,WPP_BFAR_merge.shp,KKP_IDN_merge_20161208.shp,VNF-VBD_npp_20120301-20151231_global_asia-enhanced_c201607211230.bitmask,NCEI_NGA.union.nga_lead2.add_2015ntl.mask,timezone.shp,VBD_platforms-recurring_2015_r20170330.shp,999999,VBD_bridges_c20160811.shp,2.701723;0.592520;-1.537733;-6.424739;-11.321091;-16.224911;-21.132078;-19.454973;-16.614069;-11.826628;-7.007390;-2.161976,98.595314;112.244095;125.823792;124.798187;123.864281;123.023224;122.264351;107.621338;93.259468;94.789581;96.172417;97.426979,npp_d20140716_t1803247_e1809051_b14079,152.455,39.1174,25.9435,97.8251,39.9092,89.7902
487,VBD_npp_d20140716_t1805029_x1078120E_y047012S_l0888_s1566_v23,2017-05-23 13:08:46,-4.701190,107.811966,38.138,2014-07-16 18:05:02,2014-07-17 01:05:02,888,1566,0.396378,1,2529,0.840561,0.203703,0.869784,0.4,0.929826,0.75,0.0418143,0.0001,1.80518e-06,999999,1.033918e-02,3,Indonesian Exclusive Economic Zone,WPP712,,SVDNB_npp_d20140716_t1803247_e1809051_b14079_c20140717000905445784_noaa_ops.h5,GDNBO_npp_d20140716_t1803247_e1809051_b14079_c20140717000905445471_noaa_ops.h5,SVI04_npp_d20140716_t1803247_e1809051_b14079_c20140717000905432367_noaa_ops.dspace_rad,VNFF_npp_d20140716_t1803247_e1809051_b14079_v21.csv,World_EEZ_v8_2014.shp,WPP_BFAR_merge.shp,KKP_IDN_merge_20161208.shp,VNF-VBD_npp_20120301-20151231_global_asia-enhanced_c201607211230.bitmask,NCEI_NGA.union.nga_lead2.add_2015ntl.mask,timezone.shp,VBD_platforms-recurring_2015_r20170330.shp,999999,VBD_bridges_c20160811.shp,2.701723;0.592520;-1.537733;-6.424739;-11.321091;-16.224911;-21.132078;-19.454973;-16.614069;-11.826628;-7.007390;-2.161976,98.595314;112.244095;125.823792;124.798187;123.864281;123.023224;122.264351;107.621338;93.259468;94.789581;96.172417;97.426979,npp_d20140716_t1803247_e1809051_b14079,156.234,44.201,25.9409,99.0896,40.8511,84.5272
488,VBD_npp_d20140716_t1803482_x1088285E_y002729S_l0209_s1567_v23,2017-05-23 13:08:46,-0.272912,108.828499,43.2116,2014-07-16 18:03:48,2014-07-17 01:03:48,209,1567,0.442562,1,2529,1.01458,0.238442,0.888982,0.4,0.952474,0.75,0.0426286,0.0001,2.43895e-06,999999,-2.380215e-01,3,Indonesian Exclusive Economic Zone,WPP711,,SVDNB_npp_d20140716_t1803247_e1809051_b14079_c20140717000905445784_noaa_ops.h5,GDNBO_npp_d20140716_t1803247_e1809051_b14079_c20140717000905445471_noaa_ops.h5,SVI04_npp_d20140716_t1803247_e1809051_b14079_c20140717000905432367_noaa_ops.dspace_rad,VNFF_npp_d20140716_t1803247_e1809051_b14079_v21.csv,World_EEZ_v8_2014.shp,WPP_BFAR_merge.shp,KKP_IDN_merge_20161208.shp,VNF-VBD_npp_20120301-20151231_global_asia-enhanced_c201607211230.bitmask,NCEI_NGA.union.nga_lead2.add_2015ntl.mask,timezone.shp,VBD_platforms-recurring_2015_r20170330.shp,999999,VBD_bridges_c20160811.shp,2.701723;0.592520;-1.537733;-6.424739;-11.321091;-16.224911;-21.132078;-19.454973;-16.614069;-11.826628;-7.007390;-2.161976,98.595314;112.244095;125.823792;124.798187;123.864281;123.023224;122.264351;107.621338;93.259468;94.789581;96.172417;97.426979,npp_d20140716_t1803247_e1809051_b14079,152.454,39.1331,25.8871,99.6705,39.9025,89.7846
489,VBD_npp_d20140716_t1805047_x1078012E_y048079S_l0904_s1568_v23,2017-05-23 13:08:46,-4.807854,107.801224,65.0421,2014-07-16 18:05:04,2014-07-17 01:05:04,904,1568,0.3866,1,2529,0.965036,0.194882,0.859895,0.4,0.929645,0.75,0.0417972,0.0001,1.8693e-06,999999,7.340253e-02,3,Indonesian Exclusive Economic Zone,WPP712,,SVDNB_npp_d20140716_t1803247_e1809051_b14079_c20140717000905445784_noaa_ops.h5,GDNBO_npp_d20140716_t1803247_e1809051_b14079_c20140717000905445471_noaa_ops.h5,SVI04_npp_d20140716_t1803247_e1809051_b14079_c20140717000905432367_noaa_ops.dspace_rad,VNFF_npp_d20140716_t1803247_e1809051_b14079_v21.csv,World_EEZ_v8_2014.shp,WPP_BFAR_merge.shp,KKP_IDN_merge_20161208.shp,VNF-VBD_npp_20120301-20151231_global_asia-enhanced_c201607211230.bitmask,NCEI_NGA.union.nga_lead2.add_2015ntl.mask,timezone.shp,VBD_platforms-recurring_2015_r20170330.shp,999999,VBD_bridges_c20160811.shp,2.701723;0.592520;-1.537733;-6.424739;-11.321091;-16.224911;-21.132078;-19.454973;-16.614069;-11.826628;-7.007390;-2.161976,98.595314;112.244095;125.823792;124.798187;123.864281;123.023224;122.264351;107.621338;93.259468;94.789581;96.172417;97.426979,npp_d20140716_t1803247_e1809051_b14079,156.313,44.3653,25.8418,99.0921,40.8651,84.4022
490,VBD_npp_d20140716_t1805011_x1078471E_y046542S_l0880_s1569_v23,2017-05-23 13:08:46,-4.654153,107.847092,49.928,2014-07-16 18:05:01,2014-07-17 01:05:01,880,1569,0.36743,1,2529,0.94173,0.236264,0.893985,0.4,0.94127,0.75,0.0418436,0.0001,1.8866e-06,999999,-2.224488e-01,3,Indonesian Exclusive Economic Zone,WPP712,,SVDNB_npp_d20140716_t1803247_e1809051_b14079_c20140717000905445784_noaa_ops.h5,GDNBO_npp_d20140716_t1803247_e1809051_b14079_c20140717000905445471_noaa_ops.h5,SVI04_npp_d20140716_t1803247_e1809051_b14079_c20140717000905432367_noaa_ops.dspace_rad,VNFF_npp_d20140716_t1803247_e1809051_b14079_v21.csv,World_EEZ_v8_2014.shp,WPP_BFAR_merge.shp,KKP_IDN_merge_20161208.shp,VNF-VBD_npp_20120301-20151231_global_asia-enhanced_c201607211230.bitmask,NCEI_NGA.union.nga_lead2.add_2015ntl.mask,timezone.shp,VBD_platforms-recurring_2015_r20170330.shp,999999,VBD_bridges_c20160811.shp,2.701723;0.592520;-1.537733;-6.424739;-11.321091;-16.224911;-21.132078;-19.454973;-16.614069;-11.826628;-7.007390;-2.161976,98.595314;112.244095;125.823792;124.798187;123.864281;123.023224;122.264351;107.621338;93.259468;94.789581;96.172417;97.426979,npp_d20140716_t1803247_e1809051_b14079,156.181,44.1693,25.7999,98.093,40.8184,84.5774
491,VBD_npp_d20140716_t1805029_x1078343E_y046910S_l0886_s1569_v23,2017-05-23 13:08:46,-4.691025,107.834312,29.9096,2014-07-16 18:05:02,2014-07-17 01:05:02,886,1569,0.387483,1,2529,0.718675,0.236773,0.890233,0.4,0.886056,0.75,0.0418335,0.0001,1.93731e-06,999999,-2.260890e-01,3,Indonesian Exclusive Economic Zone,WPP712,,SVDNB_npp_d20140716_t1803247_e1809051_b14079_c20140717000905445784_noaa_ops.h5,GDNBO_npp_d20140716_t1803247_e1809051_b14079_c20140717000905445471_noaa_ops.h5,SVI04_npp_d20140716_t1803247_e1809051_b14079_c20140717000905432367_noaa_ops.dspace_rad,VNFF_npp_d20140716_t1803247_e1809051_b14079_v21.csv,World_EEZ_v8_2014.shp,WPP_BFAR_merge.shp,KKP_IDN_merge_20161208.shp,VNF-VBD_npp_20120301-20151231_global_asia-enhanced_c201607211230.bitmask,NCEI_NGA.union.nga_lead2.add_2015ntl.mask,timezone.shp,VBD_platforms-recurring_2015_r20170330.shp,999999,VBD_bridges_c20160811.shp,2.701723;0.592520;-1.537733;-6.424739;-11.321091;-16.224911;-21.132078;-19.454973;-16.614069;-11.826628;-7.007390;-2.161976,98.595314;112.244095;125.823792;124.798187;123.864281;123.023224;122.264351;107.621338;93.259468;94.789581;96.172417;97.426979,npp_d20140716_t1803247_e1809051_b14079,156.212,44.2193,25.7922,99.3335,40.8276,84.5349
492,VBD_npp_d20140716_t1805029_x1078288E_y047246S_l0891_s1569_v23,2017-05-23 13:08:46,-4.724648,107.828812,17.0661,2014-07-16 18:05:02,2014-07-17 01:05:02,891,1569,0.342515,7,2465,0.321676,0.182807,0.864443,0.4,0.604414,0.75,0.0418251,0.0001,1.90583e-06,999999,1.597308e-01,3,,,,SVDNB_npp_d20140716_t1803247_e1809051_b14079_c20140717000905445784_noaa_ops.h5,GDNBO_npp_d20140716_t1803247_e1809051_b14079_c20140717000905445471_noaa_ops.h5,SVI04_npp_d20140716_t1803247_e1809051_b14079_c20140717000905432367_noaa_ops.dspace_rad,VNFF_npp_d20140716_t1803247_e1809051_b14079_v21.csv,World_EEZ_v8_2014.shp,WPP_BFAR_merge.shp,KKP_IDN_merge_20161208.shp,VNF-VBD_npp_20120301-20151231_global_asia-enhanced_c201607211230.bitmask,NCEI_NGA.union.nga_lead2.add_2015ntl.mask,timezone.shp,VBD_platforms-recurring_2015_r20170330.shp,999999,VBD_bridges_c20160811.shp,2.701723;0.592520;-1.537733;-6.424739;-11.321091;-16.224911;-21.132078;-19.454973;-16.614069;-11.826628;-7.007390;-2.161976,98.595314;112.244095;125.823792;124.798187;123.864281;123.023224;122.264351;107.621338;93.259468;94.789581;96.172417;97.426979,npp_d20140716_t1803247_e1809051_b14079,156.239,44.2641,25.7934,98.7188,40.8364,84.4963
493,VBD_npp_d20140716_t1805029_x1078233E_y047583S_l0896_s1569_v23,2017-05-23 13:08:46,-4.758270,107.823311,21.3453,2014-07-16 18:05:02,2014-07-17 01:05:02,896,1569,0.344282,1,2529,0.546855,0.240754,0.855429,0.4,0.827829,0.75,0.0418165,0.0001,1.87379e-06,999999,-2.545502e-01,3,Indonesian Exclusive Economic Zone,WPP712,,SVDNB_npp_d20140716_t1803247_e1809051_b14079_c20140717000905445784_noaa_ops.h5,GDNBO_npp_d20140716_t1803247_e1809051_b14079_c20140717000905445471_noaa_ops.h5,SVI04_npp_d20140716_t1803247_e1809051_b14079_c20140717000905432367_noaa_ops.dspace_rad,VNFF_npp_d20140716_t1803247_e1809051_b14079_v21.csv,World_EEZ_v8_2014.shp,WPP_BFAR_merge.shp,KKP_IDN_merge_20161208.shp,VNF-VBD_npp_20120301-20151231_global_asia-enhanced_c201607211230.bitmask,NCEI_NGA.union.nga_lead2.add_2015ntl.mask,timezone.shp,VBD_platforms-recurring_2015_r20170330.shp,999999,VBD_bridges_c20160811.shp,2.701723;0.592520;-1.537733;-6.424739;-11.321091;-16.224911;-21.132078;-19.454973;-16.614069;-11.826628;-7.007390;-2.161976,98.595314;112.244095;125.823792;124.798187;123.864281;123.023224;122.264351;107.621338;93.259468;94.789581;96.172417;97.426979,npp_d20140716_t1803247_e1809051_b14079,156.267,44.309,25.7974,98.1042,40.8452,84.4578
494,VBD_npp_d20140716_t1804024_x1086572E_y011246S_l0339_s1570_v23,2017-05-23 13:08:46,-1.124638,108.657173,38.6101,2014-07-16 18:04:02,2014-07-17 01:04:02,339,1570,0.33141,1,2529,0.907148,0.231694,0.835374,0.4,0.92229,0.75,0.0424827,0.0001,2.48624e-06,999999,-1.897762e-01,3,Indonesian Exclusive Economic Zone,WPP711,,SVDNB_npp_d20140716_t1803247_e1809051_b14079_c20140717000905445784_noaa_ops.h5,GDNBO_npp_d20140716_t1803247_e1809051_b14079_c20140717000905445471_noaa_ops.h5,SVI04_npp_d20140716_t1803247_e1809051_b14079_c20140717000905432367_noaa_ops.dspace_rad,VNFF_npp_d20140716_t1803247_e1809051_b14079_v21.csv,World_EEZ_v8_2014.shp,WPP_BFAR_merge.shp,KKP_IDN_merge_20161208.shp,VNF-VBD_npp_20120301-20151231_global_asia-enhanced_c201607211230.bitmask,NCEI_NGA.union.nga_lead2.add_2015ntl.mask,timezone.shp,VBD_platforms-recurring_2015_r20170330.shp,999999,VBD_bridges_c20160811.shp,2.701723;0.592520;-1.537733;-6.424739;-11.321091;-16.224911;-21.132078;-19.454973;-16.614069;-11.826628;-7.007390;-2.161976,98.595314;112.244095;125.823792;124.798187;123.864281;123.023224;122.264351;107.621338;93.259468;94.789581;96.172417;97.426979,npp_d20140716_t1803247_e1809051_b14079,153.182,40.0231,25.7398,99.4765,40.0292,88.7471
495,VBD_npp_d20140716_t1805029_x1078377E_y047123S_l0889_s1570_v23,2017-05-23 13:08:46,-4.712289,107.837715,26.4001,2014-07-16 18:05:02,2014-07-17 01:05:02,889,1570,0.351464,1,2529,0.54393,0.233615,0.88131,0.4,0.804022,0.75,0.0418338,0.0001,1.95979e-06,999999,-2.035094e-01,3,Indonesian Exclusive Economic Zone,WPP712,,SVDNB_npp_d20140716_t1803247_e1809051_b14079_c20140717000905445784_noaa_ops.h5,GDNBO_npp_d20140716_t1803247_e1809051_b14079_c20140717000905445471_noaa_ops.h5,SVI04_npp_d20140716_t1803247_e1809051_b14079_c20140717000905432367_noaa_ops.dspace_rad,VNFF_npp_d20140716_t1803247_e1809051_b14079_v21.csv,World_EEZ_v8_2014.shp,WPP_BFAR_merge.shp,KKP_IDN_merge_20161208.shp,VNF-VBD_npp_20120301-20151231_global_asia-enhanced_c201607211230.bitmask,NCEI_NGA.union.nga_lead2.add_2015ntl.mask,timezone.shp,VBD_platforms-recurring_2015_r20170330.shp,999999,VBD_bridges_c20160811.shp,2.701723;0.592520;-1.537733;-6.424739;-11.321091;-16.224911;-21.132078;-19.454973;-16.614069;-11.826628;-7.007390;-2.161976,98.595314;112.244095;125.823792;124.798187;123.864281;123.023224;122.264351;107.621338;93.259468;94.789581;96.172417;97.426979,npp_d20140716_t1803247_e1809051_b14079,156.224,44.2582,25.7431,98.9639,40.8263,84.5091
496,VBD_npp_d20140716_t1805047_x1078135E_y048168S_l0905_s1570_v23,2017-05-23 13:08:46,-4.816764,107.813530,28.8598,2014-07-16 18:05:04,2014-07-17 01:05:04,905,1570,0.407261,1,2529,0.643118,0.213553,0.859895,0.4,0.871571,0.75,0.041806,0.0001,1.94432e-06,999999,-6.008345e-02,3,Indonesian Exclusive Economic Zone,WPP712,,SVDNB_npp_d20140716_t1803247_e1809051_b14079_c20140717000905445784_noaa_ops.h5,GDNBO_npp_d20140716_t1803247_e1809051_b14079_c20140717000905445471_noaa_ops.h5,SVI04_npp_d20140716_t1803247_e1809051_b14079_c20140717000905432367_noaa_ops.dspace_rad,VNFF_npp_d20140716_t1803247_e1809051_b14079_v21.csv,World_EEZ_v8_2014.shp,WPP_BFAR_merge.shp,KKP_IDN_merge_20161208.shp,VNF-VBD_npp_20120301-20151231_global_asia-enhanced_c201607211230.bitmask,NCEI_NGA.union.nga_lead2.add_2015ntl.mask,timezone.shp,VBD_platforms-recurring_2015_r20170330.shp,999999,VBD_bridges_c20160811.shp,2.701723;0.592520;-1.537733;-6.424739;-11.321091;-16.224911;-21.132078;-19.454973;-16.614069;-11.826628;-7.007390;-2.161976,98.595314;112.244095;125.823792;124.798187;123.864281;123.023224;122.264351;107.621338;93.259468;94.789581;96.172417;97.426979,npp_d20140716_t1803247_e1809051_b14079,156.311,44.3984,25.7431,98.9676,40.8536,84.3893
497,VBD_npp_d20140716_t1805029_x1078499E_y046798S_l0884_s1571_v23,2017-05-23 13:08:46,-4.679780,107.849899,26.9172,2014-07-16 18:05:02,2014-07-17 01:05:02,884,1571,0.402178,1,2529,0.714729,0.201088,0.880593,0.4,0.892094,0.75,0.0418475,0.0001,2.03445e-06,999999,2.903544e-02,3,Indonesian Exclusive Economic Zone,WPP712,,SVDNB_npp_d20140716_t1803247_e1809051_b14079_c20140717000905445784_noaa_ops.h5,GDNBO_npp_d20140716_t1803247_e1809051_b14079_c20140717000905445471_noaa_ops.h5,SVI04_npp_d20140716_t1803247_e1809051_b14079_c20140717000905432367_noaa_ops.dspace_rad,VNFF_npp_d20140716_t1803247_e1809051_b14079_v21.csv,World_EEZ_v8_2014.shp,WPP_BFAR_merge.shp,KKP_IDN_merge_20161208.shp,VNF-VBD_npp_20120301-20151231_global_asia-enhanced_c201607211230.bitmask,NCEI_NGA.union.nga_lead2.add_2015ntl.mask,timezone.shp,VBD_platforms-recurring_2015_r20170330.shp,999999,VBD_bridges_c20160811.shp,2.701723;0.592520;-1.537733;-6.424739;-11.321091;-16.224911;-21.132078;-19.454973;-16.614069;-11.826628;-7.007390;-2.161976,98.595314;112.244095;125.823792;124.798187;123.864281;123.023224;122.264351;107.621338;93.259468;94.789581;96.172417;97.426979,npp_d20140716_t1803247_e1809051_b14079,156.193,44.2255,25.6936,99.5799,40.8109,84.5451
498,VBD_npp_d20140716_t1805029_x1078400E_y047403S_l0893_s1571_v23,2017-05-23 13:08:46,-4.740258,107.840019,36.1724,2014-07-16 18:05:02,2014-07-17 01:05:02,893,1571,0.33478,1,2529,0.492528,0.209909,0.865338,0.4,0.765347,0.75,0.0418323,0.0001,1.97542e-06,999999,-3.402906e-02,3,Indonesian Exclusive Economic Zone,WPP712,,SVDNB_npp_d20140716_t1803247_e1809051_b14079_c20140717000905445784_noaa_ops.h5,GDNBO_npp_d20140716_t1803247_e1809051_b14079_c20140717000905445471_noaa_ops.h5,SVI04_npp_d20140716_t1803247_e1809051_b14079_c20140717000905432367_noaa_ops.dspace_rad,VNFF_npp_d20140716_t1803247_e1809051_b14079_v21.csv,World_EEZ_v8_2014.shp,WPP_BFAR_merge.shp,KKP_IDN_merge_20161208.shp,VNF-VBD_npp_20120301-20151231_global_asia-enhanced_c201607211230.bitmask,NCEI_NGA.union.nga_lead2.add_2015ntl.mask,timezone.shp,VBD_platforms-recurring_2015_r20170330.shp,999999,VBD_bridges_c20160811.shp,2.701723;0.592520;-1.537733;-6.424739;-11.321091;-16.224911;-21.132078;-19.454973;-16.614069;-11.826628;-7.007390;-2.161976,98.595314;112.244095;125.823792;124.798187;123.864281;123.023224;122.264351;107.621338;93.259468;94.789581;96.172417;97.426979,npp_d20140716_t1803247_e1809051_b14079,156.243,44.3061,25.6957,98.4695,40.8267,84.4757
499,VBD_npp_d20140716_t1805047_x1078224E_y048044S_l0903_s1571_v23,2017-05-23 13:08:46,-4.804415,107.822433,18.7244,2014-07-16 18:05:04,2014-07-17 01:05:04,903,1571,0.393339,1,2529,0.475911,0.203902,0.854929,0.4,0.757926,0.75,0.0418148,0.0001,1.99923e-06,999999,8.916315e-03,3,Indonesian Exclusive Economic Zone,WPP712,,SVDNB_npp_d20140716_t1803247_e1809051_b14079_c20140717000905445784_noaa_ops.h5,GDNBO_npp_d20140716_t1803247_e1809051_b14079_c20140717000905445471_noaa_ops.h5,SVI04_npp_d20140716_t1803247_e1809051_b14079_c20140717000905432367_noaa_ops.dspace_rad,VNFF_npp_d20140716_t1803247_e1809051_b14079_v21.csv,World_EEZ_v8_2014.shp,WPP_BFAR_merge.shp,KKP_IDN_merge_20161208.shp,VNF-VBD_npp_20120301-20151231_global_asia-enhanced_c201607211230.bitmask,NCEI_NGA.union.nga_lead2.add_2015ntl.mask,timezone.shp,VBD_platforms-recurring_2015_r20170330.shp,999999,VBD_bridges_c20160811.shp,2.701723;0.592520;-1.537733;-6.424739;-11.321091;-16.224911;-21.132078;-19.454973;-16.614069;-11.826628;-7.007390;-2.161976,98.595314;112.244095;125.823792;124.798187;123.864281;123.023224;122.264351;107.621338;93.259468;94.789581;96.172417;97.426979,npp_d20140716_t1803247_e1809051_b14079,156.296,44.3925,25.6933,99.2135,40.8435,84.402
500,VBD_npp_d20140716_t1804060_x1086122E_y014026S_l0381_s1572_v23,2017-05-23 13:08:46,-1.402597,108.612152,51.3164,2014-07-16 18:04:06,2014-07-17 01:04:06,381,1572,0.432839,1,2529,1.13532,0.207241,0.916551,0.4,0.978258,0.75,0.0424385,0.0001,2.50464e-06,999999,-1.495680e-02,3,Indonesian Exclusive Economic Zone,WPP711,,SVDNB_npp_d20140716_t1803247_e1809051_b14079_c20140717000905445784_noaa_ops.h5,GDNBO_npp_d20140716_t1803247_e1809051_b14079_c20140717000905445471_noaa_ops.h5,SVI04_npp_d20140716_t1803247_e1809051_b14079_c20140717000905432367_noaa_ops.dspace_rad,VNFF_npp_d20140716_t1803247_e1809051_b14079_v21.csv,World_EEZ_v8_2014.shp,WPP_BFAR_merge.shp,KKP_IDN_merge_20161208.shp,VNF-VBD_npp_20120301-20151231_global_asia-enhanced_c201607211230.bitmask,NCEI_NGA.union.nga_lead2.add_2015ntl.mask,timezone.shp,VBD_platforms-recurring_2015_r20170330.shp,999999,VBD_bridges_c20160811.shp,2.701723;0.592520;-1.537733;-6.424739;-11.321091;-16.224911;-21.132078;-19.454973;-16.614069;-11.826628;-7.007390;-2.161976,98.595314;112.244095;125.823792;124.798187;123.864281;123.023224;122.264351;107.621338;93.259468;94.789581;96.172417;97.426979,npp_d20140716_t1803247_e1809051_b14079,153.413,40.3344,25.6452,98.255,40.0673,88.4103
501,VBD_npp_d20140716_t1805029_x1078511E_y047145S_l0889_s1572_v23,2017-05-23 13:08:46,-4.714468,107.851112,40.9187,2014-07-16 18:05:02,2014-07-17 01:05:02,889,1572,0.35732,1,2529,0.590837,0.221838,0.875462,0.4,0.814958,0.75,0.0418443,0.0001,2.04483e-06,999999,-1.193120e-01,3,Indonesian Exclusive Economic Zone,WPP712,,SVDNB_npp_d20140716_t1803247_e1809051_b14079_c20140717000905445784_noaa_ops.h5,GDNBO_npp_d20140716_t1803247_e1809051_b14079_c20140717000905445471_noaa_ops.h5,SVI04_npp_d20140716_t1803247_e1809051_b14079_c20140717000905432367_noaa_ops.dspace_rad,VNFF_npp_d20140716_t1803247_e1809051_b14079_v21.csv,World_EEZ_v8_2014.shp,WPP_BFAR_merge.shp,KKP_IDN_merge_20161208.shp,VNF-VBD_npp_20120301-20151231_global_asia-enhanced_c201607211230.bitmask,NCEI_NGA.union.nga_lead2.add_2015ntl.mask,timezone.shp,VBD_platforms-recurring_2015_r20170330.shp,999999,VBD_bridges_c20160811.shp,2.701723;0.592520;-1.537733;-6.424739;-11.321091;-16.224911;-21.132078;-19.454973;-16.614069;-11.826628;-7.007390;-2.161976,98.595314;112.244095;125.823792;124.798187;123.864281;123.023224;122.264351;107.621338;93.259468;94.789581;96.172417;97.426979,npp_d20140716_t1803247_e1809051_b14079,156.217,44.2822,25.6442,98.9621,40.813,84.504
502,VBD_npp_d20140716_t1804576_x1079291E_y044096S_l0842_s1573_v23,2017-05-23 13:08:46,-4.409604,107.929123,35.8499,2014-07-16 18:04:57,2014-07-17 01:04:57,842,1573,0.422011,1,2529,0.944099,0.196978,0.897436,0.4,0.955858,0.75,0.0419286,0.0001,2.13074e-06,999999,5.841945e-02,3,Indonesian Exclusive Economic Zone,WPP712,,SVDNB_npp_d20140716_t1803247_e1809051_b14079_c20140717000905445784_noaa_ops.h5,GDNBO_npp_d20140716_t1803247_e1809051_b14079_c20140717000905445471_noaa_ops.h5,SVI04_npp_d20140716_t1803247_e1809051_b14079_c20140717000905432367_noaa_ops.dspace_rad,VNFF_npp_d20140716_t1803247_e1809051_b14079_v21.csv,World_EEZ_v8_2014.shp,WPP_BFAR_merge.shp,KKP_IDN_merge_20161208.shp,VNF-VBD_npp_20120301-20151231_global_asia-enhanced_c201607211230.bitmask,NCEI_NGA.union.nga_lead2.add_2015ntl.mask,timezone.shp,VBD_platforms-recurring_2015_r20170330.shp,999999,VBD_bridges_c20160811.shp,2.701723;0.592520;-1.537733;-6.424739;-11.321091;-16.224911;-21.132078;-19.454973;-16.614069;-11.826628;-7.007390;-2.161976,98.595314;112.244095;125.823792;124.798187;123.864281;123.023224;122.264351;107.621338;93.259468;94.789581;96.172417;97.426979,npp_d20140716_t1803247_e1809051_b14079,155.959,43.8895,25.5944,98.8123,40.7274,84.8539
503,VBD_npp_d20140716_t1805029_x1078523E_y047491S_l0894_s1573_v23,2017-05-23 13:08:46,-4.749130,107.852310,42.6231,2014-07-16 18:05:02,2014-07-17 01:05:02,894,1573,0.380246,1,2529,0.58953,0.228141,0.865338,0.4,0.831536,0.75,0.0418411,0.0001,2.05406e-06,999999,-1.643772e-01,3,Indonesian Exclusive Economic Zone,WPP712,,SVDNB_npp_d20140716_t1803247_e1809051_b14079_c20140717000905445784_noaa_ops.h5,GDNBO_npp_d20140716_t1803247_e1809051_b14079_c20140717000905445471_noaa_ops.h5,SVI04_npp_d20140716_t1803247_e1809051_b14079_c20140717000905432367_noaa_ops.dspace_rad,VNFF_npp_d20140716_t1803247_e1809051_b14079_v21.csv,World_EEZ_v8_2014.shp,WPP_BFAR_merge.shp,KKP_IDN_merge_20161208.shp,VNF-VBD_npp_20120301-20151231_global_asia-enhanced_c201607211230.bitmask,NCEI_NGA.union.nga_lead2.add_2015ntl.mask,timezone.shp,VBD_platforms-recurring_2015_r20170330.shp,999999,VBD_bridges_c20160811.shp,2.701723;0.592520;-1.537733;-6.424739;-11.321091;-16.224911;-21.132078;-19.454973;-16.614069;-11.826628;-7.007390;-2.161976,98.595314;112.244095;125.823792;124.798187;123.864281;123.023224;122.264351;107.621338;93.259468;94.789581;96.172417;97.426979,npp_d20140716_t1803247_e1809051_b14079,156.241,44.3391,25.5976,98.3422,40.8152,84.4628
504,VBD_npp_d20140716_t1805029_x1078501E_y047626S_l0896_s1573_v23,2017-05-23 13:08:46,-4.762559,107.850105,13.0307,2014-07-16 18:05:02,2014-07-17 01:05:02,896,1573,0.402786,7,2465,0.289657,0.225297,0.85741,0.4,0.663729,0.75,0.0418376,0.0001,2.04007e-06,999999,-1.440426e-01,3,,,,SVDNB_npp_d20140716_t1803247_e1809051_b14079_c20140717000905445784_noaa_ops.h5,GDNBO_npp_d20140716_t1803247_e1809051_b14079_c20140717000905445471_noaa_ops.h5,SVI04_npp_d20140716_t1803247_e1809051_b14079_c20140717000905432367_noaa_ops.dspace_rad,VNFF_npp_d20140716_t1803247_e1809051_b14079_v21.csv,World_EEZ_v8_2014.shp,WPP_BFAR_merge.shp,KKP_IDN_merge_20161208.shp,VNF-VBD_npp_20120301-20151231_global_asia-enhanced_c201607211230.bitmask,NCEI_NGA.union.nga_lead2.add_2015ntl.mask,timezone.shp,VBD_platforms-recurring_2015_r20170330.shp,999999,VBD_bridges_c20160811.shp,2.701723;0.592520;-1.537733;-6.424739;-11.321091;-16.224911;-21.132078;-19.454973;-16.614069;-11.826628;-7.007390;-2.161976,98.595314;112.244095;125.823792;124.798187;123.864281;123.023224;122.264351;107.621338;93.259468;94.789581;96.172417;97.426979,npp_d20140716_t1803247_e1809051_b14079,156.252,44.357,25.5995,98.0945,40.8187,84.4474
505,VBD_npp_d20140716_t1805047_x1078391E_y047865S_l0900_s1573_v23,2017-05-23 13:08:46,-4.786458,107.839111,34.1482,2014-07-16 18:05:04,2014-07-17 01:05:04,900,1573,0.371849,1,2529,0.653334,0.218933,0.865228,0.4,0.852276,0.75,0.0418306,0.0001,2.10613e-06,999999,-9.854259e-02,3,Indonesian Exclusive Economic Zone,WPP712,,SVDNB_npp_d20140716_t1803247_e1809051_b14079_c20140717000905445784_noaa_ops.h5,GDNBO_npp_d20140716_t1803247_e1809051_b14079_c20140717000905445471_noaa_ops.h5,SVI04_npp_d20140716_t1803247_e1809051_b14079_c20140717000905432367_noaa_ops.dspace_rad,VNFF_npp_d20140716_t1803247_e1809051_b14079_v21.csv,World_EEZ_v8_2014.shp,WPP_BFAR_merge.shp,KKP_IDN_merge_20161208.shp,VNF-VBD_npp_20120301-20151231_global_asia-enhanced_c201607211230.bitmask,NCEI_NGA.union.nga_lead2.add_2015ntl.mask,timezone.shp,VBD_platforms-recurring_2015_r20170330.shp,999999,VBD_bridges_c20160811.shp,2.701723;0.592520;-1.537733;-6.424739;-11.321091;-16.224911;-21.132078;-19.454973;-16.614069;-11.826628;-7.007390;-2.161976,98.595314;112.244095;125.823792;124.798187;123.864281;123.023224;122.264351;107.621338;93.259468;94.789581;96.172417;97.426979,npp_d20140716_t1803247_e1809051_b14079,156.271,44.3895,25.5946,99.5842,40.8249,84.4199
506,VBD_npp_d20140716_t1804398_x1081738E_y033808S_l0684_s1574_v23,2017-05-23 13:08:46,-3.380836,108.173836,42.047,2014-07-16 18:04:39,2014-07-17 01:04:39,684,1574,0.427922,1,2529,1.04016,0.177042,0.907269,0.4,0.971894,0.75,0.0421899,0.0001,2.32497e-06,999999,2.009471e-01,3,Indonesian Exclusive Economic Zone,WPP711,,SVDNB_npp_d20140716_t1803247_e1809051_b14079_c20140717000905445784_noaa_ops.h5,GDNBO_npp_d20140716_t1803247_e1809051_b14079_c20140717000905445471_noaa_ops.h5,SVI04_npp_d20140716_t1803247_e1809051_b14079_c20140717000905432367_noaa_ops.dspace_rad,VNFF_npp_d20140716_t1803247_e1809051_b14079_v21.csv,World_EEZ_v8_2014.shp,WPP_BFAR_merge.shp,KKP_IDN_merge_20161208.shp,VNF-VBD_npp_20120301-20151231_global_asia-enhanced_c201607211230.bitmask,NCEI_NGA.union.nga_lead2.add_2015ntl.mask,timezone.shp,VBD_platforms-recurring_2015_r20170330.shp,999999,VBD_bridges_c20160811.shp,2.701723;0.592520;-1.537733;-6.424739;-11.321091;-16.224911;-21.132078;-19.454973;-16.614069;-11.826628;-7.007390;-2.161976,98.595314;112.244095;125.823792;124.798187;123.864281;123.023224;122.264351;107.621338;93.259468;94.789581;96.172417;97.426979,npp_d20140716_t1803247_e1809051_b14079,155.093,42.6017,25.5463,98.4964,40.4702,86.0514
507,VBD_npp_d20140716_t1805011_x1078894E_y046058S_l0872_s1574_v23,2017-05-23 13:08:46,-4.605807,107.889351,44.2218,2014-07-16 18:05:01,2014-07-17 01:05:01,872,1574,0.368756,1,2529,0.941967,0.257675,0.893328,0.4,0.942409,0.75,0.0418835,0.0001,2.15418e-06,999999,-3.755172e-01,3,Indonesian Exclusive Economic Zone,WPP712,,SVDNB_npp_d20140716_t1803247_e1809051_b14079_c20140717000905445784_noaa_ops.h5,GDNBO_npp_d20140716_t1803247_e1809051_b14079_c20140717000905445471_noaa_ops.h5,SVI04_npp_d20140716_t1803247_e1809051_b14079_c20140717000905432367_noaa_ops.dspace_rad,VNFF_npp_d20140716_t1803247_e1809051_b14079_v21.csv,World_EEZ_v8_2014.shp,WPP_BFAR_merge.shp,KKP_IDN_merge_20161208.shp,VNF-VBD_npp_20120301-20151231_global_asia-enhanced_c201607211230.bitmask,NCEI_NGA.union.nga_lead2.add_2015ntl.mask,timezone.shp,VBD_platforms-recurring_2015_r20170330.shp,999999,VBD_bridges_c20160811.shp,2.701723;0.592520;-1.537733;-6.424739;-11.321091;-16.224911;-21.132078;-19.454973;-16.614069;-11.826628;-7.007390;-2.161976,98.595314;112.244095;125.823792;124.798187;123.864281;123.023224;122.264351;107.621338;93.259468;94.789581;96.172417;97.426979,npp_d20140716_t1803247_e1809051_b14079,156.117,44.158,25.5475,99.0732,40.7713,84.6263
508,VBD_npp_d20140716_t1805011_x1078806E_y046595S_l0880_s1574_v23,2017-05-23 13:08:46,-4.659508,107.880562,20.4199,2014-07-16 18:05:01,2014-07-17 01:05:01,880,1574,0.384279,1,2529,0.638209,0.195355,0.887509,0.4,0.873818,0.75,0.04187,0.0001,2.0978e-06,999999,7.002428e-02,3,Indonesian Exclusive Economic Zone,WPP712,,SVDNB_npp_d20140716_t1803247_e1809051_b14079_c20140717000905445784_noaa_ops.h5,GDNBO_npp_d20140716_t1803247_e1809051_b14079_c20140717000905445471_noaa_ops.h5,SVI04_npp_d20140716_t1803247_e1809051_b14079_c20140717000905432367_noaa_ops.dspace_rad,VNFF_npp_d20140716_t1803247_e1809051_b14079_v21.csv,World_EEZ_v8_2014.shp,WPP_BFAR_merge.shp,KKP_IDN_merge_20161208.shp,VNF-VBD_npp_20120301-20151231_global_asia-enhanced_c201607211230.bitmask,NCEI_NGA.union.nga_lead2.add_2015ntl.mask,timezone.shp,VBD_platforms-recurring_2015_r20170330.shp,999999,VBD_bridges_c20160811.shp,2.701723;0.592520;-1.537733;-6.424739;-11.321091;-16.224911;-21.132078;-19.454973;-16.614069;-11.826628;-7.007390;-2.161976,98.595314;112.244095;125.823792;124.798187;123.864281;123.023224;122.264351;107.621338;93.259468;94.789581;96.172417;97.426979,npp_d20140716_t1803247_e1809051_b14079,156.162,44.2292,25.5526,98.0809,40.7853,84.5646
509,VBD_npp_d20140716_t1805029_x1078634E_y047234S_l0890_s1574_v23,2017-05-23 13:08:46,-4.723355,107.863396,43.0158,2014-07-16 18:05:02,2014-07-17 01:05:02,890,1574,0.339366,7,2465,0.333227,0.187127,0.875462,0.4,0.673536,0.75,0.0418532,0.0001,2.1262e-06,999999,1.288456e-01,3,,,,SVDNB_npp_d20140716_t1803247_e1809051_b14079_c20140717000905445784_noaa_ops.h5,GDNBO_npp_d20140716_t1803247_e1809051_b14079_c20140717000905445471_noaa_ops.h5,SVI04_npp_d20140716_t1803247_e1809051_b14079_c20140717000905432367_noaa_ops.dspace_rad,VNFF_npp_d20140716_t1803247_e1809051_b14079_v21.csv,World_EEZ_v8_2014.shp,WPP_BFAR_merge.shp,KKP_IDN_merge_20161208.shp,VNF-VBD_npp_20120301-20151231_global_asia-enhanced_c201607211230.bitmask,NCEI_NGA.union.nga_lead2.add_2015ntl.mask,timezone.shp,VBD_platforms-recurring_2015_r20170330.shp,999999,VBD_bridges_c20160811.shp,2.701723;0.592520;-1.537733;-6.424739;-11.321091;-16.224911;-21.132078;-19.454973;-16.614069;-11.826628;-7.007390;-2.161976,98.595314;112.244095;125.823792;124.798187;123.864281;123.023224;122.264351;107.621338;93.259468;94.789581;96.172417;97.426979,npp_d20140716_t1803247_e1809051_b14079,156.214,44.3152,25.5456,98.8364,40.8015,84.4911
510,VBD_npp_d20140716_t1805029_x1078601E_y047435S_l0893_s1574_v23,2017-05-23 13:08:46,-4.743493,107.860092,47.5604,2014-07-16 18:05:02,2014-07-17 01:05:02,893,1574,0.3608,2,2465,0.285818,0.232159,0.865338,0.4,0.665218,0.75,0.0418482,0.0001,2.10505e-06,999999,-1.930990e-01,3,Indonesian Exclusive Economic Zone,WPP712,,SVDNB_npp_d20140716_t1803247_e1809051_b14079_c20140717000905445784_noaa_ops.h5,GDNBO_npp_d20140716_t1803247_e1809051_b14079_c20140717000905445471_noaa_ops.h5,SVI04_npp_d20140716_t1803247_e1809051_b14079_c20140717000905432367_noaa_ops.dspace_rad,VNFF_npp_d20140716_t1803247_e1809051_b14079_v21.csv,World_EEZ_v8_2014.shp,WPP_BFAR_merge.shp,KKP_IDN_merge_20161208.shp,VNF-VBD_npp_20120301-20151231_global_asia-enhanced_c201607211230.bitmask,NCEI_NGA.union.nga_lead2.add_2015ntl.mask,timezone.shp,VBD_platforms-recurring_2015_r20170330.shp,999999,VBD_bridges_c20160811.shp,2.701723;0.592520;-1.537733;-6.424739;-11.321091;-16.224911;-21.132078;-19.454973;-16.614069;-11.826628;-7.007390;-2.161976,98.595314;112.244095;125.823792;124.798187;123.864281;123.023224;122.264351;107.621338;93.259468;94.789581;96.172417;97.426979,npp_d20140716_t1803247_e1809051_b14079,156.231,44.3421,25.5473,98.4642,40.8068,84.468
511,VBD_npp_d20140716_t1805047_x1078491E_y047674S_l0897_s1574_v23,2017-05-23 13:08:46,-4.767419,107.849075,14.4605,2014-07-16 18:05:04,2014-07-17 01:05:04,897,1574,0.402234,7,2465,0.337864,0.220305,0.85741,0.4,0.707282,0.75,0.0418411,0.0001,2.1716e-06,999999,-1.083492e-01,3,,,,SVDNB_npp_d20140716_t1803247_e1809051_b14079_c20140717000905445784_noaa_ops.h5,GDNBO_npp_d20140716_t1803247_e1809051_b14079_c20140717000905445471_noaa_ops.h5,SVI04_npp_d20140716_t1803247_e1809051_b14079_c20140717000905432367_noaa_ops.dspace_rad,VNFF_npp_d20140716_t1803247_e1809051_b14079_v21.csv,World_EEZ_v8_2014.shp,WPP_BFAR_merge.shp,KKP_IDN_merge_20161208.shp,VNF-VBD_npp_20120301-20151231_global_asia-enhanced_c201607211230.bitmask,NCEI_NGA.union.nga_lead2.add_2015ntl.mask,timezone.shp,VBD_platforms-recurring_2015_r20170330.shp,999999,VBD_bridges_c20160811.shp,2.701723;0.592520;-1.537733;-6.424739;-11.321091;-16.224911;-21.132078;-19.454973;-16.614069;-11.826628;-7.007390;-2.161976,98.595314;112.244095;125.823792;124.798187;123.864281;123.023224;122.264351;107.621338;93.259468;94.789581;96.172417;97.426979,npp_d20140716_t1803247_e1809051_b14079,156.251,44.3745,25.5464,99.9566,40.813,84.4404
512,VBD_npp_d20140716_t1804398_x1081838E_y033618S_l0681_s1575_v23,2017-05-23 13:08:46,-3.361774,108.183762,12.5606,2014-07-16 18:04:39,2014-07-17 01:04:39,681,1575,0.430795,1,2529,0.60624,0.189403,0.897359,0.4,0.929465,0.75,0.0421997,0.0001,2.39512e-06,999999,1.125761e-01,3,Indonesian Exclusive Economic Zone,WPP711,,SVDNB_npp_d20140716_t1803247_e1809051_b14079_c20140717000905445784_noaa_ops.h5,GDNBO_npp_d20140716_t1803247_e1809051_b14079_c20140717000905445471_noaa_ops.h5,SVI04_npp_d20140716_t1803247_e1809051_b14079_c20140717000905432367_noaa_ops.dspace_rad,VNFF_npp_d20140716_t1803247_e1809051_b14079_v21.csv,World_EEZ_v8_2014.shp,WPP_BFAR_merge.shp,KKP_IDN_merge_20161208.shp,VNF-VBD_npp_20120301-20151231_global_asia-enhanced_c201607211230.bitmask,NCEI_NGA.union.nga_lead2.add_2015ntl.mask,timezone.shp,VBD_platforms-recurring_2015_r20170330.shp,999999,VBD_bridges_c20160811.shp,2.701723;0.592520;-1.537733;-6.424739;-11.321091;-16.224911;-21.132078;-19.454973;-16.614069;-11.826628;-7.007390;-2.161976,98.595314;112.244095;125.823792;124.798187;123.864281;123.023224;122.264351;107.621338;93.259468;94.789581;96.172417;97.426979,npp_d20140716_t1803247_e1809051_b14079,155.072,42.5891,25.4954,98.8679,40.4588,86.0728
513,VBD_npp_d20140716_t1805029_x1078755E_y046909S_l0885_s1575_v23,2017-05-23 13:08:46,-4.690887,107.875549,36.7258,2014-07-16 18:05:02,2014-07-17 01:05:02,885,1575,0.391461,8,18913,0.766525,0.225293,0.861459,0.4,0.894657,0.75,0.0418669,0.0001,2.20698e-06,999999,-1.440133e-01,3,Indonesian Exclusive Economic Zone,WPP712,,SVDNB_npp_d20140716_t1803247_e1809051_b14079_c20140717000905445784_noaa_ops.h5,GDNBO_npp_d20140716_t1803247_e1809051_b14079_c20140717000905445471_noaa_ops.h5,SVI04_npp_d20140716_t1803247_e1809051_b14079_c20140717000905432367_noaa_ops.dspace_rad,VNFF_npp_d20140716_t1803247_e1809051_b14079_v21.csv,World_EEZ_v8_2014.shp,WPP_BFAR_merge.shp,KKP_IDN_merge_20161208.shp,VNF-VBD_npp_20120301-20151231_global_asia-enhanced_c201607211230.bitmask,NCEI_NGA.union.nga_lead2.add_2015ntl.mask,timezone.shp,VBD_platforms-recurring_2015_r20170330.shp,0.758708,VBD_bridges_c20160811.shp,2.701723;0.592520;-1.537733;-6.424739;-11.321091;-16.224911;-21.132078;-19.454973;-16.614069;-11.826628;-7.007390;-2.161976,98.595314;112.244095;125.823792;124.798187;123.864281;123.023224;122.264351;107.621338;93.259468;94.789581;96.172417;97.426979,npp_d20140716_t1803247_e1809051_b14079,156.183,44.2824,25.4955,99.4567,40.7862,84.527
514,VBD_npp_d20140716_t1805029_x1078712E_y047177S_l0889_s1575_v23,2017-05-23 13:08:46,-4.717728,107.871162,26.814,2014-07-16 18:05:02,2014-07-17 01:05:02,889,1575,0.326659,7,2465,0.432926,0.207309,0.861495,0.4,0.712905,0.75,0.0418602,0.0001,2.17867e-06,999999,-1.544242e-02,3,,,,SVDNB_npp_d20140716_t1803247_e1809051_b14079_c20140717000905445784_noaa_ops.h5,GDNBO_npp_d20140716_t1803247_e1809051_b14079_c20140717000905445471_noaa_ops.h5,SVI04_npp_d20140716_t1803247_e1809051_b14079_c20140717000905432367_noaa_ops.dspace_rad,VNFF_npp_d20140716_t1803247_e1809051_b14079_v21.csv,World_EEZ_v8_2014.shp,WPP_BFAR_merge.shp,KKP_IDN_merge_20161208.shp,VNF-VBD_npp_20120301-20151231_global_asia-enhanced_c201607211230.bitmask,NCEI_NGA.union.nga_lead2.add_2015ntl.mask,timezone.shp,VBD_platforms-recurring_2015_r20170330.shp,999999,VBD_bridges_c20160811.shp,2.701723;0.592520;-1.537733;-6.424739;-11.321091;-16.224911;-21.132078;-19.454973;-16.614069;-11.826628;-7.007390;-2.161976,98.595314;112.244095;125.823792;124.798187;123.864281;123.023224;122.264351;107.621338;93.259468;94.789581;96.172417;97.426979,npp_d20140716_t1803247_e1809051_b14079,156.205,44.3182,25.4958,98.9596,40.7932,84.4962
515,VBD_npp_d20140716_t1805029_x1078690E_y047311S_l0891_s1575_v23,2017-05-23 13:08:46,-4.731149,107.868973,61.5183,2014-07-16 18:05:02,2014-07-17 01:05:02,891,1575,0.361574,2,2465,0.386265,0.205969,0.862209,0.4,0.687037,0.75,0.0418568,0.0001,2.16436e-06,999999,-5.863381e-03,3,Indonesian Exclusive Economic Zone,WPP712,,SVDNB_npp_d20140716_t1803247_e1809051_b14079_c20140717000905445784_noaa_ops.h5,GDNBO_npp_d20140716_t1803247_e1809051_b14079_c20140717000905445471_noaa_ops.h5,SVI04_npp_d20140716_t1803247_e1809051_b14079_c20140717000905432367_noaa_ops.dspace_rad,VNFF_npp_d20140716_t1803247_e1809051_b14079_v21.csv,World_EEZ_v8_2014.shp,WPP_BFAR_merge.shp,KKP_IDN_merge_20161208.shp,VNF-VBD_npp_20120301-20151231_global_asia-enhanced_c201607211230.bitmask,NCEI_NGA.union.nga_lead2.add_2015ntl.mask,timezone.shp,VBD_platforms-recurring_2015_r20170330.shp,999999,VBD_bridges_c20160811.shp,2.701723;0.592520;-1.537733;-6.424739;-11.321091;-16.224911;-21.132078;-19.454973;-16.614069;-11.826628;-7.007390;-2.161976,98.595314;112.244095;125.823792;124.798187;123.864281;123.023224;122.264351;107.621338;93.259468;94.789581;96.172417;97.426979,npp_d20140716_t1803247_e1809051_b14079,156.216,44.3361,25.4966,98.711,40.7967,84.4808
516,VBD_npp_d20140716_t1805011_x1079049E_y045946S_l0870_s1576_v23,2017-05-23 13:08:46,-4.594564,107.904884,53.3434,2014-07-16 18:05:01,2014-07-17 01:05:01,870,1576,0.351409,1,2529,0.971216,0.244864,0.888803,0.4,0.941363,0.75,0.0418974,0.0001,2.26126e-06,999999,-2.839325e-01,3,Indonesian Exclusive Economic Zone,WPP712,,SVDNB_npp_d20140716_t1803247_e1809051_b14079_c20140717000905445784_noaa_ops.h5,GDNBO_npp_d20140716_t1803247_e1809051_b14079_c20140717000905445471_noaa_ops.h5,SVI04_npp_d20140716_t1803247_e1809051_b14079_c20140717000905432367_noaa_ops.dspace_rad,VNFF_npp_d20140716_t1803247_e1809051_b14079_v21.csv,World_EEZ_v8_2014.shp,WPP_BFAR_merge.shp,KKP_IDN_merge_20161208.shp,VNF-VBD_npp_20120301-20151231_global_asia-enhanced_c201607211230.bitmask,NCEI_NGA.union.nga_lead2.add_2015ntl.mask,timezone.shp,VBD_platforms-recurring_2015_r20170330.shp,999999,VBD_bridges_c20160811.shp,2.701723;0.592520;-1.537733;-6.424739;-11.321091;-16.224911;-21.132078;-19.454973;-16.614069;-11.826628;-7.007390;-2.161976,98.595314;112.244095;125.823792;124.798187;123.864281;123.023224;122.264351;107.621338;93.259468;94.789581;96.172417;97.426979,npp_d20140716_t1803247_e1809051_b14079,156.098,44.1642,25.4485,99.321,40.7546,84.6367
517,VBD_npp_d20140716_t1805029_x1078713E_y047591S_l0895_s1576_v23,2017-05-23 13:08:46,-4.759060,107.871254,29.7463,2014-07-16 18:05:02,2014-07-17 01:05:02,895,1576,0.407758,1,2529,0.488381,0.268636,0.860687,0.4,0.78095,0.75,0.0418552,0.0001,2.1809e-06,999999,-4.538862e-01,3,Indonesian Exclusive Economic Zone,WPP712,,SVDNB_npp_d20140716_t1803247_e1809051_b14079_c20140717000905445784_noaa_ops.h5,GDNBO_npp_d20140716_t1803247_e1809051_b14079_c20140717000905445471_noaa_ops.h5,SVI04_npp_d20140716_t1803247_e1809051_b14079_c20140717000905432367_noaa_ops.dspace_rad,VNFF_npp_d20140716_t1803247_e1809051_b14079_v21.csv,World_EEZ_v8_2014.shp,WPP_BFAR_merge.shp,KKP_IDN_merge_20161208.shp,VNF-VBD_npp_20120301-20151231_global_asia-enhanced_c201607211230.bitmask,NCEI_NGA.union.nga_lead2.add_2015ntl.mask,timezone.shp,VBD_platforms-recurring_2015_r20170330.shp,999999,VBD_bridges_c20160811.shp,2.701723;0.592520;-1.537733;-6.424739;-11.321091;-16.224911;-21.132078;-19.454973;-16.614069;-11.826628;-7.007390;-2.161976,98.595314;112.244095;125.823792;124.798187;123.864281;123.023224;122.264351;107.621338;93.259468;94.789581;96.172417;97.426979,npp_d20140716_t1803247_e1809051_b14079,156.234,44.3839,25.4502,98.2117,40.7971,84.4474
518,VBD_npp_d20140716_t1805047_x1078613E_y047763S_l0898_s1576_v23,2017-05-23 13:08:46,-4.776337,107.861328,19.9944,2014-07-16 18:05:04,2014-07-17 01:05:04,898,1576,0.403781,2,2465,0.448217,0.214535,0.860687,0.4,0.738524,0.75,0.04185,0.0001,2.25794e-06,999999,-6.710331e-02,3,Indonesian Exclusive Economic Zone,WPP712,,SVDNB_npp_d20140716_t1803247_e1809051_b14079_c20140717000905445784_noaa_ops.h5,GDNBO_npp_d20140716_t1803247_e1809051_b14079_c20140717000905445471_noaa_ops.h5,SVI04_npp_d20140716_t1803247_e1809051_b14079_c20140717000905432367_noaa_ops.dspace_rad,VNFF_npp_d20140716_t1803247_e1809051_b14079_v21.csv,World_EEZ_v8_2014.shp,WPP_BFAR_merge.shp,KKP_IDN_merge_20161208.shp,VNF-VBD_npp_20120301-20151231_global_asia-enhanced_c201607211230.bitmask,NCEI_NGA.union.nga_lead2.add_2015ntl.mask,timezone.shp,VBD_platforms-recurring_2015_r20170330.shp,999999,VBD_bridges_c20160811.shp,2.701723;0.592520;-1.537733;-6.424739;-11.321091;-16.224911;-21.132078;-19.454973;-16.614069;-11.826628;-7.007390;-2.161976,98.595314;112.244095;125.823792;124.798187;123.864281;123.023224;122.264351;107.621338;93.259468;94.789581;96.172417;97.426979,npp_d20140716_t1803247_e1809051_b14079,156.249,44.4075,25.447,99.8339,40.8016,84.4274
519,VBD_npp_d20140716_t1805047_x1078559E_y048099S_l0903_s1576_v23,2017-05-23 13:08:46,-4.809877,107.855850,19.8669,2014-07-16 18:05:04,2014-07-17 01:05:04,903,1576,0.313401,2,2465,0.411451,0.229511,0.835835,0.4,0.748154,0.75,0.0418412,0.0001,2.2221e-06,999999,-1.741691e-01,3,Indonesian Exclusive Economic Zone,WPP712,,SVDNB_npp_d20140716_t1803247_e1809051_b14079_c20140717000905445784_noaa_ops.h5,GDNBO_npp_d20140716_t1803247_e1809051_b14079_c20140717000905445471_noaa_ops.h5,SVI04_npp_d20140716_t1803247_e1809051_b14079_c20140717000905432367_noaa_ops.dspace_rad,VNFF_npp_d20140716_t1803247_e1809051_b14079_v21.csv,World_EEZ_v8_2014.shp,WPP_BFAR_merge.shp,KKP_IDN_merge_20161208.shp,VNF-VBD_npp_20120301-20151231_global_asia-enhanced_c201607211230.bitmask,NCEI_NGA.union.nga_lead2.add_2015ntl.mask,timezone.shp,VBD_platforms-recurring_2015_r20170330.shp,999999,VBD_bridges_c20160811.shp,2.701723;0.592520;-1.537733;-6.424739;-11.321091;-16.224911;-21.132078;-19.454973;-16.614069;-11.826628;-7.007390;-2.161976,98.595314;112.244095;125.823792;124.798187;123.864281;123.023224;122.264351;107.621338;93.259468;94.789581;96.172417;97.426979,npp_d20140716_t1803247_e1809051_b14079,156.276,44.4525,25.446,99.2114,40.8104,84.389
520,VBD_npp_d20140716_t1805047_x1078537E_y048233S_l0905_s1576_v23,2017-05-23 13:08:46,-4.823293,107.853661,27.7483,2014-07-16 18:05:04,2014-07-17 01:05:04,905,1576,0.384556,1,2529,0.623822,0.255472,0.835835,0.4,0.846199,0.75,0.0418377,0.0001,2.20757e-06,999999,-3.597715e-01,3,Indonesian Exclusive Economic Zone,WPP712,,SVDNB_npp_d20140716_t1803247_e1809051_b14079_c20140717000905445784_noaa_ops.h5,GDNBO_npp_d20140716_t1803247_e1809051_b14079_c20140717000905445471_noaa_ops.h5,SVI04_npp_d20140716_t1803247_e1809051_b14079_c20140717000905432367_noaa_ops.dspace_rad,VNFF_npp_d20140716_t1803247_e1809051_b14079_v21.csv,World_EEZ_v8_2014.shp,WPP_BFAR_merge.shp,KKP_IDN_merge_20161208.shp,VNF-VBD_npp_20120301-20151231_global_asia-enhanced_c201607211230.bitmask,NCEI_NGA.union.nga_lead2.add_2015ntl.mask,timezone.shp,VBD_platforms-recurring_2015_r20170330.shp,999999,VBD_bridges_c20160811.shp,2.701723;0.592520;-1.537733;-6.424739;-11.321091;-16.224911;-21.132078;-19.454973;-16.614069;-11.826628;-7.007390;-2.161976,98.595314;112.244095;125.823792;124.798187;123.864281;123.023224;122.264351;107.621338;93.259468;94.789581;96.172417;97.426979,npp_d20140716_t1803247_e1809051_b14079,156.287,44.4705,25.4464,98.9623,40.8139,84.3736
521,VBD_npp_d20140716_t1805029_x1078856E_y047132S_l0888_s1577_v23,2017-05-23 13:08:46,-4.713192,107.885605,17.8308,2014-07-16 18:05:02,2014-07-17 01:05:02,888,1577,0.338868,7,2465,0.316966,0.196157,0.861495,0.4,0.659978,0.75,0.0418724,0.0001,2.27968e-06,999999,6.428942e-02,3,,,,SVDNB_npp_d20140716_t1803247_e1809051_b14079_c20140717000905445784_noaa_ops.h5,GDNBO_npp_d20140716_t1803247_e1809051_b14079_c20140717000905445471_noaa_ops.h5,SVI04_npp_d20140716_t1803247_e1809051_b14079_c20140717000905432367_noaa_ops.dspace_rad,VNFF_npp_d20140716_t1803247_e1809051_b14079_v21.csv,World_EEZ_v8_2014.shp,WPP_BFAR_merge.shp,KKP_IDN_merge_20161208.shp,VNF-VBD_npp_20120301-20151231_global_asia-enhanced_c201607211230.bitmask,NCEI_NGA.union.nga_lead2.add_2015ntl.mask,timezone.shp,VBD_platforms-recurring_2015_r20170330.shp,999999,VBD_bridges_c20160811.shp,2.701723;0.592520;-1.537733;-6.424739;-11.321091;-16.224911;-21.132078;-19.454973;-16.614069;-11.826628;-7.007390;-2.161976,98.595314;112.244095;125.823792;124.798187;123.864281;123.023224;122.264351;107.621338;93.259468;94.789581;96.172417;97.426979,npp_d20140716_t1803247_e1809051_b14079,156.192,44.3332,25.3967,99.0826,40.7782,84.4987
522,VBD_npp_d20140716_t1805029_x1078823E_y047333S_l0891_s1577_v23,2017-05-23 13:08:46,-4.733308,107.882317,31.0112,2014-07-16 18:05:02,2014-07-17 01:05:02,891,1577,0.391737,1,2529,0.509414,0.238166,0.862209,0.4,0.763591,0.75,0.0418674,0.0001,2.25737e-06,999999,-2.360478e-01,3,Indonesian Exclusive Economic Zone,WPP712,,SVDNB_npp_d20140716_t1803247_e1809051_b14079_c20140717000905445784_noaa_ops.h5,GDNBO_npp_d20140716_t1803247_e1809051_b14079_c20140717000905445471_noaa_ops.h5,SVI04_npp_d20140716_t1803247_e1809051_b14079_c20140717000905432367_noaa_ops.dspace_rad,VNFF_npp_d20140716_t1803247_e1809051_b14079_v21.csv,World_EEZ_v8_2014.shp,WPP_BFAR_merge.shp,KKP_IDN_merge_20161208.shp,VNF-VBD_npp_20120301-20151231_global_asia-enhanced_c201607211230.bitmask,NCEI_NGA.union.nga_lead2.add_2015ntl.mask,timezone.shp,VBD_platforms-recurring_2015_r20170330.shp,999999,VBD_bridges_c20160811.shp,2.701723;0.592520;-1.537733;-6.424739;-11.321091;-16.224911;-21.132078;-19.454973;-16.614069;-11.826628;-7.007390;-2.161976,98.595314;112.244095;125.823792;124.798187;123.864281;123.023224;122.264351;107.621338;93.259468;94.789581;96.172417;97.426979,npp_d20140716_t1803247_e1809051_b14079,156.208,44.36,25.3978,98.7084,40.7835,84.4756
523,VBD_npp_d20140716_t1805029_x1078801E_y047467S_l0893_s1577_v23,2017-05-23 13:08:46,-4.746719,107.880127,30.1278,2014-07-16 18:05:02,2014-07-17 01:05:02,893,1577,0.406377,8,18913,0.490882,0.273602,0.862209,0.4,0.763223,0.75,0.041864,0.0001,2.24236e-06,999999,-4.893854e-01,3,Indonesian Exclusive Economic Zone,WPP712,,SVDNB_npp_d20140716_t1803247_e1809051_b14079_c20140717000905445784_noaa_ops.h5,GDNBO_npp_d20140716_t1803247_e1809051_b14079_c20140717000905445471_noaa_ops.h5,SVI04_npp_d20140716_t1803247_e1809051_b14079_c20140717000905432367_noaa_ops.dspace_rad,VNFF_npp_d20140716_t1803247_e1809051_b14079_v21.csv,World_EEZ_v8_2014.shp,WPP_BFAR_merge.shp,KKP_IDN_merge_20161208.shp,VNF-VBD_npp_20120301-20151231_global_asia-enhanced_c201607211230.bitmask,NCEI_NGA.union.nga_lead2.add_2015ntl.mask,timezone.shp,VBD_platforms-recurring_2015_r20170330.shp,0.509278,VBD_bridges_c20160811.shp,2.701723;0.592520;-1.537733;-6.424739;-11.321091;-16.224911;-21.132078;-19.454973;-16.614069;-11.826628;-7.007390;-2.161976,98.595314;112.244095;125.823792;124.798187;123.864281;123.023224;122.264351;107.621338;93.259468;94.789581;96.172417;97.426979,npp_d20140716_t1803247_e1809051_b14079,156.219,44.3779,25.399,98.4589,40.787,84.4602
524,VBD_npp_d20140716_t1805011_x1079073E_y046638S_l0880_s1578_v23,2017-05-23 13:08:46,-4.663776,107.907265,15.0843,2014-07-16 18:05:01,2014-07-17 01:05:01,880,1578,0.372346,1,2529,0.45117,0.167309,0.868281,0.4,0.785668,0.75,0.0418911,0.0001,2.28202e-06,999999,2.705290e-01,3,Indonesian Exclusive Economic Zone,WPP712,,SVDNB_npp_d20140716_t1803247_e1809051_b14079_c20140717000905445784_noaa_ops.h5,GDNBO_npp_d20140716_t1803247_e1809051_b14079_c20140717000905445471_noaa_ops.h5,SVI04_npp_d20140716_t1803247_e1809051_b14079_c20140717000905432367_noaa_ops.dspace_rad,VNFF_npp_d20140716_t1803247_e1809051_b14079_v21.csv,World_EEZ_v8_2014.shp,WPP_BFAR_merge.shp,KKP_IDN_merge_20161208.shp,VNF-VBD_npp_20120301-20151231_global_asia-enhanced_c201607211230.bitmask,NCEI_NGA.union.nga_lead2.add_2015ntl.mask,timezone.shp,VBD_platforms-recurring_2015_r20170330.shp,999999,VBD_bridges_c20160811.shp,2.701723;0.592520;-1.537733;-6.424739;-11.321091;-16.224911;-21.132078;-19.454973;-16.614069;-11.826628;-7.007390;-2.161976,98.595314;112.244095;125.823792;124.798187;123.864281;123.023224;122.264351;107.621338;93.259468;94.789581;96.172417;97.426979,npp_d20140716_t1803247_e1809051_b14079,156.146,44.2769,25.3548,98.0711,40.7588,84.5544
525,VBD_npp_d20140716_t1805029_x1078912E_y047210S_l0889_s1578_v23,2017-05-23 13:08:46,-4.720981,107.891174,18.6501,2014-07-16 18:05:02,2014-07-17 01:05:02,889,1578,0.338316,7,2465,0.282936,0.216228,0.861495,0.4,0.591255,0.75,0.041876,0.0001,2.32042e-06,999999,-7.920232e-02,3,,,,SVDNB_npp_d20140716_t1803247_e1809051_b14079_c20140717000905445784_noaa_ops.h5,GDNBO_npp_d20140716_t1803247_e1809051_b14079_c20140717000905445471_noaa_ops.h5,SVI04_npp_d20140716_t1803247_e1809051_b14079_c20140717000905432367_noaa_ops.dspace_rad,VNFF_npp_d20140716_t1803247_e1809051_b14079_v21.csv,World_EEZ_v8_2014.shp,WPP_BFAR_merge.shp,KKP_IDN_merge_20161208.shp,VNF-VBD_npp_20120301-20151231_global_asia-enhanced_c201607211230.bitmask,NCEI_NGA.union.nga_lead2.add_2015ntl.mask,timezone.shp,VBD_platforms-recurring_2015_r20170330.shp,999999,VBD_bridges_c20160811.shp,2.701723;0.592520;-1.537733;-6.424739;-11.321091;-16.224911;-21.132078;-19.454973;-16.614069;-11.826628;-7.007390;-2.161976,98.595314;112.244095;125.823792;124.798187;123.864281;123.023224;122.264351;107.621338;93.259468;94.789581;96.172417;97.426979,npp_d20140716_t1803247_e1809051_b14079,156.193,44.3541,25.3475,98.957,40.7734,84.4884
526,VBD_npp_d20140716_t1805047_x1078758E_y047718S_l0897_s1578_v23,2017-05-23 13:08:46,-4.771837,107.875755,15.9746,2014-07-16 18:05:04,2014-07-17 01:05:04,897,1578,0.373783,7,2209,0.222607,0.19374,0.860687,0.4,0.497252,0.75,0.0418623,0.0001,2.36211e-06,999999,8.156524e-02,3,,,,SVDNB_npp_d20140716_t1803247_e1809051_b14079_c20140717000905445784_noaa_ops.h5,GDNBO_npp_d20140716_t1803247_e1809051_b14079_c20140717000905445471_noaa_ops.h5,SVI04_npp_d20140716_t1803247_e1809051_b14079_c20140717000905432367_noaa_ops.dspace_rad,VNFF_npp_d20140716_t1803247_e1809051_b14079_v21.csv,World_EEZ_v8_2014.shp,WPP_BFAR_merge.shp,KKP_IDN_merge_20161208.shp,VNF-VBD_npp_20120301-20151231_global_asia-enhanced_c201607211230.bitmask,NCEI_NGA.union.nga_lead2.add_2015ntl.mask,timezone.shp,VBD_platforms-recurring_2015_r20170330.shp,999999,VBD_bridges_c20160811.shp,2.701723;0.592520;-1.537733;-6.424739;-11.321091;-16.224911;-21.132078;-19.454973;-16.614069;-11.826628;-7.007390;-2.161976,98.595314;112.244095;125.823792;124.798187;123.864281;123.023224;122.264351;107.621338;93.259468;94.789581;96.172417;97.426979,npp_d20140716_t1803247_e1809051_b14079,156.235,44.4225,25.3486,99.9603,40.7867,84.4299
527,VBD_npp_d20140716_t1805047_x1078692E_y048121S_l0903_s1578_v23,2017-05-23 13:08:46,-4.812056,107.869186,16.3185,2014-07-16 18:05:04,2014-07-17 01:05:04,903,1578,0.276553,7,2465,0.28678,0.24184,0.835835,0.4,0.625342,0.75,0.0418517,0.0001,2.31741e-06,999999,-2.623103e-01,3,,,,SVDNB_npp_d20140716_t1803247_e1809051_b14079_c20140717000905445784_noaa_ops.h5,GDNBO_npp_d20140716_t1803247_e1809051_b14079_c20140717000905445471_noaa_ops.h5,SVI04_npp_d20140716_t1803247_e1809051_b14079_c20140717000905432367_noaa_ops.dspace_rad,VNFF_npp_d20140716_t1803247_e1809051_b14079_v21.csv,World_EEZ_v8_2014.shp,WPP_BFAR_merge.shp,KKP_IDN_merge_20161208.shp,VNF-VBD_npp_20120301-20151231_global_asia-enhanced_c201607211230.bitmask,NCEI_NGA.union.nga_lead2.add_2015ntl.mask,timezone.shp,VBD_platforms-recurring_2015_r20170330.shp,999999,VBD_bridges_c20160811.shp,2.701723;0.592520;-1.537733;-6.424739;-11.321091;-16.224911;-21.132078;-19.454973;-16.614069;-11.826628;-7.007390;-2.161976,98.595314;112.244095;125.823792;124.798187;123.864281;123.023224;122.264351;107.621338;93.259468;94.789581;96.172417;97.426979,npp_d20140716_t1803247_e1809051_b14079,156.269,44.4764,25.3471,99.2105,40.7972,84.3837
528,VBD_npp_d20140716_t1805029_x1079066E_y046685S_l0881_s1579_v23,2017-05-23 13:08:46,-4.668457,107.906578,52.7671,2014-07-16 18:05:02,2014-07-17 01:05:02,881,1579,0.389693,1,2529,0.573463,0.183039,0.857255,0.4,0.861857,0.75,0.0418947,0.0001,2.43041e-06,999999,1.580691e-01,3,Indonesian Exclusive Economic Zone,WPP712,,SVDNB_npp_d20140716_t1803247_e1809051_b14079_c20140717000905445784_noaa_ops.h5,GDNBO_npp_d20140716_t1803247_e1809051_b14079_c20140717000905445471_noaa_ops.h5,SVI04_npp_d20140716_t1803247_e1809051_b14079_c20140717000905432367_noaa_ops.dspace_rad,VNFF_npp_d20140716_t1803247_e1809051_b14079_v21.csv,World_EEZ_v8_2014.shp,WPP_BFAR_merge.shp,KKP_IDN_merge_20161208.shp,VNF-VBD_npp_20120301-20151231_global_asia-enhanced_c201607211230.bitmask,NCEI_NGA.union.nga_lead2.add_2015ntl.mask,timezone.shp,VBD_platforms-recurring_2015_r20170330.shp,999999,VBD_bridges_c20160811.shp,2.701723;0.592520;-1.537733;-6.424739;-11.321091;-16.224911;-21.132078;-19.454973;-16.614069;-11.826628;-7.007390;-2.161976,98.595314;112.244095;125.823792;124.798187;123.864281;123.023224;122.264351;107.621338;93.259468;94.789581;96.172417;97.426979,npp_d20140716_t1803247_e1809051_b14079,156.145,44.2946,25.2993,99.9577,40.7528,84.5475
529,VBD_npp_d20140716_t1805029_x1078967E_y047288S_l0890_s1579_v23,2017-05-23 13:08:46,-4.728764,107.896736,43.9402,2014-07-16 18:05:02,2014-07-17 01:05:02,890,1579,0.397704,1,2529,0.695802,0.21701,0.848527,0.4,0.848391,0.75,0.0418796,0.0001,2.36175e-06,999999,-8.479470e-02,3,Indonesian Exclusive Economic Zone,WPP712,,SVDNB_npp_d20140716_t1803247_e1809051_b14079_c20140717000905445784_noaa_ops.h5,GDNBO_npp_d20140716_t1803247_e1809051_b14079_c20140717000905445471_noaa_ops.h5,SVI04_npp_d20140716_t1803247_e1809051_b14079_c20140717000905432367_noaa_ops.dspace_rad,VNFF_npp_d20140716_t1803247_e1809051_b14079_v21.csv,World_EEZ_v8_2014.shp,WPP_BFAR_merge.shp,KKP_IDN_merge_20161208.shp,VNF-VBD_npp_20120301-20151231_global_asia-enhanced_c201607211230.bitmask,NCEI_NGA.union.nga_lead2.add_2015ntl.mask,timezone.shp,VBD_platforms-recurring_2015_r20170330.shp,999999,VBD_bridges_c20160811.shp,2.701723;0.592520;-1.537733;-6.424739;-11.321091;-16.224911;-21.132078;-19.454973;-16.614069;-11.826628;-7.007390;-2.161976,98.595314;112.244095;125.823792;124.798187;123.864281;123.023224;122.264351;107.621338;93.259468;94.789581;96.172417;97.426979,npp_d20140716_t1803247_e1809051_b14079,156.195,44.3749,25.2984,98.8309,40.7685,84.4781
530,VBD_npp_d20140716_t1804077_x1086428E_y015089S_l0396_s1580_v23,2017-05-23 13:08:46,-1.508857,108.642761,50.8774,2014-07-16 18:04:07,2014-07-17 01:04:07,396,1580,0.436264,1,2529,1.15053,0.176985,0.925016,0.4,0.97989,0.75,0.0424614,0.0001,2.94805e-06,999999,2.013559e-01,3,Indonesian Exclusive Economic Zone,WPP711,,SVDNB_npp_d20140716_t1803247_e1809051_b14079_c20140717000905445784_noaa_ops.h5,GDNBO_npp_d20140716_t1803247_e1809051_b14079_c20140717000905445471_noaa_ops.h5,SVI04_npp_d20140716_t1803247_e1809051_b14079_c20140717000905432367_noaa_ops.dspace_rad,VNFF_npp_d20140716_t1803247_e1809051_b14079_v21.csv,World_EEZ_v8_2014.shp,WPP_BFAR_merge.shp,KKP_IDN_merge_20161208.shp,VNF-VBD_npp_20120301-20151231_global_asia-enhanced_c201607211230.bitmask,NCEI_NGA.union.nga_lead2.add_2015ntl.mask,timezone.shp,VBD_platforms-recurring_2015_r20170330.shp,999999,VBD_bridges_c20160811.shp,2.701723;0.592520;-1.537733;-6.424739;-11.321091;-16.224911;-21.132078;-19.454973;-16.614069;-11.826628;-7.007390;-2.161976,98.595314;112.244095;125.823792;124.798187;123.864281;123.023224;122.264351;107.621338;93.259468;94.789581;96.172417;97.426979,npp_d20140716_t1803247_e1809051_b14079,153.47,40.5292,25.2485,98.3724,40.0321,88.2786
531,VBD_npp_d20140716_t1805011_x1079261E_y046324S_l0875_s1580_v23,2017-05-23 13:08:46,-4.632415,107.926064,22.8121,2014-07-16 18:05:01,2014-07-17 01:05:01,875,1580,0.387815,1,2529,0.646483,0.212776,0.873611,0.4,0.867142,0.75,0.0419101,0.0001,2.41955e-06,999999,-5.452769e-02,3,Indonesian Exclusive Economic Zone,WPP712,,SVDNB_npp_d20140716_t1803247_e1809051_b14079_c20140717000905445784_noaa_ops.h5,GDNBO_npp_d20140716_t1803247_e1809051_b14079_c20140717000905445471_noaa_ops.h5,SVI04_npp_d20140716_t1803247_e1809051_b14079_c20140717000905432367_noaa_ops.dspace_rad,VNFF_npp_d20140716_t1803247_e1809051_b14079_v21.csv,World_EEZ_v8_2014.shp,WPP_BFAR_merge.shp,KKP_IDN_merge_20161208.shp,VNF-VBD_npp_20120301-20151231_global_asia-enhanced_c201607211230.bitmask,NCEI_NGA.union.nga_lead2.add_2015ntl.mask,timezone.shp,VBD_platforms-recurring_2015_r20170330.shp,999999,VBD_bridges_c20160811.shp,2.701723;0.592520;-1.537733;-6.424739;-11.321091;-16.224911;-21.132078;-19.454973;-16.614069;-11.826628;-7.007390;-2.161976,98.595314;112.244095;125.823792;124.798187;123.864281;123.023224;122.264351;107.621338;93.259468;94.789581;96.172417;97.426979,npp_d20140716_t1803247_e1809051_b14079,156.111,44.2562,25.2519,98.6932,40.7369,84.5879
532,VBD_npp_d20140716_t1805011_x1079239E_y046458S_l0877_s1580_v23,2017-05-23 13:08:46,-4.645812,107.923874,59.3295,2014-07-16 18:05:01,2014-07-17 01:05:01,877,1580,0.380025,1,2529,0.976172,0.206628,0.873611,0.4,0.940579,0.75,0.0419067,0.0001,2.40364e-06,999999,-1.057514e-02,3,Indonesian Exclusive Economic Zone,WPP712,,SVDNB_npp_d20140716_t1803247_e1809051_b14079_c20140717000905445784_noaa_ops.h5,GDNBO_npp_d20140716_t1803247_e1809051_b14079_c20140717000905445471_noaa_ops.h5,SVI04_npp_d20140716_t1803247_e1809051_b14079_c20140717000905432367_noaa_ops.dspace_rad,VNFF_npp_d20140716_t1803247_e1809051_b14079_v21.csv,World_EEZ_v8_2014.shp,WPP_BFAR_merge.shp,KKP_IDN_merge_20161208.shp,VNF-VBD_npp_20120301-20151231_global_asia-enhanced_c201607211230.bitmask,NCEI_NGA.union.nga_lead2.add_2015ntl.mask,timezone.shp,VBD_platforms-recurring_2015_r20170330.shp,999999,VBD_bridges_c20160811.shp,2.701723;0.592520;-1.537733;-6.424739;-11.321091;-16.224911;-21.132078;-19.454973;-16.614069;-11.826628;-7.007390;-2.161976,98.595314;112.244095;125.823792;124.798187;123.864281;123.023224;122.264351;107.621338;93.259468;94.789581;96.172417;97.426979,npp_d20140716_t1803247_e1809051_b14079,156.122,44.274,25.2532,98.4424,40.7404,84.5724
533,VBD_npp_d20140716_t1805011_x1079206E_y046659S_l0880_s1580_v23,2017-05-23 13:08:46,-4.665907,107.920586,68.9103,2014-07-16 18:05:01,2014-07-17 01:05:01,880,1580,0.393229,1,2529,0.694552,0.195064,0.857255,0.4,0.878053,0.75,0.0419017,0.0001,2.37956e-06,999999,7.210154e-02,3,Indonesian Exclusive Economic Zone,WPP712,,SVDNB_npp_d20140716_t1803247_e1809051_b14079_c20140717000905445784_noaa_ops.h5,GDNBO_npp_d20140716_t1803247_e1809051_b14079_c20140717000905445471_noaa_ops.h5,SVI04_npp_d20140716_t1803247_e1809051_b14079_c20140717000905432367_noaa_ops.dspace_rad,VNFF_npp_d20140716_t1803247_e1809051_b14079_v21.csv,World_EEZ_v8_2014.shp,WPP_BFAR_merge.shp,KKP_IDN_merge_20161208.shp,VNF-VBD_npp_20120301-20151231_global_asia-enhanced_c201607211230.bitmask,NCEI_NGA.union.nga_lead2.add_2015ntl.mask,timezone.shp,VBD_platforms-recurring_2015_r20170330.shp,999999,VBD_bridges_c20160811.shp,2.701723;0.592520;-1.537733;-6.424739;-11.321091;-16.224911;-21.132078;-19.454973;-16.614069;-11.826628;-7.007390;-2.161976,98.595314;112.244095;125.823792;124.798187;123.864281;123.023224;122.264351;107.621338;93.259468;94.789581;96.172417;97.426979,npp_d20140716_t1803247_e1809051_b14079,156.139,44.3006,25.256,98.0662,40.7456,84.5493
534,VBD_npp_d20140716_t1805029_x1079121E_y046763S_l0882_s1580_v23,2017-05-23 13:08:46,-4.676255,107.912140,84.4547,2014-07-16 18:05:02,2014-07-17 01:05:02,882,1580,0.387483,1,2529,0.817598,0.181749,0.857255,0.4,0.908519,0.75,0.0418983,0.0001,2.474e-06,999999,1.672932e-01,3,Indonesian Exclusive Economic Zone,WPP712,,SVDNB_npp_d20140716_t1803247_e1809051_b14079_c20140717000905445784_noaa_ops.h5,GDNBO_npp_d20140716_t1803247_e1809051_b14079_c20140717000905445471_noaa_ops.h5,SVI04_npp_d20140716_t1803247_e1809051_b14079_c20140717000905432367_noaa_ops.dspace_rad,VNFF_npp_d20140716_t1803247_e1809051_b14079_v21.csv,World_EEZ_v8_2014.shp,WPP_BFAR_merge.shp,KKP_IDN_merge_20161208.shp,VNF-VBD_npp_20120301-20151231_global_asia-enhanced_c201607211230.bitmask,NCEI_NGA.union.nga_lead2.add_2015ntl.mask,timezone.shp,VBD_platforms-recurring_2015_r20170330.shp,999999,VBD_bridges_c20160811.shp,2.701723;0.592520;-1.537733;-6.424739;-11.321091;-16.224911;-21.132078;-19.454973;-16.614069;-11.826628;-7.007390;-2.161976,98.595314;112.244095;125.823792;124.798187;123.864281;123.023224;122.264351;107.621338;93.259468;94.789581;96.172417;97.426979,npp_d20140716_t1803247_e1809051_b14079,156.147,44.3154,25.2493,99.8332,40.748,84.5372
535,VBD_npp_d20140716_t1805029_x1079078E_y047030S_l0886_s1580_v23,2017-05-23 13:08:46,-4.703049,107.907768,20.3437,2014-07-16 18:05:02,2014-07-17 01:05:02,886,1580,0.337598,2,2465,0.445568,0.271453,0.84657,0.4,0.678752,0.75,0.0418916,0.0001,2.44305e-06,999999,-4.740204e-01,3,Indonesian Exclusive Economic Zone,WPP712,,SVDNB_npp_d20140716_t1803247_e1809051_b14079_c20140717000905445784_noaa_ops.h5,GDNBO_npp_d20140716_t1803247_e1809051_b14079_c20140717000905445471_noaa_ops.h5,SVI04_npp_d20140716_t1803247_e1809051_b14079_c20140717000905432367_noaa_ops.dspace_rad,VNFF_npp_d20140716_t1803247_e1809051_b14079_v21.csv,World_EEZ_v8_2014.shp,WPP_BFAR_merge.shp,KKP_IDN_merge_20161208.shp,VNF-VBD_npp_20120301-20151231_global_asia-enhanced_c201607211230.bitmask,NCEI_NGA.union.nga_lead2.add_2015ntl.mask,timezone.shp,VBD_platforms-recurring_2015_r20170330.shp,999999,VBD_bridges_c20160811.shp,2.701723;0.592520;-1.537733;-6.424739;-11.321091;-16.224911;-21.132078;-19.454973;-16.614069;-11.826628;-7.007390;-2.161976,98.595314;112.244095;125.823792;124.798187;123.864281;123.023224;122.264351;107.621338;93.259468;94.789581;96.172417;97.426979,npp_d20140716_t1803247_e1809051_b14079,156.169,44.3511,25.2483,99.3315,40.7549,84.5064
536,VBD_npp_d20140716_t1805029_x1078979E_y047633S_l0895_s1580_v23,2017-05-23 13:08:46,-4.763335,107.897911,26.3429,2014-07-16 18:05:02,2014-07-17 01:05:02,895,1580,0.405935,1,2529,0.531699,0.254066,0.856639,0.4,0.800361,0.75,0.0418763,0.0001,2.37168e-06,999999,-3.497155e-01,3,Indonesian Exclusive Economic Zone,WPP712,,SVDNB_npp_d20140716_t1803247_e1809051_b14079_c20140717000905445784_noaa_ops.h5,GDNBO_npp_d20140716_t1803247_e1809051_b14079_c20140717000905445471_noaa_ops.h5,SVI04_npp_d20140716_t1803247_e1809051_b14079_c20140717000905432367_noaa_ops.dspace_rad,VNFF_npp_d20140716_t1803247_e1809051_b14079_v21.csv,World_EEZ_v8_2014.shp,WPP_BFAR_merge.shp,KKP_IDN_merge_20161208.shp,VNF-VBD_npp_20120301-20151231_global_asia-enhanced_c201607211230.bitmask,NCEI_NGA.union.nga_lead2.add_2015ntl.mask,timezone.shp,VBD_platforms-recurring_2015_r20170330.shp,999999,VBD_bridges_c20160811.shp,2.701723;0.592520;-1.537733;-6.424739;-11.321091;-16.224911;-21.132078;-19.454973;-16.614069;-11.826628;-7.007390;-2.161976,98.595314;112.244095;125.823792;124.798187;123.864281;123.023224;122.264351;107.621338;93.259468;94.789581;96.172417;97.426979,npp_d20140716_t1803247_e1809051_b14079,156.219,44.4316,25.2525,98.2028,40.7707,84.4371
537,VBD_npp_d20140716_t1805047_x1078880E_y047807S_l0898_s1580_v23,2017-05-23 13:08:46,-4.780739,107.887978,15.9002,2014-07-16 18:05:04,2014-07-17 01:05:04,898,1580,0.384887,7,2465,0.273054,0.241885,0.856639,0.4,0.597129,0.75,0.0418711,0.0001,2.45529e-06,999999,-2.626324e-01,3,,,,SVDNB_npp_d20140716_t1803247_e1809051_b14079_c20140717000905445784_noaa_ops.h5,GDNBO_npp_d20140716_t1803247_e1809051_b14079_c20140717000905445471_noaa_ops.h5,SVI04_npp_d20140716_t1803247_e1809051_b14079_c20140717000905432367_noaa_ops.dspace_rad,VNFF_npp_d20140716_t1803247_e1809051_b14079_v21.csv,World_EEZ_v8_2014.shp,WPP_BFAR_merge.shp,KKP_IDN_merge_20161208.shp,VNF-VBD_npp_20120301-20151231_global_asia-enhanced_c201607211230.bitmask,NCEI_NGA.union.nga_lead2.add_2015ntl.mask,timezone.shp,VBD_platforms-recurring_2015_r20170330.shp,999999,VBD_bridges_c20160811.shp,2.701723;0.592520;-1.537733;-6.424739;-11.321091;-16.224911;-21.132078;-19.454973;-16.614069;-11.826628;-7.007390;-2.161976,98.595314;112.244095;125.823792;124.798187;123.864281;123.023224;122.264351;107.621338;93.259468;94.789581;96.172417;97.426979,npp_d20140716_t1803247_e1809051_b14079,156.233,44.4554,25.2493,99.8368,40.7752,84.4169
538,VBD_npp_d20140716_t1805047_x1078847E_y048008S_l0901_s1580_v23,2017-05-23 13:08:46,-4.800835,107.884697,20.3987,2014-07-16 18:05:04,2014-07-17 01:05:04,901,1580,0.316384,2,2465,0.336094,0.231237,0.840465,0.4,0.630725,0.75,0.0418658,0.0001,2.43206e-06,999999,-1.865084e-01,3,Indonesian Exclusive Economic Zone,WPP712,,SVDNB_npp_d20140716_t1803247_e1809051_b14079_c20140717000905445784_noaa_ops.h5,GDNBO_npp_d20140716_t1803247_e1809051_b14079_c20140717000905445471_noaa_ops.h5,SVI04_npp_d20140716_t1803247_e1809051_b14079_c20140717000905432367_noaa_ops.dspace_rad,VNFF_npp_d20140716_t1803247_e1809051_b14079_v21.csv,World_EEZ_v8_2014.shp,WPP_BFAR_merge.shp,KKP_IDN_merge_20161208.shp,VNF-VBD_npp_20120301-20151231_global_asia-enhanced_c201607211230.bitmask,NCEI_NGA.union.nga_lead2.add_2015ntl.mask,timezone.shp,VBD_platforms-recurring_2015_r20170330.shp,999999,VBD_bridges_c20160811.shp,2.701723;0.592520;-1.537733;-6.424739;-11.321091;-16.224911;-21.132078;-19.454973;-16.614069;-11.826628;-7.007390;-2.161976,98.595314;112.244095;125.823792;124.798187;123.864281;123.023224;122.264351;107.621338;93.259468;94.789581;96.172417;97.426979,npp_d20140716_t1803247_e1809051_b14079,156.25,44.4823,25.2483,99.4605,40.7805,84.3939
539,VBD_npp_d20140716_t1805011_x1079349E_y046201S_l0873_s1581_v23,2017-05-23 13:08:46,-4.620098,107.934898,26.3727,2014-07-16 18:05:01,2014-07-17 01:05:01,873,1581,0.390246,1,2529,0.71832,0.184151,0.884377,0.4,0.902615,0.75,0.0419187,0.0001,2.48665e-06,999999,1.501190e-01,3,Indonesian Exclusive Economic Zone,WPP712,,SVDNB_npp_d20140716_t1803247_e1809051_b14079_c20140717000905445784_noaa_ops.h5,GDNBO_npp_d20140716_t1803247_e1809051_b14079_c20140717000905445471_noaa_ops.h5,SVI04_npp_d20140716_t1803247_e1809051_b14079_c20140717000905432367_noaa_ops.dspace_rad,VNFF_npp_d20140716_t1803247_e1809051_b14079_v21.csv,World_EEZ_v8_2014.shp,WPP_BFAR_merge.shp,KKP_IDN_merge_20161208.shp,VNF-VBD_npp_20120301-20151231_global_asia-enhanced_c201607211230.bitmask,NCEI_NGA.union.nga_lead2.add_2015ntl.mask,timezone.shp,VBD_platforms-recurring_2015_r20170330.shp,999999,VBD_bridges_c20160811.shp,2.701723;0.592520;-1.537733;-6.424739;-11.321091;-16.224911;-21.132078;-19.454973;-16.614069;-11.826628;-7.007390;-2.161976,98.595314;112.244095;125.823792;124.798187;123.864281;123.023224;122.264351;107.621338;93.259468;94.789581;96.172417;97.426979,npp_d20140716_t1803247_e1809051_b14079,156.096,44.2503,25.2017,98.9432,40.7269,84.6007
540,VBD_npp_d20140716_t1805029_x1079199E_y046707S_l0881_s1581_v23,2017-05-23 13:08:46,-4.670655,107.919868,78.2142,2014-07-16 18:05:02,2014-07-17 01:05:02,881,1581,0.39682,1,2529,0.785511,0.194756,0.857255,0.4,0.894286,0.75,0.0419053,0.0001,2.5339e-06,999999,7.430306e-02,3,Indonesian Exclusive Economic Zone,WPP712,,SVDNB_npp_d20140716_t1803247_e1809051_b14079_c20140717000905445784_noaa_ops.h5,GDNBO_npp_d20140716_t1803247_e1809051_b14079_c20140717000905445471_noaa_ops.h5,SVI04_npp_d20140716_t1803247_e1809051_b14079_c20140717000905432367_noaa_ops.dspace_rad,VNFF_npp_d20140716_t1803247_e1809051_b14079_v21.csv,World_EEZ_v8_2014.shp,WPP_BFAR_merge.shp,KKP_IDN_merge_20161208.shp,VNF-VBD_npp_20120301-20151231_global_asia-enhanced_c201607211230.bitmask,NCEI_NGA.union.nga_lead2.add_2015ntl.mask,timezone.shp,VBD_platforms-recurring_2015_r20170330.shp,999999,VBD_bridges_c20160811.shp,2.701723;0.592520;-1.537733;-6.424739;-11.321091;-16.224911;-21.132078;-19.454973;-16.614069;-11.826628;-7.007390;-2.161976,98.595314;112.244095;125.823792;124.798187;123.864281;123.023224;122.264351;107.621338;93.259468;94.789581;96.172417;97.426979,npp_d20140716_t1803247_e1809051_b14079,156.137,44.3184,25.2004,99.9596,40.7396,84.5423
541,VBD_npp_d20140716_t1805047_x1078903E_y048086S_l0902_s1581_v23,2017-05-23 13:08:46,-4.808621,107.890251,18.5139,2014-07-16 18:05:04,2014-07-17 01:05:04,902,1581,0.285944,7,2465,0.289815,0.232638,0.840465,0.4,0.572123,0.75,0.0418693,0.0001,2.47535e-06,999999,-1.965258e-01,3,,,,SVDNB_npp_d20140716_t1803247_e1809051_b14079_c20140717000905445784_noaa_ops.h5,GDNBO_npp_d20140716_t1803247_e1809051_b14079_c20140717000905445471_noaa_ops.h5,SVI04_npp_d20140716_t1803247_e1809051_b14079_c20140717000905432367_noaa_ops.dspace_rad,VNFF_npp_d20140716_t1803247_e1809051_b14079_v21.csv,World_EEZ_v8_2014.shp,WPP_BFAR_merge.shp,KKP_IDN_merge_20161208.shp,VNF-VBD_npp_20120301-20151231_global_asia-enhanced_c201607211230.bitmask,NCEI_NGA.union.nga_lead2.add_2015ntl.mask,timezone.shp,VBD_platforms-recurring_2015_r20170330.shp,999999,VBD_bridges_c20160811.shp,2.701723;0.592520;-1.537733;-6.424739;-11.321091;-16.224911;-21.132078;-19.454973;-16.614069;-11.826628;-7.007390;-2.161976,98.595314;112.244095;125.823792;124.798187;123.864281;123.023224;122.264351;107.621338;93.259468;94.789581;96.172417;97.426979,npp_d20140716_t1803247_e1809051_b14079,156.251,44.5032,25.1988,99.3349,40.7757,84.3836
542,VBD_npp_d20140716_t1805047_x1078870E_y048287S_l0905_s1581_v23,2017-05-23 13:08:46,-4.828710,107.886963,20.4668,2014-07-16 18:05:04,2014-07-17 01:05:04,905,1581,0.349365,1,2529,0.492598,0.283978,0.810712,0.4,0.797308,0.75,0.0418641,0.0001,2.45129e-06,999999,-5.635683e-01,3,Indonesian Exclusive Economic Zone,WPP712,,SVDNB_npp_d20140716_t1803247_e1809051_b14079_c20140717000905445784_noaa_ops.h5,GDNBO_npp_d20140716_t1803247_e1809051_b14079_c20140717000905445471_noaa_ops.h5,SVI04_npp_d20140716_t1803247_e1809051_b14079_c20140717000905432367_noaa_ops.dspace_rad,VNFF_npp_d20140716_t1803247_e1809051_b14079_v21.csv,World_EEZ_v8_2014.shp,WPP_BFAR_merge.shp,KKP_IDN_merge_20161208.shp,VNF-VBD_npp_20120301-20151231_global_asia-enhanced_c201607211230.bitmask,NCEI_NGA.union.nga_lead2.add_2015ntl.mask,timezone.shp,VBD_platforms-recurring_2015_r20170330.shp,999999,VBD_bridges_c20160811.shp,2.701723;0.592520;-1.537733;-6.424739;-11.321091;-16.224911;-21.132078;-19.454973;-16.614069;-11.826628;-7.007390;-2.161976,98.595314;112.244095;125.823792;124.798187;123.864281;123.023224;122.264351;107.621338;93.259468;94.789581;96.172417;97.426979,npp_d20140716_t1803247_e1809051_b14079,156.268,44.5302,25.1992,98.9579,40.781,84.3605
543,VBD_npp_d20140716_t1803535_x1088541E_y006225S_l0260_s1582_v23,2017-05-23 13:08:46,-0.622513,108.854065,38.071,2014-07-16 18:03:53,2014-07-17 01:03:53,260,1582,0.417978,1,2529,1.01159,0.244863,0.916654,0.4,0.971952,0.75,0.0426458,0.0001,3.26083e-06,999999,-2.839242e-01,3,Indonesian Exclusive Economic Zone,WPP711,,SVDNB_npp_d20140716_t1803247_e1809051_b14079_c20140717000905445784_noaa_ops.h5,GDNBO_npp_d20140716_t1803247_e1809051_b14079_c20140717000905445471_noaa_ops.h5,SVI04_npp_d20140716_t1803247_e1809051_b14079_c20140717000905432367_noaa_ops.dspace_rad,VNFF_npp_d20140716_t1803247_e1809051_b14079_v21.csv,World_EEZ_v8_2014.shp,WPP_BFAR_merge.shp,KKP_IDN_merge_20161208.shp,VNF-VBD_npp_20120301-20151231_global_asia-enhanced_c201607211230.bitmask,NCEI_NGA.union.nga_lead2.add_2015ntl.mask,timezone.shp,VBD_platforms-recurring_2015_r20170330.shp,999999,VBD_bridges_c20160811.shp,2.701723;0.592520;-1.537733;-6.424739;-11.321091;-16.224911;-21.132078;-19.454973;-16.614069;-11.826628;-7.007390;-2.161976,98.595314;112.244095;125.823792;124.798187;123.864281;123.023224;122.264351;107.621338;93.259468;94.789581;96.172417;97.426979,npp_d20140716_t1803247_e1809051_b14079,152.694,39.6314,25.1459,99.3266,39.8575,89.3554
544,VBD_npp_d20140716_t1803535_x1088456E_y006761S_l0268_s1582_v23,2017-05-23 13:08:46,-0.676056,108.845581,66.9587,2014-07-16 18:03:53,2014-07-17 01:03:53,268,1582,0.439579,1,2529,1.23215,0.209682,0.926432,0.4,0.979456,0.75,0.0426361,0.0001,3.20695e-06,999999,-3.240436e-02,3,Indonesian Exclusive Economic Zone,WPP711,,SVDNB_npp_d20140716_t1803247_e1809051_b14079_c20140717000905445784_noaa_ops.h5,GDNBO_npp_d20140716_t1803247_e1809051_b14079_c20140717000905445471_noaa_ops.h5,SVI04_npp_d20140716_t1803247_e1809051_b14079_c20140717000905432367_noaa_ops.dspace_rad,VNFF_npp_d20140716_t1803247_e1809051_b14079_v21.csv,World_EEZ_v8_2014.shp,WPP_BFAR_merge.shp,KKP_IDN_merge_20161208.shp,VNF-VBD_npp_20120301-20151231_global_asia-enhanced_c201607211230.bitmask,NCEI_NGA.union.nga_lead2.add_2015ntl.mask,timezone.shp,VBD_platforms-recurring_2015_r20170330.shp,999999,VBD_bridges_c20160811.shp,2.701723;0.592520;-1.537733;-6.424739;-11.321091;-16.224911;-21.132078;-19.454973;-16.614069;-11.826628;-7.007390;-2.161976,98.595314;112.244095;125.823792;124.798187;123.864281;123.023224;122.264351;107.621338;93.259468;94.789581;96.172417;97.426979,npp_d20140716_t1803247_e1809051_b14079,152.74,39.6851,25.1475,98.3189,39.8667,89.29
545,VBD_npp_d20140716_t1804576_x1079945E_y043858S_l0837_s1582_v23,2017-05-23 13:08:46,-4.385842,107.994537,44.6365,2014-07-16 18:04:57,2014-07-17 01:04:57,837,1582,0.417702,1,2529,0.93191,0.207149,0.898587,0.4,0.934259,0.75,0.0419845,0.0001,2.61332e-06,999999,-1.429839e-02,3,Indonesian Exclusive Economic Zone,WPP712,,SVDNB_npp_d20140716_t1803247_e1809051_b14079_c20140717000905445784_noaa_ops.h5,GDNBO_npp_d20140716_t1803247_e1809051_b14079_c20140717000905445471_noaa_ops.h5,SVI04_npp_d20140716_t1803247_e1809051_b14079_c20140717000905432367_noaa_ops.dspace_rad,VNFF_npp_d20140716_t1803247_e1809051_b14079_v21.csv,World_EEZ_v8_2014.shp,WPP_BFAR_merge.shp,KKP_IDN_merge_20161208.shp,VNF-VBD_npp_20120301-20151231_global_asia-enhanced_c201607211230.bitmask,NCEI_NGA.union.nga_lead2.add_2015ntl.mask,timezone.shp,VBD_platforms-recurring_2015_r20170330.shp,999999,VBD_bridges_c20160811.shp,2.701723;0.592520;-1.537733;-6.424739;-11.321091;-16.224911;-21.132078;-19.454973;-16.614069;-11.826628;-7.007390;-2.161976,98.595314;112.244095;125.823792;124.798187;123.864281;123.023224;122.264351;107.621338;93.259468;94.789581;96.172417;97.426979,npp_d20140716_t1803247_e1809051_b14079,155.897,43.9528,25.1488,99.4322,40.6595,84.87
546,VBD_npp_d20140716_t1804576_x1079847E_y044461S_l0846_s1582_v23,2017-05-23 13:08:46,-4.446084,107.984726,20.7135,2014-07-16 18:04:57,2014-07-17 01:04:57,846,1582,0.413338,1,2529,0.7239,0.207963,0.881403,0.4,0.929108,0.75,0.0419694,0.0001,2.53963e-06,999999,-2.011883e-02,3,Indonesian Exclusive Economic Zone,WPP712,,SVDNB_npp_d20140716_t1803247_e1809051_b14079_c20140717000905445784_noaa_ops.h5,GDNBO_npp_d20140716_t1803247_e1809051_b14079_c20140717000905445471_noaa_ops.h5,SVI04_npp_d20140716_t1803247_e1809051_b14079_c20140717000905432367_noaa_ops.dspace_rad,VNFF_npp_d20140716_t1803247_e1809051_b14079_v21.csv,World_EEZ_v8_2014.shp,WPP_BFAR_merge.shp,KKP_IDN_merge_20161208.shp,VNF-VBD_npp_20120301-20151231_global_asia-enhanced_c201607211230.bitmask,NCEI_NGA.union.nga_lead2.add_2015ntl.mask,timezone.shp,VBD_platforms-recurring_2015_r20170330.shp,999999,VBD_bridges_c20160811.shp,2.701723;0.592520;-1.537733;-6.424739;-11.321091;-16.224911;-21.132078;-19.454973;-16.614069;-11.826628;-7.007390;-2.161976,98.595314;112.244095;125.823792;124.798187;123.864281;123.023224;122.264351;107.621338;93.259468;94.789581;96.172417;97.426979,npp_d20140716_t1803247_e1809051_b14079,155.947,44.0314,25.152,98.2992,40.6748,84.8004
547,VBD_npp_d20140716_t1805047_x1079002E_y047896S_l0899_s1582_v23,2017-05-23 13:08:46,-4.789628,107.900169,28.3653,2014-07-16 18:05:04,2014-07-17 01:05:04,899,1582,0.311357,2,2465,0.459672,0.237629,0.840465,0.4,0.738417,0.75,0.0418799,0.0001,2.55168e-06,999999,-2.322034e-01,3,Indonesian Exclusive Economic Zone,WPP712,,SVDNB_npp_d20140716_t1803247_e1809051_b14079_c20140717000905445784_noaa_ops.h5,GDNBO_npp_d20140716_t1803247_e1809051_b14079_c20140717000905445471_noaa_ops.h5,SVI04_npp_d20140716_t1803247_e1809051_b14079_c20140717000905432367_noaa_ops.dspace_rad,VNFF_npp_d20140716_t1803247_e1809051_b14079_v21.csv,World_EEZ_v8_2014.shp,WPP_BFAR_merge.shp,KKP_IDN_merge_20161208.shp,VNF-VBD_npp_20120301-20151231_global_asia-enhanced_c201607211230.bitmask,NCEI_NGA.union.nga_lead2.add_2015ntl.mask,timezone.shp,VBD_platforms-recurring_2015_r20170330.shp,999999,VBD_bridges_c20160811.shp,2.701723;0.592520;-1.537733;-6.424739;-11.321091;-16.224911;-21.132078;-19.454973;-16.614069;-11.826628;-7.007390;-2.161976,98.595314;112.244095;125.823792;124.798187;123.864281;123.023224;122.264351;107.621338;93.259468;94.789581;96.172417;97.426979,npp_d20140716_t1803247_e1809051_b14079,156.231,44.4882,25.15,99.7124,40.7639,84.404
548,VBD_npp_d20140716_t1805029_x1079178E_y047665S_l0895_s1583_v23,2017-05-23 13:08:46,-4.766531,107.917847,28.7168,2014-07-16 18:05:02,2014-07-17 01:05:02,895,1583,0.309976,1,2529,0.525615,0.238501,0.842854,0.4,0.799494,0.75,0.0418922,0.0001,2.52456e-06,999999,-2.384387e-01,3,Indonesian Exclusive Economic Zone,WPP712,,SVDNB_npp_d20140716_t1803247_e1809051_b14079_c20140717000905445784_noaa_ops.h5,GDNBO_npp_d20140716_t1803247_e1809051_b14079_c20140717000905445471_noaa_ops.h5,SVI04_npp_d20140716_t1803247_e1809051_b14079_c20140717000905432367_noaa_ops.dspace_rad,VNFF_npp_d20140716_t1803247_e1809051_b14079_v21.csv,World_EEZ_v8_2014.shp,WPP_BFAR_merge.shp,KKP_IDN_merge_20161208.shp,VNF-VBD_npp_20120301-20151231_global_asia-enhanced_c201607211230.bitmask,NCEI_NGA.union.nga_lead2.add_2015ntl.mask,timezone.shp,VBD_platforms-recurring_2015_r20170330.shp,999999,VBD_bridges_c20160811.shp,2.701723;0.592520;-1.537733;-6.424739;-11.321091;-16.224911;-21.132078;-19.454973;-16.614069;-11.826628;-7.007390;-2.161976,98.595314;112.244095;125.823792;124.798187;123.864281;123.023224;122.264351;107.621338;93.259468;94.789581;96.172417;97.426979,npp_d20140716_t1803247_e1809051_b14079,156.207,44.4672,25.1042,98.196,40.751,84.4294
549,VBD_npp_d20140716_t1805047_x1079079E_y047840S_l0898_s1583_v23,2017-05-23 13:08:46,-4.784030,107.907898,21.1252,2014-07-16 18:05:04,2014-07-17 01:05:04,898,1583,0.309257,7,2465,0.344233,0.21074,0.842854,0.4,0.676014,0.75,0.0418869,0.0001,2.61341e-06,999999,-3.996925e-02,3,,,,SVDNB_npp_d20140716_t1803247_e1809051_b14079_c20140717000905445784_noaa_ops.h5,GDNBO_npp_d20140716_t1803247_e1809051_b14079_c20140717000905445471_noaa_ops.h5,SVI04_npp_d20140716_t1803247_e1809051_b14079_c20140717000905432367_noaa_ops.dspace_rad,VNFF_npp_d20140716_t1803247_e1809051_b14079_v21.csv,World_EEZ_v8_2014.shp,WPP_BFAR_merge.shp,KKP_IDN_merge_20161208.shp,VNF-VBD_npp_20120301-20151231_global_asia-enhanced_c201607211230.bitmask,NCEI_NGA.union.nga_lead2.add_2015ntl.mask,timezone.shp,VBD_platforms-recurring_2015_r20170330.shp,999999,VBD_bridges_c20160811.shp,2.701723;0.592520;-1.537733;-6.424739;-11.321091;-16.224911;-21.132078;-19.454973;-16.614069;-11.826628;-7.007390;-2.161976,98.595314;112.244095;125.823792;124.798187;123.864281;123.023224;122.264351;107.621338;93.259468;94.789581;96.172417;97.426979,npp_d20140716_t1803247_e1809051_b14079,156.222,44.4911,25.101,99.839,40.7555,84.4091
550,VBD_npp_d20140716_t1804558_x1080298E_y042969S_l0823_s1584_v23,2017-05-23 13:08:46,-4.296862,108.029770,28.4604,2014-07-16 18:04:55,2014-07-17 01:04:55,823,1584,0.408366,1,2529,0.861065,0.208475,0.862796,0.4,0.908533,0.75,0.0420186,0.0001,2.72752e-06,999999,-2.377601e-02,3,Indonesian Exclusive Economic Zone,WPP712,,SVDNB_npp_d20140716_t1803247_e1809051_b14079_c20140717000905445784_noaa_ops.h5,GDNBO_npp_d20140716_t1803247_e1809051_b14079_c20140717000905445471_noaa_ops.h5,SVI04_npp_d20140716_t1803247_e1809051_b14079_c20140717000905432367_noaa_ops.dspace_rad,VNFF_npp_d20140716_t1803247_e1809051_b14079_v21.csv,World_EEZ_v8_2014.shp,WPP_BFAR_merge.shp,KKP_IDN_merge_20161208.shp,VNF-VBD_npp_20120301-20151231_global_asia-enhanced_c201607211230.bitmask,NCEI_NGA.union.nga_lead2.add_2015ntl.mask,timezone.shp,VBD_platforms-recurring_2015_r20170330.shp,999999,VBD_bridges_c20160811.shp,2.701723;0.592520;-1.537733;-6.424739;-11.321091;-16.224911;-21.132078;-19.454973;-16.614069;-11.826628;-7.007390;-2.161976,98.595314;112.244095;125.823792;124.798187;123.864281;123.023224;122.264351;107.621338;93.259468;94.789581;96.172417;97.426979,npp_d20140716_t1803247_e1809051_b14079,155.813,43.8576,25.0497,99.177,40.6232,84.9707
551,VBD_npp_d20140716_t1804558_x1080200E_y043571S_l0832_s1584_v23,2017-05-23 13:08:46,-4.357063,108.019966,7.15767,2014-07-16 18:04:55,2014-07-17 01:04:55,832,1584,0.403173,1,2529,0.36087,0.213273,0.906727,0.4,0.810738,0.75,0.0420035,0.0001,2.65041e-06,999999,-5.807531e-02,3,Indonesian Exclusive Economic Zone,WPP712,,SVDNB_npp_d20140716_t1803247_e1809051_b14079_c20140717000905445784_noaa_ops.h5,GDNBO_npp_d20140716_t1803247_e1809051_b14079_c20140717000905445471_noaa_ops.h5,SVI04_npp_d20140716_t1803247_e1809051_b14079_c20140717000905432367_noaa_ops.dspace_rad,VNFF_npp_d20140716_t1803247_e1809051_b14079_v21.csv,World_EEZ_v8_2014.shp,WPP_BFAR_merge.shp,KKP_IDN_merge_20161208.shp,VNF-VBD_npp_20120301-20151231_global_asia-enhanced_c201607211230.bitmask,NCEI_NGA.union.nga_lead2.add_2015ntl.mask,timezone.shp,VBD_platforms-recurring_2015_r20170330.shp,999999,VBD_bridges_c20160811.shp,2.701723;0.592520;-1.537733;-6.424739;-11.321091;-16.224911;-21.132078;-19.454973;-16.614069;-11.826628;-7.007390;-2.161976,98.595314;112.244095;125.823792;124.798187;123.864281;123.023224;122.264351;107.621338;93.259468;94.789581;96.172417;97.426979,npp_d20140716_t1803247_e1809051_b14079,155.863,43.9357,25.0549,98.0398,40.6385,84.901
552,VBD_npp_d20140716_t1805029_x1079376E_y046873S_l0883_s1584_v23,2017-05-23 13:08:46,-4.687326,107.937599,20.104,2014-07-16 18:05:02,2014-07-17 01:05:02,883,1584,0.348923,1,2529,0.540111,0.19,0.838137,0.4,0.810045,0.75,0.0419178,0.0001,2.67999e-06,999999,1.083065e-01,3,Indonesian Exclusive Economic Zone,WPP712,,SVDNB_npp_d20140716_t1803247_e1809051_b14079_c20140717000905445784_noaa_ops.h5,GDNBO_npp_d20140716_t1803247_e1809051_b14079_c20140717000905445471_noaa_ops.h5,SVI04_npp_d20140716_t1803247_e1809051_b14079_c20140717000905432367_noaa_ops.dspace_rad,VNFF_npp_d20140716_t1803247_e1809051_b14079_v21.csv,World_EEZ_v8_2014.shp,WPP_BFAR_merge.shp,KKP_IDN_merge_20161208.shp,VNF-VBD_npp_20120301-20151231_global_asia-enhanced_c201607211230.bitmask,NCEI_NGA.union.nga_lead2.add_2015ntl.mask,timezone.shp,VBD_platforms-recurring_2015_r20170330.shp,999999,VBD_bridges_c20160811.shp,2.701723;0.592520;-1.537733;-6.424739;-11.321091;-16.224911;-21.132078;-19.454973;-16.614069;-11.826628;-7.007390;-2.161976,98.595314;112.244095;125.823792;124.798187;123.864281;123.023224;122.264351;107.621338;93.259468;94.789581;96.172417;97.426979,npp_d20140716_t1803247_e1809051_b14079,156.137,44.3719,25.0513,99.7099,40.7234,84.5191
553,VBD_npp_d20140716_t1805047_x1079123E_y047985S_l0900_s1584_v23,2017-05-23 13:08:46,-4.798503,107.912346,26.7843,2014-07-16 18:05:04,2014-07-17 01:05:04,900,1584,0.335333,2,2465,0.43357,0.265738,0.821697,0.4,0.691849,0.75,0.0418887,0.0001,2.65138e-06,999999,-4.331640e-01,3,Indonesian Exclusive Economic Zone,WPP712,,SVDNB_npp_d20140716_t1803247_e1809051_b14079_c20140717000905445784_noaa_ops.h5,GDNBO_npp_d20140716_t1803247_e1809051_b14079_c20140717000905445471_noaa_ops.h5,SVI04_npp_d20140716_t1803247_e1809051_b14079_c20140717000905432367_noaa_ops.dspace_rad,VNFF_npp_d20140716_t1803247_e1809051_b14079_v21.csv,World_EEZ_v8_2014.shp,WPP_BFAR_merge.shp,KKP_IDN_merge_20161208.shp,VNF-VBD_npp_20120301-20151231_global_asia-enhanced_c201607211230.bitmask,NCEI_NGA.union.nga_lead2.add_2015ntl.mask,timezone.shp,VBD_platforms-recurring_2015_r20170330.shp,999999,VBD_bridges_c20160811.shp,2.701723;0.592520;-1.537733;-6.424739;-11.321091;-16.224911;-21.132078;-19.454973;-16.614069;-11.826628;-7.007390;-2.161976,98.595314;112.244095;125.823792;124.798187;123.864281;123.023224;122.264351;107.621338;93.259468;94.789581;96.172417;97.426979,npp_d20140716_t1803247_e1809051_b14079,156.229,44.521,25.0509,99.587,40.7525,84.3911
554,VBD_npp_d20140716_t1804540_x1080590E_y042004S_l0808_s1585_v23,2017-05-23 13:08:46,-4.200443,108.058998,64.7109,2014-07-16 18:04:54,2014-07-17 01:04:54,808,1585,0.417757,1,2529,1.10244,0.199321,0.869713,0.4,0.963287,0.75,0.0420491,0.0001,2.79287e-06,999999,4.167138e-02,3,Indonesian Exclusive Economic Zone,WPP712,,SVDNB_npp_d20140716_t1803247_e1809051_b14079_c20140717000905445784_noaa_ops.h5,GDNBO_npp_d20140716_t1803247_e1809051_b14079_c20140717000905445471_noaa_ops.h5,SVI04_npp_d20140716_t1803247_e1809051_b14079_c20140717000905432367_noaa_ops.dspace_rad,VNFF_npp_d20140716_t1803247_e1809051_b14079_v21.csv,World_EEZ_v8_2014.shp,WPP_BFAR_merge.shp,KKP_IDN_merge_20161208.shp,VNF-VBD_npp_20120301-20151231_global_asia-enhanced_c201607211230.bitmask,NCEI_NGA.union.nga_lead2.add_2015ntl.mask,timezone.shp,VBD_platforms-recurring_2015_r20170330.shp,999999,VBD_bridges_c20160811.shp,2.701723;0.592520;-1.537733;-6.424739;-11.321091;-16.224911;-21.132078;-19.454973;-16.614069;-11.826628;-7.007390;-2.161976,98.595314;112.244095;125.823792;124.798187;123.864281;123.023224;122.264351;107.621338;93.259468;94.789581;96.172417;97.426979,npp_d20140716_t1803247_e1809051_b14079,155.729,43.7426,25.003,99.0397,40.5925,85.0816
555,VBD_npp_d20140716_t1804576_x1080188E_y043623S_l0833_s1585_v23,2017-05-23 13:08:46,-4.362349,108.018776,23.6851,2014-07-16 18:04:57,2014-07-17 01:04:57,833,1585,0.399251,1,2529,0.761292,0.215207,0.906727,0.4,0.93301,0.75,0.0420071,0.0001,2.81453e-06,999999,-7.190280e-02,3,Indonesian Exclusive Economic Zone,WPP712,,SVDNB_npp_d20140716_t1803247_e1809051_b14079_c20140717000905445784_noaa_ops.h5,GDNBO_npp_d20140716_t1803247_e1809051_b14079_c20140717000905445471_noaa_ops.h5,SVI04_npp_d20140716_t1803247_e1809051_b14079_c20140717000905432367_noaa_ops.dspace_rad,VNFF_npp_d20140716_t1803247_e1809051_b14079_v21.csv,World_EEZ_v8_2014.shp,WPP_BFAR_merge.shp,KKP_IDN_merge_20161208.shp,VNF-VBD_npp_20120301-20151231_global_asia-enhanced_c201607211230.bitmask,NCEI_NGA.union.nga_lead2.add_2015ntl.mask,timezone.shp,VBD_platforms-recurring_2015_r20170330.shp,999999,VBD_bridges_c20160811.shp,2.701723;0.592520;-1.537733;-6.424739;-11.321091;-16.224911;-21.132078;-19.454973;-16.614069;-11.826628;-7.007390;-2.161976,98.595314;112.244095;125.823792;124.798187;123.864281;123.023224;122.264351;107.621338;93.259468;94.789581;96.172417;97.426979,npp_d20140716_t1803247_e1809051_b14079,155.863,43.9533,25.002,99.9389,40.6329,84.8935
556,VBD_npp_d20140716_t1805029_x1079322E_y047620S_l0894_s1585_v23,2017-05-23 13:08:46,-4.761972,107.932213,26.7417,2014-07-16 18:05:02,2014-07-17 01:05:02,894,1585,0.262134,1,2529,0.557968,0.25105,0.848823,0.4,0.809512,0.75,0.0419045,0.0001,2.64028e-06,999999,-3.281566e-01,3,Indonesian Exclusive Economic Zone,WPP712,,SVDNB_npp_d20140716_t1803247_e1809051_b14079_c20140717000905445784_noaa_ops.h5,GDNBO_npp_d20140716_t1803247_e1809051_b14079_c20140717000905445471_noaa_ops.h5,SVI04_npp_d20140716_t1803247_e1809051_b14079_c20140717000905432367_noaa_ops.dspace_rad,VNFF_npp_d20140716_t1803247_e1809051_b14079_v21.csv,World_EEZ_v8_2014.shp,WPP_BFAR_merge.shp,KKP_IDN_merge_20161208.shp,VNF-VBD_npp_20120301-20151231_global_asia-enhanced_c201607211230.bitmask,NCEI_NGA.union.nga_lead2.add_2015ntl.mask,timezone.shp,VBD_platforms-recurring_2015_r20170330.shp,999999,VBD_bridges_c20160811.shp,2.701723;0.592520;-1.537733;-6.424739;-11.321091;-16.224911;-21.132078;-19.454973;-16.614069;-11.826628;-7.007390;-2.161976,98.595314;112.244095;125.823792;124.798187;123.864281;123.023224;122.264351;107.621338;93.259468;94.789581;96.172417;97.426979,npp_d20140716_t1803247_e1809051_b14079,156.194,44.4819,25.0045,98.318,40.7361,84.4319
557,VBD_npp_d20140716_t1805047_x1079222E_y047795S_l0897_s1585_v23,2017-05-23 13:08:46,-4.779532,107.922249,28.7362,2014-07-16 18:05:04,2014-07-17 01:05:04,897,1585,0.278597,1,2529,0.531557,0.254362,0.842854,0.4,0.815476,0.75,0.0418992,0.0001,2.73237e-06,999999,-3.518334e-01,3,Indonesian Exclusive Economic Zone,WPP712,,SVDNB_npp_d20140716_t1803247_e1809051_b14079_c20140717000905445784_noaa_ops.h5,GDNBO_npp_d20140716_t1803247_e1809051_b14079_c20140717000905445471_noaa_ops.h5,SVI04_npp_d20140716_t1803247_e1809051_b14079_c20140717000905432367_noaa_ops.dspace_rad,VNFF_npp_d20140716_t1803247_e1809051_b14079_v21.csv,World_EEZ_v8_2014.shp,WPP_BFAR_merge.shp,KKP_IDN_merge_20161208.shp,VNF-VBD_npp_20120301-20151231_global_asia-enhanced_c201607211230.bitmask,NCEI_NGA.union.nga_lead2.add_2015ntl.mask,timezone.shp,VBD_platforms-recurring_2015_r20170330.shp,999999,VBD_bridges_c20160811.shp,2.701723;0.592520;-1.537733;-6.424739;-11.321091;-16.224911;-21.132078;-19.454973;-16.614069;-11.826628;-7.007390;-2.161976,98.595314;112.244095;125.823792;124.798187;123.864281;123.023224;122.264351;107.621338;93.259468;94.789581;96.172417;97.426979,npp_d20140716_t1803247_e1809051_b14079,156.208,44.5059,25.0028,99.9671,40.7407,84.4116
558,VBD_npp_d20140716_t1803535_x1088678E_y007070S_l0272_s1586_v23,2017-05-23 13:08:46,-0.706953,108.867775,78.8805,2014-07-16 18:03:53,2014-07-17 01:03:53,272,1586,0.436872,1,2529,1.25521,0.208344,0.923425,0.4,0.97835,0.75,0.0426524,0.0001,3.44873e-06,999999,-2.284155e-02,3,Indonesian Exclusive Economic Zone,WPP711,,SVDNB_npp_d20140716_t1803247_e1809051_b14079_c20140717000905445784_noaa_ops.h5,GDNBO_npp_d20140716_t1803247_e1809051_b14079_c20140717000905445471_noaa_ops.h5,SVI04_npp_d20140716_t1803247_e1809051_b14079_c20140717000905432367_noaa_ops.dspace_rad,VNFF_npp_d20140716_t1803247_e1809051_b14079_v21.csv,World_EEZ_v8_2014.shp,WPP_BFAR_merge.shp,KKP_IDN_merge_20161208.shp,VNF-VBD_npp_20120301-20151231_global_asia-enhanced_c201607211230.bitmask,NCEI_NGA.union.nga_lead2.add_2015ntl.mask,timezone.shp,VBD_platforms-recurring_2015_r20170330.shp,999999,VBD_bridges_c20160811.shp,2.701723;0.592520;-1.537733;-6.424739;-11.321091;-16.224911;-21.132078;-19.454973;-16.614069;-11.826628;-7.007390;-2.161976,98.595314;112.244095;125.823792;124.798187;123.864281;123.023224;122.264351;107.621338;93.259468;94.789581;96.172417;97.426979,npp_d20140716_t1803247_e1809051_b14079,152.75,39.7563,24.9535,97.8068,39.8446,89.2515
559,VBD_npp_d20140716_t1804576_x1080200E_y043969S_l0838_s1586_v23,2017-05-23 13:08:46,-4.396863,108.019958,58.3999,2014-07-16 18:04:57,2014-07-17 01:04:57,838,1586,0.416321,1,2529,1.01627,0.193017,0.912675,0.4,0.92252,0.75,0.042004,0.0001,2.82982e-06,999999,8.673511e-02,3,Indonesian Exclusive Economic Zone,WPP712,,SVDNB_npp_d20140716_t1803247_e1809051_b14079_c20140717000905445784_noaa_ops.h5,GDNBO_npp_d20140716_t1803247_e1809051_b14079_c20140717000905445471_noaa_ops.h5,SVI04_npp_d20140716_t1803247_e1809051_b14079_c20140717000905432367_noaa_ops.dspace_rad,VNFF_npp_d20140716_t1803247_e1809051_b14079_v21.csv,World_EEZ_v8_2014.shp,WPP_BFAR_merge.shp,KKP_IDN_merge_20161208.shp,VNF-VBD_npp_20120301-20151231_global_asia-enhanced_c201607211230.bitmask,NCEI_NGA.union.nga_lead2.add_2015ntl.mask,timezone.shp,VBD_platforms-recurring_2015_r20170330.shp,999999,VBD_bridges_c20160811.shp,2.701723;0.592520;-1.537733;-6.424739;-11.321091;-16.224911;-21.132078;-19.454973;-16.614069;-11.826628;-7.007390;-2.161976,98.595314;112.244095;125.823792;124.798187;123.864281;123.023224;122.264351;107.621338;93.259468;94.789581;96.172417;97.426979,npp_d20140716_t1803247_e1809051_b14079,155.887,44.0087,24.9511,99.3058,40.6349,84.8523
560,VBD_npp_d20140716_t1805011_x1079615E_y046656S_l0879_s1586_v23,2017-05-23 13:08:46,-4.665590,107.961510,48.4951,2014-07-16 18:05:01,2014-07-17 01:05:01,879,1586,0.398311,1,2529,0.95053,0.191027,0.851632,0.4,0.940932,0.75,0.041935,0.0001,2.70424e-06,999999,1.009606e-01,3,Indonesian Exclusive Economic Zone,WPP712,,SVDNB_npp_d20140716_t1803247_e1809051_b14079_c20140717000905445784_noaa_ops.h5,GDNBO_npp_d20140716_t1803247_e1809051_b14079_c20140717000905445471_noaa_ops.h5,SVI04_npp_d20140716_t1803247_e1809051_b14079_c20140717000905432367_noaa_ops.dspace_rad,VNFF_npp_d20140716_t1803247_e1809051_b14079_v21.csv,World_EEZ_v8_2014.shp,WPP_BFAR_merge.shp,KKP_IDN_merge_20161208.shp,VNF-VBD_npp_20120301-20151231_global_asia-enhanced_c201607211230.bitmask,NCEI_NGA.union.nga_lead2.add_2015ntl.mask,timezone.shp,VBD_platforms-recurring_2015_r20170330.shp,999999,VBD_bridges_c20160811.shp,2.701723;0.592520;-1.537733;-6.424739;-11.321091;-16.224911;-21.132078;-19.454973;-16.614069;-11.826628;-7.007390;-2.161976,98.595314;112.244095;125.823792;124.798187;123.864281;123.023224;122.264351;107.621338;93.259468;94.789581;96.172417;97.426979,npp_d20140716_t1803247_e1809051_b14079,156.11,44.3627,24.9586,98.178,40.7045,84.5417
561,VBD_npp_d20140716_t1805029_x1079454E_y047229S_l0888_s1586_v23,2017-05-23 13:08:46,-4.722930,107.945389,28.2273,2014-07-16 18:05:02,2014-07-17 01:05:02,888,1586,0.389196,8,18913,0.735038,0.19573,0.840722,0.4,0.89633,0.75,0.0419199,0.0001,2.74913e-06,999999,6.733852e-02,3,Indonesian Exclusive Economic Zone,WPP712,,SVDNB_npp_d20140716_t1803247_e1809051_b14079_c20140717000905445784_noaa_ops.h5,GDNBO_npp_d20140716_t1803247_e1809051_b14079_c20140717000905445471_noaa_ops.h5,SVI04_npp_d20140716_t1803247_e1809051_b14079_c20140717000905432367_noaa_ops.dspace_rad,VNFF_npp_d20140716_t1803247_e1809051_b14079_v21.csv,World_EEZ_v8_2014.shp,WPP_BFAR_merge.shp,KKP_IDN_merge_20161208.shp,VNF-VBD_npp_20120301-20151231_global_asia-enhanced_c201607211230.bitmask,NCEI_NGA.union.nga_lead2.add_2015ntl.mask,timezone.shp,VBD_platforms-recurring_2015_r20170330.shp,0.560463,VBD_bridges_c20160811.shp,2.701723;0.592520;-1.537733;-6.424739;-11.321091;-16.224911;-21.132078;-19.454973;-16.614069;-11.826628;-7.007390;-2.161976,98.595314;112.244095;125.823792;124.798187;123.864281;123.023224;122.264351;107.621338;93.259468;94.789581;96.172417;97.426979,npp_d20140716_t1803247_e1809051_b14079,156.157,44.4401,24.952,99.0768,40.719,84.4755
562,VBD_npp_d20140716_t1805047_x1079256E_y048007S_l0900_s1586_v23,2017-05-23 13:08:46,-4.800682,107.925598,19.8858,2014-07-16 18:05:04,2014-07-17 01:05:04,900,1586,0.39461,2,2465,0.378717,0.284871,0.821697,0.4,0.690434,0.75,0.0418992,0.0001,2.76327e-06,999999,-5.699547e-01,3,Indonesian Exclusive Economic Zone,WPP712,,SVDNB_npp_d20140716_t1803247_e1809051_b14079_c20140717000905445784_noaa_ops.h5,GDNBO_npp_d20140716_t1803247_e1809051_b14079_c20140717000905445471_noaa_ops.h5,SVI04_npp_d20140716_t1803247_e1809051_b14079_c20140717000905432367_noaa_ops.dspace_rad,VNFF_npp_d20140716_t1803247_e1809051_b14079_v21.csv,World_EEZ_v8_2014.shp,WPP_BFAR_merge.shp,KKP_IDN_merge_20161208.shp,VNF-VBD_npp_20120301-20151231_global_asia-enhanced_c201607211230.bitmask,NCEI_NGA.union.nga_lead2.add_2015ntl.mask,timezone.shp,VBD_platforms-recurring_2015_r20170330.shp,999999,VBD_bridges_c20160811.shp,2.701723;0.592520;-1.537733;-6.424739;-11.321091;-16.224911;-21.132078;-19.454973;-16.614069;-11.826628;-7.007390;-2.161976,98.595314;112.244095;125.823792;124.798187;123.864281;123.023224;122.264351;107.621338;93.259468;94.789581;96.172417;97.426979,npp_d20140716_t1803247_e1809051_b14079,156.221,44.5447,24.9521,99.5876,40.7394,84.3859
563,VBD_npp_d20140716_t1805029_x1079455E_y047641S_l0894_s1587_v23,2017-05-23 13:08:46,-4.764101,107.945457,25.7711,2014-07-16 18:05:02,2014-07-17 01:05:02,894,1587,0.322019,1,2529,0.568564,0.261171,0.822901,0.4,0.829509,0.75,0.041915,0.0001,2.75155e-06,999999,-4.005127e-01,3,Indonesian Exclusive Economic Zone,WPP712,,SVDNB_npp_d20140716_t1803247_e1809051_b14079_c20140717000905445784_noaa_ops.h5,GDNBO_npp_d20140716_t1803247_e1809051_b14079_c20140717000905445471_noaa_ops.h5,SVI04_npp_d20140716_t1803247_e1809051_b14079_c20140717000905432367_noaa_ops.dspace_rad,VNFF_npp_d20140716_t1803247_e1809051_b14079_v21.csv,World_EEZ_v8_2014.shp,WPP_BFAR_merge.shp,KKP_IDN_merge_20161208.shp,VNF-VBD_npp_20120301-20151231_global_asia-enhanced_c201607211230.bitmask,NCEI_NGA.union.nga_lead2.add_2015ntl.mask,timezone.shp,VBD_platforms-recurring_2015_r20170330.shp,999999,VBD_bridges_c20160811.shp,2.701723;0.592520;-1.537733;-6.424739;-11.321091;-16.224911;-21.132078;-19.454973;-16.614069;-11.826628;-7.007390;-2.161976,98.595314;112.244095;125.823792;124.798187;123.864281;123.023224;122.264351;107.621338;93.259468;94.789581;96.172417;97.426979,npp_d20140716_t1803247_e1809051_b14079,156.186,44.5055,24.9058,98.3139,40.723,84.4268
564,VBD_npp_d20140716_t1803410_x1090623E_y000813N_l0151_s1589_v23,2017-05-23 13:08:46,0.081316,109.062302,3.5128,2014-07-16 18:03:41,2014-07-17 01:03:41,151,1589,0.43991,1,2273,0.21434,0.19705,0.598473,0.4,0.76002,0.75,0.042812,0.0001,3.8596e-06,999999,5.790294e-02,3,Indonesian Exclusive Economic Zone,WPP711,,SVDNB_npp_d20140716_t1803247_e1809051_b14079_c20140717000905445784_noaa_ops.h5,GDNBO_npp_d20140716_t1803247_e1809051_b14079_c20140717000905445471_noaa_ops.h5,SVI04_npp_d20140716_t1803247_e1809051_b14079_c20140717000905432367_noaa_ops.dspace_rad,VNFF_npp_d20140716_t1803247_e1809051_b14079_v21.csv,World_EEZ_v8_2014.shp,WPP_BFAR_merge.shp,KKP_IDN_merge_20161208.shp,VNF-VBD_npp_20120301-20151231_global_asia-enhanced_c201607211230.bitmask,NCEI_NGA.union.nga_lead2.add_2015ntl.mask,timezone.shp,VBD_platforms-recurring_2015_r20170330.shp,999999,VBD_bridges_c20160811.shp,2.701723;0.592520;-1.537733;-6.424739;-11.321091;-16.224911;-21.132078;-19.454973;-16.614069;-11.826628;-7.007390;-2.161976,98.595314;112.244095;125.823792;124.798187;123.864281;123.023224;122.264351;107.621338;93.259468;94.789581;96.172417;97.426979,npp_d20140716_t1803247_e1809051_b14079,152.05,39.0096,24.7989,98.9173,39.6945,90.2197
565,VBD_npp_d20140716_t1803553_x1088674E_y007943S_l0285_s1589_v23,2017-05-23 13:08:46,-0.794269,108.867386,42.8732,2014-07-16 18:03:55,2014-07-17 01:03:55,285,1589,0.436375,1,2529,1.02712,0.205854,0.860709,0.4,0.882478,0.75,0.0426524,0.0001,3.67361e-06,999999,-5.035073e-03,3,Indonesian Exclusive Economic Zone,WPP711,,SVDNB_npp_d20140716_t1803247_e1809051_b14079_c20140717000905445784_noaa_ops.h5,GDNBO_npp_d20140716_t1803247_e1809051_b14079_c20140717000905445471_noaa_ops.h5,SVI04_npp_d20140716_t1803247_e1809051_b14079_c20140717000905432367_noaa_ops.dspace_rad,VNFF_npp_d20140716_t1803247_e1809051_b14079_v21.csv,World_EEZ_v8_2014.shp,WPP_BFAR_merge.shp,KKP_IDN_merge_20161208.shp,VNF-VBD_npp_20120301-20151231_global_asia-enhanced_c201607211230.bitmask,NCEI_NGA.union.nga_lead2.add_2015ntl.mask,timezone.shp,VBD_platforms-recurring_2015_r20170330.shp,999999,VBD_bridges_c20160811.shp,2.701723;0.592520;-1.537733;-6.424739;-11.321091;-16.224911;-21.132078;-19.454973;-16.614069;-11.826628;-7.007390;-2.161976,98.595314;112.244095;125.823792;124.798187;123.864281;123.023224;122.264351;107.621338;93.259468;94.789581;96.172417;97.426979,npp_d20140716_t1803247_e1809051_b14079,152.812,39.8754,24.8007,98.1926,39.839,89.1442
566,VBD_npp_d20140716_t1804593_x1080214E_y044709S_l0849_s1589_v23,2017-05-23 13:08:46,-4.470878,108.021423,28.3685,2014-07-16 18:04:59,2014-07-17 01:04:59,849,1589,0.406101,1,2529,0.722152,0.22343,0.866278,0.4,0.906989,0.75,0.0420013,0.0001,3.03638e-06,999999,-1.306919e-01,3,Indonesian Exclusive Economic Zone,WPP712,,SVDNB_npp_d20140716_t1803247_e1809051_b14079_c20140717000905445784_noaa_ops.h5,GDNBO_npp_d20140716_t1803247_e1809051_b14079_c20140717000905445471_noaa_ops.h5,SVI04_npp_d20140716_t1803247_e1809051_b14079_c20140717000905432367_noaa_ops.dspace_rad,VNFF_npp_d20140716_t1803247_e1809051_b14079_v21.csv,World_EEZ_v8_2014.shp,WPP_BFAR_merge.shp,KKP_IDN_merge_20161208.shp,VNF-VBD_npp_20120301-20151231_global_asia-enhanced_c201607211230.bitmask,NCEI_NGA.union.nga_lead2.add_2015ntl.mask,timezone.shp,VBD_platforms-recurring_2015_r20170330.shp,999999,VBD_bridges_c20160811.shp,2.701723;0.592520;-1.537733;-6.424739;-11.321091;-16.224911;-21.132078;-19.454973;-16.614069;-11.826628;-7.007390;-2.161976,98.595314;112.244095;125.823792;124.798187;123.864281;123.023224;122.264351;107.621338;93.259468;94.789581;96.172417;97.426979,npp_d20140716_t1803247_e1809051_b14079,155.934,44.1374,24.8026,99.9537,40.633,84.7627
567,VBD_npp_d20140716_t1804593_x1080182E_y044909S_l0852_s1589_v23,2017-05-23 13:08:46,-4.490911,108.018166,46.3766,2014-07-16 18:04:59,2014-07-17 01:04:59,852,1589,0.383837,1,2529,0.896785,0.195439,0.873319,0.4,0.93208,0.75,0.0419963,0.0001,3.00887e-06,999999,6.942239e-02,3,Indonesian Exclusive Economic Zone,WPP712,,SVDNB_npp_d20140716_t1803247_e1809051_b14079_c20140717000905445784_noaa_ops.h5,GDNBO_npp_d20140716_t1803247_e1809051_b14079_c20140717000905445471_noaa_ops.h5,SVI04_npp_d20140716_t1803247_e1809051_b14079_c20140717000905432367_noaa_ops.dspace_rad,VNFF_npp_d20140716_t1803247_e1809051_b14079_v21.csv,World_EEZ_v8_2014.shp,WPP_BFAR_merge.shp,KKP_IDN_merge_20161208.shp,VNF-VBD_npp_20120301-20151231_global_asia-enhanced_c201607211230.bitmask,NCEI_NGA.union.nga_lead2.add_2015ntl.mask,timezone.shp,VBD_platforms-recurring_2015_r20170330.shp,999999,VBD_bridges_c20160811.shp,2.701723;0.592520;-1.537733;-6.424739;-11.321091;-16.224911;-21.132078;-19.454973;-16.614069;-11.826628;-7.007390;-2.161976,98.595314;112.244095;125.823792;124.798187;123.864281;123.023224;122.264351;107.621338;93.259468;94.789581;96.172417;97.426979,npp_d20140716_t1803247_e1809051_b14079,155.951,44.1637,24.8013,99.571,40.6381,84.7395
568,VBD_npp_d20140716_t1804593_x1080084E_y045510S_l0861_s1589_v23,2017-05-23 13:08:46,-4.551008,108.008369,9.68309,2014-07-16 18:04:59,2014-07-17 01:04:59,861,1589,0.363839,7,2465,0.273168,0.20594,0.869173,0.4,0.663387,0.75,0.0419811,0.0001,2.92432e-06,999999,-5.651763e-03,3,,,,SVDNB_npp_d20140716_t1803247_e1809051_b14079_c20140717000905445784_noaa_ops.h5,GDNBO_npp_d20140716_t1803247_e1809051_b14079_c20140717000905445471_noaa_ops.h5,SVI04_npp_d20140716_t1803247_e1809051_b14079_c20140717000905432367_noaa_ops.dspace_rad,VNFF_npp_d20140716_t1803247_e1809051_b14079_v21.csv,World_EEZ_v8_2014.shp,WPP_BFAR_merge.shp,KKP_IDN_merge_20161208.shp,VNF-VBD_npp_20120301-20151231_global_asia-enhanced_c201607211230.bitmask,NCEI_NGA.union.nga_lead2.add_2015ntl.mask,timezone.shp,VBD_platforms-recurring_2015_r20170330.shp,999999,VBD_bridges_c20160811.shp,2.701723;0.592520;-1.537733;-6.424739;-11.321091;-16.224911;-21.132078;-19.454973;-16.614069;-11.826628;-7.007390;-2.161976,98.595314;112.244095;125.823792;124.798187;123.864281;123.023224;122.264351;107.621338;93.259468;94.789581;96.172417;97.426979,npp_d20140716_t1803247_e1809051_b14079,156,44.2427,24.8035,98.4231,40.6536,84.6701
569,VBD_npp_d20140716_t1804593_x1080051E_y045710S_l0864_s1589_v23,2017-05-23 13:08:46,-4.571039,108.005096,20.3069,2014-07-16 18:04:59,2014-07-17 01:04:59,864,1589,0.353011,1,2529,0.64514,0.251831,0.859426,0.4,0.892858,0.75,0.0419761,0.0001,2.8955e-06,999999,-3.337406e-01,3,Indonesian Exclusive Economic Zone,WPP712,,SVDNB_npp_d20140716_t1803247_e1809051_b14079_c20140717000905445784_noaa_ops.h5,GDNBO_npp_d20140716_t1803247_e1809051_b14079_c20140717000905445471_noaa_ops.h5,SVI04_npp_d20140716_t1803247_e1809051_b14079_c20140717000905432367_noaa_ops.dspace_rad,VNFF_npp_d20140716_t1803247_e1809051_b14079_v21.csv,World_EEZ_v8_2014.shp,WPP_BFAR_merge.shp,KKP_IDN_merge_20161208.shp,VNF-VBD_npp_20120301-20151231_global_asia-enhanced_c201607211230.bitmask,NCEI_NGA.union.nga_lead2.add_2015ntl.mask,timezone.shp,VBD_platforms-recurring_2015_r20170330.shp,999999,VBD_bridges_c20160811.shp,2.701723;0.592520;-1.537733;-6.424739;-11.321091;-16.224911;-21.132078;-19.454973;-16.614069;-11.826628;-7.007390;-2.161976,98.595314;112.244095;125.823792;124.798187;123.864281;123.023224;122.264351;107.621338;93.259468;94.789581;96.172417;97.426979,npp_d20140716_t1803247_e1809051_b14079,156.017,44.2691,24.8063,98.0405,40.6588,84.6469
570,VBD_npp_d20140716_t1804576_x1080496E_y043812S_l0835_s1590_v23,2017-05-23 13:08:46,-4.381151,108.049629,36.1746,2014-07-16 18:04:57,2014-07-17 01:04:57,835,1590,0.400134,1,2529,0.868991,0.196587,0.918807,0.4,0.930919,0.75,0.0420301,0.0001,3.09998e-06,999999,6.121393e-02,3,Indonesian Exclusive Economic Zone,WPP712,,SVDNB_npp_d20140716_t1803247_e1809051_b14079_c20140717000905445784_noaa_ops.h5,GDNBO_npp_d20140716_t1803247_e1809051_b14079_c20140717000905445471_noaa_ops.h5,SVI04_npp_d20140716_t1803247_e1809051_b14079_c20140717000905432367_noaa_ops.dspace_rad,VNFF_npp_d20140716_t1803247_e1809051_b14079_v21.csv,World_EEZ_v8_2014.shp,WPP_BFAR_merge.shp,KKP_IDN_merge_20161208.shp,VNF-VBD_npp_20120301-20151231_global_asia-enhanced_c201607211230.bitmask,NCEI_NGA.union.nga_lead2.add_2015ntl.mask,timezone.shp,VBD_platforms-recurring_2015_r20170330.shp,999999,VBD_bridges_c20160811.shp,2.701723;0.592520;-1.537733;-6.424739;-11.321091;-16.224911;-21.132078;-19.454973;-16.614069;-11.826628;-7.007390;-2.161976,98.595314;112.244095;125.823792;124.798187;123.864281;123.023224;122.264351;107.621338;93.259468;94.789581;96.172417;97.426979,npp_d20140716_t1803247_e1809051_b14079,155.855,44.0295,24.7542,99.6886,40.6036,84.8655
571,VBD_npp_d20140716_t1804593_x1080269E_y044786S_l0850_s1590_v23,2017-05-23 13:08:46,-4.478643,108.026932,38.9277,2014-07-16 18:04:59,2014-07-17 01:04:59,850,1590,0.403118,1,2529,0.810866,0.204926,0.866278,0.4,0.922132,0.75,0.0420049,0.0001,3.0898e-06,999999,1.596483e-03,3,Indonesian Exclusive Economic Zone,WPP712,,SVDNB_npp_d20140716_t1803247_e1809051_b14079_c20140717000905445784_noaa_ops.h5,GDNBO_npp_d20140716_t1803247_e1809051_b14079_c20140717000905445471_noaa_ops.h5,SVI04_npp_d20140716_t1803247_e1809051_b14079_c20140717000905432367_noaa_ops.dspace_rad,VNFF_npp_d20140716_t1803247_e1809051_b14079_v21.csv,World_EEZ_v8_2014.shp,WPP_BFAR_merge.shp,KKP_IDN_merge_20161208.shp,VNF-VBD_npp_20120301-20151231_global_asia-enhanced_c201607211230.bitmask,NCEI_NGA.union.nga_lead2.add_2015ntl.mask,timezone.shp,VBD_platforms-recurring_2015_r20170330.shp,999999,VBD_bridges_c20160811.shp,2.701723;0.592520;-1.537733;-6.424739;-11.321091;-16.224911;-21.132078;-19.454973;-16.614069;-11.826628;-7.007390;-2.161976,98.595314;112.244095;125.823792;124.798187;123.864281;123.023224;122.264351;107.621338;93.259468;94.789581;96.172417;97.426979,npp_d20140716_t1803247_e1809051_b14079,155.936,44.1579,24.7527,99.8269,40.6282,84.7524
572,VBD_npp_d20140716_t1804593_x1080238E_y045398S_l0859_s1591_v23,2017-05-23 13:08:46,-4.539786,108.023750,54.2751,2014-07-16 18:04:59,2014-07-17 01:04:59,859,1591,0.38229,1,2529,0.908629,0.205041,0.870452,0.4,0.933101,0.75,0.041995,0.0001,3.06626e-06,999999,7.714413e-04,3,Indonesian Exclusive Economic Zone,WPP712,,SVDNB_npp_d20140716_t1803247_e1809051_b14079_c20140717000905445784_noaa_ops.h5,GDNBO_npp_d20140716_t1803247_e1809051_b14079_c20140717000905445471_noaa_ops.h5,SVI04_npp_d20140716_t1803247_e1809051_b14079_c20140717000905432367_noaa_ops.dspace_rad,VNFF_npp_d20140716_t1803247_e1809051_b14079_v21.csv,World_EEZ_v8_2014.shp,WPP_BFAR_merge.shp,KKP_IDN_merge_20161208.shp,VNF-VBD_npp_20120301-20151231_global_asia-enhanced_c201607211230.bitmask,NCEI_NGA.union.nga_lead2.add_2015ntl.mask,timezone.shp,VBD_platforms-recurring_2015_r20170330.shp,999999,VBD_bridges_c20160811.shp,2.701723;0.592520;-1.537733;-6.424739;-11.321091;-16.224911;-21.132078;-19.454973;-16.614069;-11.826628;-7.007390;-2.161976,98.595314;112.244095;125.823792;124.798187;123.864281;123.023224;122.264351;107.621338;93.259468;94.789581;96.172417;97.426979,npp_d20140716_t1803247_e1809051_b14079,155.982,44.2486,24.7035,98.6755,40.6371,84.6805
573,VBD_npp_d20140716_t1804593_x1080314E_y045342S_l0858_s1592_v23,2017-05-23 13:08:46,-4.534180,108.031425,5.94526,2014-07-16 18:04:59,2014-07-17 01:04:59,858,1592,0.31318,7,2209,0.210136,0.202109,0.86943,0.4,0.430093,0.75,0.042002,0.0001,3.13948e-06,999999,2.173606e-02,3,,,,SVDNB_npp_d20140716_t1803247_e1809051_b14079_c20140717000905445784_noaa_ops.h5,GDNBO_npp_d20140716_t1803247_e1809051_b14079_c20140717000905445471_noaa_ops.h5,SVI04_npp_d20140716_t1803247_e1809051_b14079_c20140717000905432367_noaa_ops.dspace_rad,VNFF_npp_d20140716_t1803247_e1809051_b14079_v21.csv,World_EEZ_v8_2014.shp,WPP_BFAR_merge.shp,KKP_IDN_merge_20161208.shp,VNF-VBD_npp_20120301-20151231_global_asia-enhanced_c201607211230.bitmask,NCEI_NGA.union.nga_lead2.add_2015ntl.mask,timezone.shp,VBD_platforms-recurring_2015_r20170330.shp,999999,VBD_bridges_c20160811.shp,2.701723;0.592520;-1.537733;-6.424739;-11.321091;-16.224911;-21.132078;-19.454973;-16.614069;-11.826628;-7.007390;-2.161976,98.595314;112.244095;125.823792;124.798187;123.864281;123.023224;122.264351;107.621338;93.259468;94.789581;96.172417;97.426979,npp_d20140716_t1803247_e1809051_b14079,155.972,44.2515,24.6536,98.8024,40.6288,84.6857
574,VBD_npp_d20140716_t1805011_x1080142E_y045919S_l0867_s1592_v23,2017-05-23 13:08:46,-4.591893,108.014214,30.0495,2014-07-16 18:05:01,2014-07-17 01:05:01,867,1592,0.277547,8,18913,0.732453,0.265422,0.832605,0.4,0.862008,0.75,0.0419869,0.0001,3.17833e-06,999999,-4.309081e-01,3,Indonesian Exclusive Economic Zone,WPP712,,SVDNB_npp_d20140716_t1803247_e1809051_b14079_c20140717000905445784_noaa_ops.h5,GDNBO_npp_d20140716_t1803247_e1809051_b14079_c20140717000905445471_noaa_ops.h5,SVI04_npp_d20140716_t1803247_e1809051_b14079_c20140717000905432367_noaa_ops.dspace_rad,VNFF_npp_d20140716_t1803247_e1809051_b14079_v21.csv,World_EEZ_v8_2014.shp,WPP_BFAR_merge.shp,KKP_IDN_merge_20161208.shp,VNF-VBD_npp_20120301-20151231_global_asia-enhanced_c201607211230.bitmask,NCEI_NGA.union.nga_lead2.add_2015ntl.mask,timezone.shp,VBD_platforms-recurring_2015_r20170330.shp,0.559038,VBD_bridges_c20160811.shp,2.701723;0.592520;-1.537733;-6.424739;-11.321091;-16.224911;-21.132078;-19.454973;-16.614069;-11.826628;-7.007390;-2.161976,98.595314;112.244095;125.823792;124.798187;123.864281;123.023224;122.264351;107.621338;93.259468;94.789581;96.172417;97.426979,npp_d20140716_t1803247_e1809051_b14079,156.02,44.3271,24.6586,99.7031,40.6444,84.6189
575,VBD_npp_d20140716_t1804576_x1080672E_y043977S_l0837_s1593_v23,2017-05-23 13:08:46,-4.397736,108.067230,40.2514,2014-07-16 18:04:57,2014-07-17 01:04:57,837,1593,0.401018,1,2529,0.874618,0.186918,0.918563,0.4,0.93747,0.75,0.0420426,0.0001,3.2754e-06,999999,1.303373e-01,3,Indonesian Exclusive Economic Zone,WPP712,,SVDNB_npp_d20140716_t1803247_e1809051_b14079_c20140717000905445784_noaa_ops.h5,GDNBO_npp_d20140716_t1803247_e1809051_b14079_c20140717000905445471_noaa_ops.h5,SVI04_npp_d20140716_t1803247_e1809051_b14079_c20140717000905432367_noaa_ops.dspace_rad,VNFF_npp_d20140716_t1803247_e1809051_b14079_v21.csv,World_EEZ_v8_2014.shp,WPP_BFAR_merge.shp,KKP_IDN_merge_20161208.shp,VNF-VBD_npp_20120301-20151231_global_asia-enhanced_c201607211230.bitmask,NCEI_NGA.union.nga_lead2.add_2015ntl.mask,timezone.shp,VBD_platforms-recurring_2015_r20170330.shp,999999,VBD_bridges_c20160811.shp,2.701723;0.592520;-1.537733;-6.424739;-11.321091;-16.224911;-21.132078;-19.454973;-16.614069;-11.826628;-7.007390;-2.161976,98.595314;112.244095;125.823792;124.798187;123.864281;123.023224;122.264351;107.621338;93.259468;94.789581;96.172417;97.426979,npp_d20140716_t1803247_e1809051_b14079,155.855,44.082,24.6056,99.4334,40.5874,84.8426
576,VBD_npp_d20140716_t1804024_x1088170E_y011436S_l0338_s1594_v23,2017-05-23 13:08:46,-1.143581,108.817039,54.426,2014-07-16 18:04:02,2014-07-17 01:04:02,338,1594,0.42168,1,2529,1.1107,0.192588,0.897815,0.4,0.967776,0.75,0.042611,0.0001,4.07318e-06,999999,8.980090e-02,3,Indonesian Exclusive Economic Zone,WPP711,,SVDNB_npp_d20140716_t1803247_e1809051_b14079_c20140717000905445784_noaa_ops.h5,GDNBO_npp_d20140716_t1803247_e1809051_b14079_c20140717000905445471_noaa_ops.h5,SVI04_npp_d20140716_t1803247_e1809051_b14079_c20140717000905432367_noaa_ops.dspace_rad,VNFF_npp_d20140716_t1803247_e1809051_b14079_v21.csv,World_EEZ_v8_2014.shp,WPP_BFAR_merge.shp,KKP_IDN_merge_20161208.shp,VNF-VBD_npp_20120301-20151231_global_asia-enhanced_c201607211230.bitmask,NCEI_NGA.union.nga_lead2.add_2015ntl.mask,timezone.shp,VBD_platforms-recurring_2015_r20170330.shp,999999,VBD_bridges_c20160811.shp,2.701723;0.592520;-1.537733;-6.424739;-11.321091;-16.224911;-21.132078;-19.454973;-16.614069;-11.826628;-7.007390;-2.161976,98.595314;112.244095;125.823792;124.798187;123.864281;123.023224;122.264351;107.621338;93.259468;94.789581;96.172417;97.426979,npp_d20140716_t1803247_e1809051_b14079,153.093,40.2852,24.5545,99.6277,39.8676,88.7165
577,VBD_npp_d20140716_t1804558_x1080871E_y043609S_l0831_s1594_v23,2017-05-23 13:08:46,-4.360937,108.087105,34.8534,2014-07-16 18:04:55,2014-07-17 01:04:55,831,1594,0.375882,1,2529,0.875534,0.222271,0.914738,0.4,0.926522,0.75,0.0420579,0.0001,3.26358e-06,999999,-1.224096e-01,3,Indonesian Exclusive Economic Zone,WPP712,,SVDNB_npp_d20140716_t1803247_e1809051_b14079_c20140717000905445784_noaa_ops.h5,GDNBO_npp_d20140716_t1803247_e1809051_b14079_c20140717000905445471_noaa_ops.h5,SVI04_npp_d20140716_t1803247_e1809051_b14079_c20140717000905432367_noaa_ops.dspace_rad,VNFF_npp_d20140716_t1803247_e1809051_b14079_v21.csv,World_EEZ_v8_2014.shp,WPP_BFAR_merge.shp,KKP_IDN_merge_20161208.shp,VNF-VBD_npp_20120301-20151231_global_asia-enhanced_c201607211230.bitmask,NCEI_NGA.union.nga_lead2.add_2015ntl.mask,timezone.shp,VBD_platforms-recurring_2015_r20170330.shp,999999,VBD_bridges_c20160811.shp,2.701723;0.592520;-1.537733;-6.424739;-11.321091;-16.224911;-21.132078;-19.454973;-16.614069;-11.826628;-7.007390;-2.161976,98.595314;112.244095;125.823792;124.798187;123.864281;123.023224;122.264351;107.621338;93.259468;94.789581;96.172417;97.426979,npp_d20140716_t1803247_e1809051_b14079,155.82,44.0439,24.5602,98.1435,40.5712,84.8842
578,VBD_npp_d20140716_t1804593_x1080392E_y045696S_l0863_s1594_v23,2017-05-23 13:08:46,-4.569642,108.039169,12.1594,2014-07-16 18:04:59,2014-07-17 01:04:59,863,1594,0.375385,1,2529,0.455188,0.224614,0.862997,0.4,0.83106,0.75,0.0420041,0.0001,3.21718e-06,999999,-1.391554e-01,3,Indonesian Exclusive Economic Zone,WPP712,,SVDNB_npp_d20140716_t1803247_e1809051_b14079_c20140717000905445784_noaa_ops.h5,GDNBO_npp_d20140716_t1803247_e1809051_b14079_c20140717000905445471_noaa_ops.h5,SVI04_npp_d20140716_t1803247_e1809051_b14079_c20140717000905432367_noaa_ops.dspace_rad,VNFF_npp_d20140716_t1803247_e1809051_b14079_v21.csv,World_EEZ_v8_2014.shp,WPP_BFAR_merge.shp,KKP_IDN_merge_20161208.shp,VNF-VBD_npp_20120301-20151231_global_asia-enhanced_c201607211230.bitmask,NCEI_NGA.union.nga_lead2.add_2015ntl.mask,timezone.shp,VBD_platforms-recurring_2015_r20170330.shp,999999,VBD_bridges_c20160811.shp,2.701723;0.592520;-1.537733;-6.424739;-11.321091;-16.224911;-21.132078;-19.454973;-16.614069;-11.826628;-7.007390;-2.161976,98.595314;112.244095;125.823792;124.798187;123.864281;123.023224;122.264351;107.621338;93.259468;94.789581;96.172417;97.426979,npp_d20140716_t1803247_e1809051_b14079,155.992,44.3188,24.5584,98.1565,40.6244,84.6421
579,VBD_npp_d20140716_t1804576_x1081012E_y043965S_l0836_s1598_v23,2017-05-23 13:08:46,-4.396451,108.101166,45.8532,2014-07-16 18:04:57,2014-07-17 01:04:57,836,1598,0.393781,1,2529,0.963732,0.202953,0.90993,0.4,0.949606,0.75,0.0420706,0.0001,3.63482e-06,999999,1.569836e-02,3,Indonesian Exclusive Economic Zone,WPP712,,SVDNB_npp_d20140716_t1803247_e1809051_b14079_c20140717000905445784_noaa_ops.h5,GDNBO_npp_d20140716_t1803247_e1809051_b14079_c20140717000905445471_noaa_ops.h5,SVI04_npp_d20140716_t1803247_e1809051_b14079_c20140717000905432367_noaa_ops.dspace_rad,VNFF_npp_d20140716_t1803247_e1809051_b14079_v21.csv,World_EEZ_v8_2014.shp,WPP_BFAR_merge.shp,KKP_IDN_merge_20161208.shp,VNF-VBD_npp_20120301-20151231_global_asia-enhanced_c201607211230.bitmask,NCEI_NGA.union.nga_lead2.add_2015ntl.mask,timezone.shp,VBD_platforms-recurring_2015_r20170330.shp,999999,VBD_bridges_c20160811.shp,2.701723;0.592520;-1.537733;-6.424739;-11.321091;-16.224911;-21.132078;-19.454973;-16.614069;-11.826628;-7.007390;-2.161976,98.595314;112.244095;125.823792;124.798187;123.864281;123.023224;122.264351;107.621338;93.259468;94.789581;96.172417;97.426979,npp_d20140716_t1803247_e1809051_b14079,155.83,44.1316,24.3591,99.5637,40.5531,84.8379
580,VBD_npp_d20140716_t1805029_x1080605E_y047212S_l0885_s1603_v23,2017-05-23 13:08:46,-4.721199,108.060486,60.5568,2014-07-16 18:05:02,2014-07-17 01:05:02,885,1603,0.410244,1,2529,1.08306,0.189094,0.871772,0.4,0.956144,0.75,0.0420146,0.0001,3.91855e-06,999999,1.147817e-01,3,Indonesian Exclusive Economic Zone,WPP712,,SVDNB_npp_d20140716_t1803247_e1809051_b14079_c20140717000905445784_noaa_ops.h5,GDNBO_npp_d20140716_t1803247_e1809051_b14079_c20140717000905445471_noaa_ops.h5,SVI04_npp_d20140716_t1803247_e1809051_b14079_c20140717000905432367_noaa_ops.dspace_rad,VNFF_npp_d20140716_t1803247_e1809051_b14079_v21.csv,World_EEZ_v8_2014.shp,WPP_BFAR_merge.shp,KKP_IDN_merge_20161208.shp,VNF-VBD_npp_20120301-20151231_global_asia-enhanced_c201607211230.bitmask,NCEI_NGA.union.nga_lead2.add_2015ntl.mask,timezone.shp,VBD_platforms-recurring_2015_r20170330.shp,999999,VBD_bridges_c20160811.shp,2.701723;0.592520;-1.537733;-6.424739;-11.321091;-16.224911;-21.132078;-19.454973;-16.614069;-11.826628;-7.007390;-2.161976,98.595314;112.244095;125.823792;124.798187;123.864281;123.023224;122.264351;107.621338;93.259468;94.789581;96.172417;97.426979,npp_d20140716_t1803247_e1809051_b14079,156.075,44.6126,24.1131,99.4589,40.6032,84.4549
581,VBD_npp_d20140716_t1804522_x1082281E_y040786S_l0786_s1606_v23,2017-05-23 13:08:46,-4.078572,108.228127,44.1181,2014-07-16 18:04:52,2014-07-17 01:04:52,786,1606,0.417702,1,2529,0.932517,0.202617,0.876002,0.4,0.948762,0.75,0.0421962,0.0001,4.38461e-06,999999,1.810505e-02,3,Indonesian Exclusive Economic Zone,WPP712,,SVDNB_npp_d20140716_t1803247_e1809051_b14079_c20140717000905445784_noaa_ops.h5,GDNBO_npp_d20140716_t1803247_e1809051_b14079_c20140717000905445471_noaa_ops.h5,SVI04_npp_d20140716_t1803247_e1809051_b14079_c20140717000905432367_noaa_ops.dspace_rad,VNFF_npp_d20140716_t1803247_e1809051_b14079_v21.csv,World_EEZ_v8_2014.shp,WPP_BFAR_merge.shp,KKP_IDN_merge_20161208.shp,VNF-VBD_npp_20120301-20151231_global_asia-enhanced_c201607211230.bitmask,NCEI_NGA.union.nga_lead2.add_2015ntl.mask,timezone.shp,VBD_platforms-recurring_2015_r20170330.shp,999999,VBD_bridges_c20160811.shp,2.701723;0.592520;-1.537733;-6.424739;-11.321091;-16.224911;-21.132078;-19.454973;-16.614069;-11.826628;-7.007390;-2.161976,98.595314;112.244095;125.823792;124.798187;123.864281;123.023224;122.264351;107.621338;93.259468;94.789581;96.172417;97.426979,npp_d20140716_t1803247_e1809051_b14079,155.529,43.8019,23.9629,99.8153,40.4189,85.1991
582,VBD_npp_d20140716_t1804576_x1081524E_y044117S_l0837_s1606_v23,2017-05-23 13:08:46,-4.411660,108.152405,23.6423,2014-07-16 18:04:57,2014-07-17 01:04:57,837,1606,0.354337,1,2529,0.759412,0.218287,0.877937,0.4,0.930313,0.75,0.0421111,0.0001,4.25155e-06,999999,-9.392316e-02,3,Indonesian Exclusive Economic Zone,WPP712,,SVDNB_npp_d20140716_t1803247_e1809051_b14079_c20140717000905445784_noaa_ops.h5,GDNBO_npp_d20140716_t1803247_e1809051_b14079_c20140717000905445471_noaa_ops.h5,SVI04_npp_d20140716_t1803247_e1809051_b14079_c20140717000905432367_noaa_ops.dspace_rad,VNFF_npp_d20140716_t1803247_e1809051_b14079_v21.csv,World_EEZ_v8_2014.shp,WPP_BFAR_merge.shp,KKP_IDN_merge_20161208.shp,VNF-VBD_npp_20120301-20151231_global_asia-enhanced_c201607211230.bitmask,NCEI_NGA.union.nga_lead2.add_2015ntl.mask,timezone.shp,VBD_platforms-recurring_2015_r20170330.shp,999999,VBD_bridges_c20160811.shp,2.701723;0.592520;-1.537733;-6.424739;-11.321091;-16.224911;-21.132078;-19.454973;-16.614069;-11.826628;-7.007390;-2.161976,98.595314;112.244095;125.823792;124.798187;123.864281;123.023224;122.264351;107.621338;93.259468;94.789581;96.172417;97.426979,npp_d20140716_t1803247_e1809051_b14079,155.806,44.2329,23.9644,99.4352,40.5029,84.8103
583,VBD_npp_d20140716_t1804522_x1082336E_y041272S_l0793_s1608_v23,2017-05-23 13:08:46,-4.127155,108.233620,44.9318,2014-07-16 18:04:52,2014-07-17 01:04:52,793,1608,0.406488,1,2529,1.01674,0.198601,0.894981,0.4,0.966759,0.75,0.0421956,0.0001,4.46826e-06,999999,4.681634e-02,3,Indonesian Exclusive Economic Zone,WPP712,,SVDNB_npp_d20140716_t1803247_e1809051_b14079_c20140717000905445784_noaa_ops.h5,GDNBO_npp_d20140716_t1803247_e1809051_b14079_c20140717000905445471_noaa_ops.h5,SVI04_npp_d20140716_t1803247_e1809051_b14079_c20140717000905432367_noaa_ops.dspace_rad,VNFF_npp_d20140716_t1803247_e1809051_b14079_v21.csv,World_EEZ_v8_2014.shp,WPP_BFAR_merge.shp,KKP_IDN_merge_20161208.shp,VNF-VBD_npp_20120301-20151231_global_asia-enhanced_c201607211230.bitmask,NCEI_NGA.union.nga_lead2.add_2015ntl.mask,timezone.shp,VBD_platforms-recurring_2015_r20170330.shp,999999,VBD_bridges_c20160811.shp,2.701723;0.592520;-1.537733;-6.424739;-11.321091;-16.224911;-21.132078;-19.454973;-16.614069;-11.826628;-7.007390;-2.161976,98.595314;112.244095;125.823792;124.798187;123.864281;123.023224;122.264351;107.621338;93.259468;94.789581;96.172417;97.426979,npp_d20140716_t1803247_e1809051_b14079,155.56,43.8842,23.8636,98.8913,40.4175,85.14
584,VBD_npp_d20140716_t1804060_x1088651E_y013813S_l0372_s1609_v23,2017-05-23 13:08:46,-1.381336,108.865105,38.8258,2014-07-16 18:04:06,2014-07-17 01:04:06,372,1609,0.439027,1,2529,1.02453,0.190769,0.912119,0.4,0.96953,0.75,0.0426461,0.0001,5.3938e-06,999999,1.028080e-01,3,Indonesian Exclusive Economic Zone,WPP711,,SVDNB_npp_d20140716_t1803247_e1809051_b14079_c20140717000905445784_noaa_ops.h5,GDNBO_npp_d20140716_t1803247_e1809051_b14079_c20140717000905445471_noaa_ops.h5,SVI04_npp_d20140716_t1803247_e1809051_b14079_c20140717000905432367_noaa_ops.dspace_rad,VNFF_npp_d20140716_t1803247_e1809051_b14079_v21.csv,World_EEZ_v8_2014.shp,WPP_BFAR_merge.shp,KKP_IDN_merge_20161208.shp,VNF-VBD_npp_20120301-20151231_global_asia-enhanced_c201607211230.bitmask,NCEI_NGA.union.nga_lead2.add_2015ntl.mask,timezone.shp,VBD_platforms-recurring_2015_r20170330.shp,999999,VBD_bridges_c20160811.shp,2.701723;0.592520;-1.537733;-6.424739;-11.321091;-16.224911;-21.132078;-19.454973;-16.614069;-11.826628;-7.007390;-2.161976,98.595314;112.244095;125.823792;124.798187;123.864281;123.023224;122.264351;107.621338;93.259468;94.789581;96.172417;97.426979,npp_d20140716_t1803247_e1809051_b14079,153.233,40.6835,23.8166,99.3943,39.8105,88.4216
585,VBD_npp_d20140716_t1804576_x1081666E_y044889S_l0848_s1610_v23,2017-05-23 13:08:46,-4.488854,108.166588,18.2096,2014-07-16 18:04:57,2014-07-17 01:04:57,848,1610,0.290695,1,2529,0.594796,0.233533,0.783656,0.4,0.803504,0.75,0.0421137,0.0001,4.44502e-06,999999,-2.029220e-01,3,Indonesian Exclusive Economic Zone,WPP712,,SVDNB_npp_d20140716_t1803247_e1809051_b14079_c20140717000905445784_noaa_ops.h5,GDNBO_npp_d20140716_t1803247_e1809051_b14079_c20140717000905445471_noaa_ops.h5,SVI04_npp_d20140716_t1803247_e1809051_b14079_c20140717000905432367_noaa_ops.dspace_rad,VNFF_npp_d20140716_t1803247_e1809051_b14079_v21.csv,World_EEZ_v8_2014.shp,WPP_BFAR_merge.shp,KKP_IDN_merge_20161208.shp,VNF-VBD_npp_20120301-20151231_global_asia-enhanced_c201607211230.bitmask,NCEI_NGA.union.nga_lead2.add_2015ntl.mask,timezone.shp,VBD_platforms-recurring_2015_r20170330.shp,999999,VBD_bridges_c20160811.shp,2.701723;0.592520;-1.537733;-6.424739;-11.321091;-16.224911;-21.132078;-19.454973;-16.614069;-11.826628;-7.007390;-2.161976,98.595314;112.244095;125.823792;124.798187;123.864281;123.023224;122.264351;107.621338;93.259468;94.789581;96.172417;97.426979,npp_d20140716_t1803247_e1809051_b14079,155.851,44.3745,23.7726,97.9753,40.4958,84.7156
586,VBD_npp_d20140716_t1804593_x1081547E_y045609S_l0859_s1611_v23,2017-05-23 13:08:46,-4.560931,108.154709,15.6385,2014-07-16 18:04:59,2014-07-17 01:04:59,859,1611,0.303457,8,18913,0.581545,0.19739,0.857931,0.4,0.885674,0.75,0.0421005,0.0001,4.57696e-06,999999,5.547283e-02,3,Indonesian Exclusive Economic Zone,WPP712,,SVDNB_npp_d20140716_t1803247_e1809051_b14079_c20140717000905445784_noaa_ops.h5,GDNBO_npp_d20140716_t1803247_e1809051_b14079_c20140717000905445471_noaa_ops.h5,SVI04_npp_d20140716_t1803247_e1809051_b14079_c20140717000905432367_noaa_ops.dspace_rad,VNFF_npp_d20140716_t1803247_e1809051_b14079_v21.csv,World_EEZ_v8_2014.shp,WPP_BFAR_merge.shp,KKP_IDN_merge_20161208.shp,VNF-VBD_npp_20120301-20151231_global_asia-enhanced_c201607211230.bitmask,NCEI_NGA.union.nga_lead2.add_2015ntl.mask,timezone.shp,VBD_platforms-recurring_2015_r20170330.shp,0.999135,VBD_bridges_c20160811.shp,2.701723;0.592520;-1.537733;-6.424739;-11.321091;-16.224911;-21.132078;-19.454973;-16.614069;-11.826628;-7.007390;-2.161976,98.595314;112.244095;125.823792;124.798187;123.864281;123.023224;122.264351;107.621338;93.259468;94.789581;96.172417;97.426979,npp_d20140716_t1803247_e1809051_b14079,155.906,44.4804,23.7172,98.6481,40.5074,84.6304
587,VBD_npp_d20140716_t1805011_x1081591E_y046089S_l0866_s1614_v23,2017-05-23 13:08:46,-4.608905,108.159103,38.1154,2014-07-16 18:05:01,2014-07-17 01:05:01,866,1614,0.3945,1,2529,0.943609,0.191911,0.884396,0.4,0.957631,0.75,0.0421046,0.0001,4.94444e-06,999999,9.464277e-02,3,Indonesian Exclusive Economic Zone,WPP712,,SVDNB_npp_d20140716_t1803247_e1809051_b14079_c20140717000905445784_noaa_ops.h5,GDNBO_npp_d20140716_t1803247_e1809051_b14079_c20140717000905445471_noaa_ops.h5,SVI04_npp_d20140716_t1803247_e1809051_b14079_c20140717000905432367_noaa_ops.dspace_rad,VNFF_npp_d20140716_t1803247_e1809051_b14079_v21.csv,World_EEZ_v8_2014.shp,WPP_BFAR_merge.shp,KKP_IDN_merge_20161208.shp,VNF-VBD_npp_20120301-20151231_global_asia-enhanced_c201607211230.bitmask,NCEI_NGA.union.nga_lead2.add_2015ntl.mask,timezone.shp,VBD_platforms-recurring_2015_r20170330.shp,999999,VBD_bridges_c20160811.shp,2.701723;0.592520;-1.537733;-6.424739;-11.321091;-16.224911;-21.132078;-19.454973;-16.614069;-11.826628;-7.007390;-2.161976,98.595314;112.244095;125.823792;124.798187;123.864281;123.023224;122.264351;107.621338;93.259468;94.789581;96.172417;97.426979,npp_d20140716_t1803247_e1809051_b14079,155.932,44.5735,23.5743,99.8507,40.5003,84.5708
588,VBD_npp_d20140716_t1805225_x1079243E_y059104S_l1064_s1623_v23,2017-05-23 13:08:46,-5.910353,107.924316,40.8484,2014-07-16 18:05:22,2014-07-17 01:05:22,1064,1623,0.242522,4,35205,0.293892,0.153265,0.382369,0.4,0.488507,0.75,0.0419287,0.0001,5.3321e-06,999999,3.709335e-01,3,Indonesian Exclusive Economic Zone,WPP712,,SVDNB_npp_d20140716_t1803247_e1809051_b14079_c20140717000905445784_noaa_ops.h5,GDNBO_npp_d20140716_t1803247_e1809051_b14079_c20140717000905445471_noaa_ops.h5,SVI04_npp_d20140716_t1803247_e1809051_b14079_c20140717000905432367_noaa_ops.dspace_rad,VNFF_npp_d20140716_t1803247_e1809051_b14079_v21.csv,World_EEZ_v8_2014.shp,WPP_BFAR_merge.shp,KKP_IDN_merge_20161208.shp,VNF-VBD_npp_20120301-20151231_global_asia-enhanced_c201607211230.bitmask,NCEI_NGA.union.nga_lead2.add_2015ntl.mask,timezone.shp,VBD_platforms-recurring_2015_r20170330.shp,999999,VBD_bridges_c20160811.shp,2.701723;0.592520;-1.537733;-6.424739;-11.321091;-16.224911;-21.132078;-19.454973;-16.614069;-11.826628;-7.007390;-2.161976,98.595314;112.244095;125.823792;124.798187;123.864281;123.023224;122.264351;107.621338;93.259468;94.789581;96.172417;97.426979,npp_d20140716_t1803247_e1809051_b14079,156.947,46.4835,23.1038,99.1246,40.792,83.0598
589,VBD_npp_d20140716_t1804060_x1089862E_y014000S_l0372_s1627_v23,2017-05-23 13:08:46,-1.400048,108.986176,36.8779,2014-07-16 18:04:06,2014-07-17 01:04:06,372,1627,0.439358,1,2529,0.988544,0.18599,0.894674,0.4,0.970868,0.75,0.0427413,0.0001,7.7244e-06,999999,1.369769e-01,3,Indonesian Exclusive Economic Zone,WPP711,,SVDNB_npp_d20140716_t1803247_e1809051_b14079_c20140717000905445784_noaa_ops.h5,GDNBO_npp_d20140716_t1803247_e1809051_b14079_c20140717000905445471_noaa_ops.h5,SVI04_npp_d20140716_t1803247_e1809051_b14079_c20140717000905432367_noaa_ops.dspace_rad,VNFF_npp_d20140716_t1803247_e1809051_b14079_v21.csv,World_EEZ_v8_2014.shp,WPP_BFAR_merge.shp,KKP_IDN_merge_20161208.shp,VNF-VBD_npp_20120301-20151231_global_asia-enhanced_c201607211230.bitmask,NCEI_NGA.union.nga_lead2.add_2015ntl.mask,timezone.shp,VBD_platforms-recurring_2015_r20170330.shp,999999,VBD_bridges_c20160811.shp,2.701723;0.592520;-1.537733;-6.424739;-11.321091;-16.224911;-21.132078;-19.454973;-16.614069;-11.826628;-7.007390;-2.161976,98.595314;112.244095;125.823792;124.798187;123.864281;123.023224;122.264351;107.621338;93.259468;94.789581;96.172417;97.426979,npp_d20140716_t1803247_e1809051_b14079,153.168,40.8862,22.8929,99.4253,39.6883,88.3915
590,VBD_npp_d20140716_t1804415_x1085578E_y035440S_l0699_s1635_v23,2017-05-23 13:08:46,-3.544010,108.557793,13.737,2014-07-16 18:04:41,2014-07-17 01:04:41,699,1635,0.234512,1,2529,0.403314,0.196568,0.646038,0.4,0.751335,0.75,0.0424883,0.0001,7.95987e-06,999999,6.135289e-02,3,Indonesian Exclusive Economic Zone,WPP712,,SVDNB_npp_d20140716_t1803247_e1809051_b14079_c20140717000905445784_noaa_ops.h5,GDNBO_npp_d20140716_t1803247_e1809051_b14079_c20140717000905445471_noaa_ops.h5,SVI04_npp_d20140716_t1803247_e1809051_b14079_c20140717000905432367_noaa_ops.dspace_rad,VNFF_npp_d20140716_t1803247_e1809051_b14079_v21.csv,World_EEZ_v8_2014.shp,WPP_BFAR_merge.shp,KKP_IDN_merge_20161208.shp,VNF-VBD_npp_20120301-20151231_global_asia-enhanced_c201607211230.bitmask,NCEI_NGA.union.nga_lead2.add_2015ntl.mask,timezone.shp,VBD_platforms-recurring_2015_r20170330.shp,999999,VBD_bridges_c20160811.shp,2.701723;0.592520;-1.537733;-6.424739;-11.321091;-16.224911;-21.132078;-19.454973;-16.614069;-11.826628;-7.007390;-2.161976,98.595314;112.244095;125.823792;124.798187;123.864281;123.023224;122.264351;107.621338;93.259468;94.789581;96.172417;97.426979,npp_d20140716_t1803247_e1809051_b14079,154.946,43.4302,22.4703,98.5426,40.0872,85.7976
591,VBD_npp_d20140716_t1804237_x1089319E_y024806S_l0533_s1654_v23,2017-05-23 13:08:46,-2.480605,108.931870,23.4521,2014-07-16 18:04:23,2014-07-17 01:04:23,533,1654,0.434441,1,2529,0.848202,0.218527,0.895425,0.4,0.946851,0.75,0.0427265,0.0001,1.24499e-05,999999,-9.564293e-02,3,Indonesian Exclusive Economic Zone,WPP711,,SVDNB_npp_d20140716_t1803247_e1809051_b14079_c20140717000905445784_noaa_ops.h5,GDNBO_npp_d20140716_t1803247_e1809051_b14079_c20140717000905445471_noaa_ops.h5,SVI04_npp_d20140716_t1803247_e1809051_b14079_c20140717000905432367_noaa_ops.dspace_rad,VNFF_npp_d20140716_t1803247_e1809051_b14079_v21.csv,World_EEZ_v8_2014.shp,WPP_BFAR_merge.shp,KKP_IDN_merge_20161208.shp,VNF-VBD_npp_20120301-20151231_global_asia-enhanced_c201607211230.bitmask,NCEI_NGA.union.nga_lead2.add_2015ntl.mask,timezone.shp,VBD_platforms-recurring_2015_r20170330.shp,999999,VBD_bridges_c20160811.shp,2.701723;0.592520;-1.537733;-6.424739;-11.321091;-16.224911;-21.132078;-19.454973;-16.614069;-11.826628;-7.007390;-2.161976,98.595314;112.244095;125.823792;124.798187;123.864281;123.023224;122.264351;107.621338;93.259468;94.789581;96.172417;97.426979,npp_d20140716_t1803247_e1809051_b14079,153.963,42.3591,21.4677,99.3553,39.7144,87.0585
592,VBD_npp_d20140716_t1804576_x1085363E_y045286S_l0845_s1664_v23,2017-05-23 13:08:46,-4.528553,108.536331,28.246,2014-07-16 18:04:57,2014-07-17 01:04:57,845,1664,0.401847,1,2529,0.862104,0.220652,0.87469,0.4,0.944806,0.75,0.0424036,0.0001,1.31059e-05,999999,-1.108345e-01,3,Indonesian Exclusive Economic Zone,WPP712,,SVDNB_npp_d20140716_t1803247_e1809051_b14079_c20140717000905445784_noaa_ops.h5,GDNBO_npp_d20140716_t1803247_e1809051_b14079_c20140717000905445471_noaa_ops.h5,SVI04_npp_d20140716_t1803247_e1809051_b14079_c20140717000905432367_noaa_ops.dspace_rad,VNFF_npp_d20140716_t1803247_e1809051_b14079_v21.csv,World_EEZ_v8_2014.shp,WPP_BFAR_merge.shp,KKP_IDN_merge_20161208.shp,VNF-VBD_npp_20120301-20151231_global_asia-enhanced_c201607211230.bitmask,NCEI_NGA.union.nga_lead2.add_2015ntl.mask,timezone.shp,VBD_platforms-recurring_2015_r20170330.shp,999999,VBD_bridges_c20160811.shp,2.701723;0.592520;-1.537733;-6.424739;-11.321091;-16.224911;-21.132078;-19.454973;-16.614069;-11.826628;-7.007390;-2.161976,98.595314;112.244095;125.823792;124.798187;123.864281;123.023224;122.264351;107.621338;93.259468;94.789581;96.172417;97.426979,npp_d20140716_t1803247_e1809051_b14079,155.62,44.9888,20.9464,98.236,40.1276,84.5975
593,VBD_npp_d20140716_t1805029_x1086166E_y048727S_l0894_s1687_v23,2017-05-23 13:08:46,-4.872709,108.616570,14.8849,2014-07-16 18:05:02,2014-07-17 01:05:02,894,1687,0.423337,1,2529,0.633073,0.206062,0.830435,0.4,0.918331,0.75,0.0424425,0.0001,1.96081e-05,999999,-6.527415e-03,3,Indonesian Exclusive Economic Zone,WPP712,,SVDNB_npp_d20140716_t1803247_e1809051_b14079_c20140717000905445784_noaa_ops.h5,GDNBO_npp_d20140716_t1803247_e1809051_b14079_c20140717000905445471_noaa_ops.h5,SVI04_npp_d20140716_t1803247_e1809051_b14079_c20140717000905432367_noaa_ops.dspace_rad,VNFF_npp_d20140716_t1803247_e1809051_b14079_v21.csv,World_EEZ_v8_2014.shp,WPP_BFAR_merge.shp,KKP_IDN_merge_20161208.shp,VNF-VBD_npp_20120301-20151231_global_asia-enhanced_c201607211230.bitmask,NCEI_NGA.union.nga_lead2.add_2015ntl.mask,timezone.shp,VBD_platforms-recurring_2015_r20170330.shp,999999,VBD_bridges_c20160811.shp,2.701723;0.592520;-1.537733;-6.424739;-11.321091;-16.224911;-21.132078;-19.454973;-16.614069;-11.826628;-7.007390;-2.161976,98.595314;112.244095;125.823792;124.798187;123.864281;123.023224;122.264351;107.621338;93.259468;94.789581;96.172417;97.426979,npp_d20140716_t1803247_e1809051_b14079,155.789,45.6817,19.74,98.0351,40.0595,84.1605
594,VBD_npp_d20140716_t1804077_x1094615E_y015911S_l0389_s1701_v23,2017-05-23 13:08:46,-1.591091,109.461540,18.6764,2014-07-16 18:04:07,2014-07-17 01:04:07,389,1701,0.365054,1,2529,0.628687,0.215102,0.793163,0.4,0.884874,0.75,0.0431097,0.0001,3.1069e-05,999999,1.544522e-02,3,Indonesian Exclusive Economic Zone,WPP711,,SVDNB_npp_d20140716_t1803247_e1809051_b14079_c20140717000905445784_noaa_ops.h5,GDNBO_npp_d20140716_t1803247_e1809051_b14079_c20140717000905445471_noaa_ops.h5,SVI04_npp_d20140716_t1803247_e1809051_b14079_c20140717000905432367_noaa_ops.dspace_rad,VNFF_npp_d20140716_t1803247_e1809051_b14079_v21.csv,World_EEZ_v8_2014.shp,WPP_BFAR_merge.shp,KKP_IDN_merge_20161208.shp,VNF-VBD_npp_20120301-20151231_global_asia-enhanced_c201607211230.bitmask,NCEI_NGA.union.nga_lead2.add_2015ntl.mask,timezone.shp,VBD_platforms-recurring_2015_r20170330.shp,999999,VBD_bridges_c20160811.shp,2.701723;0.592520;-1.537733;-6.424739;-11.321091;-16.224911;-21.132078;-19.454973;-16.614069;-11.826628;-7.007390;-2.161976,98.595314;112.244095;125.823792;124.798187;123.864281;123.023224;122.264351;107.621338;93.259468;94.789581;96.172417;97.426979,npp_d20140716_t1803247_e1809051_b14079,152.992,41.8357,18.9673,99.36,39.2055,88.1232
595,VBD_npp_d20140716_t1805047_x1090455E_y049890S_l0901_s1752_v23,2017-05-23 13:08:46,-4.989007,109.045517,3.51064,2014-07-16 18:05:04,2014-07-17 01:05:04,901,1752,0.423724,2,2209,0.238011,0.230522,0.682611,0.4,0.749083,0.75,0.0427685,0.0001,6.38477e-05,999999,-1.813993e-01,3,Indonesian Exclusive Economic Zone,WPP712,,SVDNB_npp_d20140716_t1803247_e1809051_b14079_c20140717000905445784_noaa_ops.h5,GDNBO_npp_d20140716_t1803247_e1809051_b14079_c20140717000905445471_noaa_ops.h5,SVI04_npp_d20140716_t1803247_e1809051_b14079_c20140717000905432367_noaa_ops.dspace_rad,VNFF_npp_d20140716_t1803247_e1809051_b14079_v21.csv,World_EEZ_v8_2014.shp,WPP_BFAR_merge.shp,KKP_IDN_merge_20161208.shp,VNF-VBD_npp_20120301-20151231_global_asia-enhanced_c201607211230.bitmask,NCEI_NGA.union.nga_lead2.add_2015ntl.mask,timezone.shp,VBD_platforms-recurring_2015_r20170330.shp,999999,VBD_bridges_c20160811.shp,2.701723;0.592520;-1.537733;-6.424739;-11.321091;-16.224911;-21.132078;-19.454973;-16.614069;-11.826628;-7.007390;-2.161976,98.595314;112.244095;125.823792;124.798187;123.864281;123.023224;122.264351;107.621338;93.259468;94.789581;96.172417;97.426979,npp_d20140716_t1803247_e1809051_b14079,155.557,46.4966,16.1635,99.5692,39.6337,83.9258
596,VBD_npp_d20140716_t1804469_x1093170E_y039979S_l0748_s1758_v23,2017-05-23 13:08:46,-3.997859,109.317047,10.6251,2014-07-16 18:04:46,2014-07-17 01:04:46,748,1758,0.132531,2,2209,0.273078,0.270765,0.453507,0.4,0.518763,0.75,0.0430535,0.0001,7.32508e-05,999999,-3.600891e-01,3,Indonesian Exclusive Economic Zone,WPP712,,SVDNB_npp_d20140716_t1803247_e1809051_b14079_c20140717000905445784_noaa_ops.h5,GDNBO_npp_d20140716_t1803247_e1809051_b14079_c20140717000905445471_noaa_ops.h5,SVI04_npp_d20140716_t1803247_e1809051_b14079_c20140717000905432367_noaa_ops.dspace_rad,VNFF_npp_d20140716_t1803247_e1809051_b14079_v21.csv,World_EEZ_v8_2014.shp,WPP_BFAR_merge.shp,KKP_IDN_merge_20161208.shp,VNF-VBD_npp_20120301-20151231_global_asia-enhanced_c201607211230.bitmask,NCEI_NGA.union.nga_lead2.add_2015ntl.mask,timezone.shp,VBD_platforms-recurring_2015_r20170330.shp,999999,VBD_bridges_c20160811.shp,2.701723;0.592520;-1.537733;-6.424739;-11.321091;-16.224911;-21.132078;-19.454973;-16.614069;-11.826628;-7.007390;-2.161976,98.595314;112.244095;125.823792;124.798187;123.864281;123.023224;122.264351;107.621338;93.259468;94.789581;96.172417;97.426979,npp_d20140716_t1803247_e1809051_b14079,154.725,45.2414,15.8373,98.0853,39.3365,85.1127
597,VBD_npp_d20140716_t1804237_x1096512E_y026573S_l0542_s1762_v23,2017-05-23 13:08:46,-2.657336,109.651184,9.63926,2014-07-16 18:04:23,2014-07-17 01:04:23,542,1762,0.429027,1,2529,0.469711,0.217532,0.817702,0.4,0.890541,0.75,0.0432946,0.0001,8.3422e-05,999999,-9.494668e-04,3,Indonesian Exclusive Economic Zone,WPP711,,SVDNB_npp_d20140716_t1803247_e1809051_b14079_c20140717000905445784_noaa_ops.h5,GDNBO_npp_d20140716_t1803247_e1809051_b14079_c20140717000905445471_noaa_ops.h5,SVI04_npp_d20140716_t1803247_e1809051_b14079_c20140717000905432367_noaa_ops.dspace_rad,VNFF_npp_d20140716_t1803247_e1809051_b14079_v21.csv,World_EEZ_v8_2014.shp,WPP_BFAR_merge.shp,KKP_IDN_merge_20161208.shp,VNF-VBD_npp_20120301-20151231_global_asia-enhanced_c201607211230.bitmask,NCEI_NGA.union.nga_lead2.add_2015ntl.mask,timezone.shp,VBD_platforms-recurring_2015_r20170330.shp,999999,VBD_bridges_c20160811.shp,2.701723;0.592520;-1.537733;-6.424739;-11.321091;-16.224911;-21.132078;-19.454973;-16.614069;-11.826628;-7.007390;-2.161976,98.595314;112.244095;125.823792;124.798187;123.864281;123.023224;122.264351;107.621338;93.259468;94.789581;96.172417;97.426979,npp_d20140716_t1803247_e1809051_b14079,153.602,43.639,15.617,97.6017,38.9966,86.7578
598,VBD_npp_d20140716_t1804398_x1095188E_y035969S_l0684_s1774_v23,2017-05-23 13:08:46,-3.596944,109.518814,37.8393,2014-07-16 18:04:39,2014-07-17 01:04:39,684,1774,0.410631,1,2529,0.72316,0.242276,0.761631,0.4,0.873079,0.75,0.0432383,0.0001,9.70108e-05,999999,-1.678835e-01,3,Indonesian Exclusive Economic Zone,WPP712,,SVDNB_npp_d20140716_t1803247_e1809051_b14079_c20140717000905445784_noaa_ops.h5,GDNBO_npp_d20140716_t1803247_e1809051_b14079_c20140717000905445471_noaa_ops.h5,SVI04_npp_d20140716_t1803247_e1809051_b14079_c20140717000905432367_noaa_ops.dspace_rad,VNFF_npp_d20140716_t1803247_e1809051_b14079_v21.csv,World_EEZ_v8_2014.shp,WPP_BFAR_merge.shp,KKP_IDN_merge_20161208.shp,VNF-VBD_npp_20120301-20151231_global_asia-enhanced_c201607211230.bitmask,NCEI_NGA.union.nga_lead2.add_2015ntl.mask,timezone.shp,VBD_platforms-recurring_2015_r20170330.shp,999999,VBD_bridges_c20160811.shp,2.701723;0.592520;-1.537733;-6.424739;-11.321091;-16.224911;-21.132078;-19.454973;-16.614069;-11.826628;-7.007390;-2.161976,98.595314;112.244095;125.823792;124.798187;123.864281;123.023224;122.264351;107.621338;93.259468;94.789581;96.172417;97.426979,npp_d20140716_t1803247_e1809051_b14079,154.32,44.8889,14.9589,98.0119,39.1289,85.5847
599,VBD_npp_d20140716_t1804469_x1094411E_y040322S_l0750_s1777_v23,2017-05-23 13:08:46,-4.032202,109.441109,18.2566,2014-07-16 18:04:46,2014-07-17 01:04:46,750,1777,0.276553,1,2529,0.505669,0.239298,0.754236,0.4,0.799587,0.75,0.0431492,0.0001,9.89446e-05,999999,-1.477924e-01,3,Indonesian Exclusive Economic Zone,WPP712,,SVDNB_npp_d20140716_t1803247_e1809051_b14079_c20140717000905445784_noaa_ops.h5,GDNBO_npp_d20140716_t1803247_e1809051_b14079_c20140717000905445471_noaa_ops.h5,SVI04_npp_d20140716_t1803247_e1809051_b14079_c20140717000905432367_noaa_ops.dspace_rad,VNFF_npp_d20140716_t1803247_e1809051_b14079_v21.csv,World_EEZ_v8_2014.shp,WPP_BFAR_merge.shp,KKP_IDN_merge_20161208.shp,VNF-VBD_npp_20120301-20151231_global_asia-enhanced_c201607211230.bitmask,NCEI_NGA.union.nga_lead2.add_2015ntl.mask,timezone.shp,VBD_platforms-recurring_2015_r20170330.shp,999999,VBD_bridges_c20160811.shp,2.701723;0.592520;-1.537733;-6.424739;-11.321091;-16.224911;-21.132078;-19.454973;-16.614069;-11.826628;-7.007390;-2.161976,98.595314;112.244095;125.823792;124.798187;123.864281;123.023224;122.264351;107.621338;93.259468;94.789581;96.172417;97.426979,npp_d20140716_t1803247_e1809051_b14079,154.661,45.4683,14.7973,97.5447,39.2144,85.0479
600,VBD_npp_d20140716_t1804469_x1094861E_y039697S_l0740_s1782_v23,2017-05-23 13:08:46,-3.969662,109.486076,30.1001,2014-07-16 18:04:46,2014-07-17 01:04:46,740,1782,0.407924,1,2529,0.859947,0.219401,0.874661,0.4,0.92857,0.75,0.0431912,0.0001,0.000110382,999999,-1.355738e-02,3,Indonesian Exclusive Economic Zone,WPP712,,SVDNB_npp_d20140716_t1803247_e1809051_b14079_c20140717000905445784_noaa_ops.h5,GDNBO_npp_d20140716_t1803247_e1809051_b14079_c20140717000905445471_noaa_ops.h5,SVI04_npp_d20140716_t1803247_e1809051_b14079_c20140717000905432367_noaa_ops.dspace_rad,VNFF_npp_d20140716_t1803247_e1809051_b14079_v21.csv,World_EEZ_v8_2014.shp,WPP_BFAR_merge.shp,KKP_IDN_merge_20161208.shp,VNF-VBD_npp_20120301-20151231_global_asia-enhanced_c201607211230.bitmask,NCEI_NGA.union.nga_lead2.add_2015ntl.mask,timezone.shp,VBD_platforms-recurring_2015_r20170330.shp,999999,VBD_bridges_c20160811.shp,2.701723;0.592520;-1.537733;-6.424739;-11.321091;-16.224911;-21.132078;-19.454973;-16.614069;-11.826628;-7.007390;-2.161976,98.595314;112.244095;125.823792;124.798187;123.864281;123.023224;122.264351;107.621338;93.259468;94.789581;96.172417;97.426979,npp_d20140716_t1803247_e1809051_b14079,154.585,45.4375,14.51,99.8159,39.1637,85.1181
601,VBD_npp_d20140716_t1804469_x1095010E_y040069S_l0745_s1785_v23,2017-05-23 13:08:46,-4.006917,109.501045,18.5279,2014-07-16 18:04:46,2014-07-17 01:04:46,745,1785,0.427757,1,2529,0.65729,0.24082,0.870517,0.4,0.900484,0.75,0.0431989,0.0001,0.000114263,999999,-1.580632e-01,3,Indonesian Exclusive Economic Zone,WPP712,,SVDNB_npp_d20140716_t1803247_e1809051_b14079_c20140717000905445784_noaa_ops.h5,GDNBO_npp_d20140716_t1803247_e1809051_b14079_c20140717000905445471_noaa_ops.h5,SVI04_npp_d20140716_t1803247_e1809051_b14079_c20140717000905432367_noaa_ops.dspace_rad,VNFF_npp_d20140716_t1803247_e1809051_b14079_v21.csv,World_EEZ_v8_2014.shp,WPP_BFAR_merge.shp,KKP_IDN_merge_20161208.shp,VNF-VBD_npp_20120301-20151231_global_asia-enhanced_c201607211230.bitmask,NCEI_NGA.union.nga_lead2.add_2015ntl.mask,timezone.shp,VBD_platforms-recurring_2015_r20170330.shp,999999,VBD_bridges_c20160811.shp,2.701723;0.592520;-1.537733;-6.424739;-11.321091;-16.224911;-21.132078;-19.454973;-16.614069;-11.826628;-7.007390;-2.161976,98.595314;112.244095;125.823792;124.798187;123.864281;123.023224;122.264351;107.621338;93.259468;94.789581;96.172417;97.426979,npp_d20140716_t1803247_e1809051_b14079,154.601,45.5145,14.3397,98.6604,39.1518,85.0689
602,VBD_npp_d20140716_t1804469_x1095201E_y039752S_l0740_s1787_v23,2017-05-23 13:08:46,-3.975150,109.520073,10.2112,2014-07-16 18:04:46,2014-07-17 01:04:46,740,1787,0.424,1,2529,0.51317,0.218667,0.868761,0.4,0.893875,0.75,0.0432171,0.0001,0.000119619,999999,-8.602671e-03,3,Indonesian Exclusive Economic Zone,WPP712,,SVDNB_npp_d20140716_t1803247_e1809051_b14079_c20140717000905445784_noaa_ops.h5,GDNBO_npp_d20140716_t1803247_e1809051_b14079_c20140717000905445471_noaa_ops.h5,SVI04_npp_d20140716_t1803247_e1809051_b14079_c20140717000905432367_noaa_ops.dspace_rad,VNFF_npp_d20140716_t1803247_e1809051_b14079_v21.csv,World_EEZ_v8_2014.shp,WPP_BFAR_merge.shp,KKP_IDN_merge_20161208.shp,VNF-VBD_npp_20120301-20151231_global_asia-enhanced_c201607211230.bitmask,NCEI_NGA.union.nga_lead2.add_2015ntl.mask,timezone.shp,VBD_platforms-recurring_2015_r20170330.shp,999999,VBD_bridges_c20160811.shp,2.701723;0.592520;-1.537733;-6.424739;-11.321091;-16.224911;-21.132078;-19.454973;-16.614069;-11.826628;-7.007390;-2.161976,98.595314;112.244095;125.823792;124.798187;123.864281;123.023224;122.264351;107.621338;93.259468;94.789581;96.172417;97.426979,npp_d20140716_t1803247_e1809051_b14079,154.565,45.4935,14.2272,99.83,39.1299,85.1053
603,VBD_npp_d20140716_t1804576_x1094607E_y046015S_l0834_s1799_v23,2017-05-23 13:08:46,-4.601529,109.460701,24.7288,2014-07-16 18:04:57,2014-07-17 01:04:57,834,1799,0.303512,1,2529,0.511474,0.237397,0.67532,0.4,0.800116,0.75,0.0431249,0.0001,0.000140889,999999,-1.349707e-01,3,Indonesian Exclusive Economic Zone,WPP712,,SVDNB_npp_d20140716_t1803247_e1809051_b14079_c20140717000905445784_noaa_ops.h5,GDNBO_npp_d20140716_t1803247_e1809051_b14079_c20140717000905445471_noaa_ops.h5,SVI04_npp_d20140716_t1803247_e1809051_b14079_c20140717000905432367_noaa_ops.dspace_rad,VNFF_npp_d20140716_t1803247_e1809051_b14079_v21.csv,World_EEZ_v8_2014.shp,WPP_BFAR_merge.shp,KKP_IDN_merge_20161208.shp,VNF-VBD_npp_20120301-20151231_global_asia-enhanced_c201607211230.bitmask,NCEI_NGA.union.nga_lead2.add_2015ntl.mask,timezone.shp,VBD_platforms-recurring_2015_r20170330.shp,999999,VBD_bridges_c20160811.shp,2.701723;0.592520;-1.537733;-6.424739;-11.321091;-16.224911;-21.132078;-19.454973;-16.614069;-11.826628;-7.007390;-2.161976,98.595314;112.244095;125.823792;124.798187;123.864281;123.023224;122.264351;107.621338;93.259468;94.789581;96.172417;97.426979,npp_d20140716_t1803247_e1809051_b14079,155.011,46.4291,13.5491,100.384,39.205,84.3246
604,VBD_npp_d20140716_t1804504_x1095620E_y042332S_l0777_s1801_v23,2017-05-23 13:08:46,-4.233237,109.562035,11.63,2014-07-16 18:04:50,2014-07-17 01:04:50,777,1801,0.339531,1,2529,0.467751,0.251884,0.708749,0.4,0.816421,0.75,0.0432295,0.0001,0.000145645,999999,-2.327055e-01,3,Indonesian Exclusive Economic Zone,WPP712,,SVDNB_npp_d20140716_t1803247_e1809051_b14079_c20140717000905445784_noaa_ops.h5,GDNBO_npp_d20140716_t1803247_e1809051_b14079_c20140717000905445471_noaa_ops.h5,SVI04_npp_d20140716_t1803247_e1809051_b14079_c20140717000905432367_noaa_ops.dspace_rad,VNFF_npp_d20140716_t1803247_e1809051_b14079_v21.csv,World_EEZ_v8_2014.shp,WPP_BFAR_merge.shp,KKP_IDN_merge_20161208.shp,VNF-VBD_npp_20120301-20151231_global_asia-enhanced_c201607211230.bitmask,NCEI_NGA.union.nga_lead2.add_2015ntl.mask,timezone.shp,VBD_platforms-recurring_2015_r20170330.shp,999999,VBD_bridges_c20160811.shp,2.701723;0.592520;-1.537733;-6.424739;-11.321091;-16.224911;-21.132078;-19.454973;-16.614069;-11.826628;-7.007390;-2.161976,98.595314;112.244095;125.823792;124.798187;123.864281;123.023224;122.264351;107.621338;93.259468;94.789581;96.172417;97.426979,npp_d20140716_t1803247_e1809051_b14079,154.705,45.9626,13.4333,98.6413,39.0963,84.7714
605,VBD_npp_d20140716_t1804540_x1095723E_y044237S_l0805_s1809_v23,2017-05-23 13:08:46,-4.423722,109.572296,5.97627,2014-07-16 18:04:54,2014-07-17 01:04:54,805,1809,0.353563,1,2529,0.362761,0.27652,0.770691,0.4,0.839265,0.75,0.0432247,0.0001,0.000164746,999999,-3.989181e-01,3,Indonesian Exclusive Economic Zone,WPP712,,SVDNB_npp_d20140716_t1803247_e1809051_b14079_c20140717000905445784_noaa_ops.h5,GDNBO_npp_d20140716_t1803247_e1809051_b14079_c20140717000905445471_noaa_ops.h5,SVI04_npp_d20140716_t1803247_e1809051_b14079_c20140717000905432367_noaa_ops.dspace_rad,VNFF_npp_d20140716_t1803247_e1809051_b14079_v21.csv,World_EEZ_v8_2014.shp,WPP_BFAR_merge.shp,KKP_IDN_merge_20161208.shp,VNF-VBD_npp_20120301-20151231_global_asia-enhanced_c201607211230.bitmask,NCEI_NGA.union.nga_lead2.add_2015ntl.mask,timezone.shp,VBD_platforms-recurring_2015_r20170330.shp,999999,VBD_bridges_c20160811.shp,2.701723;0.592520;-1.537733;-6.424739;-11.321091;-16.224911;-21.132078;-19.454973;-16.614069;-11.826628;-7.007390;-2.161976,98.595314;112.244095;125.823792;124.798187;123.864281;123.023224;122.264351;107.621338;93.259468;94.789581;96.172417;97.426979,npp_d20140716_t1803247_e1809051_b14079,154.819,46.2888,12.9841,99.6607,39.0896,84.5277
606,VBD_npp_d20140716_t1804469_x1096679E_y040475S_l0747_s1810_v23,2017-05-23 13:08:46,-4.047502,109.667892,8.98624,2014-07-16 18:04:46,2014-07-17 01:04:46,747,1810,0.263957,1,2529,0.413649,0.29416,0.675386,0.4,0.808826,0.75,0.0433234,0.0001,0.000168062,999999,-5.179271e-01,3,Indonesian Exclusive Economic Zone,WPP712,,SVDNB_npp_d20140716_t1803247_e1809051_b14079_c20140717000905445784_noaa_ops.h5,GDNBO_npp_d20140716_t1803247_e1809051_b14079_c20140717000905445471_noaa_ops.h5,SVI04_npp_d20140716_t1803247_e1809051_b14079_c20140717000905432367_noaa_ops.dspace_rad,VNFF_npp_d20140716_t1803247_e1809051_b14079_v21.csv,World_EEZ_v8_2014.shp,WPP_BFAR_merge.shp,KKP_IDN_merge_20161208.shp,VNF-VBD_npp_20120301-20151231_global_asia-enhanced_c201607211230.bitmask,NCEI_NGA.union.nga_lead2.add_2015ntl.mask,timezone.shp,VBD_platforms-recurring_2015_r20170330.shp,999999,VBD_bridges_c20160811.shp,2.701723;0.592520;-1.537733;-6.424739;-11.321091;-16.224911;-21.132078;-19.454973;-16.614069;-11.826628;-7.007390;-2.161976,98.595314;112.244095;125.823792;124.798187;123.864281;123.023224;122.264351;107.621338;93.259468;94.789581;96.172417;97.426979,npp_d20140716_t1803247_e1809051_b14079,154.51,45.8083,12.9283,98.1002,38.9873,84.988
607,VBD_npp_d20140716_t1804593_x1095102E_y047246S_l0851_s1810_v23,2017-05-23 13:08:46,-4.724595,109.510162,23.8403,2014-07-16 18:04:59,2014-07-17 01:04:59,851,1810,0.423392,1,2529,0.807575,0.218985,0.86203,0.4,0.935787,0.75,0.0431526,0.0001,0.000165729,999999,-1.074983e-02,3,Indonesian Exclusive Economic Zone,WPP712,,SVDNB_npp_d20140716_t1803247_e1809051_b14079_c20140717000905445784_noaa_ops.h5,GDNBO_npp_d20140716_t1803247_e1809051_b14079_c20140717000905445471_noaa_ops.h5,SVI04_npp_d20140716_t1803247_e1809051_b14079_c20140717000905432367_noaa_ops.dspace_rad,VNFF_npp_d20140716_t1803247_e1809051_b14079_v21.csv,World_EEZ_v8_2014.shp,WPP_BFAR_merge.shp,KKP_IDN_merge_20161208.shp,VNF-VBD_npp_20120301-20151231_global_asia-enhanced_c201607211230.bitmask,NCEI_NGA.union.nga_lead2.add_2015ntl.mask,timezone.shp,VBD_platforms-recurring_2015_r20170330.shp,999999,VBD_bridges_c20160811.shp,2.701723;0.592520;-1.537733;-6.424739;-11.321091;-16.224911;-21.132078;-19.454973;-16.614069;-11.826628;-7.007390;-2.161976,98.595314;112.244095;125.823792;124.798187;123.864281;123.023224;122.264351;107.621338;93.259468;94.789581;96.172417;97.426979,npp_d20140716_t1803247_e1809051_b14079,155.055,46.7001,12.925,100.198,39.1606,84.1591
608,VBD_npp_d20140716_t1804291_x1099233E_y030193S_l0589_s1813_v23,2017-05-23 13:08:46,-3.019330,109.923302,5.12998,2014-07-16 18:04:29,2014-07-17 01:04:29,589,1813,0.426928,1,2529,0.351851,0.242747,0.78902,0.4,0.881146,0.75,0.0435711,0.0001,0.000183948,999999,-1.710627e-01,3,Indonesian Exclusive Economic Zone,WPP711,,SVDNB_npp_d20140716_t1803247_e1809051_b14079_c20140717000905445784_noaa_ops.h5,GDNBO_npp_d20140716_t1803247_e1809051_b14079_c20140717000905445471_noaa_ops.h5,SVI04_npp_d20140716_t1803247_e1809051_b14079_c20140717000905432367_noaa_ops.dspace_rad,VNFF_npp_d20140716_t1803247_e1809051_b14079_v21.csv,World_EEZ_v8_2014.shp,WPP_BFAR_merge.shp,KKP_IDN_merge_20161208.shp,VNF-VBD_npp_20120301-20151231_global_asia-enhanced_c201607211230.bitmask,NCEI_NGA.union.nga_lead2.add_2015ntl.mask,timezone.shp,VBD_platforms-recurring_2015_r20170330.shp,999999,VBD_bridges_c20160811.shp,2.701723;0.592520;-1.537733;-6.424739;-11.321091;-16.224911;-21.132078;-19.454973;-16.614069;-11.826628;-7.007390;-2.161976,98.595314;112.244095;125.823792;124.798187;123.864281;123.023224;122.264351;107.621338;93.259468;94.789581;96.172417;97.426979,npp_d20140716_t1803247_e1809051_b14079,153.657,44.5585,12.7627,97.5292,38.7222,86.2617
609,VBD_npp_d20140716_t1804540_x1095873E_y045023S_l0816_s1813_v23,2017-05-23 13:08:46,-4.502337,109.587288,4.61057,2014-07-16 18:04:54,2014-07-17 01:04:54,816,1813,0.431513,1,2273,0.257546,0.194464,0.817365,0.4,0.778218,0.75,0.0432267,0.0001,0.00016959,999999,1.546823e-01,3,Indonesian Exclusive Economic Zone,WPP712,,SVDNB_npp_d20140716_t1803247_e1809051_b14079_c20140717000905445784_noaa_ops.h5,GDNBO_npp_d20140716_t1803247_e1809051_b14079_c20140717000905445471_noaa_ops.h5,SVI04_npp_d20140716_t1803247_e1809051_b14079_c20140717000905432367_noaa_ops.dspace_rad,VNFF_npp_d20140716_t1803247_e1809051_b14079_v21.csv,World_EEZ_v8_2014.shp,WPP_BFAR_merge.shp,KKP_IDN_merge_20161208.shp,VNF-VBD_npp_20120301-20151231_global_asia-enhanced_c201607211230.bitmask,NCEI_NGA.union.nga_lead2.add_2015ntl.mask,timezone.shp,VBD_platforms-recurring_2015_r20170330.shp,999999,VBD_bridges_c20160811.shp,2.701723;0.592520;-1.537733;-6.424739;-11.321091;-16.224911;-21.132078;-19.454973;-16.614069;-11.826628;-7.007390;-2.161976,98.595314;112.244095;125.823792;124.798187;123.864281;123.023224;122.264351;107.621338;93.259468;94.789581;96.172417;97.426979,npp_d20140716_t1803247_e1809051_b14079,154.862,46.4307,12.7679,96.7994,39.0822,84.4262
610,VBD_npp_d20140716_t1804558_x1095867E_y045065S_l0817_s1814_v23,2017-05-23 13:08:46,-4.506458,109.586723,16.4394,2014-07-16 18:04:55,2014-07-17 01:04:55,817,1814,0.428751,1,2529,0.588566,0.200488,0.817365,0.4,0.881204,0.75,0.0432301,0.0001,0.00017894,999999,1.140445e-01,3,Indonesian Exclusive Economic Zone,WPP712,,SVDNB_npp_d20140716_t1803247_e1809051_b14079_c20140717000905445784_noaa_ops.h5,GDNBO_npp_d20140716_t1803247_e1809051_b14079_c20140717000905445471_noaa_ops.h5,SVI04_npp_d20140716_t1803247_e1809051_b14079_c20140717000905432367_noaa_ops.dspace_rad,VNFF_npp_d20140716_t1803247_e1809051_b14079_v21.csv,World_EEZ_v8_2014.shp,WPP_BFAR_merge.shp,KKP_IDN_merge_20161208.shp,VNF-VBD_npp_20120301-20151231_global_asia-enhanced_c201607211230.bitmask,NCEI_NGA.union.nga_lead2.add_2015ntl.mask,timezone.shp,VBD_platforms-recurring_2015_r20170330.shp,999999,VBD_bridges_c20160811.shp,2.701723;0.592520;-1.537733;-6.424739;-11.321091;-16.224911;-21.132078;-19.454973;-16.614069;-11.826628;-7.007390;-2.161976,98.595314;112.244095;125.823792;124.798187;123.864281;123.023224;122.264351;107.621338;93.259468;94.789581;96.172417;97.426979,npp_d20140716_t1803247_e1809051_b14079,154.86,46.4466,12.7035,100.734,39.076,84.4195
611,VBD_npp_d20140716_t1804593_x1095371E_y047289S_l0851_s1814_v23,2017-05-23 13:08:46,-4.728941,109.537056,22.043,2014-07-16 18:04:59,2014-07-17 01:04:59,851,1814,0.422508,1,2529,0.71855,0.217472,0.873122,0.4,0.932049,0.75,0.0431731,0.0001,0.000176138,999999,-5.387990e-04,3,Indonesian Exclusive Economic Zone,WPP712,,SVDNB_npp_d20140716_t1803247_e1809051_b14079_c20140717000905445784_noaa_ops.h5,GDNBO_npp_d20140716_t1803247_e1809051_b14079_c20140717000905445471_noaa_ops.h5,SVI04_npp_d20140716_t1803247_e1809051_b14079_c20140717000905432367_noaa_ops.dspace_rad,VNFF_npp_d20140716_t1803247_e1809051_b14079_v21.csv,World_EEZ_v8_2014.shp,WPP_BFAR_merge.shp,KKP_IDN_merge_20161208.shp,VNF-VBD_npp_20120301-20151231_global_asia-enhanced_c201607211230.bitmask,NCEI_NGA.union.nga_lead2.add_2015ntl.mask,timezone.shp,VBD_platforms-recurring_2015_r20170330.shp,999999,VBD_bridges_c20160811.shp,2.701723;0.592520;-1.537733;-6.424739;-11.321091;-16.224911;-21.132078;-19.454973;-16.614069;-11.826628;-7.007390;-2.161976,98.595314;112.244095;125.823792;124.798187;123.864281;123.023224;122.264351;107.621338;93.259468;94.789581;96.172417;97.426979,npp_d20140716_t1803247_e1809051_b14079,155.038,46.7442,12.6992,100.217,39.134,84.148
612,VBD_npp_d20140716_t1804487_x1097061E_y041962S_l0768_s1820_v23,2017-05-23 13:08:46,-4.196226,109.706078,16.1357,2014-07-16 18:04:48,2014-07-17 01:04:48,768,1820,0.331466,7,18849,0.363223,0.225558,0.824344,0.4,0.674732,0.75,0.0433409,0.0001,0.000191779,999999,-5.509573e-02,3,,,,SVDNB_npp_d20140716_t1803247_e1809051_b14079_c20140717000905445784_noaa_ops.h5,GDNBO_npp_d20140716_t1803247_e1809051_b14079_c20140717000905445471_noaa_ops.h5,SVI04_npp_d20140716_t1803247_e1809051_b14079_c20140717000905432367_noaa_ops.dspace_rad,VNFF_npp_d20140716_t1803247_e1809051_b14079_v21.csv,World_EEZ_v8_2014.shp,WPP_BFAR_merge.shp,KKP_IDN_merge_20161208.shp,VNF-VBD_npp_20120301-20151231_global_asia-enhanced_c201607211230.bitmask,NCEI_NGA.union.nga_lead2.add_2015ntl.mask,timezone.shp,VBD_platforms-recurring_2015_r20170330.shp,0.470191,VBD_bridges_c20160811.shp,2.701723;0.592520;-1.537733;-6.424739;-11.321091;-16.224911;-21.132078;-19.454973;-16.614069;-11.826628;-7.007390;-2.161976,98.595314;112.244095;125.823792;124.798187;123.864281;123.023224;122.264351;107.621338;93.259468;94.789581;96.172417;97.426979,npp_d20140716_t1803247_e1809051_b14079,154.581,46.096,12.3702,96.7234,38.9551,84.7923
613,VBD_npp_d20140716_t1804540_x1096461E_y044356S_l0805_s1820_v23,2017-05-23 13:08:46,-4.435615,109.646141,16.8248,2014-07-16 18:04:54,2014-07-17 01:04:54,805,1820,0.360911,1,2529,0.646812,0.265411,0.846364,0.4,0.920603,0.75,0.0432809,0.0001,0.000194592,999999,-3.239700e-01,3,Indonesian Exclusive Economic Zone,WPP712,,SVDNB_npp_d20140716_t1803247_e1809051_b14079_c20140717000905445784_noaa_ops.h5,GDNBO_npp_d20140716_t1803247_e1809051_b14079_c20140717000905445471_noaa_ops.h5,SVI04_npp_d20140716_t1803247_e1809051_b14079_c20140717000905432367_noaa_ops.dspace_rad,VNFF_npp_d20140716_t1803247_e1809051_b14079_v21.csv,World_EEZ_v8_2014.shp,WPP_BFAR_merge.shp,KKP_IDN_merge_20161208.shp,VNF-VBD_npp_20120301-20151231_global_asia-enhanced_c201607211230.bitmask,NCEI_NGA.union.nga_lead2.add_2015ntl.mask,timezone.shp,VBD_platforms-recurring_2015_r20170330.shp,999999,VBD_bridges_c20160811.shp,2.701723;0.592520;-1.537733;-6.424739;-11.321091;-16.224911;-21.132078;-19.454973;-16.614069;-11.826628;-7.007390;-2.161976,98.595314;112.244095;125.823792;124.798187;123.864281;123.023224;122.264351;107.621338;93.259468;94.789581;96.172417;97.426979,npp_d20140716_t1803247_e1809051_b14079,154.774,46.4094,12.363,99.689,39.0165,84.4982
614,VBD_npp_d20140716_t1804487_x1097171E_y041703S_l0764_s1821_v23,2017-05-23 13:08:46,-4.170319,109.717087,12.934,2014-07-16 18:04:48,2014-07-17 01:04:48,764,1821,0.406543,7,2465,0.516892,0.279102,0.828698,0.4,0.688775,0.75,0.0433524,0.0001,0.000196932,999999,-4.163400e-01,3,,,,SVDNB_npp_d20140716_t1803247_e1809051_b14079_c20140717000905445784_noaa_ops.h5,GDNBO_npp_d20140716_t1803247_e1809051_b14079_c20140717000905445471_noaa_ops.h5,SVI04_npp_d20140716_t1803247_e1809051_b14079_c20140717000905432367_noaa_ops.dspace_rad,VNFF_npp_d20140716_t1803247_e1809051_b14079_v21.csv,World_EEZ_v8_2014.shp,WPP_BFAR_merge.shp,KKP_IDN_merge_20161208.shp,VNF-VBD_npp_20120301-20151231_global_asia-enhanced_c201607211230.bitmask,NCEI_NGA.union.nga_lead2.add_2015ntl.mask,timezone.shp,VBD_platforms-recurring_2015_r20170330.shp,999999,VBD_bridges_c20160811.shp,2.701723;0.592520;-1.537733;-6.424739;-11.321091;-16.224911;-21.132078;-19.454973;-16.614069;-11.826628;-7.007390;-2.161976,98.595314;112.244095;125.823792;124.798187;123.864281;123.023224;122.264351;107.621338;93.259468;94.789581;96.172417;97.426979,npp_d20140716_t1803247_e1809051_b14079,154.555,46.072,12.3064,97.7946,38.9416,84.8229
615,VBD_npp_d20140716_t1804504_x1097051E_y042008S_l0769_s1821_v23,2017-05-23 13:08:46,-4.200832,109.705093,80.3701,2014-07-16 18:04:50,2014-07-17 01:04:50,769,1821,0.372346,8,18913,0.99104,0.243649,0.824344,0.4,0.930091,0.75,0.0433445,0.0001,0.000201889,999999,-1.771464e-01,3,Indonesian Exclusive Economic Zone,WPP712,,SVDNB_npp_d20140716_t1803247_e1809051_b14079_c20140717000905445784_noaa_ops.h5,GDNBO_npp_d20140716_t1803247_e1809051_b14079_c20140717000905445471_noaa_ops.h5,SVI04_npp_d20140716_t1803247_e1809051_b14079_c20140717000905432367_noaa_ops.dspace_rad,VNFF_npp_d20140716_t1803247_e1809051_b14079_v21.csv,World_EEZ_v8_2014.shp,WPP_BFAR_merge.shp,KKP_IDN_merge_20161208.shp,VNF-VBD_npp_20120301-20151231_global_asia-enhanced_c201607211230.bitmask,NCEI_NGA.union.nga_lead2.add_2015ntl.mask,timezone.shp,VBD_platforms-recurring_2015_r20170330.shp,0.138258,VBD_bridges_c20160811.shp,2.701723;0.592520;-1.537733;-6.424739;-11.321091;-16.224911;-21.132078;-19.454973;-16.614069;-11.826628;-7.007390;-2.161976,98.595314;112.244095;125.823792;124.798187;123.864281;123.023224;122.264351;107.621338;93.259468;94.789581;96.172417;97.426979,npp_d20140716_t1803247_e1809051_b14079,154.579,46.1119,12.3083,100.766,38.9493,84.7852
616,VBD_npp_d20140716_t1804487_x1097492E_y041409S_l0759_s1825_v23,2017-05-23 13:08:46,-4.140899,109.749222,16.5132,2014-07-16 18:04:48,2014-07-17 01:04:48,759,1825,0.428475,1,2529,0.657419,0.211223,0.848512,0.4,0.921362,0.75,0.0433809,0.0001,0.000211928,999999,4.161650e-02,3,Indonesian Exclusive Economic Zone,WPP712,,SVDNB_npp_d20140716_t1803247_e1809051_b14079_c20140717000905445784_noaa_ops.h5,GDNBO_npp_d20140716_t1803247_e1809051_b14079_c20140717000905445471_noaa_ops.h5,SVI04_npp_d20140716_t1803247_e1809051_b14079_c20140717000905432367_noaa_ops.dspace_rad,VNFF_npp_d20140716_t1803247_e1809051_b14079_v21.csv,World_EEZ_v8_2014.shp,WPP_BFAR_merge.shp,KKP_IDN_merge_20161208.shp,VNF-VBD_npp_20120301-20151231_global_asia-enhanced_c201607211230.bitmask,NCEI_NGA.union.nga_lead2.add_2015ntl.mask,timezone.shp,VBD_platforms-recurring_2015_r20170330.shp,999999,VBD_bridges_c20160811.shp,2.701723;0.592520;-1.537733;-6.424739;-11.321091;-16.224911;-21.132078;-19.454973;-16.614069;-11.826628;-7.007390;-2.161976,98.595314;112.244095;125.823792;124.798187;123.864281;123.023224;122.264351;107.621338;93.259468;94.789581;96.172417;97.426979,npp_d20140716_t1803247_e1809051_b14079,154.512,46.0718,12.0775,99.1489,38.9066,84.854
617,VBD_npp_d20140716_t1804487_x1097613E_y041083S_l0754_s1826_v23,2017-05-23 13:08:46,-4.108290,109.761284,22.9861,2014-07-16 18:04:48,2014-07-17 01:04:48,754,1826,0.428088,1,2529,0.790172,0.211705,0.869118,0.4,0.943124,0.75,0.043394,0.0001,0.000217981,999999,3.836643e-02,3,Indonesian Exclusive Economic Zone,WPP712,,SVDNB_npp_d20140716_t1803247_e1809051_b14079_c20140717000905445784_noaa_ops.h5,GDNBO_npp_d20140716_t1803247_e1809051_b14079_c20140717000905445471_noaa_ops.h5,SVI04_npp_d20140716_t1803247_e1809051_b14079_c20140717000905432367_noaa_ops.dspace_rad,VNFF_npp_d20140716_t1803247_e1809051_b14079_v21.csv,World_EEZ_v8_2014.shp,WPP_BFAR_merge.shp,KKP_IDN_merge_20161208.shp,VNF-VBD_npp_20120301-20151231_global_asia-enhanced_c201607211230.bitmask,NCEI_NGA.union.nga_lead2.add_2015ntl.mask,timezone.shp,VBD_platforms-recurring_2015_r20170330.shp,999999,VBD_bridges_c20160811.shp,2.701723;0.592520;-1.537733;-6.424739;-11.321091;-16.224911;-21.132078;-19.454973;-16.614069;-11.826628;-7.007390;-2.161976,98.595314;112.244095;125.823792;124.798187;123.864281;123.023224;122.264351;107.621338;93.259468;94.789581;96.172417;97.426979,npp_d20140716_t1803247_e1809051_b14079,154.48,46.0393,12.0247,100.534,38.8915,84.8929
618,VBD_npp_d20140716_t1804522_x1097253E_y043744S_l0794_s1829_v23,2017-05-23 13:08:46,-4.374376,109.725327,21.8113,2014-07-16 18:04:52,2014-07-17 01:04:52,794,1829,0.423392,1,2529,0.749835,0.232687,0.858761,0.4,0.939347,0.75,0.0433454,0.0001,0.000220723,999999,-1.031893e-01,3,Indonesian Exclusive Economic Zone,WPP712,,SVDNB_npp_d20140716_t1803247_e1809051_b14079_c20140717000905445784_noaa_ops.h5,GDNBO_npp_d20140716_t1803247_e1809051_b14079_c20140717000905445471_noaa_ops.h5,SVI04_npp_d20140716_t1803247_e1809051_b14079_c20140717000905432367_noaa_ops.dspace_rad,VNFF_npp_d20140716_t1803247_e1809051_b14079_v21.csv,World_EEZ_v8_2014.shp,WPP_BFAR_merge.shp,KKP_IDN_merge_20161208.shp,VNF-VBD_npp_20120301-20151231_global_asia-enhanced_c201607211230.bitmask,NCEI_NGA.union.nga_lead2.add_2015ntl.mask,timezone.shp,VBD_platforms-recurring_2015_r20170330.shp,999999,VBD_bridges_c20160811.shp,2.701723;0.592520;-1.537733;-6.424739;-11.321091;-16.224911;-21.132078;-19.454973;-16.614069;-11.826628;-7.007390;-2.161976,98.595314;112.244095;125.823792;124.798187;123.864281;123.023224;122.264351;107.621338;93.259468;94.789581;96.172417;97.426979,npp_d20140716_t1803247_e1809051_b14079,154.68,46.4144,11.8509,98.3159,38.9381,84.5611
619,VBD_npp_d20140716_t1804522_x1097288E_y043956S_l0797_s1830_v23,2017-05-23 13:08:46,-4.395637,109.728775,7.19165,2014-07-16 18:04:52,2014-07-17 01:04:52,797,1830,0.429303,1,2529,0.418029,0.235099,0.862591,0.4,0.861904,0.75,0.0433455,0.0001,0.00022206,999999,-1.194670e-01,3,Indonesian Exclusive Economic Zone,WPP712,,SVDNB_npp_d20140716_t1803247_e1809051_b14079_c20140717000905445784_noaa_ops.h5,GDNBO_npp_d20140716_t1803247_e1809051_b14079_c20140717000905445471_noaa_ops.h5,SVI04_npp_d20140716_t1803247_e1809051_b14079_c20140717000905432367_noaa_ops.dspace_rad,VNFF_npp_d20140716_t1803247_e1809051_b14079_v21.csv,World_EEZ_v8_2014.shp,WPP_BFAR_merge.shp,KKP_IDN_merge_20161208.shp,VNF-VBD_npp_20120301-20151231_global_asia-enhanced_c201607211230.bitmask,NCEI_NGA.union.nga_lead2.add_2015ntl.mask,timezone.shp,VBD_platforms-recurring_2015_r20170330.shp,999999,VBD_bridges_c20160811.shp,2.701723;0.592520;-1.537733;-6.424739;-11.321091;-16.224911;-21.132078;-19.454973;-16.614069;-11.826628;-7.007390;-2.161976,98.595314;112.244095;125.823792;124.798187;123.864281;123.023224;122.264351;107.621338;93.259468;94.789581;96.172417;97.426979,npp_d20140716_t1803247_e1809051_b14079,154.692,46.4517,11.7982,97.4664,38.9366,84.5337
620,VBD_npp_d20140716_t1804469_x1098252E_y040933S_l0750_s1834_v23,2017-05-23 13:08:46,-4.093311,109.825241,13.1306,2014-07-16 18:04:46,2014-07-17 01:04:46,750,1834,0.430961,1,2529,0.533312,0.217165,0.8096,0.4,0.850632,0.75,0.0434412,0.0001,0.000238237,999999,1.531443e-03,3,Indonesian Exclusive Economic Zone,WPP712,,SVDNB_npp_d20140716_t1803247_e1809051_b14079_c20140717000905445784_noaa_ops.h5,GDNBO_npp_d20140716_t1803247_e1809051_b14079_c20140717000905445471_noaa_ops.h5,SVI04_npp_d20140716_t1803247_e1809051_b14079_c20140717000905432367_noaa_ops.dspace_rad,VNFF_npp_d20140716_t1803247_e1809051_b14079_v21.csv,World_EEZ_v8_2014.shp,WPP_BFAR_merge.shp,KKP_IDN_merge_20161208.shp,VNF-VBD_npp_20120301-20151231_global_asia-enhanced_c201607211230.bitmask,NCEI_NGA.union.nga_lead2.add_2015ntl.mask,timezone.shp,VBD_platforms-recurring_2015_r20170330.shp,999999,VBD_bridges_c20160811.shp,2.701723;0.592520;-1.537733;-6.424739;-11.321091;-16.224911;-21.132078;-19.454973;-16.614069;-11.826628;-7.007390;-2.161976,98.595314;112.244095;125.823792;124.798187;123.864281;123.023224;122.264351;107.621338;93.259468;94.789581;96.172417;97.426979,npp_d20140716_t1803247_e1809051_b14079,154.429,46.0945,11.5784,97.1284,38.8329,84.9015
621,VBD_npp_d20140716_t1804469_x1098983E_y041049S_l0750_s1845_v23,2017-05-23 13:08:46,-4.104933,109.898338,9.30132,2014-07-16 18:04:46,2014-07-17 01:04:46,750,1845,0.421845,1,2529,0.466212,0.260311,0.769427,0.4,0.870506,0.75,0.0434974,0.0001,0.00027903,999999,-2.895597e-01,3,Indonesian Exclusive Economic Zone,WPP712,,SVDNB_npp_d20140716_t1803247_e1809051_b14079_c20140717000905445784_noaa_ops.h5,GDNBO_npp_d20140716_t1803247_e1809051_b14079_c20140717000905445471_noaa_ops.h5,SVI04_npp_d20140716_t1803247_e1809051_b14079_c20140717000905432367_noaa_ops.dspace_rad,VNFF_npp_d20140716_t1803247_e1809051_b14079_v21.csv,World_EEZ_v8_2014.shp,WPP_BFAR_merge.shp,KKP_IDN_merge_20161208.shp,VNF-VBD_npp_20120301-20151231_global_asia-enhanced_c201607211230.bitmask,NCEI_NGA.union.nga_lead2.add_2015ntl.mask,timezone.shp,VBD_platforms-recurring_2015_r20170330.shp,999999,VBD_bridges_c20160811.shp,2.701723;0.592520;-1.537733;-6.424739;-11.321091;-16.224911;-21.132078;-19.454973;-16.614069;-11.826628;-7.007390;-2.161976,98.595314;112.244095;125.823792;124.798187;123.864281;123.023224;122.264351;107.621338;93.259468;94.789581;96.172417;97.426979,npp_d20140716_t1803247_e1809051_b14079,154.385,46.2123,10.9584,97.0218,38.7603,84.8733
622,VBD_npp_d20140716_t1804504_x1098622E_y043295S_l0784_s1847_v23,2017-05-23 13:08:46,-4.329464,109.862152,42.7995,2014-07-16 18:04:50,2014-07-17 01:04:50,784,1847,0.430298,1,2529,1.03685,0.207519,0.885753,0.4,0.969911,0.75,0.0434534,0.0001,0.000282585,999999,6.660418e-02,3,Indonesian Exclusive Economic Zone,WPP712,,SVDNB_npp_d20140716_t1803247_e1809051_b14079_c20140717000905445784_noaa_ops.h5,GDNBO_npp_d20140716_t1803247_e1809051_b14079_c20140717000905445471_noaa_ops.h5,SVI04_npp_d20140716_t1803247_e1809051_b14079_c20140717000905432367_noaa_ops.dspace_rad,VNFF_npp_d20140716_t1803247_e1809051_b14079_v21.csv,World_EEZ_v8_2014.shp,WPP_BFAR_merge.shp,KKP_IDN_merge_20161208.shp,VNF-VBD_npp_20120301-20151231_global_asia-enhanced_c201607211230.bitmask,NCEI_NGA.union.nga_lead2.add_2015ntl.mask,timezone.shp,VBD_platforms-recurring_2015_r20170330.shp,999999,VBD_bridges_c20160811.shp,2.701723;0.592520;-1.537733;-6.424739;-11.321091;-16.224911;-21.132078;-19.454973;-16.614069;-11.826628;-7.007390;-2.161976,98.595314;112.244095;125.823792;124.798187;123.864281;123.023224;122.264351;107.621338;93.259468;94.789581;96.172417;97.426979,npp_d20140716_t1803247_e1809051_b14079,154.555,46.5233,10.8484,96.3958,38.8032,84.5927
623,VBD_npp_d20140716_t1804522_x1098613E_y043342S_l0785_s1848_v23,2017-05-23 13:08:46,-4.334177,109.861336,20.7506,2014-07-16 18:04:52,2014-07-17 01:04:52,785,1848,0.427812,1,2529,0.731574,0.209729,0.885753,0.4,0.915121,0.75,0.0434569,0.0001,0.00029744,999999,5.169434e-02,3,Indonesian Exclusive Economic Zone,WPP712,,SVDNB_npp_d20140716_t1803247_e1809051_b14079_c20140717000905445784_noaa_ops.h5,GDNBO_npp_d20140716_t1803247_e1809051_b14079_c20140717000905445471_noaa_ops.h5,SVI04_npp_d20140716_t1803247_e1809051_b14079_c20140717000905432367_noaa_ops.dspace_rad,VNFF_npp_d20140716_t1803247_e1809051_b14079_v21.csv,World_EEZ_v8_2014.shp,WPP_BFAR_merge.shp,KKP_IDN_merge_20161208.shp,VNF-VBD_npp_20120301-20151231_global_asia-enhanced_c201607211230.bitmask,NCEI_NGA.union.nga_lead2.add_2015ntl.mask,timezone.shp,VBD_platforms-recurring_2015_r20170330.shp,999999,VBD_bridges_c20160811.shp,2.701723;0.592520;-1.537733;-6.424739;-11.321091;-16.224911;-21.132078;-19.454973;-16.614069;-11.826628;-7.007390;-2.161976,98.595314;112.244095;125.823792;124.798187;123.864281;123.023224;122.264351;107.621338;93.259468;94.789581;96.172417;97.426979,npp_d20140716_t1803247_e1809051_b14079,154.554,46.5395,10.7842,101.018,38.7973,84.5853
624,VBD_npp_d20140716_t1805082_x1096451E_y052813S_l0930_s1848_v23,2017-05-23 13:08:46,-5.281279,109.645096,14.7531,2014-07-16 18:05:08,2014-07-17 01:05:08,930,1848,0.427149,1,2529,0.644962,0.192756,0.847324,0.4,0.92776,0.75,0.0432117,0.0001,0.000282637,999999,1.662098e-01,3,Indonesian Exclusive Economic Zone,WPP712,,SVDNB_npp_d20140716_t1803247_e1809051_b14079_c20140717000905445784_noaa_ops.h5,GDNBO_npp_d20140716_t1803247_e1809051_b14079_c20140717000905445471_noaa_ops.h5,SVI04_npp_d20140716_t1803247_e1809051_b14079_c20140717000905432367_noaa_ops.dspace_rad,VNFF_npp_d20140716_t1803247_e1809051_b14079_v21.csv,World_EEZ_v8_2014.shp,WPP_BFAR_merge.shp,KKP_IDN_merge_20161208.shp,VNF-VBD_npp_20120301-20151231_global_asia-enhanced_c201607211230.bitmask,NCEI_NGA.union.nga_lead2.add_2015ntl.mask,timezone.shp,VBD_platforms-recurring_2015_r20170330.shp,999999,VBD_bridges_c20160811.shp,2.701723;0.592520;-1.537733;-6.424739;-11.321091;-16.224911;-21.132078;-19.454973;-16.614069;-11.826628;-7.007390;-2.161976,98.595314;112.244095;125.823792;124.798187;123.864281;123.023224;122.264351;107.621338;93.259468;94.789581;96.172417;97.426979,npp_d20140716_t1803247_e1809051_b14079,155.307,47.8207,10.7882,100.732,39.0503,83.4241
625,VBD_npp_d20140716_t1804433_x1099818E_y038879S_l0716_s1850_v23,2017-05-23 13:08:46,-3.887893,109.981834,6.15254,2014-07-16 18:04:43,2014-07-17 01:04:43,716,1850,0.423503,2,2465,0.35268,0.27337,0.773279,0.4,0.707398,0.75,0.0435773,0.0001,0.000304654,999999,-3.776693e-01,3,Indonesian Exclusive Economic Zone,WPP712,,SVDNB_npp_d20140716_t1803247_e1809051_b14079_c20140717000905445784_noaa_ops.h5,GDNBO_npp_d20140716_t1803247_e1809051_b14079_c20140717000905445471_noaa_ops.h5,SVI04_npp_d20140716_t1803247_e1809051_b14079_c20140717000905432367_noaa_ops.dspace_rad,VNFF_npp_d20140716_t1803247_e1809051_b14079_v21.csv,World_EEZ_v8_2014.shp,WPP_BFAR_merge.shp,KKP_IDN_merge_20161208.shp,VNF-VBD_npp_20120301-20151231_global_asia-enhanced_c201607211230.bitmask,NCEI_NGA.union.nga_lead2.add_2015ntl.mask,timezone.shp,VBD_platforms-recurring_2015_r20170330.shp,999999,VBD_bridges_c20160811.shp,2.701723;0.592520;-1.537733;-6.424739;-11.321091;-16.224911;-21.132078;-19.454973;-16.614069;-11.826628;-7.007390;-2.161976,98.595314;112.244095;125.823792;124.798187;123.864281;123.023224;122.264351;107.621338;93.259468;94.789581;96.172417;97.426979,npp_d20140716_t1803247_e1809051_b14079,154.185,45.9814,10.6671,97.5852,38.6714,85.1369
626,VBD_npp_d20140716_t1804469_x1099329E_y041035S_l0749_s1850_v23,2017-05-23 13:08:46,-4.103542,109.932861,27.5069,2014-07-16 18:04:46,2014-07-17 01:04:46,749,1850,0.284011,1,2529,0.662882,0.27033,0.774226,0.4,0.875029,0.75,0.0435246,0.0001,0.00030051,999999,-3.571572e-01,3,Indonesian Exclusive Economic Zone,WPP712,,SVDNB_npp_d20140716_t1803247_e1809051_b14079_c20140717000905445784_noaa_ops.h5,GDNBO_npp_d20140716_t1803247_e1809051_b14079_c20140717000905445471_noaa_ops.h5,SVI04_npp_d20140716_t1803247_e1809051_b14079_c20140717000905432367_noaa_ops.dspace_rad,VNFF_npp_d20140716_t1803247_e1809051_b14079_v21.csv,World_EEZ_v8_2014.shp,WPP_BFAR_merge.shp,KKP_IDN_merge_20161208.shp,VNF-VBD_npp_20120301-20151231_global_asia-enhanced_c201607211230.bitmask,NCEI_NGA.union.nga_lead2.add_2015ntl.mask,timezone.shp,VBD_platforms-recurring_2015_r20170330.shp,999999,VBD_bridges_c20160811.shp,2.701723;0.592520;-1.537733;-6.424739;-11.321091;-16.224911;-21.132078;-19.454973;-16.614069;-11.826628;-7.007390;-2.161976,98.595314;112.244095;125.823792;124.798187;123.864281;123.023224;122.264351;107.621338;93.259468;94.789581;96.172417;97.426979,npp_d20140716_t1803247_e1809051_b14079,154.359,46.2574,10.6721,97.2803,38.7254,84.8687
627,VBD_npp_d20140716_t1804576_x1097893E_y047372S_l0846_s1850_v23,2017-05-23 13:08:46,-4.737213,109.789268,32.7463,2014-07-16 18:04:57,2014-07-17 01:04:57,846,1850,0.430685,1,2529,0.920222,0.200241,0.887149,0.4,0.954593,0.75,0.0433655,0.0001,0.000290436,999999,1.157074e-01,3,Indonesian Exclusive Economic Zone,WPP712,,SVDNB_npp_d20140716_t1803247_e1809051_b14079_c20140717000905445784_noaa_ops.h5,GDNBO_npp_d20140716_t1803247_e1809051_b14079_c20140717000905445471_noaa_ops.h5,SVI04_npp_d20140716_t1803247_e1809051_b14079_c20140717000905432367_noaa_ops.dspace_rad,VNFF_npp_d20140716_t1803247_e1809051_b14079_v21.csv,World_EEZ_v8_2014.shp,WPP_BFAR_merge.shp,KKP_IDN_merge_20161208.shp,VNF-VBD_npp_20120301-20151231_global_asia-enhanced_c201607211230.bitmask,NCEI_NGA.union.nga_lead2.add_2015ntl.mask,timezone.shp,VBD_platforms-recurring_2015_r20170330.shp,999999,VBD_bridges_c20160811.shp,2.701723;0.592520;-1.537733;-6.424739;-11.321091;-16.224911;-21.132078;-19.454973;-16.614069;-11.826628;-7.007390;-2.161976,98.595314;112.244095;125.823792;124.798187;123.864281;123.023224;122.264351;107.621338;93.259468;94.789581;96.172417;97.426979,npp_d20140716_t1803247_e1809051_b14079,154.866,47.0935,10.6721,96.9896,38.8886,84.0859
628,VBD_npp_d20140716_t1804576_x1098094E_y046991S_l0840_s1852_v23,2017-05-23 13:08:46,-4.699149,109.809364,5.7228,2014-07-16 18:04:57,2014-07-17 01:04:57,840,1852,0.429138,1,2529,0.375531,0.207342,0.860722,0.4,0.88096,0.75,0.0433858,0.0001,0.000304271,999999,6.780432e-02,3,Indonesian Exclusive Economic Zone,WPP712,,SVDNB_npp_d20140716_t1803247_e1809051_b14079_c20140717000905445784_noaa_ops.h5,GDNBO_npp_d20140716_t1803247_e1809051_b14079_c20140717000905445471_noaa_ops.h5,SVI04_npp_d20140716_t1803247_e1809051_b14079_c20140717000905432367_noaa_ops.dspace_rad,VNFF_npp_d20140716_t1803247_e1809051_b14079_v21.csv,World_EEZ_v8_2014.shp,WPP_BFAR_merge.shp,KKP_IDN_merge_20161208.shp,VNF-VBD_npp_20120301-20151231_global_asia-enhanced_c201607211230.bitmask,NCEI_NGA.union.nga_lead2.add_2015ntl.mask,timezone.shp,VBD_platforms-recurring_2015_r20170330.shp,999999,VBD_bridges_c20160811.shp,2.701723;0.592520;-1.537733;-6.424739;-11.321091;-16.224911;-21.132078;-19.454973;-16.614069;-11.826628;-7.007390;-2.161976,98.595314;112.244095;125.823792;124.798187;123.864281;123.023224;122.264351;107.621338;93.259468;94.789581;96.172417;97.426979,npp_d20140716_t1803247_e1809051_b14079,154.825,47.0616,10.5488,98.856,38.8644,84.1297
629,VBD_npp_d20140716_t1804522_x1098932E_y043531S_l0787_s1853_v23,2017-05-23 13:08:46,-4.353074,109.893219,9.00449,2014-07-16 18:04:52,2014-07-17 01:04:52,787,1853,0.42621,1,2529,0.431953,0.237487,0.861308,0.4,0.775329,0.75,0.0434792,0.0001,0.000318024,999999,-1.355732e-01,3,Indonesian Exclusive Economic Zone,WPP712,,SVDNB_npp_d20140716_t1803247_e1809051_b14079_c20140717000905445784_noaa_ops.h5,GDNBO_npp_d20140716_t1803247_e1809051_b14079_c20140717000905445471_noaa_ops.h5,SVI04_npp_d20140716_t1803247_e1809051_b14079_c20140717000905432367_noaa_ops.dspace_rad,VNFF_npp_d20140716_t1803247_e1809051_b14079_v21.csv,World_EEZ_v8_2014.shp,WPP_BFAR_merge.shp,KKP_IDN_merge_20161208.shp,VNF-VBD_npp_20120301-20151231_global_asia-enhanced_c201607211230.bitmask,NCEI_NGA.union.nga_lead2.add_2015ntl.mask,timezone.shp,VBD_platforms-recurring_2015_r20170330.shp,999999,VBD_bridges_c20160811.shp,2.701723;0.592520;-1.537733;-6.424739;-11.321091;-16.224911;-21.132078;-19.454973;-16.614069;-11.826628;-7.007390;-2.161976,98.595314;112.244095;125.823792;124.798187;123.864281;123.023224;122.264351;107.621338;93.259468;94.789581;96.172417;97.426979,npp_d20140716_t1803247_e1809051_b14079,154.543,46.6119,10.4913,100.439,38.7671,84.5551
630,VBD_npp_d20140716_t1804433_x1100406E_y038698S_l0712_s1858_v23,2017-05-23 13:08:46,-3.869778,110.040642,18.4961,2014-07-16 18:04:43,2014-07-17 01:04:43,712,1858,0.422674,1,2529,0.664478,0.225959,0.822752,0.4,0.926209,0.75,0.0436245,0.0001,0.000345439,999999,-5.779798e-02,3,Indonesian Exclusive Economic Zone,WPP712,,SVDNB_npp_d20140716_t1803247_e1809051_b14079_c20140717000905445784_noaa_ops.h5,GDNBO_npp_d20140716_t1803247_e1809051_b14079_c20140717000905445471_noaa_ops.h5,SVI04_npp_d20140716_t1803247_e1809051_b14079_c20140717000905432367_noaa_ops.dspace_rad,VNFF_npp_d20140716_t1803247_e1809051_b14079_v21.csv,World_EEZ_v8_2014.shp,WPP_BFAR_merge.shp,KKP_IDN_merge_20161208.shp,VNF-VBD_npp_20120301-20151231_global_asia-enhanced_c201607211230.bitmask,NCEI_NGA.union.nga_lead2.add_2015ntl.mask,timezone.shp,VBD_platforms-recurring_2015_r20170330.shp,999999,VBD_bridges_c20160811.shp,2.701723;0.592520;-1.537733;-6.424739;-11.321091;-16.224911;-21.132078;-19.454973;-16.614069;-11.826628;-7.007390;-2.161976,98.595314;112.244095;125.823792;124.798187;123.864281;123.023224;122.264351;107.621338;93.259468;94.789581;96.172417;97.426979,npp_d20140716_t1803247_e1809051_b14079,154.13,46.0347,10.1985,98.8231,38.6106,85.1497
631,VBD_npp_d20140716_t1804433_x1100664E_y038396S_l0707_s1861_v23,2017-05-23 13:08:46,-3.839559,110.066383,29.3104,2014-07-16 18:04:43,2014-07-17 01:04:43,707,1861,0.417813,8,18913,0.524344,0.227287,0.83465,0.4,0.807205,0.75,0.0436479,0.0001,0.000365135,999999,-6.675782e-02,3,Indonesian Exclusive Economic Zone,WPP712,,SVDNB_npp_d20140716_t1803247_e1809051_b14079_c20140717000905445784_noaa_ops.h5,GDNBO_npp_d20140716_t1803247_e1809051_b14079_c20140717000905445471_noaa_ops.h5,SVI04_npp_d20140716_t1803247_e1809051_b14079_c20140717000905432367_noaa_ops.dspace_rad,VNFF_npp_d20140716_t1803247_e1809051_b14079_v21.csv,World_EEZ_v8_2014.shp,WPP_BFAR_merge.shp,KKP_IDN_merge_20161208.shp,VNF-VBD_npp_20120301-20151231_global_asia-enhanced_c201607211230.bitmask,NCEI_NGA.union.nga_lead2.add_2015ntl.mask,timezone.shp,VBD_platforms-recurring_2015_r20170330.shp,0.231087,VBD_bridges_c20160811.shp,2.701723;0.592520;-1.537733;-6.424739;-11.321091;-16.224911;-21.132078;-19.454973;-16.614069;-11.826628;-7.007390;-2.161976,98.595314;112.244095;125.823792;124.798187;123.864281;123.023224;122.264351;107.621338;93.259468;94.789581;96.172417;97.426979,npp_d20140716_t1803247_e1809051_b14079,154.091,46.0249,10.0271,100.476,38.5821,85.1837
632,VBD_npp_d20140716_t1805242_x1095199E_y062289S_l1073_s1861_v23,2017-05-23 13:08:46,-6.228893,109.519897,14.8253,2014-07-16 18:05:24,2014-07-17 01:05:24,1073,1861,0.425602,1,2529,0.475917,0.254073,0.660552,0.4,0.806903,0.75,0.0431602,0.0001,0.000325279,999999,-2.474752e-01,3,Indonesian Exclusive Economic Zone,WPP712,,SVDNB_npp_d20140716_t1803247_e1809051_b14079_c20140717000905445784_noaa_ops.h5,GDNBO_npp_d20140716_t1803247_e1809051_b14079_c20140717000905445471_noaa_ops.h5,SVI04_npp_d20140716_t1803247_e1809051_b14079_c20140717000905432367_noaa_ops.dspace_rad,VNFF_npp_d20140716_t1803247_e1809051_b14079_v21.csv,World_EEZ_v8_2014.shp,WPP_BFAR_merge.shp,KKP_IDN_merge_20161208.shp,VNF-VBD_npp_20120301-20151231_global_asia-enhanced_c201607211230.bitmask,NCEI_NGA.union.nga_lead2.add_2015ntl.mask,timezone.shp,VBD_platforms-recurring_2015_r20170330.shp,999999,VBD_bridges_c20160811.shp,2.701723;0.592520;-1.537733;-6.424739;-11.321091;-16.224911;-21.132078;-19.454973;-16.614069;-11.826628;-7.007390;-2.161976,98.595314;112.244095;125.823792;124.798187;123.864281;123.023224;122.264351;107.621338;93.259468;94.789581;96.172417;97.426979,npp_d20140716_t1803247_e1809051_b14079,155.977,49.3108,10.0348,101.23,39.231,82.2569
633,VBD_npp_d20140716_t1804451_x1100448E_y039717S_l0727_s1862_v23,2017-05-23 13:08:46,-3.971682,110.044807,7.86938,2014-07-16 18:04:45,2014-07-17 01:04:45,727,1862,0.413614,7,2209,0.207534,0.205921,0.755281,0.4,0.587228,0.75,0.043621,0.0001,0.000364521,999999,7.738733e-02,3,,,,SVDNB_npp_d20140716_t1803247_e1809051_b14079_c20140717000905445784_noaa_ops.h5,GDNBO_npp_d20140716_t1803247_e1809051_b14079_c20140717000905445471_noaa_ops.h5,SVI04_npp_d20140716_t1803247_e1809051_b14079_c20140717000905432367_noaa_ops.dspace_rad,VNFF_npp_d20140716_t1803247_e1809051_b14079_v21.csv,World_EEZ_v8_2014.shp,WPP_BFAR_merge.shp,KKP_IDN_merge_20161208.shp,VNF-VBD_npp_20120301-20151231_global_asia-enhanced_c201607211230.bitmask,NCEI_NGA.union.nga_lead2.add_2015ntl.mask,timezone.shp,VBD_platforms-recurring_2015_r20170330.shp,999999,VBD_bridges_c20160811.shp,2.701723;0.592520;-1.537733;-6.424739;-11.321091;-16.224911;-21.132078;-19.454973;-16.614069;-11.826628;-7.007390;-2.161976,98.595314;112.244095;125.823792;124.798187;123.864281;123.023224;122.264351;107.621338;93.259468;94.789581;96.172417;97.426979,npp_d20140716_t1803247_e1809051_b14079,154.192,46.2021,9.96943,99.1643,38.608,85.0175
634,VBD_npp_d20140716_t1804415_x1100994E_y037638S_l0695_s1863_v23,2017-05-23 13:08:46,-3.763781,110.099449,7.95582,2014-07-16 18:04:41,2014-07-17 01:04:41,695,1863,0.421735,1,2529,0.390517,0.232107,0.849778,0.4,0.765664,0.75,0.0436772,0.0001,0.000373544,999999,-9.928077e-02,3,Indonesian Exclusive Economic Zone,WPP712,,SVDNB_npp_d20140716_t1803247_e1809051_b14079_c20140717000905445784_noaa_ops.h5,GDNBO_npp_d20140716_t1803247_e1809051_b14079_c20140717000905445471_noaa_ops.h5,SVI04_npp_d20140716_t1803247_e1809051_b14079_c20140717000905432367_noaa_ops.dspace_rad,VNFF_npp_d20140716_t1803247_e1809051_b14079_v21.csv,World_EEZ_v8_2014.shp,WPP_BFAR_merge.shp,KKP_IDN_merge_20161208.shp,VNF-VBD_npp_20120301-20151231_global_asia-enhanced_c201607211230.bitmask,NCEI_NGA.union.nga_lead2.add_2015ntl.mask,timezone.shp,VBD_platforms-recurring_2015_r20170330.shp,999999,VBD_bridges_c20160811.shp,2.701723;0.592520;-1.537733;-6.424739;-11.321091;-16.224911;-21.132078;-19.454973;-16.614069;-11.826628;-7.007390;-2.161976,98.595314;112.244095;125.823792;124.798187;123.864281;123.023224;122.264351;107.621338;93.259468;94.789581;96.172417;97.426979,npp_d20140716_t1803247_e1809051_b14079,154.02,45.9477,9.90817,99.1612,38.5496,85.2762
635,VBD_npp_d20140716_t1804451_x1100505E_y039795S_l0728_s1863_v23,2017-05-23 13:08:46,-3.979463,110.050537,51.9771,2014-07-16 18:04:45,2014-07-17 01:04:45,728,1863,0.414885,1,2529,0.781985,0.208173,0.775041,0.4,0.865226,0.75,0.0436245,0.0001,0.000368727,999999,6.219471e-02,3,Indonesian Exclusive Economic Zone,WPP712,,SVDNB_npp_d20140716_t1803247_e1809051_b14079_c20140717000905445784_noaa_ops.h5,GDNBO_npp_d20140716_t1803247_e1809051_b14079_c20140717000905445471_noaa_ops.h5,SVI04_npp_d20140716_t1803247_e1809051_b14079_c20140717000905432367_noaa_ops.dspace_rad,VNFF_npp_d20140716_t1803247_e1809051_b14079_v21.csv,World_EEZ_v8_2014.shp,WPP_BFAR_merge.shp,KKP_IDN_merge_20161208.shp,VNF-VBD_npp_20120301-20151231_global_asia-enhanced_c201607211230.bitmask,NCEI_NGA.union.nga_lead2.add_2015ntl.mask,timezone.shp,VBD_platforms-recurring_2015_r20170330.shp,999999,VBD_bridges_c20160811.shp,2.701723;0.592520;-1.537733;-6.424739;-11.321091;-16.224911;-21.132078;-19.454973;-16.614069;-11.826628;-7.007390;-2.161976,98.595314;112.244095;125.823792;124.798187;123.864281;123.023224;122.264351;107.621338;93.259468;94.789581;96.172417;97.426979,npp_d20140716_t1803247_e1809051_b14079,154.194,46.2215,9.91141,98.8303,38.603,85.0066
636,VBD_npp_d20140716_t1804415_x1101141E_y037593S_l0694_s1865_v23,2017-05-23 13:08:46,-3.759261,110.114090,13.0646,2014-07-16 18:04:41,2014-07-17 01:04:41,694,1865,0.421514,8,18913,0.563242,0.234047,0.860682,0.4,0.907477,0.75,0.043689,0.0001,0.000385178,999999,-1.123647e-01,3,Indonesian Exclusive Economic Zone,WPP712,,SVDNB_npp_d20140716_t1803247_e1809051_b14079_c20140717000905445784_noaa_ops.h5,GDNBO_npp_d20140716_t1803247_e1809051_b14079_c20140717000905445471_noaa_ops.h5,SVI04_npp_d20140716_t1803247_e1809051_b14079_c20140717000905432367_noaa_ops.dspace_rad,VNFF_npp_d20140716_t1803247_e1809051_b14079_v21.csv,World_EEZ_v8_2014.shp,WPP_BFAR_merge.shp,KKP_IDN_merge_20161208.shp,VNF-VBD_npp_20120301-20151231_global_asia-enhanced_c201607211230.bitmask,NCEI_NGA.union.nga_lead2.add_2015ntl.mask,timezone.shp,VBD_platforms-recurring_2015_r20170330.shp,0.2043,VBD_bridges_c20160811.shp,2.701723;0.592520;-1.537733;-6.424739;-11.321091;-16.224911;-21.132078;-19.454973;-16.614069;-11.826628;-7.007390;-2.161976,98.595314;112.244095;125.823792;124.798187;123.864281;123.023224;122.264351;107.621338;93.259468;94.789581;96.172417;97.426979,npp_d20140716_t1803247_e1809051_b14079,154.006,45.9609,9.79224,99.5022,38.5344,85.2795
637,VBD_npp_d20140716_t1804469_x1100529E_y040952S_l0745_s1867_v23,2017-05-23 13:08:46,-4.095194,110.052864,13.3685,2014-07-16 18:04:46,2014-07-17 01:04:46,745,1867,0.423392,1,2529,0.591675,0.225455,0.837215,0.4,0.8989,0.75,0.0436178,0.0001,0.000387069,999999,-5.440127e-02,3,Indonesian Exclusive Economic Zone,WPP712,,SVDNB_npp_d20140716_t1803247_e1809051_b14079_c20140717000905445784_noaa_ops.h5,GDNBO_npp_d20140716_t1803247_e1809051_b14079_c20140717000905445471_noaa_ops.h5,SVI04_npp_d20140716_t1803247_e1809051_b14079_c20140717000905432367_noaa_ops.dspace_rad,VNFF_npp_d20140716_t1803247_e1809051_b14079_v21.csv,World_EEZ_v8_2014.shp,WPP_BFAR_merge.shp,KKP_IDN_merge_20161208.shp,VNF-VBD_npp_20120301-20151231_global_asia-enhanced_c201607211230.bitmask,NCEI_NGA.union.nga_lead2.add_2015ntl.mask,timezone.shp,VBD_platforms-recurring_2015_r20170330.shp,999999,VBD_bridges_c20160811.shp,2.701723;0.592520;-1.537733;-6.424739;-11.321091;-16.224911;-21.132078;-19.454973;-16.614069;-11.826628;-7.007390;-2.161976,98.595314;112.244095;125.823792;124.798187;123.864281;123.023224;122.264351;107.621338;93.259468;94.789581;96.172417;97.426979,npp_d20140716_t1803247_e1809051_b14079,154.267,46.4081,9.6794,98.4763,38.6038,84.857
638,VBD_npp_d20140716_t1804433_x1101118E_y038606S_l0709_s1868_v23,2017-05-23 13:08:46,-3.860568,110.111778,35.3564,2014-07-16 18:04:43,2014-07-17 01:04:43,709,1868,0.394002,1,2529,0.860726,0.245837,0.84439,0.4,0.944901,0.75,0.0436804,0.0001,0.00040081,999999,-1.919124e-01,3,Indonesian Exclusive Economic Zone,WPP712,,SVDNB_npp_d20140716_t1803247_e1809051_b14079_c20140717000905445784_noaa_ops.h5,GDNBO_npp_d20140716_t1803247_e1809051_b14079_c20140717000905445471_noaa_ops.h5,SVI04_npp_d20140716_t1803247_e1809051_b14079_c20140717000905432367_noaa_ops.dspace_rad,VNFF_npp_d20140716_t1803247_e1809051_b14079_v21.csv,World_EEZ_v8_2014.shp,WPP_BFAR_merge.shp,KKP_IDN_merge_20161208.shp,VNF-VBD_npp_20120301-20151231_global_asia-enhanced_c201607211230.bitmask,NCEI_NGA.union.nga_lead2.add_2015ntl.mask,timezone.shp,VBD_platforms-recurring_2015_r20170330.shp,999999,VBD_bridges_c20160811.shp,2.701723;0.592520;-1.537733;-6.424739;-11.321091;-16.224911;-21.132078;-19.454973;-16.614069;-11.826628;-7.007390;-2.161976,98.595314;112.244095;125.823792;124.798187;123.864281;123.023224;122.264351;107.621338;93.259468;94.789581;96.172417;97.426979,npp_d20140716_t1803247_e1809051_b14079,154.073,46.1176,9.61828,99.8476,38.5381,85.1489
639,VBD_npp_d20140716_t1804433_x1101011E_y039275S_l0719_s1868_v23,2017-05-23 13:08:46,-3.927457,110.101135,60.653,2014-07-16 18:04:43,2014-07-17 01:04:43,719,1868,0.422177,1,2529,1.13234,0.215935,0.863315,0.4,0.9706,0.75,0.0436645,0.0001,0.000390281,999999,9.828798e-03,3,Indonesian Exclusive Economic Zone,WPP712,,SVDNB_npp_d20140716_t1803247_e1809051_b14079_c20140717000905445784_noaa_ops.h5,GDNBO_npp_d20140716_t1803247_e1809051_b14079_c20140717000905445471_noaa_ops.h5,SVI04_npp_d20140716_t1803247_e1809051_b14079_c20140717000905432367_noaa_ops.dspace_rad,VNFF_npp_d20140716_t1803247_e1809051_b14079_v21.csv,World_EEZ_v8_2014.shp,WPP_BFAR_merge.shp,KKP_IDN_merge_20161208.shp,VNF-VBD_npp_20120301-20151231_global_asia-enhanced_c201607211230.bitmask,NCEI_NGA.union.nga_lead2.add_2015ntl.mask,timezone.shp,VBD_platforms-recurring_2015_r20170330.shp,999999,VBD_bridges_c20160811.shp,2.701723;0.592520;-1.537733;-6.424739;-11.321091;-16.224911;-21.132078;-19.454973;-16.614069;-11.826628;-7.007390;-2.161976,98.595314;112.244095;125.823792;124.798187;123.864281;123.023224;122.264351;107.621338;93.259468;94.789581;96.172417;97.426979,npp_d20140716_t1803247_e1809051_b14079,154.127,46.2026,9.62778,96.3978,38.5546,85.0653
640,VBD_npp_d20140716_t1804469_x1100885E_y040460S_l0737_s1871_v23,2017-05-23 13:08:46,-4.046039,110.088509,9.68688,2014-07-16 18:04:46,2014-07-17 01:04:46,737,1871,0.42168,1,2529,0.467868,0.235046,0.84609,0.4,0.752562,0.75,0.043651,0.0001,0.000417866,999999,-1.191074e-01,3,Indonesian Exclusive Economic Zone,WPP712,,SVDNB_npp_d20140716_t1803247_e1809051_b14079_c20140717000905445784_noaa_ops.h5,GDNBO_npp_d20140716_t1803247_e1809051_b14079_c20140717000905445471_noaa_ops.h5,SVI04_npp_d20140716_t1803247_e1809051_b14079_c20140717000905432367_noaa_ops.dspace_rad,VNFF_npp_d20140716_t1803247_e1809051_b14079_v21.csv,World_EEZ_v8_2014.shp,WPP_BFAR_merge.shp,KKP_IDN_merge_20161208.shp,VNF-VBD_npp_20120301-20151231_global_asia-enhanced_c201607211230.bitmask,NCEI_NGA.union.nga_lead2.add_2015ntl.mask,timezone.shp,VBD_platforms-recurring_2015_r20170330.shp,999999,VBD_bridges_c20160811.shp,2.701723;0.592520;-1.537733;-6.424739;-11.321091;-16.224911;-21.132078;-19.454973;-16.614069;-11.826628;-7.007390;-2.161976,98.595314;112.244095;125.823792;124.798187;123.864281;123.023224;122.264351;107.621338;93.259468;94.789581;96.172417;97.426979,npp_d20140716_t1803247_e1809051_b14079,154.207,46.3826,9.45338,101.274,38.5634,84.9132
641,VBD_npp_d20140716_t1804433_x1101361E_y039262S_l0718_s1873_v23,2017-05-23 13:08:46,-3.926152,110.136093,30.5388,2014-07-16 18:04:43,2014-07-17 01:04:43,718,1873,0.393229,7,2465,0.535113,0.258918,0.849041,0.4,0.718278,0.75,0.0436916,0.0001,0.000419479,999999,-2.801607e-01,3,,,,SVDNB_npp_d20140716_t1803247_e1809051_b14079_c20140717000905445784_noaa_ops.h5,GDNBO_npp_d20140716_t1803247_e1809051_b14079_c20140717000905445471_noaa_ops.h5,SVI04_npp_d20140716_t1803247_e1809051_b14079_c20140717000905432367_noaa_ops.dspace_rad,VNFF_npp_d20140716_t1803247_e1809051_b14079_v21.csv,World_EEZ_v8_2014.shp,WPP_BFAR_merge.shp,KKP_IDN_merge_20161208.shp,VNF-VBD_npp_20120301-20151231_global_asia-enhanced_c201607211230.bitmask,NCEI_NGA.union.nga_lead2.add_2015ntl.mask,timezone.shp,VBD_platforms-recurring_2015_r20170330.shp,999999,VBD_bridges_c20160811.shp,2.701723;0.592520;-1.537733;-6.424739;-11.321091;-16.224911;-21.132078;-19.454973;-16.614069;-11.826628;-7.007390;-2.161976,98.595314;112.244095;125.823792;124.798187;123.864281;123.023224;122.264351;107.621338;93.259468;94.789581;96.172417;97.426979,npp_d20140716_t1803247_e1809051_b14079,154.1,46.248,9.33506,96.6733,38.5193,85.0607
642,VBD_npp_d20140716_t1804593_x1099319E_y048063S_l0853_s1873_v23,2017-05-23 13:08:46,-4.806297,109.931892,29.8119,2014-07-16 18:04:59,2014-07-17 01:04:59,853,1873,0.427701,1,2529,0.928882,0.216521,0.887111,0.4,0.952955,0.75,0.0434713,0.0001,0.000411134,999999,5.876230e-03,3,Indonesian Exclusive Economic Zone,WPP712,,SVDNB_npp_d20140716_t1803247_e1809051_b14079_c20140717000905445784_noaa_ops.h5,GDNBO_npp_d20140716_t1803247_e1809051_b14079_c20140717000905445471_noaa_ops.h5,SVI04_npp_d20140716_t1803247_e1809051_b14079_c20140717000905432367_noaa_ops.dspace_rad,VNFF_npp_d20140716_t1803247_e1809051_b14079_v21.csv,World_EEZ_v8_2014.shp,WPP_BFAR_merge.shp,KKP_IDN_merge_20161208.shp,VNF-VBD_npp_20120301-20151231_global_asia-enhanced_c201607211230.bitmask,NCEI_NGA.union.nga_lead2.add_2015ntl.mask,timezone.shp,VBD_platforms-recurring_2015_r20170330.shp,999999,VBD_bridges_c20160811.shp,2.701723;0.592520;-1.537733;-6.424739;-11.321091;-16.224911;-21.132078;-19.454973;-16.614069;-11.826628;-7.007390;-2.161976,98.595314;112.244095;125.823792;124.798187;123.864281;123.023224;122.264351;107.621338;93.259468;94.789581;96.172417;97.426979,npp_d20140716_t1803247_e1809051_b14079,154.803,47.4051,9.32764,99.9123,38.7454,83.9663
643,VBD_npp_d20140716_t1804433_x1101418E_y039339S_l0719_s1874_v23,2017-05-23 13:08:46,-3.933910,110.141800,35.3651,2014-07-16 18:04:43,2014-07-17 01:04:43,719,1874,0.378534,1,2529,0.593439,0.251954,0.847923,0.4,0.815955,0.75,0.0436951,0.0001,0.000424133,999999,-2.331783e-01,3,Indonesian Exclusive Economic Zone,WPP712,,SVDNB_npp_d20140716_t1803247_e1809051_b14079_c20140717000905445784_noaa_ops.h5,GDNBO_npp_d20140716_t1803247_e1809051_b14079_c20140717000905445471_noaa_ops.h5,SVI04_npp_d20140716_t1803247_e1809051_b14079_c20140717000905432367_noaa_ops.dspace_rad,VNFF_npp_d20140716_t1803247_e1809051_b14079_v21.csv,World_EEZ_v8_2014.shp,WPP_BFAR_merge.shp,KKP_IDN_merge_20161208.shp,VNF-VBD_npp_20120301-20151231_global_asia-enhanced_c201607211230.bitmask,NCEI_NGA.union.nga_lead2.add_2015ntl.mask,timezone.shp,VBD_platforms-recurring_2015_r20170330.shp,999999,VBD_bridges_c20160811.shp,2.701723;0.592520;-1.537733;-6.424739;-11.321091;-16.224911;-21.132078;-19.454973;-16.614069;-11.826628;-7.007390;-2.161976,98.595314;112.244095;125.823792;124.798187;123.864281;123.023224;122.264351;107.621338;93.259468;94.789581;96.172417;97.426979,npp_d20140716_t1803247_e1809051_b14079,154.102,46.2672,9.27963,96.3012,38.5142,85.0498
644,VBD_npp_d20140716_t1804540_x1100137E_y044673S_l0801_s1874_v23,2017-05-23 13:08:46,-4.467261,110.013741,10.0905,2014-07-16 18:04:54,2014-07-17 01:04:54,801,1874,0.429193,1,2529,0.516791,0.206799,0.817793,0.4,0.897963,0.75,0.0435636,0.0001,0.000427266,999999,7.146648e-02,3,Indonesian Exclusive Economic Zone,WPP712,,SVDNB_npp_d20140716_t1803247_e1809051_b14079_c20140717000905445784_noaa_ops.h5,GDNBO_npp_d20140716_t1803247_e1809051_b14079_c20140717000905445471_noaa_ops.h5,SVI04_npp_d20140716_t1803247_e1809051_b14079_c20140717000905432367_noaa_ops.dspace_rad,VNFF_npp_d20140716_t1803247_e1809051_b14079_v21.csv,World_EEZ_v8_2014.shp,WPP_BFAR_merge.shp,KKP_IDN_merge_20161208.shp,VNF-VBD_npp_20120301-20151231_global_asia-enhanced_c201607211230.bitmask,NCEI_NGA.union.nga_lead2.add_2015ntl.mask,timezone.shp,VBD_platforms-recurring_2015_r20170330.shp,999999,VBD_bridges_c20160811.shp,2.701723;0.592520;-1.537733;-6.424739;-11.321091;-16.224911;-21.132078;-19.454973;-16.614069;-11.826628;-7.007390;-2.161976,98.595314;112.244095;125.823792;124.798187;123.864281;123.023224;122.264351;107.621338;93.259468;94.789581;96.172417;97.426979,npp_d20140716_t1803247_e1809051_b14079,154.529,46.9602,9.28008,101.33,38.6497,84.3845
645,VBD_npp_d20140716_t1804469_x1101114E_y040771S_l0741_s1875_v23,2017-05-23 13:08:46,-4.077124,110.111351,16.4392,2014-07-16 18:04:46,2014-07-17 01:04:46,741,1875,0.423337,1,2529,0.65979,0.230985,0.856756,0.4,0.907932,0.75,0.0436651,0.0001,0.000437085,999999,-9.171300e-02,3,Indonesian Exclusive Economic Zone,WPP712,,SVDNB_npp_d20140716_t1803247_e1809051_b14079_c20140717000905445784_noaa_ops.h5,GDNBO_npp_d20140716_t1803247_e1809051_b14079_c20140717000905445471_noaa_ops.h5,SVI04_npp_d20140716_t1803247_e1809051_b14079_c20140717000905432367_noaa_ops.dspace_rad,VNFF_npp_d20140716_t1803247_e1809051_b14079_v21.csv,World_EEZ_v8_2014.shp,WPP_BFAR_merge.shp,KKP_IDN_merge_20161208.shp,VNF-VBD_npp_20120301-20151231_global_asia-enhanced_c201607211230.bitmask,NCEI_NGA.union.nga_lead2.add_2015ntl.mask,timezone.shp,VBD_platforms-recurring_2015_r20170330.shp,999999,VBD_bridges_c20160811.shp,2.701723;0.592520;-1.537733;-6.424739;-11.321091;-16.224911;-21.132078;-19.454973;-16.614069;-11.826628;-7.007390;-2.161976,98.595314;112.244095;125.823792;124.798187;123.864281;123.023224;122.264351;107.621338;93.259468;94.789581;96.172417;97.426979,npp_d20140716_t1803247_e1809051_b14079,154.212,46.4601,9.21511,99.8899,38.5432,84.8692
646,VBD_npp_d20140716_t1805296_x1095339E_y066181S_l1130_s1875_v23,2017-05-23 13:08:46,-6.618069,109.533905,14.1187,2014-07-16 18:05:29,2014-07-17 01:05:29,1130,1875,0.433005,1,2529,0.625217,0.229289,0.753478,0.4,0.92029,0.75,0.0431555,0.0001,0.000378236,999999,-8.026515e-02,3,Indonesian Exclusive Economic Zone,WPP712,,SVDNB_npp_d20140716_t1803247_e1809051_b14079_c20140717000905445784_noaa_ops.h5,GDNBO_npp_d20140716_t1803247_e1809051_b14079_c20140717000905445471_noaa_ops.h5,SVI04_npp_d20140716_t1803247_e1809051_b14079_c20140717000905432367_noaa_ops.dspace_rad,VNFF_npp_d20140716_t1803247_e1809051_b14079_v21.csv,World_EEZ_v8_2014.shp,WPP_BFAR_merge.shp,KKP_IDN_merge_20161208.shp,VNF-VBD_npp_20120301-20151231_global_asia-enhanced_c201607211230.bitmask,NCEI_NGA.union.nga_lead2.add_2015ntl.mask,timezone.shp,VBD_platforms-recurring_2015_r20170330.shp,999999,VBD_bridges_c20160811.shp,2.701723;0.592520;-1.537733;-6.424739;-11.321091;-16.224911;-21.132078;-19.454973;-16.614069;-11.826628;-7.007390;-2.161976,98.595314;112.244095;125.823792;124.798187;123.864281;123.023224;122.264351;107.621338;93.259468;94.789581;96.172417;97.426979,npp_d20140716_t1803247_e1809051_b14079,156.202,50.0286,9.21404,98.1748,39.2504,81.7638
647,VBD_npp_d20140716_t1804433_x1101585E_y039160S_l0716_s1876_v23,2017-05-23 13:08:46,-3.916015,110.158524,13.0343,2014-07-16 18:04:43,2014-07-17 01:04:43,716,1876,0.399306,1,2529,0.38329,0.216079,0.83186,0.4,0.768147,0.75,0.0437101,0.0001,0.000439539,999999,8.852724e-03,3,Indonesian Exclusive Economic Zone,WPP712,,SVDNB_npp_d20140716_t1803247_e1809051_b14079_c20140717000905445784_noaa_ops.h5,GDNBO_npp_d20140716_t1803247_e1809051_b14079_c20140717000905445471_noaa_ops.h5,SVI04_npp_d20140716_t1803247_e1809051_b14079_c20140717000905432367_noaa_ops.dspace_rad,VNFF_npp_d20140716_t1803247_e1809051_b14079_v21.csv,World_EEZ_v8_2014.shp,WPP_BFAR_merge.shp,KKP_IDN_merge_20161208.shp,VNF-VBD_npp_20120301-20151231_global_asia-enhanced_c201607211230.bitmask,NCEI_NGA.union.nga_lead2.add_2015ntl.mask,timezone.shp,VBD_platforms-recurring_2015_r20170330.shp,999999,VBD_bridges_c20160811.shp,2.701723;0.592520;-1.537733;-6.424739;-11.321091;-16.224911;-21.132078;-19.454973;-16.614069;-11.826628;-7.007390;-2.161976,98.595314;112.244095;125.823792;124.798187;123.864281;123.023224;122.264351;107.621338;93.259468;94.789581;96.172417;97.426979,npp_d20140716_t1803247_e1809051_b14079,154.077,46.2632,9.15683,97.3541,38.4958,85.0697
648,VBD_npp_d20140716_t1804451_x1101334E_y040270S_l0733_s1876_v23,2017-05-23 13:08:46,-4.026952,110.133362,5.83892,2014-07-16 18:04:45,2014-07-17 01:04:45,733,1876,0.422619,1,2529,0.331162,0.213685,0.809771,0.4,0.818943,0.75,0.043683,0.0001,0.000435889,999999,2.500777e-02,3,Indonesian Exclusive Economic Zone,WPP712,,SVDNB_npp_d20140716_t1803247_e1809051_b14079_c20140717000905445784_noaa_ops.h5,GDNBO_npp_d20140716_t1803247_e1809051_b14079_c20140717000905445471_noaa_ops.h5,SVI04_npp_d20140716_t1803247_e1809051_b14079_c20140717000905432367_noaa_ops.dspace_rad,VNFF_npp_d20140716_t1803247_e1809051_b14079_v21.csv,World_EEZ_v8_2014.shp,WPP_BFAR_merge.shp,KKP_IDN_merge_20161208.shp,VNF-VBD_npp_20120301-20151231_global_asia-enhanced_c201607211230.bitmask,NCEI_NGA.union.nga_lead2.add_2015ntl.mask,timezone.shp,VBD_platforms-recurring_2015_r20170330.shp,999999,VBD_bridges_c20160811.shp,2.701723;0.592520;-1.537733;-6.424739;-11.321091;-16.224911;-21.132078;-19.454973;-16.614069;-11.826628;-7.007390;-2.161976,98.595314;112.244095;125.823792;124.798187;123.864281;123.023224;122.264351;107.621338;93.259468;94.789581;96.172417;97.426979,npp_d20140716_t1803247_e1809051_b14079,154.167,46.4047,9.1621,97.0056,38.5237,84.9308
649,VBD_npp_d20140716_t1804451_x1101302E_y040470S_l0736_s1876_v23,2017-05-23 13:08:46,-4.046997,110.130173,13.0163,2014-07-16 18:04:45,2014-07-17 01:04:45,736,1876,0.423724,1,2529,0.530149,0.212461,0.849356,0.4,0.893642,0.75,0.0436782,0.0001,0.000432273,999999,3.326218e-02,3,Indonesian Exclusive Economic Zone,WPP712,,SVDNB_npp_d20140716_t1803247_e1809051_b14079_c20140717000905445784_noaa_ops.h5,GDNBO_npp_d20140716_t1803247_e1809051_b14079_c20140717000905445471_noaa_ops.h5,SVI04_npp_d20140716_t1803247_e1809051_b14079_c20140717000905432367_noaa_ops.dspace_rad,VNFF_npp_d20140716_t1803247_e1809051_b14079_v21.csv,World_EEZ_v8_2014.shp,WPP_BFAR_merge.shp,KKP_IDN_merge_20161208.shp,VNF-VBD_npp_20120301-20151231_global_asia-enhanced_c201607211230.bitmask,NCEI_NGA.union.nga_lead2.add_2015ntl.mask,timezone.shp,VBD_platforms-recurring_2015_r20170330.shp,999999,VBD_bridges_c20160811.shp,2.701723;0.592520;-1.537733;-6.424739;-11.321091;-16.224911;-21.132078;-19.454973;-16.614069;-11.826628;-7.007390;-2.161976,98.595314;112.244095;125.823792;124.798187;123.864281;123.023224;122.264351;107.621338;93.259468;94.789581;96.172417;97.426979,npp_d20140716_t1803247_e1809051_b14079,154.183,46.4304,9.16992,95.9195,38.5287,84.9058
650,VBD_npp_d20140716_t1804469_x1101291E_y040526S_l0737_s1877_v23,2017-05-23 13:08:46,-4.052571,110.129135,8.07646,2014-07-16 18:04:46,2014-07-17 01:04:46,737,1877,0.424387,1,2529,0.403435,0.222055,0.849356,0.4,0.837362,0.75,0.0436817,0.0001,0.000453864,999999,-3.145928e-02,3,Indonesian Exclusive Economic Zone,WPP712,,SVDNB_npp_d20140716_t1803247_e1809051_b14079_c20140717000905445784_noaa_ops.h5,GDNBO_npp_d20140716_t1803247_e1809051_b14079_c20140717000905445471_noaa_ops.h5,SVI04_npp_d20140716_t1803247_e1809051_b14079_c20140717000905432367_noaa_ops.dspace_rad,VNFF_npp_d20140716_t1803247_e1809051_b14079_v21.csv,World_EEZ_v8_2014.shp,WPP_BFAR_merge.shp,KKP_IDN_merge_20161208.shp,VNF-VBD_npp_20120301-20151231_global_asia-enhanced_c201607211230.bitmask,NCEI_NGA.union.nga_lead2.add_2015ntl.mask,timezone.shp,VBD_platforms-recurring_2015_r20170330.shp,999999,VBD_bridges_c20160811.shp,2.701723;0.592520;-1.537733;-6.424739;-11.321091;-16.224911;-21.132078;-19.454973;-16.614069;-11.826628;-7.007390;-2.161976,98.595314;112.244095;125.823792;124.798187;123.864281;123.023224;122.264351;107.621338;93.259468;94.789581;96.172417;97.426979,npp_d20140716_t1803247_e1809051_b14079,154.182,46.4473,9.10522,101.36,38.5231,84.8973
651,VBD_npp_d20140716_t1805296_x1095564E_y066080S_l1128_s1878_v23,2017-05-23 13:08:46,-6.607974,109.556450,6.52173,2014-07-16 18:05:29,2014-07-17 01:05:29,1128,1878,0.420133,1,2529,0.364957,0.229998,0.753478,0.4,0.824237,0.75,0.0431745,0.0001,0.000396919,999999,-8.505195e-02,3,Indonesian Exclusive Economic Zone,WPP712,,SVDNB_npp_d20140716_t1803247_e1809051_b14079_c20140717000905445784_noaa_ops.h5,GDNBO_npp_d20140716_t1803247_e1809051_b14079_c20140717000905445471_noaa_ops.h5,SVI04_npp_d20140716_t1803247_e1809051_b14079_c20140717000905432367_noaa_ops.dspace_rad,VNFF_npp_d20140716_t1803247_e1809051_b14079_v21.csv,World_EEZ_v8_2014.shp,WPP_BFAR_merge.shp,KKP_IDN_merge_20161208.shp,VNF-VBD_npp_20120301-20151231_global_asia-enhanced_c201607211230.bitmask,NCEI_NGA.union.nga_lead2.add_2015ntl.mask,timezone.shp,VBD_platforms-recurring_2015_r20170330.shp,999999,VBD_bridges_c20160811.shp,2.701723;0.592520;-1.537733;-6.424739;-11.321091;-16.224911;-21.132078;-19.454973;-16.614069;-11.826628;-7.007390;-2.161976,98.595314;112.244095;125.823792;124.798187;123.864281;123.023224;122.264351;107.621338;93.259468;94.789581;96.172417;97.426979,npp_d20140716_t1803247_e1809051_b14079,156.178,50.041,9.03859,98.8902,39.2265,81.7697
652,VBD_npp_d20140716_t1804433_x1101756E_y039393S_l0719_s1879_v23,2017-05-23 13:08:46,-3.939278,110.175636,40.9329,2014-07-16 18:04:43,2014-07-17 01:04:43,719,1879,0.406543,2,2465,0.780568,0.206215,0.81074,0.4,0.647815,0.75,0.0437206,0.0001,0.000454214,999999,7.540670e-02,3,Indonesian Exclusive Economic Zone,WPP712,,SVDNB_npp_d20140716_t1803247_e1809051_b14079_c20140717000905445784_noaa_ops.h5,GDNBO_npp_d20140716_t1803247_e1809051_b14079_c20140717000905445471_noaa_ops.h5,SVI04_npp_d20140716_t1803247_e1809051_b14079_c20140717000905432367_noaa_ops.dspace_rad,VNFF_npp_d20140716_t1803247_e1809051_b14079_v21.csv,World_EEZ_v8_2014.shp,WPP_BFAR_merge.shp,KKP_IDN_merge_20161208.shp,VNF-VBD_npp_20120301-20151231_global_asia-enhanced_c201607211230.bitmask,NCEI_NGA.union.nga_lead2.add_2015ntl.mask,timezone.shp,VBD_platforms-recurring_2015_r20170330.shp,999999,VBD_bridges_c20160811.shp,2.701723;0.592520;-1.537733;-6.424739;-11.321091;-16.224911;-21.132078;-19.454973;-16.614069;-11.826628;-7.007390;-2.161976,98.595314;112.244095;125.823792;124.798187;123.864281;123.023224;122.264351;107.621338;93.259468;94.789581;96.172417;97.426979,npp_d20140716_t1803247_e1809051_b14079,154.081,46.3209,8.98957,96.2152,38.4806,85.0368
653,VBD_npp_d20140716_t1804522_x1100570E_y044616S_l0799_s1879_v23,2017-05-23 13:08:46,-4.461599,110.057030,18.4926,2014-07-16 18:04:52,2014-07-17 01:04:52,799,1879,0.427922,8,18913,0.684722,0.22295,0.845241,0.4,0.902565,0.75,0.0435925,0.0001,0.000443035,999999,-3.749958e-02,3,Indonesian Exclusive Economic Zone,WPP712,,SVDNB_npp_d20140716_t1803247_e1809051_b14079_c20140717000905445784_noaa_ops.h5,GDNBO_npp_d20140716_t1803247_e1809051_b14079_c20140717000905445471_noaa_ops.h5,SVI04_npp_d20140716_t1803247_e1809051_b14079_c20140717000905432367_noaa_ops.dspace_rad,VNFF_npp_d20140716_t1803247_e1809051_b14079_v21.csv,World_EEZ_v8_2014.shp,WPP_BFAR_merge.shp,KKP_IDN_merge_20161208.shp,VNF-VBD_npp_20120301-20151231_global_asia-enhanced_c201607211230.bitmask,NCEI_NGA.union.nga_lead2.add_2015ntl.mask,timezone.shp,VBD_platforms-recurring_2015_r20170330.shp,0.332815,VBD_bridges_c20160811.shp,2.701723;0.592520;-1.537733;-6.424739;-11.321091;-16.224911;-21.132078;-19.454973;-16.614069;-11.826628;-7.007390;-2.161976,98.595314;112.244095;125.823792;124.798187;123.864281;123.023224;122.264351;107.621338;93.259468;94.789581;96.172417;97.426979,npp_d20140716_t1803247_e1809051_b14079,154.499,47,8.98884,96.2419,38.6128,84.3845
654,VBD_npp_d20140716_t1805171_x1097587E_y058752S_l1015_s1883_v23,2017-05-23 13:08:46,-5.875243,109.758743,8.32363,2014-07-16 18:05:17,2014-07-17 01:05:17,1015,1883,0.422564,1,2529,0.486566,0.254634,0.825076,0.4,0.914893,0.75,0.0432795,0.0001,0.000444023,999999,-2.512604e-01,3,Indonesian Exclusive Economic Zone,WPP712,,SVDNB_npp_d20140716_t1803247_e1809051_b14079_c20140717000905445784_noaa_ops.h5,GDNBO_npp_d20140716_t1803247_e1809051_b14079_c20140717000905445471_noaa_ops.h5,SVI04_npp_d20140716_t1803247_e1809051_b14079_c20140717000905432367_noaa_ops.dspace_rad,VNFF_npp_d20140716_t1803247_e1809051_b14079_v21.csv,World_EEZ_v8_2014.shp,WPP_BFAR_merge.shp,KKP_IDN_merge_20161208.shp,VNF-VBD_npp_20120301-20151231_global_asia-enhanced_c201607211230.bitmask,NCEI_NGA.union.nga_lead2.add_2015ntl.mask,timezone.shp,VBD_platforms-recurring_2015_r20170330.shp,999999,VBD_bridges_c20160811.shp,2.701723;0.592520;-1.537733;-6.424739;-11.321091;-16.224911;-21.132078;-19.454973;-16.614069;-11.826628;-7.007390;-2.161976,98.595314;112.244095;125.823792;124.798187;123.864281;123.023224;122.264351;107.621338;93.259468;94.789581;96.172417;97.426979,npp_d20140716_t1803247_e1809051_b14079,155.589,48.9965,8.74969,99.2476,38.9737,82.6419
655,VBD_npp_d20140716_t1804451_x1102002E_y039555S_l0721_s1884_v23,2017-05-23 13:08:46,-3.955464,110.200188,5.57574,2014-07-16 18:04:45,2014-07-17 01:04:45,721,1884,0.412233,1,2529,0.309019,0.295612,0.772198,0.4,0.801203,0.75,0.043743,0.0001,0.000501461,999999,-5.277244e-01,3,Indonesian Exclusive Economic Zone,WPP712,,SVDNB_npp_d20140716_t1803247_e1809051_b14079_c20140717000905445784_noaa_ops.h5,GDNBO_npp_d20140716_t1803247_e1809051_b14079_c20140717000905445471_noaa_ops.h5,SVI04_npp_d20140716_t1803247_e1809051_b14079_c20140717000905432367_noaa_ops.dspace_rad,VNFF_npp_d20140716_t1803247_e1809051_b14079_v21.csv,World_EEZ_v8_2014.shp,WPP_BFAR_merge.shp,KKP_IDN_merge_20161208.shp,VNF-VBD_npp_20120301-20151231_global_asia-enhanced_c201607211230.bitmask,NCEI_NGA.union.nga_lead2.add_2015ntl.mask,timezone.shp,VBD_platforms-recurring_2015_r20170330.shp,999999,VBD_bridges_c20160811.shp,2.701723;0.592520;-1.537733;-6.424739;-11.321091;-16.224911;-21.132078;-19.454973;-16.614069;-11.826628;-7.007390;-2.161976,98.595314;112.244095;125.823792;124.798187;123.864281;123.023224;122.264351;107.621338;93.259468;94.789581;96.172417;97.426979,npp_d20140716_t1803247_e1809051_b14079,154.069,46.3881,8.69934,101.478,38.45,85.0102
656,VBD_npp_d20140716_t1804469_x1102038E_y041056S_l0743_s1889_v23,2017-05-23 13:08:46,-4.105607,110.203804,11.2377,2014-07-16 18:04:46,2014-07-17 01:04:46,743,1889,0.425381,1,2529,0.535424,0.234402,0.819246,0.4,0.888433,0.75,0.0437329,0.0001,0.000525617,999999,-1.147608e-01,3,Indonesian Exclusive Economic Zone,WPP712,,SVDNB_npp_d20140716_t1803247_e1809051_b14079_c20140717000905445784_noaa_ops.h5,GDNBO_npp_d20140716_t1803247_e1809051_b14079_c20140717000905445471_noaa_ops.h5,SVI04_npp_d20140716_t1803247_e1809051_b14079_c20140717000905432367_noaa_ops.dspace_rad,VNFF_npp_d20140716_t1803247_e1809051_b14079_v21.csv,World_EEZ_v8_2014.shp,WPP_BFAR_merge.shp,KKP_IDN_merge_20161208.shp,VNF-VBD_npp_20120301-20151231_global_asia-enhanced_c201607211230.bitmask,NCEI_NGA.union.nga_lead2.add_2015ntl.mask,timezone.shp,VBD_platforms-recurring_2015_r20170330.shp,999999,VBD_bridges_c20160811.shp,2.701723;0.592520;-1.537733;-6.424739;-11.321091;-16.224911;-21.132078;-19.454973;-16.614069;-11.826628;-7.007390;-2.161976,98.595314;112.244095;125.823792;124.798187;123.864281;123.023224;122.264351;107.621338;93.259468;94.789581;96.172417;97.426979,npp_d20140716_t1803247_e1809051_b14079,154.164,46.6274,8.40136,99.1867,38.4527,84.8155
657,VBD_npp_d20140716_t1804558_x1100893E_y046901S_l0832_s1891_v23,2017-05-23 13:08:46,-4.690119,110.089256,21.406,2014-07-16 18:04:55,2014-07-17 01:04:55,832,1891,0.419359,1,2529,0.770953,0.267876,0.859165,0.4,0.950259,0.75,0.0435978,0.0001,0.000513768,999999,-3.406020e-01,3,Indonesian Exclusive Economic Zone,WPP712,,SVDNB_npp_d20140716_t1803247_e1809051_b14079_c20140717000905445784_noaa_ops.h5,GDNBO_npp_d20140716_t1803247_e1809051_b14079_c20140717000905445471_noaa_ops.h5,SVI04_npp_d20140716_t1803247_e1809051_b14079_c20140717000905432367_noaa_ops.dspace_rad,VNFF_npp_d20140716_t1803247_e1809051_b14079_v21.csv,World_EEZ_v8_2014.shp,WPP_BFAR_merge.shp,KKP_IDN_merge_20161208.shp,VNF-VBD_npp_20120301-20151231_global_asia-enhanced_c201607211230.bitmask,NCEI_NGA.union.nga_lead2.add_2015ntl.mask,timezone.shp,VBD_platforms-recurring_2015_r20170330.shp,999999,VBD_bridges_c20160811.shp,2.701723;0.592520;-1.537733;-6.424739;-11.321091;-16.224911;-21.132078;-19.454973;-16.614069;-11.826628;-7.007390;-2.161976,98.595314;112.244095;125.823792;124.798187;123.864281;123.023224;122.264351;107.621338;93.259468;94.789581;96.172417;97.426979,npp_d20140716_t1803247_e1809051_b14079,154.619,47.4157,8.29842,95.6179,38.5893,84.0834
658,VBD_npp_d20140716_t1804522_x1101643E_y043966S_l0787_s1893_v23,2017-05-23 13:08:46,-4.396619,110.164314,20.7141,2014-07-16 18:04:52,2014-07-17 01:04:52,787,1893,0.424608,1,2529,0.747181,0.219191,0.867261,0.4,0.936776,0.75,0.0436827,0.0001,0.000552818,999999,-1.213828e-02,3,Indonesian Exclusive Economic Zone,WPP712,,SVDNB_npp_d20140716_t1803247_e1809051_b14079_c20140717000905445784_noaa_ops.h5,GDNBO_npp_d20140716_t1803247_e1809051_b14079_c20140717000905445471_noaa_ops.h5,SVI04_npp_d20140716_t1803247_e1809051_b14079_c20140717000905432367_noaa_ops.dspace_rad,VNFF_npp_d20140716_t1803247_e1809051_b14079_v21.csv,World_EEZ_v8_2014.shp,WPP_BFAR_merge.shp,KKP_IDN_merge_20161208.shp,VNF-VBD_npp_20120301-20151231_global_asia-enhanced_c201607211230.bitmask,NCEI_NGA.union.nga_lead2.add_2015ntl.mask,timezone.shp,VBD_platforms-recurring_2015_r20170330.shp,999999,VBD_bridges_c20160811.shp,2.701723;0.592520;-1.537733;-6.424739;-11.321091;-16.224911;-21.132078;-19.454973;-16.614069;-11.826628;-7.007390;-2.161976,98.595314;112.244095;125.823792;124.798187;123.864281;123.023224;122.264351;107.621338;93.259468;94.789581;96.172417;97.426979,npp_d20140716_t1803247_e1809051_b14079,154.376,47.0447,8.16898,100.839,38.4985,84.4458
659,VBD_npp_d20140716_t1804576_x1100946E_y047858S_l0846_s1895_v23,2017-05-23 13:08:46,-4.785783,110.094551,9.85934,2014-07-16 18:04:57,2014-07-17 01:04:57,846,1895,0.427259,1,2529,0.515709,0.214832,0.789634,0.4,0.888318,0.75,0.0435943,0.0001,0.000542109,999999,1.726613e-02,3,Indonesian Exclusive Economic Zone,WPP712,,SVDNB_npp_d20140716_t1803247_e1809051_b14079_c20140717000905445784_noaa_ops.h5,GDNBO_npp_d20140716_t1803247_e1809051_b14079_c20140717000905445471_noaa_ops.h5,SVI04_npp_d20140716_t1803247_e1809051_b14079_c20140717000905432367_noaa_ops.dspace_rad,VNFF_npp_d20140716_t1803247_e1809051_b14079_v21.csv,World_EEZ_v8_2014.shp,WPP_BFAR_merge.shp,KKP_IDN_merge_20161208.shp,VNF-VBD_npp_20120301-20151231_global_asia-enhanced_c201607211230.bitmask,NCEI_NGA.union.nga_lead2.add_2015ntl.mask,timezone.shp,VBD_platforms-recurring_2015_r20170330.shp,999999,VBD_bridges_c20160811.shp,2.701723;0.592520;-1.537733;-6.424739;-11.321091;-16.224911;-21.132078;-19.454973;-16.614069;-11.826628;-7.007390;-2.161976,98.595314;112.244095;125.823792;124.798187;123.864281;123.023224;122.264351;107.621338;93.259468;94.789581;96.172417;97.426979,npp_d20140716_t1803247_e1809051_b14079,154.675,47.5816,8.06044,96.3334,38.5869,83.9586
660,VBD_npp_d20140716_t1804504_x1102016E_y043355S_l0777_s1896_v23,2017-05-23 13:08:46,-4.335500,110.201622,25.0808,2014-07-16 18:04:50,2014-07-17 01:04:50,777,1896,0.406985,1,2529,0.713036,0.244389,0.829619,0.4,0.919612,0.75,0.0437136,0.0001,0.000568445,999999,-1.821414e-01,3,Indonesian Exclusive Economic Zone,WPP712,,SVDNB_npp_d20140716_t1803247_e1809051_b14079_c20140717000905445784_noaa_ops.h5,GDNBO_npp_d20140716_t1803247_e1809051_b14079_c20140717000905445471_noaa_ops.h5,SVI04_npp_d20140716_t1803247_e1809051_b14079_c20140717000905432367_noaa_ops.dspace_rad,VNFF_npp_d20140716_t1803247_e1809051_b14079_v21.csv,World_EEZ_v8_2014.shp,WPP_BFAR_merge.shp,KKP_IDN_merge_20161208.shp,VNF-VBD_npp_20120301-20151231_global_asia-enhanced_c201607211230.bitmask,NCEI_NGA.union.nga_lead2.add_2015ntl.mask,timezone.shp,VBD_platforms-recurring_2015_r20170330.shp,999999,VBD_bridges_c20160811.shp,2.701723;0.592520;-1.537733;-6.424739;-11.321091;-16.224911;-21.132078;-19.454973;-16.614069;-11.826628;-7.007390;-2.161976,98.595314;112.244095;125.823792;124.798187;123.864281;123.023224;122.264351;107.621338;93.259468;94.789581;96.172417;97.426979,npp_d20140716_t1803247_e1809051_b14079,154.313,46.9917,7.99365,98.3753,38.4622,84.5182
661,VBD_npp_d20140716_t1804451_x1102751E_y040495S_l0733_s1897_v23,2017-05-23 13:08:46,-4.049475,110.275063,44.1335,2014-07-16 18:04:45,2014-07-17 01:04:45,733,1897,0.427591,1,2529,0.995751,0.203108,0.872135,0.4,0.950281,0.75,0.0437888,0.0001,0.000577839,999999,9.636846e-02,3,Indonesian Exclusive Economic Zone,WPP712,,SVDNB_npp_d20140716_t1803247_e1809051_b14079_c20140717000905445784_noaa_ops.h5,GDNBO_npp_d20140716_t1803247_e1809051_b14079_c20140717000905445471_noaa_ops.h5,SVI04_npp_d20140716_t1803247_e1809051_b14079_c20140717000905432367_noaa_ops.dspace_rad,VNFF_npp_d20140716_t1803247_e1809051_b14079_v21.csv,World_EEZ_v8_2014.shp,WPP_BFAR_merge.shp,KKP_IDN_merge_20161208.shp,VNF-VBD_npp_20120301-20151231_global_asia-enhanced_c201607211230.bitmask,NCEI_NGA.union.nga_lead2.add_2015ntl.mask,timezone.shp,VBD_platforms-recurring_2015_r20170330.shp,999999,VBD_bridges_c20160811.shp,2.701723;0.592520;-1.537733;-6.424739;-11.321091;-16.224911;-21.132078;-19.454973;-16.614069;-11.826628;-7.007390;-2.161976,98.595314;112.244095;125.823792;124.798187;123.864281;123.023224;122.264351;107.621338;93.259468;94.789581;96.172417;97.426979,npp_d20140716_t1803247_e1809051_b14079,154.08,46.6289,7.94374,96.7047,38.383,84.8758
662,VBD_npp_d20140716_t1804558_x1101417E_y046643S_l0827_s1898_v23,2017-05-23 13:08:46,-4.664296,110.141739,29.6573,2014-07-16 18:04:55,2014-07-17 01:04:55,827,1898,0.427259,1,2529,0.872213,0.209311,0.884121,0.4,0.948501,0.75,0.0436412,0.0001,0.000571838,999999,5.451957e-02,3,Indonesian Exclusive Economic Zone,WPP712,,SVDNB_npp_d20140716_t1803247_e1809051_b14079_c20140717000905445784_noaa_ops.h5,GDNBO_npp_d20140716_t1803247_e1809051_b14079_c20140717000905445471_noaa_ops.h5,SVI04_npp_d20140716_t1803247_e1809051_b14079_c20140717000905432367_noaa_ops.dspace_rad,VNFF_npp_d20140716_t1803247_e1809051_b14079_v21.csv,World_EEZ_v8_2014.shp,WPP_BFAR_merge.shp,KKP_IDN_merge_20161208.shp,VNF-VBD_npp_20120301-20151231_global_asia-enhanced_c201607211230.bitmask,NCEI_NGA.union.nga_lead2.add_2015ntl.mask,timezone.shp,VBD_platforms-recurring_2015_r20170330.shp,999999,VBD_bridges_c20160811.shp,2.701723;0.592520;-1.537733;-6.424739;-11.321091;-16.224911;-21.132078;-19.454973;-16.614069;-11.826628;-7.007390;-2.161976,98.595314;112.244095;125.823792;124.798187;123.864281;123.023224;122.264351;107.621338;93.259468;94.789581;96.172417;97.426979,npp_d20140716_t1803247_e1809051_b14079,154.563,47.4459,7.87992,97.5462,38.5339,84.1051
663,VBD_npp_d20140716_t1804415_x1103342E_y038559S_l0703_s1899_v23,2017-05-23 13:08:46,-3.855921,110.334190,10.0577,2014-07-16 18:04:41,2014-07-17 01:04:41,703,1899,0.427149,1,2529,0.383107,0.277798,0.759811,0.4,0.77437,0.75,0.0438467,0.0001,0.000596082,999999,-4.075423e-01,3,Indonesian Exclusive Economic Zone,WPP712,,SVDNB_npp_d20140716_t1803247_e1809051_b14079_c20140717000905445784_noaa_ops.h5,GDNBO_npp_d20140716_t1803247_e1809051_b14079_c20140717000905445471_noaa_ops.h5,SVI04_npp_d20140716_t1803247_e1809051_b14079_c20140717000905432367_noaa_ops.dspace_rad,VNFF_npp_d20140716_t1803247_e1809051_b14079_v21.csv,World_EEZ_v8_2014.shp,WPP_BFAR_merge.shp,KKP_IDN_merge_20161208.shp,VNF-VBD_npp_20120301-20151231_global_asia-enhanced_c201607211230.bitmask,NCEI_NGA.union.nga_lead2.add_2015ntl.mask,timezone.shp,VBD_platforms-recurring_2015_r20170330.shp,999999,VBD_bridges_c20160811.shp,2.701723;0.592520;-1.537733;-6.424739;-11.321091;-16.224911;-21.132078;-19.454973;-16.614069;-11.826628;-7.007390;-2.161976,98.595314;112.244095;125.823792;124.798187;123.864281;123.023224;122.264351;107.621338;93.259468;94.789581;96.172417;97.426979,npp_d20140716_t1803247_e1809051_b14079,153.914,46.4003,7.83014,95.821,38.3207,85.1171
664,VBD_npp_d20140716_t1804469_x1103023E_y040940S_l0739_s1903_v23,2017-05-23 13:08:46,-4.094025,110.302261,6.95228,2014-07-16 18:04:46,2014-07-17 01:04:46,739,1903,0.426707,1,2529,0.374873,0.225467,0.844999,0.4,0.802729,0.75,0.0438092,0.0001,0.00063846,999999,-5.447913e-02,3,Indonesian Exclusive Economic Zone,WPP712,,SVDNB_npp_d20140716_t1803247_e1809051_b14079_c20140717000905445784_noaa_ops.h5,GDNBO_npp_d20140716_t1803247_e1809051_b14079_c20140717000905445471_noaa_ops.h5,SVI04_npp_d20140716_t1803247_e1809051_b14079_c20140717000905432367_noaa_ops.dspace_rad,VNFF_npp_d20140716_t1803247_e1809051_b14079_v21.csv,World_EEZ_v8_2014.shp,WPP_BFAR_merge.shp,KKP_IDN_merge_20161208.shp,VNF-VBD_npp_20120301-20151231_global_asia-enhanced_c201607211230.bitmask,NCEI_NGA.union.nga_lead2.add_2015ntl.mask,timezone.shp,VBD_platforms-recurring_2015_r20170330.shp,999999,VBD_bridges_c20160811.shp,2.701723;0.592520;-1.537733;-6.424739;-11.321091;-16.224911;-21.132078;-19.454973;-16.614069;-11.826628;-7.007390;-2.161976,98.595314;112.244095;125.823792;124.798187;123.864281;123.023224;122.264351;107.621338;93.259468;94.789581;96.172417;97.426979,npp_d20140716_t1803247_e1809051_b14079,154.085,46.7419,7.5929,100.955,38.3525,84.8119
665,VBD_npp_d20140716_t1804469_x1103203E_y041106S_l0741_s1906_v23,2017-05-23 13:08:46,-4.110560,110.320290,17.778,2014-07-16 18:04:46,2014-07-17 01:04:46,741,1906,0.416708,1,2529,0.583172,0.224343,0.844999,0.4,0.890852,0.75,0.043821,0.0001,0.000660309,999999,-4.689872e-02,3,Indonesian Exclusive Economic Zone,WPP712,,SVDNB_npp_d20140716_t1803247_e1809051_b14079_c20140717000905445784_noaa_ops.h5,GDNBO_npp_d20140716_t1803247_e1809051_b14079_c20140717000905445471_noaa_ops.h5,SVI04_npp_d20140716_t1803247_e1809051_b14079_c20140717000905432367_noaa_ops.dspace_rad,VNFF_npp_d20140716_t1803247_e1809051_b14079_v21.csv,World_EEZ_v8_2014.shp,WPP_BFAR_merge.shp,KKP_IDN_merge_20161208.shp,VNF-VBD_npp_20120301-20151231_global_asia-enhanced_c201607211230.bitmask,NCEI_NGA.union.nga_lead2.add_2015ntl.mask,timezone.shp,VBD_platforms-recurring_2015_r20170330.shp,999999,VBD_bridges_c20160811.shp,2.701723;0.592520;-1.537733;-6.424739;-11.321091;-16.224911;-21.132078;-19.454973;-16.614069;-11.826628;-7.007390;-2.161976,98.595314;112.244095;125.823792;124.798187;123.864281;123.023224;122.264351;107.621338;93.259468;94.789581;96.172417;97.426979,npp_d20140716_t1803247_e1809051_b14079,154.083,46.7908,7.41598,100.107,38.3358,84.7872
666,VBD_npp_d20140716_t1804487_x1102915E_y042482S_l0762_s1906_v23,2017-05-23 13:08:46,-4.248167,110.291550,7.87559,2014-07-16 18:04:48,2014-07-17 01:04:48,762,1906,0.375274,2,2465,0.379003,0.281857,0.810675,0.4,0.69807,0.75,0.0437875,0.0001,0.000648971,999999,-4.349222e-01,3,Indonesian Exclusive Economic Zone,WPP712,,SVDNB_npp_d20140716_t1803247_e1809051_b14079_c20140717000905445784_noaa_ops.h5,GDNBO_npp_d20140716_t1803247_e1809051_b14079_c20140717000905445471_noaa_ops.h5,SVI04_npp_d20140716_t1803247_e1809051_b14079_c20140717000905432367_noaa_ops.dspace_rad,VNFF_npp_d20140716_t1803247_e1809051_b14079_v21.csv,World_EEZ_v8_2014.shp,WPP_BFAR_merge.shp,KKP_IDN_merge_20161208.shp,VNF-VBD_npp_20120301-20151231_global_asia-enhanced_c201607211230.bitmask,NCEI_NGA.union.nga_lead2.add_2015ntl.mask,timezone.shp,VBD_platforms-recurring_2015_r20170330.shp,999999,VBD_bridges_c20160811.shp,2.701723;0.592520;-1.537733;-6.424739;-11.321091;-16.224911;-21.132078;-19.454973;-16.614069;-11.826628;-7.007390;-2.161976,98.595314;112.244095;125.823792;124.798187;123.864281;123.023224;122.264351;107.621338;93.259468;94.789581;96.172417;97.426979,npp_d20140716_t1803247_e1809051_b14079,154.193,46.9695,7.41425,97.8922,38.3704,84.6142
667,VBD_npp_d20140716_t1804469_x1103259E_y041183S_l0742_s1907_v23,2017-05-23 13:08:46,-4.118288,110.325943,5.43432,2014-07-16 18:04:46,2014-07-17 01:04:46,742,1907,0.401681,7,2209,0.218197,0.214502,0.869974,0.4,0.599073,0.75,0.0438244,0.0001,0.000667137,999999,1.949468e-02,3,,,,SVDNB_npp_d20140716_t1803247_e1809051_b14079_c20140717000905445784_noaa_ops.h5,GDNBO_npp_d20140716_t1803247_e1809051_b14079_c20140717000905445471_noaa_ops.h5,SVI04_npp_d20140716_t1803247_e1809051_b14079_c20140717000905432367_noaa_ops.dspace_rad,VNFF_npp_d20140716_t1803247_e1809051_b14079_v21.csv,World_EEZ_v8_2014.shp,WPP_BFAR_merge.shp,KKP_IDN_merge_20161208.shp,VNF-VBD_npp_20120301-20151231_global_asia-enhanced_c201607211230.bitmask,NCEI_NGA.union.nga_lead2.add_2015ntl.mask,timezone.shp,VBD_platforms-recurring_2015_r20170330.shp,999999,VBD_bridges_c20160811.shp,2.701723;0.592520;-1.537733;-6.424739;-11.321091;-16.224911;-21.132078;-19.454973;-16.614069;-11.826628;-7.007390;-2.161976,98.595314;112.244095;125.823792;124.798187;123.864281;123.023224;122.264351;107.621338;93.259468;94.789581;96.172417;97.426979,npp_d20140716_t1803247_e1809051_b14079,154.084,46.8099,7.35714,99.6663,38.3308,84.7762
668,VBD_npp_d20140716_t1804558_x1101991E_y046939S_l0830_s1907_v23,2017-05-23 13:08:46,-4.693903,110.199089,3.88541,2014-07-16 18:04:55,2014-07-17 01:04:55,830,1907,0.428254,1,2529,0.278733,0.203138,0.74587,0.4,0.842304,0.75,0.0436811,0.0001,0.000637365,999999,9.616223e-02,3,Indonesian Exclusive Economic Zone,WPP712,,SVDNB_npp_d20140716_t1803247_e1809051_b14079_c20140717000905445784_noaa_ops.h5,GDNBO_npp_d20140716_t1803247_e1809051_b14079_c20140717000905445471_noaa_ops.h5,SVI04_npp_d20140716_t1803247_e1809051_b14079_c20140717000905432367_noaa_ops.dspace_rad,VNFF_npp_d20140716_t1803247_e1809051_b14079_v21.csv,World_EEZ_v8_2014.shp,WPP_BFAR_merge.shp,KKP_IDN_merge_20161208.shp,VNF-VBD_npp_20120301-20151231_global_asia-enhanced_c201607211230.bitmask,NCEI_NGA.union.nga_lead2.add_2015ntl.mask,timezone.shp,VBD_platforms-recurring_2015_r20170330.shp,999999,VBD_bridges_c20160811.shp,2.701723;0.592520;-1.537733;-6.424739;-11.321091;-16.224911;-21.132078;-19.454973;-16.614069;-11.826628;-7.007390;-2.161976,98.595314;112.244095;125.823792;124.798187;123.864281;123.023224;122.264351;107.621338;93.259468;94.789581;96.172417;97.426979,npp_d20140716_t1803247_e1809051_b14079,154.541,47.5682,7.3647,96.0944,38.4793,84.055
669,VBD_npp_d20140716_t1804522_x1102645E_y044604S_l0794_s1909_v23,2017-05-23 13:08:46,-4.460432,110.264488,16.2173,2014-07-16 18:04:52,2014-07-17 01:04:52,794,1909,0.429635,1,2529,0.65631,0.189828,0.810262,0.4,0.898084,0.75,0.0437514,0.0001,0.000668311,999999,1.859652e-01,3,Indonesian Exclusive Economic Zone,WPP712,,SVDNB_npp_d20140716_t1803247_e1809051_b14079_c20140717000905445784_noaa_ops.h5,GDNBO_npp_d20140716_t1803247_e1809051_b14079_c20140717000905445471_noaa_ops.h5,SVI04_npp_d20140716_t1803247_e1809051_b14079_c20140717000905432367_noaa_ops.dspace_rad,VNFF_npp_d20140716_t1803247_e1809051_b14079_v21.csv,World_EEZ_v8_2014.shp,WPP_BFAR_merge.shp,KKP_IDN_merge_20161208.shp,VNF-VBD_npp_20120301-20151231_global_asia-enhanced_c201607211230.bitmask,NCEI_NGA.union.nga_lead2.add_2015ntl.mask,timezone.shp,VBD_platforms-recurring_2015_r20170330.shp,999999,VBD_bridges_c20160811.shp,2.701723;0.592520;-1.537733;-6.424739;-11.321091;-16.224911;-21.132078;-19.454973;-16.614069;-11.826628;-7.007390;-2.161976,98.595314;112.244095;125.823792;124.798187;123.864281;123.023224;122.264351;107.621338;93.259468;94.789581;96.172417;97.426979,npp_d20140716_t1803247_e1809051_b14079,154.346,47.276,7.23817,97.8719,38.404,84.3438
670,VBD_npp_d20140716_t1804469_x1103549E_y041093S_l0740_s1911_v23,2017-05-23 13:08:46,-4.109270,110.354889,14.8649,2014-07-16 18:04:46,2014-07-17 01:04:46,740,1911,0.429083,1,2529,0.574739,0.205604,0.874591,0.4,0.850767,0.75,0.0438476,0.0001,0.000705797,999999,7.952962e-02,3,Indonesian Exclusive Economic Zone,WPP712,,SVDNB_npp_d20140716_t1803247_e1809051_b14079_c20140717000905445784_noaa_ops.h5,GDNBO_npp_d20140716_t1803247_e1809051_b14079_c20140717000905445471_noaa_ops.h5,SVI04_npp_d20140716_t1803247_e1809051_b14079_c20140717000905432367_noaa_ops.dspace_rad,VNFF_npp_d20140716_t1803247_e1809051_b14079_v21.csv,World_EEZ_v8_2014.shp,WPP_BFAR_merge.shp,KKP_IDN_merge_20161208.shp,VNF-VBD_npp_20120301-20151231_global_asia-enhanced_c201607211230.bitmask,NCEI_NGA.union.nga_lead2.add_2015ntl.mask,timezone.shp,VBD_platforms-recurring_2015_r20170330.shp,999999,VBD_bridges_c20160811.shp,2.701723;0.592520;-1.537733;-6.424739;-11.321091;-16.224911;-21.132078;-19.454973;-16.614069;-11.826628;-7.007390;-2.161976,98.595314;112.244095;125.823792;124.798187;123.864281;123.023224;122.264351;107.621338;93.259468;94.789581;96.172417;97.426979,npp_d20140716_t1803247_e1809051_b14079,154.057,46.8349,7.12727,100.618,38.3009,84.7824
671,VBD_npp_d20140716_t1804469_x1103433E_y041824S_l0751_s1911_v23,2017-05-23 13:08:46,-4.182439,110.343262,7.20455,2014-07-16 18:04:46,2014-07-17 01:04:46,751,1911,0.424994,1,2529,0.351467,0.248786,0.83064,0.4,0.753705,0.75,0.0438301,0.0001,0.000685457,999999,-2.118061e-01,3,Indonesian Exclusive Economic Zone,WPP712,,SVDNB_npp_d20140716_t1803247_e1809051_b14079_c20140717000905445784_noaa_ops.h5,GDNBO_npp_d20140716_t1803247_e1809051_b14079_c20140717000905445471_noaa_ops.h5,SVI04_npp_d20140716_t1803247_e1809051_b14079_c20140717000905432367_noaa_ops.dspace_rad,VNFF_npp_d20140716_t1803247_e1809051_b14079_v21.csv,World_EEZ_v8_2014.shp,WPP_BFAR_merge.shp,KKP_IDN_merge_20161208.shp,VNF-VBD_npp_20120301-20151231_global_asia-enhanced_c201607211230.bitmask,NCEI_NGA.union.nga_lead2.add_2015ntl.mask,timezone.shp,VBD_platforms-recurring_2015_r20170330.shp,999999,VBD_bridges_c20160811.shp,2.701723;0.592520;-1.537733;-6.424739;-11.321091;-16.224911;-21.132078;-19.454973;-16.614069;-11.826628;-7.007390;-2.161976,98.595314;112.244095;125.823792;124.798187;123.864281;123.023224;122.264351;107.621338;93.259468;94.789581;96.172417;97.426979,npp_d20140716_t1803247_e1809051_b14079,154.116,46.9294,7.13822,95.509,38.3194,84.6903
672,VBD_npp_d20140716_t1805260_x1098350E_y064292S_l1095_s1912_v23,2017-05-23 13:08:46,-6.429205,109.835007,16.5017,2014-07-16 18:05:26,2014-07-17 01:05:26,1095,1912,0.431071,1,2529,0.712207,0.205577,0.853703,0.4,0.949426,0.75,0.0434071,0.0001,0.000633272,999999,7.970838e-02,3,Indonesian Exclusive Economic Zone,WPP712,,SVDNB_npp_d20140716_t1803247_e1809051_b14079_c20140717000905445784_noaa_ops.h5,GDNBO_npp_d20140716_t1803247_e1809051_b14079_c20140717000905445471_noaa_ops.h5,SVI04_npp_d20140716_t1803247_e1809051_b14079_c20140717000905432367_noaa_ops.dspace_rad,VNFF_npp_d20140716_t1803247_e1809051_b14079_v21.csv,World_EEZ_v8_2014.shp,WPP_BFAR_merge.shp,KKP_IDN_merge_20161208.shp,VNF-VBD_npp_20120301-20151231_global_asia-enhanced_c201607211230.bitmask,NCEI_NGA.union.nga_lead2.add_2015ntl.mask,timezone.shp,VBD_platforms-recurring_2015_r20170330.shp,999999,VBD_bridges_c20160811.shp,2.701723;0.592520;-1.537733;-6.424739;-11.321091;-16.224911;-21.132078;-19.454973;-16.614069;-11.826628;-7.007390;-2.161976,98.595314;112.244095;125.823792;124.798187;123.864281;123.023224;122.264351;107.621338;93.259468;94.789581;96.172417;97.426979,npp_d20140716_t1803247_e1809051_b14079,155.862,50.0811,7.06728,99.2931,38.9373,81.9159
673,VBD_npp_d20140716_t1804451_x1103836E_y040599S_l0732_s1913_v23,2017-05-23 13:08:46,-4.059897,110.383583,24.2295,2014-07-16 18:04:45,2014-07-17 01:04:45,732,1913,0.425768,1,2529,0.74698,0.212919,0.86725,0.4,0.930482,0.75,0.0438704,0.0001,0.000712369,999999,3.017688e-02,3,Indonesian Exclusive Economic Zone,WPP712,,SVDNB_npp_d20140716_t1803247_e1809051_b14079_c20140717000905445784_noaa_ops.h5,GDNBO_npp_d20140716_t1803247_e1809051_b14079_c20140717000905445471_noaa_ops.h5,SVI04_npp_d20140716_t1803247_e1809051_b14079_c20140717000905432367_noaa_ops.dspace_rad,VNFF_npp_d20140716_t1803247_e1809051_b14079_v21.csv,World_EEZ_v8_2014.shp,WPP_BFAR_merge.shp,KKP_IDN_merge_20161208.shp,VNF-VBD_npp_20120301-20151231_global_asia-enhanced_c201607211230.bitmask,NCEI_NGA.union.nga_lead2.add_2015ntl.mask,timezone.shp,VBD_platforms-recurring_2015_r20170330.shp,999999,VBD_bridges_c20160811.shp,2.701723;0.592520;-1.537733;-6.424739;-11.321091;-16.224911;-21.132078;-19.454973;-16.614069;-11.826628;-7.007390;-2.161976,98.595314;112.244095;125.823792;124.798187;123.864281;123.023224;122.264351;107.621338;93.259468;94.789581;96.172417;97.426979,npp_d20140716_t1803247_e1809051_b14079,154.008,46.7893,7.01356,96.8796,38.2746,84.8421
674,VBD_npp_d20140716_t1804469_x1103782E_y040925S_l0737_s1914_v23,2017-05-23 13:08:46,-4.092537,110.378174,20.7955,2014-07-16 18:04:46,2014-07-17 01:04:46,737,1914,0.427867,1,2529,0.710916,0.207329,0.880814,0.4,0.926773,0.75,0.0438674,0.0001,0.000738776,999999,6.788660e-02,3,Indonesian Exclusive Economic Zone,WPP712,,SVDNB_npp_d20140716_t1803247_e1809051_b14079_c20140717000905445784_noaa_ops.h5,GDNBO_npp_d20140716_t1803247_e1809051_b14079_c20140717000905445471_noaa_ops.h5,SVI04_npp_d20140716_t1803247_e1809051_b14079_c20140717000905432367_noaa_ops.dspace_rad,VNFF_npp_d20140716_t1803247_e1809051_b14079_v21.csv,World_EEZ_v8_2014.shp,WPP_BFAR_merge.shp,KKP_IDN_merge_20161208.shp,VNF-VBD_npp_20120301-20151231_global_asia-enhanced_c201607211230.bitmask,NCEI_NGA.union.nga_lead2.add_2015ntl.mask,timezone.shp,VBD_platforms-recurring_2015_r20170330.shp,999999,VBD_bridges_c20160811.shp,2.701723;0.592520;-1.537733;-6.424739;-11.321091;-16.224911;-21.132078;-19.454973;-16.614069;-11.826628;-7.007390;-2.161976,98.595314;112.244095;125.823792;124.798187;123.864281;123.023224;122.264351;107.621338;93.259468;94.789581;96.172417;97.426979,npp_d20140716_t1803247_e1809051_b14079,154.029,46.8408,6.96022,102.089,38.2759,84.7995
675,VBD_npp_d20140716_t1804487_x1103671E_y042057S_l0754_s1916_v23,2017-05-23 13:08:46,-4.205662,110.367073,19.0346,2014-07-16 18:04:48,2014-07-17 01:04:48,754,1916,0.402234,8,18913,0.520659,0.239622,0.857092,0.4,0.805212,0.75,0.0438503,0.0001,0.000752786,999999,-1.499791e-01,3,Indonesian Exclusive Economic Zone,WPP712,,SVDNB_npp_d20140716_t1803247_e1809051_b14079_c20140717000905445784_noaa_ops.h5,GDNBO_npp_d20140716_t1803247_e1809051_b14079_c20140717000905445471_noaa_ops.h5,SVI04_npp_d20140716_t1803247_e1809051_b14079_c20140717000905432367_noaa_ops.dspace_rad,VNFF_npp_d20140716_t1803247_e1809051_b14079_v21.csv,World_EEZ_v8_2014.shp,WPP_BFAR_merge.shp,KKP_IDN_merge_20161208.shp,VNF-VBD_npp_20120301-20151231_global_asia-enhanced_c201607211230.bitmask,NCEI_NGA.union.nga_lead2.add_2015ntl.mask,timezone.shp,VBD_platforms-recurring_2015_r20170330.shp,0.448915,VBD_bridges_c20160811.shp,2.701723;0.592520;-1.537733;-6.424739;-11.321091;-16.224911;-21.132078;-19.454973;-16.614069;-11.826628;-7.007390;-2.161976,98.595314;112.244095;125.823792;124.798187;123.864281;123.023224;122.264351;107.621338;93.259468;94.789581;96.172417;97.426979,npp_d20140716_t1803247_e1809051_b14079,154.109,47.0059,6.83966,101.677,38.2904,84.6542
676,VBD_npp_d20140716_t1804451_x1104371E_y040684S_l0732_s1921_v23,2017-05-23 13:08:46,-4.068410,110.437141,8.55772,2014-07-16 18:04:45,2014-07-17 01:04:45,732,1921,0.357265,2,2465,0.284392,0.244539,0.813522,0.4,0.485947,0.75,0.0439103,0.0001,0.000787827,999999,-1.831544e-01,3,Indonesian Exclusive Economic Zone,WPP712,,SVDNB_npp_d20140716_t1803247_e1809051_b14079_c20140717000905445784_noaa_ops.h5,GDNBO_npp_d20140716_t1803247_e1809051_b14079_c20140717000905445471_noaa_ops.h5,SVI04_npp_d20140716_t1803247_e1809051_b14079_c20140717000905432367_noaa_ops.dspace_rad,VNFF_npp_d20140716_t1803247_e1809051_b14079_v21.csv,World_EEZ_v8_2014.shp,WPP_BFAR_merge.shp,KKP_IDN_merge_20161208.shp,VNF-VBD_npp_20120301-20151231_global_asia-enhanced_c201607211230.bitmask,NCEI_NGA.union.nga_lead2.add_2015ntl.mask,timezone.shp,VBD_platforms-recurring_2015_r20170330.shp,999999,VBD_bridges_c20160811.shp,2.701723;0.592520;-1.537733;-6.424739;-11.321091;-16.224911;-21.132078;-19.454973;-16.614069;-11.826628;-7.007390;-2.161976,98.595314;112.244095;125.823792;124.798187;123.864281;123.023224;122.264351;107.621338;93.259468;94.789581;96.172417;97.426979,npp_d20140716_t1803247_e1809051_b14079,153.975,46.8732,6.54988,96.7337,38.2214,84.8211
677,VBD_npp_d20140716_t1804487_x1103974E_y042310S_l0757_s1921_v23,2017-05-23 13:08:46,-4.230953,110.397377,67.769,2014-07-16 18:04:48,2014-07-17 01:04:48,757,1921,0.430519,1,2529,1.04101,0.21103,0.878656,0.4,0.947041,0.75,0.0438705,0.0001,0.000795417,999999,4.291947e-02,3,Indonesian Exclusive Economic Zone,WPP712,,SVDNB_npp_d20140716_t1803247_e1809051_b14079_c20140717000905445784_noaa_ops.h5,GDNBO_npp_d20140716_t1803247_e1809051_b14079_c20140717000905445471_noaa_ops.h5,SVI04_npp_d20140716_t1803247_e1809051_b14079_c20140717000905432367_noaa_ops.dspace_rad,VNFF_npp_d20140716_t1803247_e1809051_b14079_v21.csv,World_EEZ_v8_2014.shp,WPP_BFAR_merge.shp,KKP_IDN_merge_20161208.shp,VNF-VBD_npp_20120301-20151231_global_asia-enhanced_c201607211230.bitmask,NCEI_NGA.union.nga_lead2.add_2015ntl.mask,timezone.shp,VBD_platforms-recurring_2015_r20170330.shp,999999,VBD_bridges_c20160811.shp,2.701723;0.592520;-1.537733;-6.424739;-11.321091;-16.224911;-21.132078;-19.454973;-16.614069;-11.826628;-7.007390;-2.161976,98.595314;112.244095;125.823792;124.798187;123.864281;123.023224;122.264351;107.621338;93.259468;94.789581;96.172417;97.426979,npp_d20140716_t1803247_e1809051_b14079,154.104,47.0842,6.54396,100.279,38.2623,84.6157
678,VBD_npp_d20140716_t1804451_x1104604E_y040517S_l0729_s1924_v23,2017-05-23 13:08:46,-4.051671,110.460365,32.5407,2014-07-16 18:04:45,2014-07-17 01:04:45,729,1924,0.42853,1,2529,0.695317,0.232359,0.816525,0.4,0.873695,0.75,0.0439301,0.0001,0.000824295,999999,-1.009776e-01,3,Indonesian Exclusive Economic Zone,WPP712,,SVDNB_npp_d20140716_t1803247_e1809051_b14079_c20140717000905445784_noaa_ops.h5,GDNBO_npp_d20140716_t1803247_e1809051_b14079_c20140717000905445471_noaa_ops.h5,SVI04_npp_d20140716_t1803247_e1809051_b14079_c20140717000905432367_noaa_ops.dspace_rad,VNFF_npp_d20140716_t1803247_e1809051_b14079_v21.csv,World_EEZ_v8_2014.shp,WPP_BFAR_merge.shp,KKP_IDN_merge_20161208.shp,VNF-VBD_npp_20120301-20151231_global_asia-enhanced_c201607211230.bitmask,NCEI_NGA.union.nga_lead2.add_2015ntl.mask,timezone.shp,VBD_platforms-recurring_2015_r20170330.shp,999999,VBD_bridges_c20160811.shp,2.701723;0.592520;-1.537733;-6.424739;-11.321091;-16.224911;-21.132078;-19.454973;-16.614069;-11.826628;-7.007390;-2.161976,98.595314;112.244095;125.823792;124.798187;123.864281;123.023224;122.264351;107.621338;93.259468;94.789581;96.172417;97.426979,npp_d20140716_t1803247_e1809051_b14079,153.946,46.879,6.37116,98.2306,38.1965,84.8384
679,VBD_npp_d20140716_t1804469_x1104451E_y041033S_l0737_s1924_v23,2017-05-23 13:08:46,-4.103255,110.445091,12.7649,2014-07-16 18:04:46,2014-07-17 01:04:46,737,1924,0.422564,1,2529,0.418419,0.261803,0.80279,0.4,0.829609,0.75,0.0439174,0.0001,0.000837399,999999,-2.996262e-01,3,Indonesian Exclusive Economic Zone,WPP712,,SVDNB_npp_d20140716_t1803247_e1809051_b14079_c20140717000905445784_noaa_ops.h5,GDNBO_npp_d20140716_t1803247_e1809051_b14079_c20140717000905445471_noaa_ops.h5,SVI04_npp_d20140716_t1803247_e1809051_b14079_c20140717000905432367_noaa_ops.dspace_rad,VNFF_npp_d20140716_t1803247_e1809051_b14079_v21.csv,World_EEZ_v8_2014.shp,WPP_BFAR_merge.shp,KKP_IDN_merge_20161208.shp,VNF-VBD_npp_20120301-20151231_global_asia-enhanced_c201607211230.bitmask,NCEI_NGA.union.nga_lead2.add_2015ntl.mask,timezone.shp,VBD_platforms-recurring_2015_r20170330.shp,999999,VBD_bridges_c20160811.shp,2.701723;0.592520;-1.537733;-6.424739;-11.321091;-16.224911;-21.132078;-19.454973;-16.614069;-11.826628;-7.007390;-2.161976,98.595314;112.244095;125.823792;124.798187;123.864281;123.023224;122.264351;107.621338;93.259468;94.789581;96.172417;97.426979,npp_d20140716_t1803247_e1809051_b14079,153.987,46.9457,6.38106,102.372,38.2094,84.773
680,VBD_npp_d20140716_t1804451_x1104597E_y040992S_l0736_s1925_v23,2017-05-23 13:08:46,-4.099230,110.459679,12.088,2014-07-16 18:04:45,2014-07-17 01:04:45,736,1925,0.424939,1,2529,0.355668,0.257554,0.80279,0.4,0.80564,0.75,0.043924,0.0001,0.000819049,999999,-2.709614e-01,3,Indonesian Exclusive Economic Zone,WPP712,,SVDNB_npp_d20140716_t1803247_e1809051_b14079_c20140717000905445784_noaa_ops.h5,GDNBO_npp_d20140716_t1803247_e1809051_b14079_c20140717000905445471_noaa_ops.h5,SVI04_npp_d20140716_t1803247_e1809051_b14079_c20140717000905432367_noaa_ops.dspace_rad,VNFF_npp_d20140716_t1803247_e1809051_b14079_v21.csv,World_EEZ_v8_2014.shp,WPP_BFAR_merge.shp,KKP_IDN_merge_20161208.shp,VNF-VBD_npp_20120301-20151231_global_asia-enhanced_c201607211230.bitmask,NCEI_NGA.union.nga_lead2.add_2015ntl.mask,timezone.shp,VBD_platforms-recurring_2015_r20170330.shp,999999,VBD_bridges_c20160811.shp,2.701723;0.592520;-1.537733;-6.424739;-11.321091;-16.224911;-21.132078;-19.454973;-16.614069;-11.826628;-7.007390;-2.161976,98.595314;112.244095;125.823792;124.798187;123.864281;123.023224;122.264351;107.621338;93.259468;94.789581;96.172417;97.426979,npp_d20140716_t1803247_e1809051_b14079,153.979,46.9491,6.33181,94.5592,38.2016,84.777
681,VBD_npp_d20140716_t1804451_x1104674E_y040936S_l0735_s1926_v23,2017-05-23 13:08:46,-4.093648,110.467415,8.85785,2014-07-16 18:04:45,2014-07-17 01:04:45,735,1926,0.424055,1,2529,0.355509,0.252949,0.80279,0.4,0.76023,0.75,0.0439305,0.0001,0.000831523,999999,-2.398901e-01,3,Indonesian Exclusive Economic Zone,WPP712,,SVDNB_npp_d20140716_t1803247_e1809051_b14079_c20140717000905445784_noaa_ops.h5,GDNBO_npp_d20140716_t1803247_e1809051_b14079_c20140717000905445471_noaa_ops.h5,SVI04_npp_d20140716_t1803247_e1809051_b14079_c20140717000905432367_noaa_ops.dspace_rad,VNFF_npp_d20140716_t1803247_e1809051_b14079_v21.csv,World_EEZ_v8_2014.shp,WPP_BFAR_merge.shp,KKP_IDN_merge_20161208.shp,VNF-VBD_npp_20120301-20151231_global_asia-enhanced_c201607211230.bitmask,NCEI_NGA.union.nga_lead2.add_2015ntl.mask,timezone.shp,VBD_platforms-recurring_2015_r20170330.shp,999999,VBD_bridges_c20160811.shp,2.701723;0.592520;-1.537733;-6.424739;-11.321091;-16.224911;-21.132078;-19.454973;-16.614069;-11.826628;-7.007390;-2.161976,98.595314;112.244095;125.823792;124.798187;123.864281;123.023224;122.264351;107.621338;93.259468;94.789581;96.172417;97.426979,npp_d20140716_t1803247_e1809051_b14079,153.97,46.951,6.2697,95.0469,38.1933,84.7827
682,VBD_npp_d20140716_t1804487_x1104291E_y042905S_l0765_s1927_v23,2017-05-23 13:08:46,-4.290487,110.429062,10.5802,2014-07-16 18:04:48,2014-07-17 01:04:48,765,1927,0.421404,2,2465,0.445685,0.243519,0.800339,0.4,0.677288,0.75,0.0438877,0.0001,0.000838857,999999,-1.762727e-01,3,Indonesian Exclusive Economic Zone,WPP712,,SVDNB_npp_d20140716_t1803247_e1809051_b14079_c20140717000905445784_noaa_ops.h5,GDNBO_npp_d20140716_t1803247_e1809051_b14079_c20140717000905445471_noaa_ops.h5,SVI04_npp_d20140716_t1803247_e1809051_b14079_c20140717000905432367_noaa_ops.dspace_rad,VNFF_npp_d20140716_t1803247_e1809051_b14079_v21.csv,World_EEZ_v8_2014.shp,WPP_BFAR_merge.shp,KKP_IDN_merge_20161208.shp,VNF-VBD_npp_20120301-20151231_global_asia-enhanced_c201607211230.bitmask,NCEI_NGA.union.nga_lead2.add_2015ntl.mask,timezone.shp,VBD_platforms-recurring_2015_r20170330.shp,999999,VBD_bridges_c20160811.shp,2.701723;0.592520;-1.537733;-6.424739;-11.321091;-16.224911;-21.132078;-19.454973;-16.614069;-11.826628;-7.007390;-2.161976,98.595314;112.244095;125.823792;124.798187;123.864281;123.023224;122.264351;107.621338;93.259468;94.789581;96.172417;97.426979,npp_d20140716_t1803247_e1809051_b14079,154.121,47.2161,6.20274,96.0826,38.2361,84.5326
683,VBD_npp_d20140716_t1805118_x1101308E_y055828S_l0963_s1927_v23,2017-05-23 13:08:46,-5.582829,110.130791,9.02565,2014-07-16 18:05:11,2014-07-17 01:05:11,963,1927,0.400466,1,2529,0.493791,0.27676,0.805647,0.4,0.907663,0.75,0.0435533,0.0001,0.000808861,999999,-4.005395e-01,3,Indonesian Exclusive Economic Zone,WPP712,,SVDNB_npp_d20140716_t1803247_e1809051_b14079_c20140717000905445784_noaa_ops.h5,GDNBO_npp_d20140716_t1803247_e1809051_b14079_c20140717000905445471_noaa_ops.h5,SVI04_npp_d20140716_t1803247_e1809051_b14079_c20140717000905432367_noaa_ops.dspace_rad,VNFF_npp_d20140716_t1803247_e1809051_b14079_v21.csv,World_EEZ_v8_2014.shp,WPP_BFAR_merge.shp,KKP_IDN_merge_20161208.shp,VNF-VBD_npp_20120301-20151231_global_asia-enhanced_c201607211230.bitmask,NCEI_NGA.union.nga_lead2.add_2015ntl.mask,timezone.shp,VBD_platforms-recurring_2015_r20170330.shp,999999,VBD_bridges_c20160811.shp,2.701723;0.592520;-1.537733;-6.424739;-11.321091;-16.224911;-21.132078;-19.454973;-16.614069;-11.826628;-7.007390;-2.161976,98.595314;112.244095;125.823792;124.798187;123.864281;123.023224;122.264351;107.621338;93.259468;94.789581;96.172417;97.426979,npp_d20140716_t1803247_e1809051_b14079,155.134,48.9786,6.20102,101.441,38.5855,82.9207
684,VBD_npp_d20140716_t1804487_x1104463E_y042251S_l0755_s1928_v23,2017-05-23 13:08:46,-4.225146,110.446289,27.0003,2014-07-16 18:04:48,2014-07-17 01:04:48,755,1928,0.420133,1,2529,0.721129,0.230504,0.860049,0.4,0.883821,0.75,0.0439086,0.0001,0.000871935,999999,-8.846704e-02,3,Indonesian Exclusive Economic Zone,WPP712,,SVDNB_npp_d20140716_t1803247_e1809051_b14079_c20140717000905445784_noaa_ops.h5,GDNBO_npp_d20140716_t1803247_e1809051_b14079_c20140717000905445471_noaa_ops.h5,SVI04_npp_d20140716_t1803247_e1809051_b14079_c20140717000905432367_noaa_ops.dspace_rad,VNFF_npp_d20140716_t1803247_e1809051_b14079_v21.csv,World_EEZ_v8_2014.shp,WPP_BFAR_merge.shp,KKP_IDN_merge_20161208.shp,VNF-VBD_npp_20120301-20151231_global_asia-enhanced_c201607211230.bitmask,NCEI_NGA.union.nga_lead2.add_2015ntl.mask,timezone.shp,VBD_platforms-recurring_2015_r20170330.shp,999999,VBD_bridges_c20160811.shp,2.701723;0.592520;-1.537733;-6.424739;-11.321091;-16.224911;-21.132078;-19.454973;-16.614069;-11.826628;-7.007390;-2.161976,98.595314;112.244095;125.823792;124.798187;123.864281;123.023224;122.264351;107.621338;93.259468;94.789581;96.172417;97.426979,npp_d20140716_t1803247_e1809051_b14079,154.064,47.1402,6.14182,101.444,38.2125,84.6137
685,VBD_npp_d20140716_t1804451_x1105036E_y040381S_l0726_s1930_v23,2017-05-23 13:08:46,-4.038136,110.503616,16.5503,2014-07-16 18:04:45,2014-07-17 01:04:45,726,1930,0.426099,8,18913,0.618225,0.244193,0.825006,0.4,0.861295,0.75,0.0439649,0.0001,0.000894405,999999,-1.808211e-01,3,Indonesian Exclusive Economic Zone,WPP712,,SVDNB_npp_d20140716_t1803247_e1809051_b14079_c20140717000905445784_noaa_ops.h5,GDNBO_npp_d20140716_t1803247_e1809051_b14079_c20140717000905445471_noaa_ops.h5,SVI04_npp_d20140716_t1803247_e1809051_b14079_c20140717000905432367_noaa_ops.dspace_rad,VNFF_npp_d20140716_t1803247_e1809051_b14079_v21.csv,World_EEZ_v8_2014.shp,WPP_BFAR_merge.shp,KKP_IDN_merge_20161208.shp,VNF-VBD_npp_20120301-20151231_global_asia-enhanced_c201607211230.bitmask,NCEI_NGA.union.nga_lead2.add_2015ntl.mask,timezone.shp,VBD_platforms-recurring_2015_r20170330.shp,0.093397,VBD_bridges_c20160811.shp,2.701723;0.592520;-1.537733;-6.424739;-11.321091;-16.224911;-21.132078;-19.454973;-16.614069;-11.826628;-7.007390;-2.161976,98.595314;112.244095;125.823792;124.798187;123.864281;123.023224;122.264351;107.621338;93.259468;94.789581;96.172417;97.426979,npp_d20140716_t1803247_e1809051_b14079,153.906,46.916,6.02316,99.8365,38.1517,84.8478
686,VBD_npp_d20140716_t1804522_x1104019E_y045027S_l0797_s1930_v23,2017-05-23 13:08:46,-4.502742,110.401947,10.5217,2014-07-16 18:04:52,2014-07-17 01:04:52,797,1930,0.426596,1,2529,0.514249,0.224744,0.782971,0.4,0.880498,0.75,0.0438514,0.0001,0.000862447,999999,-4.960634e-02,3,Indonesian Exclusive Economic Zone,WPP712,,SVDNB_npp_d20140716_t1803247_e1809051_b14079_c20140717000905445784_noaa_ops.h5,GDNBO_npp_d20140716_t1803247_e1809051_b14079_c20140717000905445471_noaa_ops.h5,SVI04_npp_d20140716_t1803247_e1809051_b14079_c20140717000905432367_noaa_ops.dspace_rad,VNFF_npp_d20140716_t1803247_e1809051_b14079_v21.csv,World_EEZ_v8_2014.shp,WPP_BFAR_merge.shp,KKP_IDN_merge_20161208.shp,VNF-VBD_npp_20120301-20151231_global_asia-enhanced_c201607211230.bitmask,NCEI_NGA.union.nga_lead2.add_2015ntl.mask,timezone.shp,VBD_platforms-recurring_2015_r20170330.shp,999999,VBD_bridges_c20160811.shp,2.701723;0.592520;-1.537733;-6.424739;-11.321091;-16.224911;-21.132078;-19.454973;-16.614069;-11.826628;-7.007390;-2.161976,98.595314;112.244095;125.823792;124.798187;123.864281;123.023224;122.264351;107.621338;93.259468;94.789581;96.172417;97.426979,npp_d20140716_t1803247_e1809051_b14079,154.274,47.5229,6.0269,96.0049,38.27,84.261
687,VBD_npp_d20140716_t1804451_x1105138E_y040602S_l0729_s1932_v23,2017-05-23 13:08:46,-4.060178,110.513809,18.8248,2014-07-16 18:04:45,2014-07-17 01:04:45,729,1932,0.388036,8,18913,0.464749,0.23449,0.843241,0.4,0.751345,0.75,0.0439701,0.0001,0.000909497,999999,-1.153592e-01,3,Indonesian Exclusive Economic Zone,WPP712,,SVDNB_npp_d20140716_t1803247_e1809051_b14079_c20140717000905445784_noaa_ops.h5,GDNBO_npp_d20140716_t1803247_e1809051_b14079_c20140717000905445471_noaa_ops.h5,SVI04_npp_d20140716_t1803247_e1809051_b14079_c20140717000905432367_noaa_ops.dspace_rad,VNFF_npp_d20140716_t1803247_e1809051_b14079_v21.csv,World_EEZ_v8_2014.shp,WPP_BFAR_merge.shp,KKP_IDN_merge_20161208.shp,VNF-VBD_npp_20120301-20151231_global_asia-enhanced_c201607211230.bitmask,NCEI_NGA.union.nga_lead2.add_2015ntl.mask,timezone.shp,VBD_platforms-recurring_2015_r20170330.shp,0.408854,VBD_bridges_c20160811.shp,2.701723;0.592520;-1.537733;-6.424739;-11.321091;-16.224911;-21.132078;-19.454973;-16.614069;-11.826628;-7.007390;-2.161976,98.595314;112.244095;125.823792;124.798187;123.864281;123.023224;122.264351;107.621338;93.259468;94.789581;96.172417;97.426979,npp_d20140716_t1803247_e1809051_b14079,153.913,46.9623,5.90725,98.175,38.1435,84.8173
688,VBD_npp_d20140716_t1804487_x1104698E_y042493S_l0758_s1932_v23,2017-05-23 13:08:46,-4.249328,110.469849,19.2859,2014-07-16 18:04:48,2014-07-17 01:04:48,758,1932,0.341686,2,2465,0.472142,0.290486,0.862322,0.4,0.738048,0.75,0.0439238,0.0001,0.000908708,999999,-4.931441e-01,3,Indonesian Exclusive Economic Zone,WPP712,,SVDNB_npp_d20140716_t1803247_e1809051_b14079_c20140717000905445784_noaa_ops.h5,GDNBO_npp_d20140716_t1803247_e1809051_b14079_c20140717000905445471_noaa_ops.h5,SVI04_npp_d20140716_t1803247_e1809051_b14079_c20140717000905432367_noaa_ops.dspace_rad,VNFF_npp_d20140716_t1803247_e1809051_b14079_v21.csv,World_EEZ_v8_2014.shp,WPP_BFAR_merge.shp,KKP_IDN_merge_20161208.shp,VNF-VBD_npp_20120301-20151231_global_asia-enhanced_c201607211230.bitmask,NCEI_NGA.union.nga_lead2.add_2015ntl.mask,timezone.shp,VBD_platforms-recurring_2015_r20170330.shp,999999,VBD_bridges_c20160811.shp,2.701723;0.592520;-1.537733;-6.424739;-11.321091;-16.224911;-21.132078;-19.454973;-16.614069;-11.826628;-7.007390;-2.161976,98.595314;112.244095;125.823792;124.798187;123.864281;123.023224;122.264351;107.621338;93.259468;94.789581;96.172417;97.426979,npp_d20140716_t1803247_e1809051_b14079,154.063,47.2077,5.90508,99.8608,38.1911,84.5778
689,VBD_npp_d20140716_t1804487_x1104807E_y042238S_l0754_s1933_v23,2017-05-23 13:08:46,-4.223845,110.480736,14.2171,2014-07-16 18:04:48,2014-07-17 01:04:48,754,1933,0.29169,1,2529,0.450108,0.254597,0.866646,0.4,0.754606,0.75,0.0439352,0.0001,0.00092928,999999,-2.510102e-01,3,Indonesian Exclusive Economic Zone,WPP712,,SVDNB_npp_d20140716_t1803247_e1809051_b14079_c20140717000905445784_noaa_ops.h5,GDNBO_npp_d20140716_t1803247_e1809051_b14079_c20140717000905445471_noaa_ops.h5,SVI04_npp_d20140716_t1803247_e1809051_b14079_c20140717000905432367_noaa_ops.dspace_rad,VNFF_npp_d20140716_t1803247_e1809051_b14079_v21.csv,World_EEZ_v8_2014.shp,WPP_BFAR_merge.shp,KKP_IDN_merge_20161208.shp,VNF-VBD_npp_20120301-20151231_global_asia-enhanced_c201607211230.bitmask,NCEI_NGA.union.nga_lead2.add_2015ntl.mask,timezone.shp,VBD_platforms-recurring_2015_r20170330.shp,999999,VBD_bridges_c20160811.shp,2.701723;0.592520;-1.537733;-6.424739;-11.321091;-16.224911;-21.132078;-19.454973;-16.614069;-11.826628;-7.007390;-2.161976,98.595314;112.244095;125.823792;124.798187;123.864281;123.023224;122.264351;107.621338;93.259468;94.789581;96.172417;97.426979,npp_d20140716_t1803247_e1809051_b14079,154.038,47.1837,5.85496,102.133,38.1777,84.6086
690,VBD_npp_d20140716_t1804469_x1105087E_y041338S_l0740_s1934_v23,2017-05-23 13:08:46,-4.133848,110.508728,10.3424,2014-07-16 18:04:46,2014-07-17 01:04:46,740,1934,0.429083,7,2465,0.385695,0.289206,0.841671,0.4,0.748956,0.75,0.0439625,0.0001,0.000939623,999999,-4.845065e-01,3,,,,SVDNB_npp_d20140716_t1803247_e1809051_b14079_c20140717000905445784_noaa_ops.h5,GDNBO_npp_d20140716_t1803247_e1809051_b14079_c20140717000905445471_noaa_ops.h5,SVI04_npp_d20140716_t1803247_e1809051_b14079_c20140717000905432367_noaa_ops.dspace_rad,VNFF_npp_d20140716_t1803247_e1809051_b14079_v21.csv,World_EEZ_v8_2014.shp,WPP_BFAR_merge.shp,KKP_IDN_merge_20161208.shp,VNF-VBD_npp_20120301-20151231_global_asia-enhanced_c201607211230.bitmask,NCEI_NGA.union.nga_lead2.add_2015ntl.mask,timezone.shp,VBD_platforms-recurring_2015_r20170330.shp,999999,VBD_bridges_c20160811.shp,2.701723;0.592520;-1.537733;-6.424739;-11.321091;-16.224911;-21.132078;-19.454973;-16.614069;-11.826628;-7.007390;-2.161976,98.595314;112.244095;125.823792;124.798187;123.864281;123.023224;122.264351;107.621338;93.259468;94.789581;96.172417;97.426979,npp_d20140716_t1803247_e1809051_b14079,153.962,47.0756,5.79383,100.999,38.1482,84.7213
691,VBD_npp_d20140716_t1804433_x1105589E_y039525S_l0712_s1935_v23,2017-05-23 13:08:46,-3.952452,110.558914,8.45394,2014-07-16 18:04:43,2014-07-17 01:04:43,712,1935,0.359917,1,2529,0.38253,0.270023,0.830102,0.4,0.802779,0.75,0.0440122,0.0001,0.000950567,999999,-3.550826e-01,3,Indonesian Exclusive Economic Zone,WPP712,,SVDNB_npp_d20140716_t1803247_e1809051_b14079_c20140717000905445784_noaa_ops.h5,GDNBO_npp_d20140716_t1803247_e1809051_b14079_c20140717000905445471_noaa_ops.h5,SVI04_npp_d20140716_t1803247_e1809051_b14079_c20140717000905432367_noaa_ops.dspace_rad,VNFF_npp_d20140716_t1803247_e1809051_b14079_v21.csv,World_EEZ_v8_2014.shp,WPP_BFAR_merge.shp,KKP_IDN_merge_20161208.shp,VNF-VBD_npp_20120301-20151231_global_asia-enhanced_c201607211230.bitmask,NCEI_NGA.union.nga_lead2.add_2015ntl.mask,timezone.shp,VBD_platforms-recurring_2015_r20170330.shp,999999,VBD_bridges_c20160811.shp,2.701723;0.592520;-1.537733;-6.424739;-11.321091;-16.224911;-21.132078;-19.454973;-16.614069;-11.826628;-7.007390;-2.161976,98.595314;112.244095;125.823792;124.798187;123.864281;123.023224;122.264351;107.621338;93.259468;94.789581;96.172417;97.426979,npp_d20140716_t1803247_e1809051_b14079,153.812,46.8517,5.72928,98.7099,38.0955,84.9502
692,VBD_npp_d20140716_t1804451_x1105328E_y040700S_l0730_s1935_v23,2017-05-23 13:08:46,-4.070000,110.532776,11.0317,2014-07-16 18:04:45,2014-07-17 01:04:45,730,1935,0.42748,1,2529,0.341492,0.275761,0.858807,0.4,0.774629,0.75,0.0439835,0.0001,0.000940815,999999,-3.937986e-01,3,Indonesian Exclusive Economic Zone,WPP712,,SVDNB_npp_d20140716_t1803247_e1809051_b14079_c20140717000905445784_noaa_ops.h5,GDNBO_npp_d20140716_t1803247_e1809051_b14079_c20140717000905445471_noaa_ops.h5,SVI04_npp_d20140716_t1803247_e1809051_b14079_c20140717000905432367_noaa_ops.dspace_rad,VNFF_npp_d20140716_t1803247_e1809051_b14079_v21.csv,World_EEZ_v8_2014.shp,WPP_BFAR_merge.shp,KKP_IDN_merge_20161208.shp,VNF-VBD_npp_20120301-20151231_global_asia-enhanced_c201607211230.bitmask,NCEI_NGA.union.nga_lead2.add_2015ntl.mask,timezone.shp,VBD_platforms-recurring_2015_r20170330.shp,999999,VBD_bridges_c20160811.shp,2.701723;0.592520;-1.537733;-6.424739;-11.321091;-16.224911;-21.132078;-19.454973;-16.614069;-11.826628;-7.007390;-2.161976,98.595314;112.244095;125.823792;124.798187;123.864281;123.023224;122.264351;107.621338;93.259468;94.789581;96.172417;97.426979,npp_d20140716_t1803247_e1809051_b14079,153.906,47.002,5.73447,97.5756,38.1253,84.801
693,VBD_npp_d20140716_t1804469_x1105038E_y042079S_l0751_s1935_v23,2017-05-23 13:08:46,-4.207908,110.503815,11.7648,2014-07-16 18:04:46,2014-07-17 01:04:46,751,1935,0.361463,7,18593,0.275051,0.248932,0.873389,0.4,0.4814,0.75,0.04395,0.0001,0.000923909,999999,-2.127901e-01,3,,,,SVDNB_npp_d20140716_t1803247_e1809051_b14079_c20140717000905445784_noaa_ops.h5,GDNBO_npp_d20140716_t1803247_e1809051_b14079_c20140717000905445471_noaa_ops.h5,SVI04_npp_d20140716_t1803247_e1809051_b14079_c20140717000905432367_noaa_ops.dspace_rad,VNFF_npp_d20140716_t1803247_e1809051_b14079_v21.csv,World_EEZ_v8_2014.shp,WPP_BFAR_merge.shp,KKP_IDN_merge_20161208.shp,VNF-VBD_npp_20120301-20151231_global_asia-enhanced_c201607211230.bitmask,NCEI_NGA.union.nga_lead2.add_2015ntl.mask,timezone.shp,VBD_platforms-recurring_2015_r20170330.shp,0.880165,VBD_bridges_c20160811.shp,2.701723;0.592520;-1.537733;-6.424739;-11.321091;-16.224911;-21.132078;-19.454973;-16.614069;-11.826628;-7.007390;-2.161976,98.595314;112.244095;125.823792;124.798187;123.864281;123.023224;122.264351;107.621338;93.259468;94.789581;96.172417;97.426979,npp_d20140716_t1803247_e1809051_b14079,154.016,47.1803,5.74908,94.6799,38.1601,84.6263
694,VBD_npp_d20140716_t1804504_x1104598E_y043971S_l0780_s1935_v23,2017-05-23 13:08:46,-4.397059,110.459824,4.19112,2014-07-16 18:04:50,2014-07-17 01:04:50,780,1935,0.425713,8,18593,0.258134,0.214082,0.828194,0.4,0.704307,0.75,0.0439037,0.0001,0.00092316,999999,2.232848e-02,3,Indonesian Exclusive Economic Zone,WPP712,,SVDNB_npp_d20140716_t1803247_e1809051_b14079_c20140717000905445784_noaa_ops.h5,GDNBO_npp_d20140716_t1803247_e1809051_b14079_c20140717000905445471_noaa_ops.h5,SVI04_npp_d20140716_t1803247_e1809051_b14079_c20140717000905432367_noaa_ops.dspace_rad,VNFF_npp_d20140716_t1803247_e1809051_b14079_v21.csv,World_EEZ_v8_2014.shp,WPP_BFAR_merge.shp,KKP_IDN_merge_20161208.shp,VNF-VBD_npp_20120301-20151231_global_asia-enhanced_c201607211230.bitmask,NCEI_NGA.union.nga_lead2.add_2015ntl.mask,timezone.shp,VBD_platforms-recurring_2015_r20170330.shp,0.214166,VBD_bridges_c20160811.shp,2.701723;0.592520;-1.537733;-6.424739;-11.321091;-16.224911;-21.132078;-19.454973;-16.614069;-11.826628;-7.007390;-2.161976,98.595314;112.244095;125.823792;124.798187;123.864281;123.023224;122.264351;107.621338;93.259468;94.789581;96.172417;97.426979,npp_d20140716_t1803247_e1809051_b14079,154.165,47.4281,5.73656,96.4137,38.2084,84.3872
695,VBD_npp_d20140716_t1805242_x1100155E_y063359S_l1077_s1935_v23,2017-05-23 13:08:46,-6.335947,110.015457,15.2002,2014-07-16 18:05:24,2014-07-17 01:05:24,1077,1935,0.416873,1,2529,0.537271,0.253824,0.705385,0.4,0.859832,0.75,0.043531,0.0001,0.00085489,999999,-2.457955e-01,3,Indonesian Exclusive Economic Zone,WPP712,,SVDNB_npp_d20140716_t1803247_e1809051_b14079_c20140717000905445784_noaa_ops.h5,GDNBO_npp_d20140716_t1803247_e1809051_b14079_c20140717000905445471_noaa_ops.h5,SVI04_npp_d20140716_t1803247_e1809051_b14079_c20140717000905432367_noaa_ops.dspace_rad,VNFF_npp_d20140716_t1803247_e1809051_b14079_v21.csv,World_EEZ_v8_2014.shp,WPP_BFAR_merge.shp,KKP_IDN_merge_20161208.shp,VNF-VBD_npp_20120301-20151231_global_asia-enhanced_c201607211230.bitmask,NCEI_NGA.union.nga_lead2.add_2015ntl.mask,timezone.shp,VBD_platforms-recurring_2015_r20170330.shp,999999,VBD_bridges_c20160811.shp,2.701723;0.592520;-1.537733;-6.424739;-11.321091;-16.224911;-21.132078;-19.454973;-16.614069;-11.826628;-7.007390;-2.161976,98.595314;112.244095;125.823792;124.798187;123.864281;123.023224;122.264351;107.621338;93.259468;94.789581;96.172417;97.426979,npp_d20140716_t1803247_e1809051_b14079,155.671,50.1479,5.73479,100.518,38.7511,81.9834
696,VBD_npp_d20140716_t1804433_x1105572E_y040066S_l0720_s1936_v23,2017-05-23 13:08:46,-4.006595,110.557167,24.5321,2014-07-16 18:04:43,2014-07-17 01:04:43,720,1936,0.35721,1,2529,0.525636,0.285148,0.83405,0.4,0.825043,0.75,0.0440044,0.0001,0.000942059,999999,-4.571298e-01,3,Indonesian Exclusive Economic Zone,WPP712,,SVDNB_npp_d20140716_t1803247_e1809051_b14079_c20140717000905445784_noaa_ops.h5,GDNBO_npp_d20140716_t1803247_e1809051_b14079_c20140717000905445471_noaa_ops.h5,SVI04_npp_d20140716_t1803247_e1809051_b14079_c20140717000905432367_noaa_ops.dspace_rad,VNFF_npp_d20140716_t1803247_e1809051_b14079_v21.csv,World_EEZ_v8_2014.shp,WPP_BFAR_merge.shp,KKP_IDN_merge_20161208.shp,VNF-VBD_npp_20120301-20151231_global_asia-enhanced_c201607211230.bitmask,NCEI_NGA.union.nga_lead2.add_2015ntl.mask,timezone.shp,VBD_platforms-recurring_2015_r20170330.shp,999999,VBD_bridges_c20160811.shp,2.701723;0.592520;-1.537733;-6.424739;-11.321091;-16.224911;-21.132078;-19.454973;-16.614069;-11.826628;-7.007390;-2.161976,98.595314;112.244095;125.823792;124.798187;123.864281;123.023224;122.264351;107.621338;93.259468;94.789581;96.172417;97.426979,npp_d20140716_t1803247_e1809051_b14079,153.851,46.9298,5.69269,94.0492,38.1021,84.8802
697,VBD_npp_d20140716_t1804469_x1105168E_y041692S_l0745_s1936_v23,2017-05-23 13:08:46,-4.169154,110.516808,17.9086,2014-07-16 18:04:46,2014-07-17 01:04:46,745,1936,0.291855,2,2465,0.329987,0.258909,0.865658,0.4,0.626067,0.75,0.0439646,0.0001,0.00095037,999999,-2.801019e-01,3,Indonesian Exclusive Economic Zone,WPP712,,SVDNB_npp_d20140716_t1803247_e1809051_b14079_c20140717000905445784_noaa_ops.h5,GDNBO_npp_d20140716_t1803247_e1809051_b14079_c20140717000905445471_noaa_ops.h5,SVI04_npp_d20140716_t1803247_e1809051_b14079_c20140717000905432367_noaa_ops.dspace_rad,VNFF_npp_d20140716_t1803247_e1809051_b14079_v21.csv,World_EEZ_v8_2014.shp,WPP_BFAR_merge.shp,KKP_IDN_merge_20161208.shp,VNF-VBD_npp_20120301-20151231_global_asia-enhanced_c201607211230.bitmask,NCEI_NGA.union.nga_lead2.add_2015ntl.mask,timezone.shp,VBD_platforms-recurring_2015_r20170330.shp,999999,VBD_bridges_c20160811.shp,2.701723;0.592520;-1.537733;-6.424739;-11.321091;-16.224911;-21.132078;-19.454973;-16.614069;-11.826628;-7.007390;-2.161976,98.595314;112.244095;125.823792;124.798187;123.864281;123.023224;122.264351;107.621338;93.259468;94.789581;96.172417;97.426979,npp_d20140716_t1803247_e1809051_b14079,153.98,47.1392,5.67522,98.1285,38.1434,84.674
698,VBD_npp_d20140716_t1804469_x1105115E_y042023S_l0750_s1936_v23,2017-05-23 13:08:46,-4.202331,110.511536,24.5836,2014-07-16 18:04:46,2014-07-17 01:04:46,750,1936,0.415548,8,18849,0.361065,0.236763,0.87131,0.4,0.701909,0.75,0.0439566,0.0001,0.000937736,999999,-1.306908e-01,3,Indonesian Exclusive Economic Zone,WPP712,,SVDNB_npp_d20140716_t1803247_e1809051_b14079_c20140717000905445784_noaa_ops.h5,GDNBO_npp_d20140716_t1803247_e1809051_b14079_c20140717000905445471_noaa_ops.h5,SVI04_npp_d20140716_t1803247_e1809051_b14079_c20140717000905432367_noaa_ops.dspace_rad,VNFF_npp_d20140716_t1803247_e1809051_b14079_v21.csv,World_EEZ_v8_2014.shp,WPP_BFAR_merge.shp,KKP_IDN_merge_20161208.shp,VNF-VBD_npp_20120301-20151231_global_asia-enhanced_c201607211230.bitmask,NCEI_NGA.union.nga_lead2.add_2015ntl.mask,timezone.shp,VBD_platforms-recurring_2015_r20170330.shp,0.857282,VBD_bridges_c20160811.shp,2.701723;0.592520;-1.537733;-6.424739;-11.321091;-16.224911;-21.132078;-19.454973;-16.614069;-11.826628;-7.007390;-2.161976,98.595314;112.244095;125.823792;124.798187;123.864281;123.023224;122.264351;107.621338;93.259468;94.789581;96.172417;97.426979,npp_d20140716_t1803247_e1809051_b14079,154.006,47.1821,5.68712,95.2184,38.1518,84.632
699,VBD_npp_d20140716_t1804487_x1105018E_y042204S_l0753_s1936_v23,2017-05-23 13:08:46,-4.220408,110.501808,24.5098,2014-07-16 18:04:48,2014-07-17 01:04:48,753,1936,0.425547,1,2529,0.619053,0.241148,0.873389,0.4,0.859972,0.75,0.0439518,0.0001,0.000966138,999999,-1.602782e-01,3,Indonesian Exclusive Economic Zone,WPP712,,SVDNB_npp_d20140716_t1803247_e1809051_b14079_c20140717000905445784_noaa_ops.h5,GDNBO_npp_d20140716_t1803247_e1809051_b14079_c20140717000905445471_noaa_ops.h5,SVI04_npp_d20140716_t1803247_e1809051_b14079_c20140717000905432367_noaa_ops.dspace_rad,VNFF_npp_d20140716_t1803247_e1809051_b14079_v21.csv,World_EEZ_v8_2014.shp,WPP_BFAR_merge.shp,KKP_IDN_merge_20161208.shp,VNF-VBD_npp_20120301-20151231_global_asia-enhanced_c201607211230.bitmask,NCEI_NGA.union.nga_lead2.add_2015ntl.mask,timezone.shp,VBD_platforms-recurring_2015_r20170330.shp,999999,VBD_bridges_c20160811.shp,2.701723;0.592520;-1.537733;-6.424739;-11.321091;-16.224911;-21.132078;-19.454973;-16.614069;-11.826628;-7.007390;-2.161976,98.595314;112.244095;125.823792;124.798187;123.864281;123.023224;122.264351;107.621338;93.259468;94.789581;96.172417;97.426979,npp_d20140716_t1803247_e1809051_b14079,154.02,47.2063,5.68476,102.813,38.1561,84.609
700,VBD_npp_d20140716_t1805136_x1101601E_y057433S_l0986_s1936_v23,2017-05-23 13:08:46,-5.743267,110.160080,5.87438,2014-07-16 18:05:13,2014-07-17 01:05:13,986,1936,0.424497,1,2529,0.340172,0.216999,0.703072,0.4,0.820384,0.75,0.0435581,0.0001,0.00088071,999999,2.651825e-03,3,Indonesian Exclusive Economic Zone,WPP712,Karimun Jawa Marine National Park,SVDNB_npp_d20140716_t1803247_e1809051_b14079_c20140717000905445784_noaa_ops.h5,GDNBO_npp_d20140716_t1803247_e1809051_b14079_c20140717000905445471_noaa_ops.h5,SVI04_npp_d20140716_t1803247_e1809051_b14079_c20140717000905432367_noaa_ops.dspace_rad,VNFF_npp_d20140716_t1803247_e1809051_b14079_v21.csv,World_EEZ_v8_2014.shp,WPP_BFAR_merge.shp,KKP_IDN_merge_20161208.shp,VNF-VBD_npp_20120301-20151231_global_asia-enhanced_c201607211230.bitmask,NCEI_NGA.union.nga_lead2.add_2015ntl.mask,timezone.shp,VBD_platforms-recurring_2015_r20170330.shp,999999,VBD_bridges_c20160811.shp,2.701723;0.592520;-1.537733;-6.424739;-11.321091;-16.224911;-21.132078;-19.454973;-16.614069;-11.826628;-7.007390;-2.161976,98.595314;112.244095;125.823792;124.798187;123.864281;123.023224;122.264351;107.621338;93.259468;94.789581;96.172417;97.426979,npp_d20140716_t1803247_e1809051_b14079,155.211,49.2889,5.67372,97.606,38.5694,82.7071
701,VBD_npp_d20140716_t1804451_x1105524E_y040323S_l0724_s1937_v23,2017-05-23 13:08:46,-4.032313,110.552422,15.876,2014-07-16 18:04:45,2014-07-17 01:04:45,724,1937,0.380136,2,2465,0.408293,0.289842,0.848149,0.4,0.742203,0.75,0.0440031,0.0001,0.000978716,999999,-4.887960e-01,3,Indonesian Exclusive Economic Zone,WPP712,,SVDNB_npp_d20140716_t1803247_e1809051_b14079_c20140717000905445784_noaa_ops.h5,GDNBO_npp_d20140716_t1803247_e1809051_b14079_c20140717000905445471_noaa_ops.h5,SVI04_npp_d20140716_t1803247_e1809051_b14079_c20140717000905432367_noaa_ops.dspace_rad,VNFF_npp_d20140716_t1803247_e1809051_b14079_v21.csv,World_EEZ_v8_2014.shp,WPP_BFAR_merge.shp,KKP_IDN_merge_20161208.shp,VNF-VBD_npp_20120301-20151231_global_asia-enhanced_c201607211230.bitmask,NCEI_NGA.union.nga_lead2.add_2015ntl.mask,timezone.shp,VBD_platforms-recurring_2015_r20170330.shp,999999,VBD_bridges_c20160811.shp,2.701723;0.592520;-1.537733;-6.424739;-11.321091;-16.224911;-21.132078;-19.454973;-16.614069;-11.826628;-7.007390;-2.161976,98.595314;112.244095;125.823792;124.798187;123.864281;123.023224;122.264351;107.621338;93.259468;94.789581;96.172417;97.426979,npp_d20140716_t1803247_e1809051_b14079,153.866,46.9717,5.62021,101.078,38.102,84.8462
702,VBD_npp_d20140716_t1804469_x1105298E_y041304S_l0739_s1937_v23,2017-05-23 13:08:46,-4.130407,110.529785,15.7731,2014-07-16 18:04:46,2014-07-17 01:04:46,739,1937,0.417371,1,2529,0.480286,0.258474,0.867747,0.4,0.773399,0.75,0.0439791,0.0001,0.000976811,999999,-2.771675e-01,3,Indonesian Exclusive Economic Zone,WPP712,,SVDNB_npp_d20140716_t1803247_e1809051_b14079_c20140717000905445784_noaa_ops.h5,GDNBO_npp_d20140716_t1803247_e1809051_b14079_c20140717000905445471_noaa_ops.h5,SVI04_npp_d20140716_t1803247_e1809051_b14079_c20140717000905432367_noaa_ops.dspace_rad,VNFF_npp_d20140716_t1803247_e1809051_b14079_v21.csv,World_EEZ_v8_2014.shp,WPP_BFAR_merge.shp,KKP_IDN_merge_20161208.shp,VNF-VBD_npp_20120301-20151231_global_asia-enhanced_c201607211230.bitmask,NCEI_NGA.union.nga_lead2.add_2015ntl.mask,timezone.shp,VBD_platforms-recurring_2015_r20170330.shp,999999,VBD_bridges_c20160811.shp,2.701723;0.592520;-1.537733;-6.424739;-11.321091;-16.224911;-21.132078;-19.454973;-16.614069;-11.826628;-7.007390;-2.161976,98.595314;112.244095;125.823792;124.798187;123.864281;123.023224;122.264351;107.621338;93.259468;94.789581;96.172417;97.426979,npp_d20140716_t1803247_e1809051_b14079,153.944,47.0982,5.62234,101.652,38.1267,84.7217
703,VBD_npp_d20140716_t1804469_x1105266E_y041503S_l0742_s1937_v23,2017-05-23 13:08:46,-4.150311,110.526634,27.3597,2014-07-16 18:04:46,2014-07-17 01:04:46,742,1937,0.392345,1,2529,0.650561,0.268267,0.867747,0.4,0.854467,0.75,0.0439743,0.0001,0.000969422,999999,-3.432374e-01,3,Indonesian Exclusive Economic Zone,WPP712,,SVDNB_npp_d20140716_t1803247_e1809051_b14079_c20140717000905445784_noaa_ops.h5,GDNBO_npp_d20140716_t1803247_e1809051_b14079_c20140717000905445471_noaa_ops.h5,SVI04_npp_d20140716_t1803247_e1809051_b14079_c20140717000905432367_noaa_ops.dspace_rad,VNFF_npp_d20140716_t1803247_e1809051_b14079_v21.csv,World_EEZ_v8_2014.shp,WPP_BFAR_merge.shp,KKP_IDN_merge_20161208.shp,VNF-VBD_npp_20120301-20151231_global_asia-enhanced_c201607211230.bitmask,NCEI_NGA.union.nga_lead2.add_2015ntl.mask,timezone.shp,VBD_platforms-recurring_2015_r20170330.shp,999999,VBD_bridges_c20160811.shp,2.701723;0.592520;-1.537733;-6.424739;-11.321091;-16.224911;-21.132078;-19.454973;-16.614069;-11.826628;-7.007390;-2.161976,98.595314;112.244095;125.823792;124.798187;123.864281;123.023224;122.264351;107.621338;93.259468;94.789581;96.172417;97.426979,npp_d20140716_t1803247_e1809051_b14079,153.96,47.1238,5.61713,99.8854,38.1317,84.6965
704,VBD_npp_d20140716_t1804469_x1105203E_y041901S_l0748_s1937_v23,2017-05-23 13:08:46,-4.190120,110.520317,22.492,2014-07-16 18:04:46,2014-07-17 01:04:46,748,1937,0.424829,1,2529,0.576921,0.277704,0.87131,0.4,0.849014,0.75,0.0439648,0.0001,0.000954293,999999,-4.069052e-01,3,Indonesian Exclusive Economic Zone,WPP712,,SVDNB_npp_d20140716_t1803247_e1809051_b14079_c20140717000905445784_noaa_ops.h5,GDNBO_npp_d20140716_t1803247_e1809051_b14079_c20140717000905445471_noaa_ops.h5,SVI04_npp_d20140716_t1803247_e1809051_b14079_c20140717000905432367_noaa_ops.dspace_rad,VNFF_npp_d20140716_t1803247_e1809051_b14079_v21.csv,World_EEZ_v8_2014.shp,WPP_BFAR_merge.shp,KKP_IDN_merge_20161208.shp,VNF-VBD_npp_20120301-20151231_global_asia-enhanced_c201607211230.bitmask,NCEI_NGA.union.nga_lead2.add_2015ntl.mask,timezone.shp,VBD_platforms-recurring_2015_r20170330.shp,999999,VBD_bridges_c20160811.shp,2.701723;0.592520;-1.537733;-6.424739;-11.321091;-16.224911;-21.132078;-19.454973;-16.614069;-11.826628;-7.007390;-2.161976,98.595314;112.244095;125.823792;124.798187;123.864281;123.023224;122.264351;107.621338;93.259468;94.789581;96.172417;97.426979,npp_d20140716_t1803247_e1809051_b14079,153.992,47.1753,5.62268,96.356,38.1418,84.6461
705,VBD_npp_d20140716_t1804504_x1104742E_y043925S_l0779_s1937_v23,2017-05-23 13:08:46,-4.392545,110.474228,9.81964,2014-07-16 18:04:50,2014-07-17 01:04:50,779,1937,0.428751,1,2529,0.477094,0.216743,0.828194,0.4,0.8635,0.75,0.0439153,0.0001,0.000948365,999999,4.374732e-03,3,Indonesian Exclusive Economic Zone,WPP712,,SVDNB_npp_d20140716_t1803247_e1809051_b14079_c20140717000905445784_noaa_ops.h5,GDNBO_npp_d20140716_t1803247_e1809051_b14079_c20140717000905445471_noaa_ops.h5,SVI04_npp_d20140716_t1803247_e1809051_b14079_c20140717000905432367_noaa_ops.dspace_rad,VNFF_npp_d20140716_t1803247_e1809051_b14079_v21.csv,World_EEZ_v8_2014.shp,WPP_BFAR_merge.shp,KKP_IDN_merge_20161208.shp,VNF-VBD_npp_20120301-20151231_global_asia-enhanced_c201607211230.bitmask,NCEI_NGA.union.nga_lead2.add_2015ntl.mask,timezone.shp,VBD_platforms-recurring_2015_r20170330.shp,999999,VBD_bridges_c20160811.shp,2.701723;0.592520;-1.537733;-6.424739;-11.321091;-16.224911;-21.132078;-19.454973;-16.614069;-11.826628;-7.007390;-2.161976,98.595314;112.244095;125.823792;124.798187;123.864281;123.023224;122.264351;107.621338;93.259468;94.789581;96.172417;97.426979,npp_d20140716_t1803247_e1809051_b14079,154.152,47.4402,5.61829,96.95,38.1934,84.3901
706,VBD_npp_d20140716_t1804433_x1105779E_y039623S_l0713_s1938_v23,2017-05-23 13:08:46,-3.962270,110.577866,15.8312,2014-07-16 18:04:43,2014-07-17 01:04:43,713,1938,0.406874,1,2529,0.590115,0.270341,0.830102,0.4,0.864705,0.75,0.0440256,0.0001,0.0009831,999999,-3.572296e-01,3,Indonesian Exclusive Economic Zone,WPP712,,SVDNB_npp_d20140716_t1803247_e1809051_b14079_c20140717000905445784_noaa_ops.h5,GDNBO_npp_d20140716_t1803247_e1809051_b14079_c20140717000905445471_noaa_ops.h5,SVI04_npp_d20140716_t1803247_e1809051_b14079_c20140717000905432367_noaa_ops.dspace_rad,VNFF_npp_d20140716_t1803247_e1809051_b14079_v21.csv,World_EEZ_v8_2014.shp,WPP_BFAR_merge.shp,KKP_IDN_merge_20161208.shp,VNF-VBD_npp_20120301-20151231_global_asia-enhanced_c201607211230.bitmask,NCEI_NGA.union.nga_lead2.add_2015ntl.mask,timezone.shp,VBD_platforms-recurring_2015_r20170330.shp,999999,VBD_bridges_c20160811.shp,2.701723;0.592520;-1.537733;-6.424739;-11.321091;-16.224911;-21.132078;-19.454973;-16.614069;-11.826628;-7.007390;-2.161976,98.595314;112.244095;125.823792;124.798187;123.864281;123.023224;122.264351;107.621338;93.259468;94.789581;96.172417;97.426979,npp_d20140716_t1803247_e1809051_b14079,153.805,46.8913,5.55596,98.1082,38.0773,84.934
707,VBD_npp_d20140716_t1804487_x1105109E_y042491S_l0757_s1938_v23,2017-05-23 13:08:46,-4.249078,110.510941,24.7475,2014-07-16 18:04:48,2014-07-17 01:04:48,757,1938,0.339973,1,2529,0.512647,0.277054,0.864611,0.4,0.770891,0.75,0.0439554,0.0001,0.000979774,999999,-4.025211e-01,3,Indonesian Exclusive Economic Zone,WPP712,,SVDNB_npp_d20140716_t1803247_e1809051_b14079_c20140717000905445784_noaa_ops.h5,GDNBO_npp_d20140716_t1803247_e1809051_b14079_c20140717000905445471_noaa_ops.h5,SVI04_npp_d20140716_t1803247_e1809051_b14079_c20140717000905432367_noaa_ops.dspace_rad,VNFF_npp_d20140716_t1803247_e1809051_b14079_v21.csv,World_EEZ_v8_2014.shp,WPP_BFAR_merge.shp,KKP_IDN_merge_20161208.shp,VNF-VBD_npp_20120301-20151231_global_asia-enhanced_c201607211230.bitmask,NCEI_NGA.union.nga_lead2.add_2015ntl.mask,timezone.shp,VBD_platforms-recurring_2015_r20170330.shp,999999,VBD_bridges_c20160811.shp,2.701723;0.592520;-1.537733;-6.424739;-11.321091;-16.224911;-21.132078;-19.454973;-16.614069;-11.826628;-7.007390;-2.161976,98.595314;112.244095;125.823792;124.798187;123.864281;123.023224;122.264351;107.621338;93.259468;94.789581;96.172417;97.426979,npp_d20140716_t1803247_e1809051_b14079,154.033,47.2615,5.55837,100.513,38.1497,84.57
708,VBD_npp_d20140716_t1804469_x1105431E_y041325S_l0739_s1939_v23,2017-05-23 13:08:46,-4.132537,110.543121,17.7095,2014-07-16 18:04:46,2014-07-17 01:04:46,739,1939,0.391019,1,2529,0.569579,0.245326,0.869235,0.4,0.858663,0.75,0.0439891,0.0001,0.00100061,999999,-1.884665e-01,3,Indonesian Exclusive Economic Zone,WPP712,,SVDNB_npp_d20140716_t1803247_e1809051_b14079_c20140717000905445784_noaa_ops.h5,GDNBO_npp_d20140716_t1803247_e1809051_b14079_c20140717000905445471_noaa_ops.h5,SVI04_npp_d20140716_t1803247_e1809051_b14079_c20140717000905432367_noaa_ops.dspace_rad,VNFF_npp_d20140716_t1803247_e1809051_b14079_v21.csv,World_EEZ_v8_2014.shp,WPP_BFAR_merge.shp,KKP_IDN_merge_20161208.shp,VNF-VBD_npp_20120301-20151231_global_asia-enhanced_c201607211230.bitmask,NCEI_NGA.union.nga_lead2.add_2015ntl.mask,timezone.shp,VBD_platforms-recurring_2015_r20170330.shp,999999,VBD_bridges_c20160811.shp,2.701723;0.592520;-1.537733;-6.424739;-11.321091;-16.224911;-21.132078;-19.454973;-16.614069;-11.826628;-7.007390;-2.161976,98.595314;112.244095;125.823792;124.798187;123.864281;123.023224;122.264351;107.621338;93.259468;94.789581;96.172417;97.426979,npp_d20140716_t1803247_e1809051_b14079,153.936,47.1189,5.5065,101.708,38.1134,84.7164
709,VBD_npp_d20140716_t1804469_x1105389E_y041591S_l0743_s1939_v23,2017-05-23 13:08:46,-4.159071,110.538918,25.841,2014-07-16 18:04:46,2014-07-17 01:04:46,743,1939,0.429027,8,18913,0.649392,0.280948,0.873579,0.4,0.865727,0.75,0.0439827,0.0001,0.000990504,999999,-4.287941e-01,3,Indonesian Exclusive Economic Zone,WPP712,,SVDNB_npp_d20140716_t1803247_e1809051_b14079_c20140717000905445784_noaa_ops.h5,GDNBO_npp_d20140716_t1803247_e1809051_b14079_c20140717000905445471_noaa_ops.h5,SVI04_npp_d20140716_t1803247_e1809051_b14079_c20140717000905432367_noaa_ops.dspace_rad,VNFF_npp_d20140716_t1803247_e1809051_b14079_v21.csv,World_EEZ_v8_2014.shp,WPP_BFAR_merge.shp,KKP_IDN_merge_20161208.shp,VNF-VBD_npp_20120301-20151231_global_asia-enhanced_c201607211230.bitmask,NCEI_NGA.union.nga_lead2.add_2015ntl.mask,timezone.shp,VBD_platforms-recurring_2015_r20170330.shp,0.859154,VBD_bridges_c20160811.shp,2.701723;0.592520;-1.537733;-6.424739;-11.321091;-16.224911;-21.132078;-19.454973;-16.614069;-11.826628;-7.007390;-2.161976,98.595314;112.244095;125.823792;124.798187;123.864281;123.023224;122.264351;107.621338;93.259468;94.789581;96.172417;97.426979,npp_d20140716_t1803247_e1809051_b14079,153.957,47.1532,5.50061,99.3044,38.1202,84.6828
710,VBD_npp_d20140716_t1804469_x1105326E_y041989S_l0749_s1939_v23,2017-05-23 13:08:46,-4.198873,110.532600,13.9678,2014-07-16 18:04:46,2014-07-17 01:04:46,749,1939,0.414553,1,2529,0.413388,0.250763,0.870842,0.4,0.757027,0.75,0.0439732,0.0001,0.000974933,999999,-2.251461e-01,3,Indonesian Exclusive Economic Zone,WPP712,,SVDNB_npp_d20140716_t1803247_e1809051_b14079_c20140717000905445784_noaa_ops.h5,GDNBO_npp_d20140716_t1803247_e1809051_b14079_c20140717000905445471_noaa_ops.h5,SVI04_npp_d20140716_t1803247_e1809051_b14079_c20140717000905432367_noaa_ops.dspace_rad,VNFF_npp_d20140716_t1803247_e1809051_b14079_v21.csv,World_EEZ_v8_2014.shp,WPP_BFAR_merge.shp,KKP_IDN_merge_20161208.shp,VNF-VBD_npp_20120301-20151231_global_asia-enhanced_c201607211230.bitmask,NCEI_NGA.union.nga_lead2.add_2015ntl.mask,timezone.shp,VBD_platforms-recurring_2015_r20170330.shp,999999,VBD_bridges_c20160811.shp,2.701723;0.592520;-1.537733;-6.424739;-11.321091;-16.224911;-21.132078;-19.454973;-16.614069;-11.826628;-7.007390;-2.161976,98.595314;112.244095;125.823792;124.798187;123.864281;123.023224;122.264351;107.621338;93.259468;94.789581;96.172417;97.426979,npp_d20140716_t1803247_e1809051_b14079,153.989,47.2046,5.50988,95.7019,38.1303,84.6324
711,VBD_npp_d20140716_t1804487_x1105218E_y042236S_l0753_s1939_v23,2017-05-23 13:08:46,-4.223607,110.521812,39.2089,2014-07-16 18:04:48,2014-07-17 01:04:48,753,1939,0.412233,1,2529,0.705933,0.258368,0.867531,0.4,0.812814,0.75,0.0439668,0.0001,0.00100171,999999,-2.764554e-01,3,Indonesian Exclusive Economic Zone,WPP712,,SVDNB_npp_d20140716_t1803247_e1809051_b14079_c20140717000905445784_noaa_ops.h5,GDNBO_npp_d20140716_t1803247_e1809051_b14079_c20140717000905445471_noaa_ops.h5,SVI04_npp_d20140716_t1803247_e1809051_b14079_c20140717000905432367_noaa_ops.dspace_rad,VNFF_npp_d20140716_t1803247_e1809051_b14079_v21.csv,World_EEZ_v8_2014.shp,WPP_BFAR_merge.shp,KKP_IDN_merge_20161208.shp,VNF-VBD_npp_20120301-20151231_global_asia-enhanced_c201607211230.bitmask,NCEI_NGA.union.nga_lead2.add_2015ntl.mask,timezone.shp,VBD_platforms-recurring_2015_r20170330.shp,999999,VBD_bridges_c20160811.shp,2.701723;0.592520;-1.537733;-6.424739;-11.321091;-16.224911;-21.132078;-19.454973;-16.614069;-11.826628;-7.007390;-2.161976,98.595314;112.244095;125.823792;124.798187;123.864281;123.023224;122.264351;107.621338;93.259468;94.789581;96.172417;97.426979,npp_d20140716_t1803247_e1809051_b14079,154.008,47.2374,5.51122,102.935,38.1363,84.6009
712,VBD_npp_d20140716_t1804487_x1105274E_y042313S_l0754_s1940_v23,2017-05-23 13:08:46,-4.231306,110.527435,24.9053,2014-07-16 18:04:48,2014-07-17 01:04:48,754,1940,0.35279,7,2465,0.295351,0.275222,0.867531,0.4,0.66494,0.75,0.0439702,0.0001,0.00101127,999999,-3.901622e-01,3,,,,SVDNB_npp_d20140716_t1803247_e1809051_b14079_c20140717000905445784_noaa_ops.h5,GDNBO_npp_d20140716_t1803247_e1809051_b14079_c20140717000905445471_noaa_ops.h5,SVI04_npp_d20140716_t1803247_e1809051_b14079_c20140717000905432367_noaa_ops.dspace_rad,VNFF_npp_d20140716_t1803247_e1809051_b14079_v21.csv,World_EEZ_v8_2014.shp,WPP_BFAR_merge.shp,KKP_IDN_merge_20161208.shp,VNF-VBD_npp_20120301-20151231_global_asia-enhanced_c201607211230.bitmask,NCEI_NGA.union.nga_lead2.add_2015ntl.mask,timezone.shp,VBD_platforms-recurring_2015_r20170330.shp,999999,VBD_bridges_c20160811.shp,2.701723;0.592520;-1.537733;-6.424739;-11.321091;-16.224911;-21.132078;-19.454973;-16.614069;-11.826628;-7.007390;-2.161976,98.595314;112.244095;125.823792;124.798187;123.864281;123.023224;122.264351;107.621338;93.259468;94.789581;96.172417;97.426979,npp_d20140716_t1803247_e1809051_b14079,154.009,47.2564,5.44973,102.369,38.1314,84.5898
713,VBD_npp_d20140716_t1804487_x1105253E_y042446S_l0756_s1940_v23,2017-05-23 13:08:46,-4.244572,110.525330,24.7195,2014-07-16 18:04:48,2014-07-17 01:04:48,756,1940,0.400908,1,2529,0.562314,0.276824,0.857396,0.4,0.850441,0.75,0.043967,0.0001,0.00100617,999999,-4.009668e-01,3,Indonesian Exclusive Economic Zone,WPP712,,SVDNB_npp_d20140716_t1803247_e1809051_b14079_c20140717000905445784_noaa_ops.h5,GDNBO_npp_d20140716_t1803247_e1809051_b14079_c20140717000905445471_noaa_ops.h5,SVI04_npp_d20140716_t1803247_e1809051_b14079_c20140717000905432367_noaa_ops.dspace_rad,VNFF_npp_d20140716_t1803247_e1809051_b14079_v21.csv,World_EEZ_v8_2014.shp,WPP_BFAR_merge.shp,KKP_IDN_merge_20161208.shp,VNF-VBD_npp_20120301-20151231_global_asia-enhanced_c201607211230.bitmask,NCEI_NGA.union.nga_lead2.add_2015ntl.mask,timezone.shp,VBD_platforms-recurring_2015_r20170330.shp,999999,VBD_bridges_c20160811.shp,2.701723;0.592520;-1.537733;-6.424739;-11.321091;-16.224911;-21.132078;-19.454973;-16.614069;-11.826628;-7.007390;-2.161976,98.595314;112.244095;125.823792;124.798187;123.864281;123.023224;122.264351;107.621338;93.259468;94.789581;96.172417;97.426979,npp_d20140716_t1803247_e1809051_b14079,154.02,47.2736,5.44426,101.154,38.1348,84.573
714,VBD_npp_d20140716_t1804451_x1105791E_y040366S_l0724_s1941_v23,2017-05-23 13:08:46,-4.036567,110.579086,11.2366,2014-07-16 18:04:45,2014-07-17 01:04:45,724,1941,0.369198,1,2529,0.468884,0.28057,0.856472,0.4,0.798141,0.75,0.044023,0.0001,0.00102688,999999,-4.262401e-01,3,Indonesian Exclusive Economic Zone,WPP712,,SVDNB_npp_d20140716_t1803247_e1809051_b14079_c20140717000905445784_noaa_ops.h5,GDNBO_npp_d20140716_t1803247_e1809051_b14079_c20140717000905445471_noaa_ops.h5,SVI04_npp_d20140716_t1803247_e1809051_b14079_c20140717000905432367_noaa_ops.dspace_rad,VNFF_npp_d20140716_t1803247_e1809051_b14079_v21.csv,World_EEZ_v8_2014.shp,WPP_BFAR_merge.shp,KKP_IDN_merge_20161208.shp,VNF-VBD_npp_20120301-20151231_global_asia-enhanced_c201607211230.bitmask,NCEI_NGA.union.nga_lead2.add_2015ntl.mask,timezone.shp,VBD_platforms-recurring_2015_r20170330.shp,999999,VBD_bridges_c20160811.shp,2.701723;0.592520;-1.537733;-6.424739;-11.321091;-16.224911;-21.132078;-19.454973;-16.614069;-11.826628;-7.007390;-2.161976,98.595314;112.244095;125.823792;124.798187;123.864281;123.023224;122.264351;107.621338;93.259468;94.789581;96.172417;97.426979,npp_d20140716_t1803247_e1809051_b14079,153.85,47.0131,5.38843,101.17,38.0755,84.8357
715,VBD_npp_d20140716_t1804451_x1105696E_y040963S_l0733_s1941_v23,2017-05-23 13:08:46,-4.096259,110.569626,21.9505,2014-07-16 18:04:45,2014-07-17 01:04:45,733,1941,0.358646,1,2529,0.59097,0.274214,0.857328,0.4,0.817935,0.75,0.0440087,0.0001,0.0010033,999999,-3.833606e-01,3,Indonesian Exclusive Economic Zone,WPP712,,SVDNB_npp_d20140716_t1803247_e1809051_b14079_c20140717000905445784_noaa_ops.h5,GDNBO_npp_d20140716_t1803247_e1809051_b14079_c20140717000905445471_noaa_ops.h5,SVI04_npp_d20140716_t1803247_e1809051_b14079_c20140717000905432367_noaa_ops.dspace_rad,VNFF_npp_d20140716_t1803247_e1809051_b14079_v21.csv,World_EEZ_v8_2014.shp,WPP_BFAR_merge.shp,KKP_IDN_merge_20161208.shp,VNF-VBD_npp_20120301-20151231_global_asia-enhanced_c201607211230.bitmask,NCEI_NGA.union.nga_lead2.add_2015ntl.mask,timezone.shp,VBD_platforms-recurring_2015_r20170330.shp,999999,VBD_bridges_c20160811.shp,2.701723;0.592520;-1.537733;-6.424739;-11.321091;-16.224911;-21.132078;-19.454973;-16.614069;-11.826628;-7.007390;-2.161976,98.595314;112.244095;125.823792;124.798187;123.864281;123.023224;122.264351;107.621338;93.259468;94.789581;96.172417;97.426979,npp_d20140716_t1803247_e1809051_b14079,153.897,47.0897,5.39409,95.6492,38.0906,84.76
716,VBD_npp_d20140716_t1804469_x1105491E_y041811S_l0746_s1941_v23,2017-05-23 13:08:46,-4.181092,110.549088,14.5719,2014-07-16 18:04:46,2014-07-17 01:04:46,746,1941,0.374777,7,2465,0.374483,0.242238,0.873579,0.4,0.67829,0.75,0.0439879,0.0001,0.00100664,999999,-1.676319e-01,3,,,,SVDNB_npp_d20140716_t1803247_e1809051_b14079_c20140717000905445784_noaa_ops.h5,GDNBO_npp_d20140716_t1803247_e1809051_b14079_c20140717000905445471_noaa_ops.h5,SVI04_npp_d20140716_t1803247_e1809051_b14079_c20140717000905432367_noaa_ops.dspace_rad,VNFF_npp_d20140716_t1803247_e1809051_b14079_v21.csv,World_EEZ_v8_2014.shp,WPP_BFAR_merge.shp,KKP_IDN_merge_20161208.shp,VNF-VBD_npp_20120301-20151231_global_asia-enhanced_c201607211230.bitmask,NCEI_NGA.union.nga_lead2.add_2015ntl.mask,timezone.shp,VBD_platforms-recurring_2015_r20170330.shp,999999,VBD_bridges_c20160811.shp,2.701723;0.592520;-1.537733;-6.424739;-11.321091;-16.224911;-21.132078;-19.454973;-16.614069;-11.826628;-7.007390;-2.161976,98.595314;112.244095;125.823792;124.798187;123.864281;123.023224;122.264351;107.621338;93.259468;94.789581;96.172417;97.426979,npp_d20140716_t1803247_e1809051_b14079,153.964,47.1996,5.3866,97.4719,38.112,84.6523
717,VBD_npp_d20140716_t1804504_x1104999E_y044034S_l0780_s1941_v23,2017-05-23 13:08:46,-4.403419,110.499855,20.5473,2014-07-16 18:04:50,2014-07-17 01:04:50,780,1941,0.42632,1,2529,0.714922,0.213512,0.839077,0.4,0.911802,0.75,0.0439337,0.0001,0.000992399,999999,2.617559e-02,3,Indonesian Exclusive Economic Zone,WPP712,,SVDNB_npp_d20140716_t1803247_e1809051_b14079_c20140717000905445784_noaa_ops.h5,GDNBO_npp_d20140716_t1803247_e1809051_b14079_c20140717000905445471_noaa_ops.h5,SVI04_npp_d20140716_t1803247_e1809051_b14079_c20140717000905432367_noaa_ops.dspace_rad,VNFF_npp_d20140716_t1803247_e1809051_b14079_v21.csv,World_EEZ_v8_2014.shp,WPP_BFAR_merge.shp,KKP_IDN_merge_20161208.shp,VNF-VBD_npp_20120301-20151231_global_asia-enhanced_c201607211230.bitmask,NCEI_NGA.union.nga_lead2.add_2015ntl.mask,timezone.shp,VBD_platforms-recurring_2015_r20170330.shp,999999,VBD_bridges_c20160811.shp,2.701723;0.592520;-1.537733;-6.424739;-11.321091;-16.224911;-21.132078;-19.454973;-16.614069;-11.826628;-7.007390;-2.161976,98.595314;112.244095;125.823792;124.798187;123.864281;123.023224;122.264351;107.621338;93.259468;94.789581;96.172417;97.426979,npp_d20140716_t1803247_e1809051_b14079,154.14,47.4904,5.38899,96.2515,38.1687,84.3708
718,VBD_npp_d20140716_t1804469_x1105568E_y041755S_l0745_s1942_v23,2017-05-23 13:08:46,-4.175519,110.556808,10.3744,2014-07-16 18:04:46,2014-07-17 01:04:46,745,1942,0.42063,7,2465,0.330428,0.240821,0.873579,0.4,0.572005,0.75,0.0439945,0.0001,0.00102142,999999,-1.580674e-01,3,,,,SVDNB_npp_d20140716_t1803247_e1809051_b14079_c20140717000905445784_noaa_ops.h5,GDNBO_npp_d20140716_t1803247_e1809051_b14079_c20140717000905445471_noaa_ops.h5,SVI04_npp_d20140716_t1803247_e1809051_b14079_c20140717000905432367_noaa_ops.dspace_rad,VNFF_npp_d20140716_t1803247_e1809051_b14079_v21.csv,World_EEZ_v8_2014.shp,WPP_BFAR_merge.shp,KKP_IDN_merge_20161208.shp,VNF-VBD_npp_20120301-20151231_global_asia-enhanced_c201607211230.bitmask,NCEI_NGA.union.nga_lead2.add_2015ntl.mask,timezone.shp,VBD_platforms-recurring_2015_r20170330.shp,999999,VBD_bridges_c20160811.shp,2.701723;0.592520;-1.537733;-6.424739;-11.321091;-16.224911;-21.132078;-19.454973;-16.614069;-11.826628;-7.007390;-2.161976,98.595314;112.244095;125.823792;124.798187;123.864281;123.023224;122.264351;107.621338;93.259468;94.789581;96.172417;97.426979,npp_d20140716_t1803247_e1809051_b14079,153.955,47.2014,5.32736,98.076,38.1037,84.658
719,VBD_npp_d20140716_t1804487_x1105408E_y042334S_l0754_s1942_v23,2017-05-23 13:08:46,-4.233435,110.540764,38.8874,2014-07-16 18:04:48,2014-07-17 01:04:48,754,1942,0.39682,1,2529,0.740519,0.264168,0.867531,0.4,0.892868,0.75,0.0439802,0.0001,0.00103577,999999,-3.155849e-01,3,Indonesian Exclusive Economic Zone,WPP712,,SVDNB_npp_d20140716_t1803247_e1809051_b14079_c20140717000905445784_noaa_ops.h5,GDNBO_npp_d20140716_t1803247_e1809051_b14079_c20140717000905445471_noaa_ops.h5,SVI04_npp_d20140716_t1803247_e1809051_b14079_c20140717000905432367_noaa_ops.dspace_rad,VNFF_npp_d20140716_t1803247_e1809051_b14079_v21.csv,World_EEZ_v8_2014.shp,WPP_BFAR_merge.shp,KKP_IDN_merge_20161208.shp,VNF-VBD_npp_20120301-20151231_global_asia-enhanced_c201607211230.bitmask,NCEI_NGA.union.nga_lead2.add_2015ntl.mask,timezone.shp,VBD_platforms-recurring_2015_r20170330.shp,999999,VBD_bridges_c20160811.shp,2.701723;0.592520;-1.537733;-6.424739;-11.321091;-16.224911;-21.132078;-19.454973;-16.614069;-11.826628;-7.007390;-2.161976,98.595314;112.244095;125.823792;124.798187;123.864281;123.023224;122.264351;107.621338;93.259468;94.789581;96.172417;97.426979,npp_d20140716_t1803247_e1809051_b14079,154.001,47.2771,5.33396,102.444,38.1181,84.5844
720,VBD_npp_d20140716_t1804451_x1105914E_y040453S_l0725_s1943_v23,2017-05-23 13:08:46,-4.045323,110.591362,9.46272,2014-07-16 18:04:45,2014-07-17 01:04:45,725,1943,0.42505,2,2465,0.340823,0.267051,0.84589,0.4,0.739129,0.75,0.0440314,0.0001,0.00104906,999999,-3.350379e-01,3,Indonesian Exclusive Economic Zone,WPP712,,SVDNB_npp_d20140716_t1803247_e1809051_b14079_c20140717000905445784_noaa_ops.h5,GDNBO_npp_d20140716_t1803247_e1809051_b14079_c20140717000905445471_noaa_ops.h5,SVI04_npp_d20140716_t1803247_e1809051_b14079_c20140717000905432367_noaa_ops.dspace_rad,VNFF_npp_d20140716_t1803247_e1809051_b14079_v21.csv,World_EEZ_v8_2014.shp,WPP_BFAR_merge.shp,KKP_IDN_merge_20161208.shp,VNF-VBD_npp_20120301-20151231_global_asia-enhanced_c201607211230.bitmask,NCEI_NGA.union.nga_lead2.add_2015ntl.mask,timezone.shp,VBD_platforms-recurring_2015_r20170330.shp,999999,VBD_bridges_c20160811.shp,2.701723;0.592520;-1.537733;-6.424739;-11.321091;-16.224911;-21.132078;-19.454973;-16.614069;-11.826628;-7.007390;-2.161976,98.595314;112.244095;125.823792;124.798187;123.864281;123.023224;122.264351;107.621338;93.259468;94.789581;96.172417;97.426979,npp_d20140716_t1803247_e1809051_b14079,153.847,47.0423,5.27068,100.592,38.064,84.822
721,VBD_npp_d20140716_t1804469_x1105698E_y041368S_l0739_s1943_v23,2017-05-23 13:08:46,-4.136791,110.569778,12.8876,2014-07-16 18:04:46,2014-07-17 01:04:46,739,1943,0.427978,8,18913,0.497613,0.215925,0.828292,0.4,0.825061,0.75,0.0440091,0.0001,0.00104965,999999,9.897516e-03,3,Indonesian Exclusive Economic Zone,WPP712,,SVDNB_npp_d20140716_t1803247_e1809051_b14079_c20140717000905445784_noaa_ops.h5,GDNBO_npp_d20140716_t1803247_e1809051_b14079_c20140717000905445471_noaa_ops.h5,SVI04_npp_d20140716_t1803247_e1809051_b14079_c20140717000905432367_noaa_ops.dspace_rad,VNFF_npp_d20140716_t1803247_e1809051_b14079_v21.csv,World_EEZ_v8_2014.shp,WPP_BFAR_merge.shp,KKP_IDN_merge_20161208.shp,VNF-VBD_npp_20120301-20151231_global_asia-enhanced_c201607211230.bitmask,NCEI_NGA.union.nga_lead2.add_2015ntl.mask,timezone.shp,VBD_platforms-recurring_2015_r20170330.shp,0.7933,VBD_bridges_c20160811.shp,2.701723;0.592520;-1.537733;-6.424739;-11.321091;-16.224911;-21.132078;-19.454973;-16.614069;-11.826628;-7.007390;-2.161976,98.595314;112.244095;125.823792;124.798187;123.864281;123.023224;122.264351;107.621338;93.259468;94.789581;96.172417;97.426979,npp_d20140716_t1803247_e1809051_b14079,153.919,47.1603,5.27488,101.83,38.087,84.7058
722,VBD_npp_d20140716_t1804451_x1105959E_y040596S_l0727_s1944_v23,2017-05-23 13:08:46,-4.059647,110.595924,14.337,2014-07-16 18:04:45,2014-07-17 01:04:45,727,1944,0.410907,8,18913,0.425645,0.271174,0.839083,0.4,0.773734,0.75,0.0440332,0.0001,0.00105626,999999,-3.628483e-01,3,Indonesian Exclusive Economic Zone,WPP712,,SVDNB_npp_d20140716_t1803247_e1809051_b14079_c20140717000905445784_noaa_ops.h5,GDNBO_npp_d20140716_t1803247_e1809051_b14079_c20140717000905445471_noaa_ops.h5,SVI04_npp_d20140716_t1803247_e1809051_b14079_c20140717000905432367_noaa_ops.dspace_rad,VNFF_npp_d20140716_t1803247_e1809051_b14079_v21.csv,World_EEZ_v8_2014.shp,WPP_BFAR_merge.shp,KKP_IDN_merge_20161208.shp,VNF-VBD_npp_20120301-20151231_global_asia-enhanced_c201607211230.bitmask,NCEI_NGA.union.nga_lead2.add_2015ntl.mask,timezone.shp,VBD_platforms-recurring_2015_r20170330.shp,0.945715,VBD_bridges_c20160811.shp,2.701723;0.592520;-1.537733;-6.424739;-11.321091;-16.224911;-21.132078;-19.454973;-16.614069;-11.826628;-7.007390;-2.161976,98.595314;112.244095;125.823792;124.798187;123.864281;123.023224;122.264351;107.621338;93.259468;94.789581;96.172417;97.426979,npp_d20140716_t1803247_e1809051_b14079,153.853,47.0696,5.21082,99.342,38.0607,84.8026
723,VBD_npp_d20140716_t1804451_x1106068E_y040342S_l0723_s1945_v23,2017-05-23 13:08:46,-4.034186,110.606789,11.4201,2014-07-16 18:04:45,2014-07-17 01:04:45,723,1945,0.428364,1,2529,0.431224,0.269743,0.84589,0.4,0.824644,0.75,0.0440446,0.0001,0.00107965,999999,-3.531952e-01,3,Indonesian Exclusive Economic Zone,WPP712,,SVDNB_npp_d20140716_t1803247_e1809051_b14079_c20140717000905445784_noaa_ops.h5,GDNBO_npp_d20140716_t1803247_e1809051_b14079_c20140717000905445471_noaa_ops.h5,SVI04_npp_d20140716_t1803247_e1809051_b14079_c20140717000905432367_noaa_ops.dspace_rad,VNFF_npp_d20140716_t1803247_e1809051_b14079_v21.csv,World_EEZ_v8_2014.shp,WPP_BFAR_merge.shp,KKP_IDN_merge_20161208.shp,VNF-VBD_npp_20120301-20151231_global_asia-enhanced_c201607211230.bitmask,NCEI_NGA.union.nga_lead2.add_2015ntl.mask,timezone.shp,VBD_platforms-recurring_2015_r20170330.shp,999999,VBD_bridges_c20160811.shp,2.701723;0.592520;-1.537733;-6.424739;-11.321091;-16.224911;-21.132078;-19.454973;-16.614069;-11.826628;-7.007390;-2.161976,98.595314;112.244095;125.823792;124.798187;123.864281;123.023224;122.264351;107.621338;93.259468;94.789581;96.172417;97.426979,npp_d20140716_t1803247_e1809051_b14079,153.828,47.0459,5.15927,101.912,38.0474,84.8336
724,VBD_npp_d20140716_t1804469_x1105799E_y041588S_l0742_s1945_v23,2017-05-23 13:08:46,-4.158807,110.579941,19.0642,2014-07-16 18:04:46,2014-07-17 01:04:46,742,1945,0.423613,1,2529,0.575482,0.229393,0.828292,0.4,0.855547,0.75,0.0440143,0.0001,0.00106678,999999,-8.096920e-02,3,Indonesian Exclusive Economic Zone,WPP712,,SVDNB_npp_d20140716_t1803247_e1809051_b14079_c20140717000905445784_noaa_ops.h5,GDNBO_npp_d20140716_t1803247_e1809051_b14079_c20140717000905445471_noaa_ops.h5,SVI04_npp_d20140716_t1803247_e1809051_b14079_c20140717000905432367_noaa_ops.dspace_rad,VNFF_npp_d20140716_t1803247_e1809051_b14079_v21.csv,World_EEZ_v8_2014.shp,WPP_BFAR_merge.shp,KKP_IDN_merge_20161208.shp,VNF-VBD_npp_20120301-20151231_global_asia-enhanced_c201607211230.bitmask,NCEI_NGA.union.nga_lead2.add_2015ntl.mask,timezone.shp,VBD_platforms-recurring_2015_r20170330.shp,999999,VBD_bridges_c20160811.shp,2.701723;0.592520;-1.537733;-6.424739;-11.321091;-16.224911;-21.132078;-19.454973;-16.614069;-11.826628;-7.007390;-2.161976,98.595314;112.244095;125.823792;124.798187;123.864281;123.023224;122.264351;107.621338;93.259468;94.789581;96.172417;97.426979,npp_d20140716_t1803247_e1809051_b14079,153.927,47.2067,5.15339,99.9703,38.0788,84.6752
725,VBD_npp_d20140716_t1804433_x1106368E_y039784S_l0714_s1947_v23,2017-05-23 13:08:46,-3.978435,110.636780,41.8204,2014-07-16 18:04:43,2014-07-17 01:04:43,714,1947,0.393063,1,2529,0.685732,0.224954,0.804169,0.4,0.843437,0.75,0.044069,0.0001,0.00109162,999999,-5.101922e-02,3,Indonesian Exclusive Economic Zone,WPP712,,SVDNB_npp_d20140716_t1803247_e1809051_b14079_c20140717000905445784_noaa_ops.h5,GDNBO_npp_d20140716_t1803247_e1809051_b14079_c20140717000905445471_noaa_ops.h5,SVI04_npp_d20140716_t1803247_e1809051_b14079_c20140717000905432367_noaa_ops.dspace_rad,VNFF_npp_d20140716_t1803247_e1809051_b14079_v21.csv,World_EEZ_v8_2014.shp,WPP_BFAR_merge.shp,KKP_IDN_merge_20161208.shp,VNF-VBD_npp_20120301-20151231_global_asia-enhanced_c201607211230.bitmask,NCEI_NGA.union.nga_lead2.add_2015ntl.mask,timezone.shp,VBD_platforms-recurring_2015_r20170330.shp,999999,VBD_bridges_c20160811.shp,2.701723;0.592520;-1.537733;-6.424739;-11.321091;-16.224911;-21.132078;-19.454973;-16.614069;-11.826628;-7.007390;-2.161976,98.595314;112.244095;125.823792;124.798187;123.864281;123.023224;122.264351;107.621338;93.259468;94.789581;96.172417;97.426979,npp_d20140716_t1803247_e1809051_b14079,153.773,46.9927,5.0355,97.3683,38.0194,84.9021
726,VBD_npp_d20140716_t1804451_x1106205E_y040771S_l0729_s1948_v23,2017-05-23 13:08:46,-4.077144,110.620461,11.552,2014-07-16 18:04:45,2014-07-17 01:04:45,729,1948,0.426265,2,2465,0.357755,0.275459,0.797026,0.4,0.726203,0.75,0.04405,0.0001,0.0011018,999999,-3.917636e-01,3,Indonesian Exclusive Economic Zone,WPP712,,SVDNB_npp_d20140716_t1803247_e1809051_b14079_c20140717000905445784_noaa_ops.h5,GDNBO_npp_d20140716_t1803247_e1809051_b14079_c20140717000905445471_noaa_ops.h5,SVI04_npp_d20140716_t1803247_e1809051_b14079_c20140717000905432367_noaa_ops.dspace_rad,VNFF_npp_d20140716_t1803247_e1809051_b14079_v21.csv,World_EEZ_v8_2014.shp,WPP_BFAR_merge.shp,KKP_IDN_merge_20161208.shp,VNF-VBD_npp_20120301-20151231_global_asia-enhanced_c201607211230.bitmask,NCEI_NGA.union.nga_lead2.add_2015ntl.mask,timezone.shp,VBD_platforms-recurring_2015_r20170330.shp,999999,VBD_bridges_c20160811.shp,2.701723;0.592520;-1.537733;-6.424739;-11.321091;-16.224911;-21.132078;-19.454973;-16.614069;-11.826628;-7.007390;-2.161976,98.595314;112.244095;125.823792;124.798187;123.864281;123.023224;122.264351;107.621338;93.259468;94.789581;96.172417;97.426979,npp_d20140716_t1803247_e1809051_b14079,153.847,47.1279,4.9796,98.035,38.0376,84.7751
727,VBD_npp_d20140716_t1804469_x1106041E_y041355S_l0738_s1948_v23,2017-05-23 13:08:46,-4.135476,110.604118,21.4252,2014-07-16 18:04:46,2014-07-17 01:04:46,738,1948,0.358535,8,18849,0.445711,0.291746,0.769563,0.4,0.677247,0.75,0.0440357,0.0001,0.00111648,999999,-5.016417e-01,3,Indonesian Exclusive Economic Zone,WPP712,,SVDNB_npp_d20140716_t1803247_e1809051_b14079_c20140717000905445784_noaa_ops.h5,GDNBO_npp_d20140716_t1803247_e1809051_b14079_c20140717000905445471_noaa_ops.h5,SVI04_npp_d20140716_t1803247_e1809051_b14079_c20140717000905432367_noaa_ops.dspace_rad,VNFF_npp_d20140716_t1803247_e1809051_b14079_v21.csv,World_EEZ_v8_2014.shp,WPP_BFAR_merge.shp,KKP_IDN_merge_20161208.shp,VNF-VBD_npp_20120301-20151231_global_asia-enhanced_c201607211230.bitmask,NCEI_NGA.union.nga_lead2.add_2015ntl.mask,timezone.shp,VBD_platforms-recurring_2015_r20170330.shp,0.509207,VBD_bridges_c20160811.shp,2.701723;0.592520;-1.537733;-6.424739;-11.321091;-16.224911;-21.132078;-19.454973;-16.614069;-11.826628;-7.007390;-2.161976,98.595314;112.244095;125.823792;124.798187;123.864281;123.023224;122.264351;107.621338;93.259468;94.789581;96.172417;97.426979,npp_d20140716_t1803247_e1809051_b14079,153.893,47.2034,4.9887,102.661,38.0523,84.7009
728,VBD_npp_d20140716_t1804469_x1105926E_y042084S_l0749_s1948_v23,2017-05-23 13:08:46,-4.208392,110.592560,8.96843,2014-07-16 18:04:46,2014-07-17 01:04:46,749,1948,0.372844,7,2465,0.288602,0.295351,0.822535,0.4,0.663449,0.75,0.0440181,0.0001,0.00108521,999999,-5.259619e-01,3,,,,SVDNB_npp_d20140716_t1803247_e1809051_b14079_c20140717000905445784_noaa_ops.h5,GDNBO_npp_d20140716_t1803247_e1809051_b14079_c20140717000905445471_noaa_ops.h5,SVI04_npp_d20140716_t1803247_e1809051_b14079_c20140717000905432367_noaa_ops.dspace_rad,VNFF_npp_d20140716_t1803247_e1809051_b14079_v21.csv,World_EEZ_v8_2014.shp,WPP_BFAR_merge.shp,KKP_IDN_merge_20161208.shp,VNF-VBD_npp_20120301-20151231_global_asia-enhanced_c201607211230.bitmask,NCEI_NGA.union.nga_lead2.add_2015ntl.mask,timezone.shp,VBD_platforms-recurring_2015_r20170330.shp,999999,VBD_bridges_c20160811.shp,2.701723;0.592520;-1.537733;-6.424739;-11.321091;-16.224911;-21.132078;-19.454973;-16.614069;-11.826628;-7.007390;-2.161976,98.595314;112.244095;125.823792;124.798187;123.864281;123.023224;122.264351;107.621338;93.259468;94.789581;96.172417;97.426979,npp_d20140716_t1803247_e1809051_b14079,153.951,47.2977,4.98896,95.3661,38.0708,84.6083
729,VBD_npp_d20140716_t1804433_x1106501E_y039806S_l0714_s1949_v23,2017-05-23 13:08:46,-3.980551,110.650085,31.2389,2014-07-16 18:04:43,2014-07-17 01:04:43,714,1949,0.427978,2,2465,0.541155,0.223863,0.804169,0.4,0.569773,0.75,0.044079,0.0001,0.00111765,999999,-4.365771e-02,3,Indonesian Exclusive Economic Zone,WPP712,,SVDNB_npp_d20140716_t1803247_e1809051_b14079_c20140717000905445784_noaa_ops.h5,GDNBO_npp_d20140716_t1803247_e1809051_b14079_c20140717000905445471_noaa_ops.h5,SVI04_npp_d20140716_t1803247_e1809051_b14079_c20140717000905432367_noaa_ops.dspace_rad,VNFF_npp_d20140716_t1803247_e1809051_b14079_v21.csv,World_EEZ_v8_2014.shp,WPP_BFAR_merge.shp,KKP_IDN_merge_20161208.shp,VNF-VBD_npp_20120301-20151231_global_asia-enhanced_c201607211230.bitmask,NCEI_NGA.union.nga_lead2.add_2015ntl.mask,timezone.shp,VBD_platforms-recurring_2015_r20170330.shp,999999,VBD_bridges_c20160811.shp,2.701723;0.592520;-1.537733;-6.424739;-11.321091;-16.224911;-21.132078;-19.454973;-16.614069;-11.826628;-7.007390;-2.161976,98.595314;112.244095;125.823792;124.798187;123.864281;123.023224;122.264351;107.621338;93.259468;94.789581;96.172417;97.426979,npp_d20140716_t1803247_e1809051_b14079,153.765,47.0133,4.91955,97.3319,38.0061,84.8969
730,VBD_npp_d20140716_t1804433_x1106438E_y040203S_l0720_s1949_v23,2017-05-23 13:08:46,-4.020320,110.643784,24.6788,2014-07-16 18:04:43,2014-07-17 01:04:43,720,1949,0.417702,1,2529,0.630265,0.258621,0.82074,0.4,0.884506,0.75,0.0440694,0.0001,0.00110004,999999,-2.781610e-01,3,Indonesian Exclusive Economic Zone,WPP712,,SVDNB_npp_d20140716_t1803247_e1809051_b14079_c20140717000905445784_noaa_ops.h5,GDNBO_npp_d20140716_t1803247_e1809051_b14079_c20140717000905445471_noaa_ops.h5,SVI04_npp_d20140716_t1803247_e1809051_b14079_c20140717000905432367_noaa_ops.dspace_rad,VNFF_npp_d20140716_t1803247_e1809051_b14079_v21.csv,World_EEZ_v8_2014.shp,WPP_BFAR_merge.shp,KKP_IDN_merge_20161208.shp,VNF-VBD_npp_20120301-20151231_global_asia-enhanced_c201607211230.bitmask,NCEI_NGA.union.nga_lead2.add_2015ntl.mask,timezone.shp,VBD_platforms-recurring_2015_r20170330.shp,999999,VBD_bridges_c20160811.shp,2.701723;0.592520;-1.537733;-6.424739;-11.321091;-16.224911;-21.132078;-19.454973;-16.614069;-11.826628;-7.007390;-2.161976,98.595314;112.244095;125.823792;124.798187;123.864281;123.023224;122.264351;107.621338;93.259468;94.789581;96.172417;97.426979,npp_d20140716_t1803247_e1809051_b14079,153.797,47.0641,4.94195,93.3084,38.0161,84.8462
731,VBD_npp_d20140716_t1804469_x1106066E_y041631S_l0742_s1949_v23,2017-05-23 13:08:46,-4.163051,110.606575,20.4849,2014-07-16 18:04:46,2014-07-17 01:04:46,742,1949,0.427978,8,18913,0.433584,0.268521,0.789537,0.4,0.800065,0.75,0.0440343,0.0001,0.00111841,999999,-3.449540e-01,3,Indonesian Exclusive Economic Zone,WPP712,,SVDNB_npp_d20140716_t1803247_e1809051_b14079_c20140717000905445784_noaa_ops.h5,GDNBO_npp_d20140716_t1803247_e1809051_b14079_c20140717000905445471_noaa_ops.h5,SVI04_npp_d20140716_t1803247_e1809051_b14079_c20140717000905432367_noaa_ops.dspace_rad,VNFF_npp_d20140716_t1803247_e1809051_b14079_v21.csv,World_EEZ_v8_2014.shp,WPP_BFAR_merge.shp,KKP_IDN_merge_20161208.shp,VNF-VBD_npp_20120301-20151231_global_asia-enhanced_c201607211230.bitmask,NCEI_NGA.union.nga_lead2.add_2015ntl.mask,timezone.shp,VBD_platforms-recurring_2015_r20170330.shp,0.840766,VBD_bridges_c20160811.shp,2.701723;0.592520;-1.537733;-6.424739;-11.321091;-16.224911;-21.132078;-19.454973;-16.614069;-11.826628;-7.007390;-2.161976,98.595314;112.244095;125.823792;124.798187;123.864281;123.023224;122.264351;107.621338;93.259468;94.789581;96.172417;97.426979,npp_d20140716_t1803247_e1809051_b14079,153.91,47.248,4.92149,100.019,38.0524,84.6645
732,VBD_npp_d20140716_t1804451_x1106422E_y040262S_l0721_s1950_v23,2017-05-23 13:08:46,-4.026239,110.642159,13.7788,2014-07-16 18:04:45,2014-07-17 01:04:45,721,1950,0.428475,1,2529,0.513878,0.275005,0.82074,0.4,0.841825,0.75,0.0440728,0.0001,0.00115085,999999,-3.887003e-01,3,Indonesian Exclusive Economic Zone,WPP712,,SVDNB_npp_d20140716_t1803247_e1809051_b14079_c20140717000905445784_noaa_ops.h5,GDNBO_npp_d20140716_t1803247_e1809051_b14079_c20140717000905445471_noaa_ops.h5,SVI04_npp_d20140716_t1803247_e1809051_b14079_c20140717000905432367_noaa_ops.dspace_rad,VNFF_npp_d20140716_t1803247_e1809051_b14079_v21.csv,World_EEZ_v8_2014.shp,WPP_BFAR_merge.shp,KKP_IDN_merge_20161208.shp,VNF-VBD_npp_20120301-20151231_global_asia-enhanced_c201607211230.bitmask,NCEI_NGA.union.nga_lead2.add_2015ntl.mask,timezone.shp,VBD_platforms-recurring_2015_r20170330.shp,999999,VBD_bridges_c20160811.shp,2.701723;0.592520;-1.537733;-6.424739;-11.321091;-16.224911;-21.132078;-19.454973;-16.614069;-11.826628;-7.007390;-2.161976,98.595314;112.244095;125.823792;124.798187;123.864281;123.023224;122.264351;107.621338;93.259468;94.789581;96.172417;97.426979,npp_d20140716_t1803247_e1809051_b14079,153.796,47.0805,4.87734,103.448,38.0111,84.8373
733,VBD_npp_d20140716_t1804469_x1106111E_y041774S_l0744_s1950_v23,2017-05-23 13:08:46,-4.177366,110.611130,23.8227,2014-07-16 18:04:46,2014-07-17 01:04:46,744,1950,0.429414,8,18913,0.621184,0.214209,0.80793,0.4,0.856582,0.75,0.0440361,0.0001,0.00112583,999999,2.147483e-02,3,Indonesian Exclusive Economic Zone,WPP712,,SVDNB_npp_d20140716_t1803247_e1809051_b14079_c20140717000905445784_noaa_ops.h5,GDNBO_npp_d20140716_t1803247_e1809051_b14079_c20140717000905445471_noaa_ops.h5,SVI04_npp_d20140716_t1803247_e1809051_b14079_c20140717000905432367_noaa_ops.dspace_rad,VNFF_npp_d20140716_t1803247_e1809051_b14079_v21.csv,World_EEZ_v8_2014.shp,WPP_BFAR_merge.shp,KKP_IDN_merge_20161208.shp,VNF-VBD_npp_20120301-20151231_global_asia-enhanced_c201607211230.bitmask,NCEI_NGA.union.nga_lead2.add_2015ntl.mask,timezone.shp,VBD_platforms-recurring_2015_r20170330.shp,0.369166,VBD_bridges_c20160811.shp,2.701723;0.592520;-1.537733;-6.424739;-11.321091;-16.224911;-21.132078;-19.454973;-16.614069;-11.826628;-7.007390;-2.161976,98.595314;112.244095;125.823792;124.798187;123.864281;123.023224;122.264351;107.621338;93.259468;94.789581;96.172417;97.426979,npp_d20140716_t1803247_e1809051_b14079,153.916,47.2754,4.86289,98.674,38.0492,84.645
734,VBD_npp_d20140716_t1804487_x1105909E_y042618S_l0757_s1950_v23,2017-05-23 13:08:46,-4.261825,110.590881,20.724,2014-07-16 18:04:48,2014-07-17 01:04:48,757,1950,0.402068,8,18913,0.695797,0.247822,0.829274,0.4,0.897008,0.75,0.0440154,0.0001,0.00113006,999999,-2.053047e-01,3,Indonesian Exclusive Economic Zone,WPP712,,SVDNB_npp_d20140716_t1803247_e1809051_b14079_c20140717000905445784_noaa_ops.h5,GDNBO_npp_d20140716_t1803247_e1809051_b14079_c20140717000905445471_noaa_ops.h5,SVI04_npp_d20140716_t1803247_e1809051_b14079_c20140717000905432367_noaa_ops.dspace_rad,VNFF_npp_d20140716_t1803247_e1809051_b14079_v21.csv,World_EEZ_v8_2014.shp,WPP_BFAR_merge.shp,KKP_IDN_merge_20161208.shp,VNF-VBD_npp_20120301-20151231_global_asia-enhanced_c201607211230.bitmask,NCEI_NGA.union.nga_lead2.add_2015ntl.mask,timezone.shp,VBD_platforms-recurring_2015_r20170330.shp,0.656091,VBD_bridges_c20160811.shp,2.701723;0.592520;-1.537733;-6.424739;-11.321091;-16.224911;-21.132078;-19.454973;-16.614069;-11.826628;-7.007390;-2.161976,98.595314;112.244095;125.823792;124.798187;123.864281;123.023224;122.264351;107.621338;93.259468;94.789581;96.172417;97.426979,npp_d20140716_t1803247_e1809051_b14079,153.983,47.3857,4.86288,100.737,38.0704,84.5377
735,VBD_npp_d20140716_t1804469_x1106251E_y041320S_l0737_s1951_v23,2017-05-23 13:08:46,-4.132034,110.625130,40.5946,2014-07-16 18:04:46,2014-07-17 01:04:46,737,1951,0.375495,1,2529,0.517682,0.263843,0.739932,0.4,0.752998,0.75,0.0440523,0.0001,0.00115939,999999,-3.133937e-01,3,Indonesian Exclusive Economic Zone,WPP712,,SVDNB_npp_d20140716_t1803247_e1809051_b14079_c20140717000905445784_noaa_ops.h5,GDNBO_npp_d20140716_t1803247_e1809051_b14079_c20140717000905445471_noaa_ops.h5,SVI04_npp_d20140716_t1803247_e1809051_b14079_c20140717000905432367_noaa_ops.dspace_rad,VNFF_npp_d20140716_t1803247_e1809051_b14079_v21.csv,World_EEZ_v8_2014.shp,WPP_BFAR_merge.shp,KKP_IDN_merge_20161208.shp,VNF-VBD_npp_20120301-20151231_global_asia-enhanced_c201607211230.bitmask,NCEI_NGA.union.nga_lead2.add_2015ntl.mask,timezone.shp,VBD_platforms-recurring_2015_r20170330.shp,999999,VBD_bridges_c20160811.shp,2.701723;0.592520;-1.537733;-6.424739;-11.321091;-16.224911;-21.132078;-19.454973;-16.614069;-11.826628;-7.007390;-2.161976,98.595314;112.244095;125.823792;124.798187;123.864281;123.023224;122.264351;107.621338;93.259468;94.789581;96.172417;97.426979,npp_d20140716_t1803247_e1809051_b14079,153.875,47.2258,4.81931,103.484,38.0308,84.7013
736,VBD_npp_d20140716_t1804469_x1106199E_y041652S_l0742_s1951_v23,2017-05-23 13:08:46,-4.165171,110.619881,23.606,2014-07-16 18:04:46,2014-07-17 01:04:46,742,1951,0.427922,7,2465,0.45808,0.264199,0.760809,0.4,0.683985,0.75,0.0440443,0.0001,0.00114497,999999,-3.157964e-01,3,,,,SVDNB_npp_d20140716_t1803247_e1809051_b14079_c20140717000905445784_noaa_ops.h5,GDNBO_npp_d20140716_t1803247_e1809051_b14079_c20140717000905445471_noaa_ops.h5,SVI04_npp_d20140716_t1803247_e1809051_b14079_c20140717000905432367_noaa_ops.dspace_rad,VNFF_npp_d20140716_t1803247_e1809051_b14079_v21.csv,World_EEZ_v8_2014.shp,WPP_BFAR_merge.shp,KKP_IDN_merge_20161208.shp,VNF-VBD_npp_20120301-20151231_global_asia-enhanced_c201607211230.bitmask,NCEI_NGA.union.nga_lead2.add_2015ntl.mask,timezone.shp,VBD_platforms-recurring_2015_r20170330.shp,999999,VBD_bridges_c20160811.shp,2.701723;0.592520;-1.537733;-6.424739;-11.321091;-16.224911;-21.132078;-19.454973;-16.614069;-11.826628;-7.007390;-2.161976,98.595314;112.244095;125.823792;124.798187;123.864281;123.023224;122.264351;107.621338;93.259468;94.789581;96.172417;97.426979,npp_d20140716_t1803247_e1809051_b14079,153.902,47.2686,4.80559,100.045,38.0392,84.6592
737,VBD_npp_d20140716_t1804433_x1106690E_y039904S_l0715_s1952_v23,2017-05-23 13:08:46,-3.990350,110.668999,5.88681,2014-07-16 18:04:43,2014-07-17 01:04:43,715,1952,0.297104,7,2209,0.248008,0.23114,0.805166,0.4,0.528227,0.75,0.0440924,0.0001,0.00115465,999999,-9.275690e-02,3,,,,SVDNB_npp_d20140716_t1803247_e1809051_b14079_c20140717000905445784_noaa_ops.h5,GDNBO_npp_d20140716_t1803247_e1809051_b14079_c20140717000905445471_noaa_ops.h5,SVI04_npp_d20140716_t1803247_e1809051_b14079_c20140717000905432367_noaa_ops.dspace_rad,VNFF_npp_d20140716_t1803247_e1809051_b14079_v21.csv,World_EEZ_v8_2014.shp,WPP_BFAR_merge.shp,KKP_IDN_merge_20161208.shp,VNF-VBD_npp_20120301-20151231_global_asia-enhanced_c201607211230.bitmask,NCEI_NGA.union.nga_lead2.add_2015ntl.mask,timezone.shp,VBD_platforms-recurring_2015_r20170330.shp,999999,VBD_bridges_c20160811.shp,2.701723;0.592520;-1.537733;-6.424739;-11.321091;-16.224911;-21.132078;-19.454973;-16.614069;-11.826628;-7.007390;-2.161976,98.595314;112.244095;125.823792;124.798187;123.864281;123.023224;122.264351;107.621338;93.259468;94.789581;96.172417;97.426979,npp_d20140716_t1803247_e1809051_b14079,153.758,47.0526,4.7478,96.5787,37.988,84.8806
738,VBD_npp_d20140716_t1804451_x1106611E_y040361S_l0722_s1953_v23,2017-05-23 13:08:46,-4.036050,110.661064,23.3696,2014-07-16 18:04:45,2014-07-17 01:04:45,722,1953,0.348039,2,2465,0.39954,0.245317,0.79102,0.4,0.672367,0.75,0.0440862,0.0001,0.00118904,999999,-1.884046e-01,3,Indonesian Exclusive Economic Zone,WPP712,,SVDNB_npp_d20140716_t1803247_e1809051_b14079_c20140717000905445784_noaa_ops.h5,GDNBO_npp_d20140716_t1803247_e1809051_b14079_c20140717000905445471_noaa_ops.h5,SVI04_npp_d20140716_t1803247_e1809051_b14079_c20140717000905432367_noaa_ops.dspace_rad,VNFF_npp_d20140716_t1803247_e1809051_b14079_v21.csv,World_EEZ_v8_2014.shp,WPP_BFAR_merge.shp,KKP_IDN_merge_20161208.shp,VNF-VBD_npp_20120301-20151231_global_asia-enhanced_c201607211230.bitmask,NCEI_NGA.union.nga_lead2.add_2015ntl.mask,timezone.shp,VBD_platforms-recurring_2015_r20170330.shp,999999,VBD_bridges_c20160811.shp,2.701723;0.592520;-1.537733;-6.424739;-11.321091;-16.224911;-21.132078;-19.454973;-16.614069;-11.826628;-7.007390;-2.161976,98.595314;112.244095;125.823792;124.798187;123.864281;123.023224;122.264351;107.621338;93.259468;94.789581;96.172417;97.426979,npp_d20140716_t1803247_e1809051_b14079,153.789,47.1199,4.69974,102.913,37.9929,84.821
739,VBD_npp_d20140716_t1804540_x1105300E_y046384S_l0814_s1953_v23,2017-05-23 13:08:46,-4.638366,110.529991,16.7785,2014-07-16 18:04:54,2014-07-17 01:04:54,814,1953,0.416763,1,2529,0.68493,0.223304,0.84082,0.4,0.926338,0.75,0.0439379,0.0001,0.00112602,999999,-3.988810e-02,3,Indonesian Exclusive Economic Zone,WPP712,,SVDNB_npp_d20140716_t1803247_e1809051_b14079_c20140717000905445784_noaa_ops.h5,GDNBO_npp_d20140716_t1803247_e1809051_b14079_c20140717000905445471_noaa_ops.h5,SVI04_npp_d20140716_t1803247_e1809051_b14079_c20140717000905432367_noaa_ops.dspace_rad,VNFF_npp_d20140716_t1803247_e1809051_b14079_v21.csv,World_EEZ_v8_2014.shp,WPP_BFAR_merge.shp,KKP_IDN_merge_20161208.shp,VNF-VBD_npp_20120301-20151231_global_asia-enhanced_c201607211230.bitmask,NCEI_NGA.union.nga_lead2.add_2015ntl.mask,timezone.shp,VBD_platforms-recurring_2015_r20170330.shp,999999,VBD_bridges_c20160811.shp,2.701723;0.592520;-1.537733;-6.424739;-11.321091;-16.224911;-21.132078;-19.454973;-16.614069;-11.826628;-7.007390;-2.161976,98.595314;112.244095;125.823792;124.798187;123.864281;123.023224;122.264351;107.621338;93.259468;94.789581;96.172417;97.426979,npp_d20140716_t1803247_e1809051_b14079,154.265,47.9088,4.70471,94.4517,38.148,84.0571
740,VBD_npp_d20140716_t1805011_x1104425E_y050101S_l0871_s1953_v23,2017-05-23 13:08:46,-5.010083,110.442505,19.9316,2014-07-16 18:05:01,2014-07-17 01:05:01,871,1953,0.425878,1,2529,0.722604,0.213715,0.847257,0.4,0.925393,0.75,0.0438424,0.0001,0.00112633,999999,2.480629e-02,3,Indonesian Exclusive Economic Zone,WPP712,,SVDNB_npp_d20140716_t1803247_e1809051_b14079_c20140717000905445784_noaa_ops.h5,GDNBO_npp_d20140716_t1803247_e1809051_b14079_c20140717000905445471_noaa_ops.h5,SVI04_npp_d20140716_t1803247_e1809051_b14079_c20140717000905432367_noaa_ops.dspace_rad,VNFF_npp_d20140716_t1803247_e1809051_b14079_v21.csv,World_EEZ_v8_2014.shp,WPP_BFAR_merge.shp,KKP_IDN_merge_20161208.shp,VNF-VBD_npp_20120301-20151231_global_asia-enhanced_c201607211230.bitmask,NCEI_NGA.union.nga_lead2.add_2015ntl.mask,timezone.shp,VBD_platforms-recurring_2015_r20170330.shp,999999,VBD_bridges_c20160811.shp,2.701723;0.592520;-1.537733;-6.424739;-11.321091;-16.224911;-21.132078;-19.454973;-16.614069;-11.826628;-7.007390;-2.161976,98.595314;112.244095;125.823792;124.798187;123.864281;123.023224;122.264351;107.621338;93.259468;94.789581;96.172417;97.426979,npp_d20140716_t1803247_e1809051_b14079,154.556,48.4117,4.69012,99.3875,38.2478,83.5895
741,VBD_npp_d20140716_t1804433_x1106770E_y040256S_l0720_s1954_v23,2017-05-23 13:08:46,-4.025591,110.677048,27.6898,2014-07-16 18:04:43,2014-07-17 01:04:43,720,1954,0.424829,8,18849,0.416562,0.267368,0.79102,0.4,0.716215,0.75,0.0440944,0.0001,0.00116631,999999,-3.371700e-01,3,Indonesian Exclusive Economic Zone,WPP712,,SVDNB_npp_d20140716_t1803247_e1809051_b14079_c20140717000905445784_noaa_ops.h5,GDNBO_npp_d20140716_t1803247_e1809051_b14079_c20140717000905445471_noaa_ops.h5,SVI04_npp_d20140716_t1803247_e1809051_b14079_c20140717000905432367_noaa_ops.dspace_rad,VNFF_npp_d20140716_t1803247_e1809051_b14079_v21.csv,World_EEZ_v8_2014.shp,WPP_BFAR_merge.shp,KKP_IDN_merge_20161208.shp,VNF-VBD_npp_20120301-20151231_global_asia-enhanced_c201607211230.bitmask,NCEI_NGA.union.nga_lead2.add_2015ntl.mask,timezone.shp,VBD_platforms-recurring_2015_r20170330.shp,0.457897,VBD_bridges_c20160811.shp,2.701723;0.592520;-1.537733;-6.424739;-11.321091;-16.224911;-21.132078;-19.454973;-16.614069;-11.826628;-7.007390;-2.161976,98.595314;112.244095;125.823792;124.798187;123.864281;123.023224;122.264351;107.621338;93.259468;94.789581;96.172417;97.426979,npp_d20140716_t1803247_e1809051_b14079,153.776,47.1155,4.65354,92.9604,37.9831,84.8331
742,VBD_npp_d20140716_t1804451_x1106754E_y040315S_l0721_s1955_v23,2017-05-23 13:08:46,-4.031546,110.675407,19.714,2014-07-16 18:04:45,2014-07-17 01:04:45,721,1955,0.417426,7,18849,0.276996,0.250299,0.750412,0.4,0.397079,0.75,0.0440978,0.0001,0.00121999,999999,-2.220150e-01,3,,,,SVDNB_npp_d20140716_t1803247_e1809051_b14079_c20140717000905445784_noaa_ops.h5,GDNBO_npp_d20140716_t1803247_e1809051_b14079_c20140717000905445471_noaa_ops.h5,SVI04_npp_d20140716_t1803247_e1809051_b14079_c20140717000905432367_noaa_ops.dspace_rad,VNFF_npp_d20140716_t1803247_e1809051_b14079_v21.csv,World_EEZ_v8_2014.shp,WPP_BFAR_merge.shp,KKP_IDN_merge_20161208.shp,VNF-VBD_npp_20120301-20151231_global_asia-enhanced_c201607211230.bitmask,NCEI_NGA.union.nga_lead2.add_2015ntl.mask,timezone.shp,VBD_platforms-recurring_2015_r20170330.shp,0.268311,VBD_bridges_c20160811.shp,2.701723;0.592520;-1.537733;-6.424739;-11.321091;-16.224911;-21.132078;-19.454973;-16.614069;-11.826628;-7.007390;-2.161976,98.595314;112.244095;125.823792;124.798187;123.864281;123.023224;122.264351;107.621338;93.259468;94.789581;96.172417;97.426979,npp_d20140716_t1803247_e1809051_b14079,153.776,47.1319,4.58848,103.733,37.978,84.8242
743,VBD_npp_d20140716_t1804451_x1106887E_y040337S_l0721_s1957_v23,2017-05-23 13:08:46,-4.033667,110.688705,18.6881,2014-07-16 18:04:45,2014-07-17 01:04:45,721,1957,0.428088,7,2209,0.260128,0.235408,0.750412,0.4,0.515855,0.75,0.0441078,0.0001,0.00124857,999999,-1.215510e-01,3,,,,SVDNB_npp_d20140716_t1803247_e1809051_b14079_c20140717000905445784_noaa_ops.h5,GDNBO_npp_d20140716_t1803247_e1809051_b14079_c20140717000905445471_noaa_ops.h5,SVI04_npp_d20140716_t1803247_e1809051_b14079_c20140717000905432367_noaa_ops.dspace_rad,VNFF_npp_d20140716_t1803247_e1809051_b14079_v21.csv,World_EEZ_v8_2014.shp,WPP_BFAR_merge.shp,KKP_IDN_merge_20161208.shp,VNF-VBD_npp_20120301-20151231_global_asia-enhanced_c201607211230.bitmask,NCEI_NGA.union.nga_lead2.add_2015ntl.mask,timezone.shp,VBD_platforms-recurring_2015_r20170330.shp,999999,VBD_bridges_c20160811.shp,2.701723;0.592520;-1.537733;-6.424739;-11.321091;-16.224911;-21.132078;-19.454973;-16.614069;-11.826628;-7.007390;-2.161976,98.595314;112.244095;125.823792;124.798187;123.864281;123.023224;122.264351;107.621338;93.259468;94.789581;96.172417;97.426979,npp_d20140716_t1803247_e1809051_b14079,153.767,47.1525,4.47297,103.858,37.9648,84.8189
744,VBD_npp_d20140716_t1804433_x1107449E_y039413S_l0706_s1962_v23,2017-05-23 13:08:46,-3.941306,110.744888,14.2452,2014-07-16 18:04:43,2014-07-17 01:04:43,706,1962,0.409968,1,2529,0.608969,0.25423,0.80667,0.4,0.81578,0.75,0.0441567,0.0001,0.00132563,999999,-2.485389e-01,3,Indonesian Exclusive Economic Zone,WPP712,,SVDNB_npp_d20140716_t1803247_e1809051_b14079_c20140717000905445784_noaa_ops.h5,GDNBO_npp_d20140716_t1803247_e1809051_b14079_c20140717000905445471_noaa_ops.h5,SVI04_npp_d20140716_t1803247_e1809051_b14079_c20140717000905432367_noaa_ops.dspace_rad,VNFF_npp_d20140716_t1803247_e1809051_b14079_v21.csv,World_EEZ_v8_2014.shp,WPP_BFAR_merge.shp,KKP_IDN_merge_20161208.shp,VNF-VBD_npp_20120301-20151231_global_asia-enhanced_c201607211230.bitmask,NCEI_NGA.union.nga_lead2.add_2015ntl.mask,timezone.shp,VBD_platforms-recurring_2015_r20170330.shp,999999,VBD_bridges_c20160811.shp,2.701723;0.592520;-1.537733;-6.424739;-11.321091;-16.224911;-21.132078;-19.454973;-16.614069;-11.826628;-7.007390;-2.161976,98.595314;112.244095;125.823792;124.798187;123.864281;123.023224;122.264351;107.621338;93.259468;94.789581;96.172417;97.426979,npp_d20140716_t1803247_e1809051_b14079,153.669,47.0791,4.17588,103.391,37.9071,84.9305
745,VBD_npp_d20140716_t1804522_x1106680E_y045043S_l0791_s1969_v23,2017-05-23 13:08:46,-4.504262,110.667976,29.7867,2014-07-16 18:04:52,2014-07-17 01:04:52,791,1969,0.427259,1,2529,0.806989,0.188834,0.839124,0.4,0.93526,0.75,0.0440561,0.0001,0.0013871,999999,1.926714e-01,3,Indonesian Exclusive Economic Zone,WPP712,,SVDNB_npp_d20140716_t1803247_e1809051_b14079_c20140717000905445784_noaa_ops.h5,GDNBO_npp_d20140716_t1803247_e1809051_b14079_c20140717000905445471_noaa_ops.h5,SVI04_npp_d20140716_t1803247_e1809051_b14079_c20140717000905432367_noaa_ops.dspace_rad,VNFF_npp_d20140716_t1803247_e1809051_b14079_v21.csv,World_EEZ_v8_2014.shp,WPP_BFAR_merge.shp,KKP_IDN_merge_20161208.shp,VNF-VBD_npp_20120301-20151231_global_asia-enhanced_c201607211230.bitmask,NCEI_NGA.union.nga_lead2.add_2015ntl.mask,timezone.shp,VBD_platforms-recurring_2015_r20170330.shp,999999,VBD_bridges_c20160811.shp,2.701723;0.592520;-1.537733;-6.424739;-11.321091;-16.224911;-21.132078;-19.454973;-16.614069;-11.826628;-7.007390;-2.161976,98.595314;112.244095;125.823792;124.798187;123.864281;123.023224;122.264351;107.621338;93.259468;94.789581;96.172417;97.426979,npp_d20140716_t1803247_e1809051_b14079,154.079,47.8732,3.75762,99.5201,38.0026,84.2034
746,VBD_npp_d20140716_t1804415_x1108907E_y039238S_l0700_s1982_v23,2017-05-23 13:08:46,-3.923805,110.890717,12.7584,2014-07-16 18:04:41,2014-07-17 01:04:41,700,1982,0.424773,1,2529,0.55849,0.225725,0.830788,0.4,0.884902,0.75,0.0442662,0.0001,0.0016243,999999,-5.622518e-02,3,Indonesian Exclusive Economic Zone,WPP712,,SVDNB_npp_d20140716_t1803247_e1809051_b14079_c20140717000905445784_noaa_ops.h5,GDNBO_npp_d20140716_t1803247_e1809051_b14079_c20140717000905445471_noaa_ops.h5,SVI04_npp_d20140716_t1803247_e1809051_b14079_c20140717000905432367_noaa_ops.dspace_rad,VNFF_npp_d20140716_t1803247_e1809051_b14079_v21.csv,World_EEZ_v8_2014.shp,WPP_BFAR_merge.shp,KKP_IDN_merge_20161208.shp,VNF-VBD_npp_20120301-20151231_global_asia-enhanced_c201607211230.bitmask,NCEI_NGA.union.nga_lead2.add_2015ntl.mask,timezone.shp,VBD_platforms-recurring_2015_r20170330.shp,999999,VBD_bridges_c20160811.shp,2.701723;0.592520;-1.537733;-6.424739;-11.321091;-16.224911;-21.132078;-19.454973;-16.614069;-11.826628;-7.007390;-2.161976,98.595314;112.244095;125.823792;124.798187;123.864281;123.023224;122.264351;107.621338;93.259468;94.789581;96.172417;97.426979,npp_d20140716_t1803247_e1809051_b14079,153.556,47.233,3.01566,94.1735,37.7658,84.928
747,VBD_npp_d20140716_t1804469_x1108278E_y041847S_l0740_s1982_v23,2017-05-23 13:08:46,-4.184688,110.827812,10.8812,2014-07-16 18:04:46,2014-07-17 01:04:46,740,1982,0.406598,2,2465,0.345078,0.265279,0.769497,0.4,0.687406,0.75,0.0442024,0.0001,0.00163523,999999,-3.230787e-01,3,Indonesian Exclusive Economic Zone,WPP712,,SVDNB_npp_d20140716_t1803247_e1809051_b14079_c20140717000905445784_noaa_ops.h5,GDNBO_npp_d20140716_t1803247_e1809051_b14079_c20140717000905445471_noaa_ops.h5,SVI04_npp_d20140716_t1803247_e1809051_b14079_c20140717000905432367_noaa_ops.dspace_rad,VNFF_npp_d20140716_t1803247_e1809051_b14079_v21.csv,World_EEZ_v8_2014.shp,WPP_BFAR_merge.shp,KKP_IDN_merge_20161208.shp,VNF-VBD_npp_20120301-20151231_global_asia-enhanced_c201607211230.bitmask,NCEI_NGA.union.nga_lead2.add_2015ntl.mask,timezone.shp,VBD_platforms-recurring_2015_r20170330.shp,999999,VBD_bridges_c20160811.shp,2.701723;0.592520;-1.537733;-6.424739;-11.321091;-16.224911;-21.132078;-19.454973;-16.614069;-11.826628;-7.007390;-2.161976,98.595314;112.244095;125.823792;124.798187;123.864281;123.023224;122.264351;107.621338;93.259468;94.789581;96.172417;97.426979,npp_d20140716_t1803247_e1809051_b14079,153.762,47.5683,3.01501,102.922,37.8317,84.5931
748,VBD_npp_d20140716_t1804415_x1109346E_y039037S_l0696_s1988_v23,2017-05-23 13:08:46,-3.903656,110.934639,6.6432,2014-07-16 18:04:41,2014-07-17 01:04:41,696,1988,0.427094,1,2529,0.395126,0.21693,0.794517,0.4,0.868624,0.75,0.044302,0.0001,0.00175155,999999,3.111900e-03,3,Indonesian Exclusive Economic Zone,WPP712,,SVDNB_npp_d20140716_t1803247_e1809051_b14079_c20140717000905445784_noaa_ops.h5,GDNBO_npp_d20140716_t1803247_e1809051_b14079_c20140717000905445471_noaa_ops.h5,SVI04_npp_d20140716_t1803247_e1809051_b14079_c20140717000905432367_noaa_ops.dspace_rad,VNFF_npp_d20140716_t1803247_e1809051_b14079_v21.csv,World_EEZ_v8_2014.shp,WPP_BFAR_merge.shp,KKP_IDN_merge_20161208.shp,VNF-VBD_npp_20120301-20151231_global_asia-enhanced_c201607211230.bitmask,NCEI_NGA.union.nga_lead2.add_2015ntl.mask,timezone.shp,VBD_platforms-recurring_2015_r20170330.shp,999999,VBD_bridges_c20160811.shp,2.701723;0.592520;-1.537733;-6.424739;-11.321091;-16.224911;-21.132078;-19.454973;-16.614069;-11.826628;-7.007390;-2.161976,98.595314;112.244095;125.823792;124.798187;123.864281;123.023224;122.264351;107.621338;93.259468;94.789581;96.172417;97.426979,npp_d20140716_t1803247_e1809051_b14079,153.51,47.2601,2.6573,98.5234,37.7197,84.9464
749,VBD_npp_d20140716_t1804487_x1108609E_y043184S_l0759_s1991_v23,2017-05-23 13:08:46,-4.318354,110.860939,36.8176,2014-07-16 18:04:48,2014-07-17 01:04:48,759,1991,0.42284,1,2529,0.839219,0.217257,0.827008,0.4,0.918896,0.75,0.0442162,0.0001,0.00178263,999999,9.062114e-04,3,Indonesian Exclusive Economic Zone,WPP712,,SVDNB_npp_d20140716_t1803247_e1809051_b14079_c20140717000905445784_noaa_ops.h5,GDNBO_npp_d20140716_t1803247_e1809051_b14079_c20140717000905445471_noaa_ops.h5,SVI04_npp_d20140716_t1803247_e1809051_b14079_c20140717000905432367_noaa_ops.dspace_rad,VNFF_npp_d20140716_t1803247_e1809051_b14079_v21.csv,World_EEZ_v8_2014.shp,WPP_BFAR_merge.shp,KKP_IDN_merge_20161208.shp,VNF-VBD_npp_20120301-20151231_global_asia-enhanced_c201607211230.bitmask,NCEI_NGA.union.nga_lead2.add_2015ntl.mask,timezone.shp,VBD_platforms-recurring_2015_r20170330.shp,999999,VBD_bridges_c20160811.shp,2.701723;0.592520;-1.537733;-6.424739;-11.321091;-16.224911;-21.132078;-19.454973;-16.614069;-11.826628;-7.007390;-2.161976,98.595314;112.244095;125.823792;124.798187;123.864281;123.023224;122.264351;107.621338;93.259468;94.789581;96.172417;97.426979,npp_d20140716_t1803247_e1809051_b14079,153.822,47.8214,2.48478,99.8313,37.8041,84.4097
750,VBD_npp_d20140716_t1804433_x1109466E_y040412S_l0716_s1994_v23,2017-05-23 13:08:46,-4.041181,110.946564,10.7462,2014-07-16 18:04:43,2014-07-17 01:04:43,716,1994,0.427591,1,2529,0.484856,0.214432,0.81053,0.4,0.869684,0.75,0.0442994,0.0001,0.00184136,999999,1.996569e-02,3,Indonesian Exclusive Economic Zone,WPP712,,SVDNB_npp_d20140716_t1803247_e1809051_b14079_c20140717000905445784_noaa_ops.h5,GDNBO_npp_d20140716_t1803247_e1809051_b14079_c20140717000905445471_noaa_ops.h5,SVI04_npp_d20140716_t1803247_e1809051_b14079_c20140717000905432367_noaa_ops.dspace_rad,VNFF_npp_d20140716_t1803247_e1809051_b14079_v21.csv,World_EEZ_v8_2014.shp,WPP_BFAR_merge.shp,KKP_IDN_merge_20161208.shp,VNF-VBD_npp_20120301-20151231_global_asia-enhanced_c201607211230.bitmask,NCEI_NGA.union.nga_lead2.add_2015ntl.mask,timezone.shp,VBD_platforms-recurring_2015_r20170330.shp,999999,VBD_bridges_c20160811.shp,2.701723;0.592520;-1.537733;-6.424739;-11.321091;-16.224911;-21.132078;-19.454973;-16.614069;-11.826628;-7.007390;-2.161976,98.595314;112.244095;125.823792;124.798187;123.864281;123.023224;122.264351;107.621338;93.259468;94.789581;96.172417;97.426979,npp_d20140716_t1803247_e1809051_b14079,153.589,47.4884,2.32328,92.7191,37.713,84.7616
751,VBD_npp_d20140716_t1804433_x1109608E_y040367S_l0715_s1996_v23,2017-05-23 13:08:46,-4.036669,110.960846,8.15451,2014-07-16 18:04:43,2014-07-17 01:04:43,715,1996,0.426044,1,2529,0.411356,0.246613,0.836535,0.4,0.838765,0.75,0.0443107,0.0001,0.00188588,999999,-1.971449e-01,3,Indonesian Exclusive Economic Zone,WPP712,,SVDNB_npp_d20140716_t1803247_e1809051_b14079_c20140717000905445784_noaa_ops.h5,GDNBO_npp_d20140716_t1803247_e1809051_b14079_c20140717000905445471_noaa_ops.h5,SVI04_npp_d20140716_t1803247_e1809051_b14079_c20140717000905432367_noaa_ops.dspace_rad,VNFF_npp_d20140716_t1803247_e1809051_b14079_v21.csv,World_EEZ_v8_2014.shp,WPP_BFAR_merge.shp,KKP_IDN_merge_20161208.shp,VNF-VBD_npp_20120301-20151231_global_asia-enhanced_c201607211230.bitmask,NCEI_NGA.union.nga_lead2.add_2015ntl.mask,timezone.shp,VBD_platforms-recurring_2015_r20170330.shp,999999,VBD_bridges_c20160811.shp,2.701723;0.592520;-1.537733;-6.424739;-11.321091;-16.224911;-21.132078;-19.454973;-16.614069;-11.826628;-7.007390;-2.161976,98.595314;112.244095;125.823792;124.798187;123.864281;123.023224;122.264351;107.621338;93.259468;94.789581;96.172417;97.426979,npp_d20140716_t1803247_e1809051_b14079,153.575,47.5,2.20221,93.8886,37.6982,84.7649
752,VBD_npp_d20140716_t1804433_x1109716E_y040113S_l0711_s1997_v23,2017-05-23 13:08:46,-4.011274,110.971649,9.57788,2014-07-16 18:04:43,2014-07-17 01:04:43,711,1997,0.429248,1,2529,0.436496,0.258927,0.841279,0.4,0.818384,0.75,0.044322,0.0001,0.00192539,999999,-2.802216e-01,3,Indonesian Exclusive Economic Zone,WPP712,,SVDNB_npp_d20140716_t1803247_e1809051_b14079_c20140717000905445784_noaa_ops.h5,GDNBO_npp_d20140716_t1803247_e1809051_b14079_c20140717000905445471_noaa_ops.h5,SVI04_npp_d20140716_t1803247_e1809051_b14079_c20140717000905432367_noaa_ops.dspace_rad,VNFF_npp_d20140716_t1803247_e1809051_b14079_v21.csv,World_EEZ_v8_2014.shp,WPP_BFAR_merge.shp,KKP_IDN_merge_20161208.shp,VNF-VBD_npp_20120301-20151231_global_asia-enhanced_c201607211230.bitmask,NCEI_NGA.union.nga_lead2.add_2015ntl.mask,timezone.shp,VBD_platforms-recurring_2015_r20170330.shp,999999,VBD_bridges_c20160811.shp,2.701723;0.592520;-1.537733;-6.424739;-11.321091;-16.224911;-21.132078;-19.454973;-16.614069;-11.826628;-7.007390;-2.161976,98.595314;112.244095;125.823792;124.798187;123.864281;123.023224;122.264351;107.621338;93.259468;94.789581;96.172417;97.426979,npp_d20140716_t1803247_e1809051_b14079,153.55,47.4763,2.13577,99.9336,37.685,84.7962
753,VBD_npp_d20140716_t1805314_x1103378E_y068409S_l1144_s1998_v23,2017-05-23 13:08:46,-6.840858,110.337799,3.69541,2014-07-16 18:05:31,2014-07-17 01:05:31,1144,1998,0.42516,1,2273,0.248647,0.191864,0.833613,0.4,0.786456,0.75,0.0437407,0.0001,0.00170572,999999,1.722248e-01,3,Indonesian Exclusive Economic Zone,WPP712,,SVDNB_npp_d20140716_t1803247_e1809051_b14079_c20140717000905445784_noaa_ops.h5,GDNBO_npp_d20140716_t1803247_e1809051_b14079_c20140717000905445471_noaa_ops.h5,SVI04_npp_d20140716_t1803247_e1809051_b14079_c20140717000905432367_noaa_ops.dspace_rad,VNFF_npp_d20140716_t1803247_e1809051_b14079_v21.csv,World_EEZ_v8_2014.shp,WPP_BFAR_merge.shp,KKP_IDN_merge_20161208.shp,VNF-VBD_npp_20120301-20151231_global_asia-enhanced_c201607211230.bitmask,NCEI_NGA.union.nga_lead2.add_2015ntl.mask,timezone.shp,VBD_platforms-recurring_2015_r20170330.shp,999999,VBD_bridges_c20160811.shp,2.701723;0.592520;-1.537733;-6.424739;-11.321091;-16.224911;-21.132078;-19.454973;-16.614069;-11.826628;-7.007390;-2.161976,98.595314;112.244095;125.823792;124.798187;123.864281;123.023224;122.264351;107.621338;93.259468;94.789581;96.172417;97.426979,npp_d20140716_t1803247_e1809051_b14079,155.719,51.4634,2.07682,98.4744,38.4762,81.238
754,VBD_npp_d20140716_t1804433_x1109838E_y040200S_l0712_s1999_v23,2017-05-23 13:08:46,-4.019986,110.983833,13.6796,2014-07-16 18:04:43,2014-07-17 01:04:43,712,1999,0.388257,1,2529,0.485437,0.275353,0.842615,0.4,0.833801,0.75,0.0443302,0.0001,0.00196168,999999,-3.910484e-01,3,Indonesian Exclusive Economic Zone,WPP712,,SVDNB_npp_d20140716_t1803247_e1809051_b14079_c20140717000905445784_noaa_ops.h5,GDNBO_npp_d20140716_t1803247_e1809051_b14079_c20140717000905445471_noaa_ops.h5,SVI04_npp_d20140716_t1803247_e1809051_b14079_c20140717000905432367_noaa_ops.dspace_rad,VNFF_npp_d20140716_t1803247_e1809051_b14079_v21.csv,World_EEZ_v8_2014.shp,WPP_BFAR_merge.shp,KKP_IDN_merge_20161208.shp,VNF-VBD_npp_20120301-20151231_global_asia-enhanced_c201607211230.bitmask,NCEI_NGA.union.nga_lead2.add_2015ntl.mask,timezone.shp,VBD_platforms-recurring_2015_r20170330.shp,999999,VBD_bridges_c20160811.shp,2.701723;0.592520;-1.537733;-6.424739;-11.321091;-16.224911;-21.132078;-19.454973;-16.614069;-11.826628;-7.007390;-2.161976,98.595314;112.244095;125.823792;124.798187;123.864281;123.023224;122.264351;107.621338;93.259468;94.789581;96.172417;97.426979,npp_d20140716_t1803247_e1809051_b14079,153.547,47.5049,2.01973,98.3572,37.6735,84.7825
755,VBD_npp_d20140716_t1805314_x1103511E_y068430S_l1144_s2000_v23,2017-05-23 13:08:46,-6.842971,110.351105,19.9687,2014-07-16 18:05:31,2014-07-17 01:05:31,1144,2000,0.431789,1,2529,0.776797,0.192175,0.862545,0.4,0.956358,0.75,0.0437504,0.0001,0.00174252,999999,1.701297e-01,3,Indonesian Exclusive Economic Zone,WPP712,,SVDNB_npp_d20140716_t1803247_e1809051_b14079_c20140717000905445784_noaa_ops.h5,GDNBO_npp_d20140716_t1803247_e1809051_b14079_c20140717000905445471_noaa_ops.h5,SVI04_npp_d20140716_t1803247_e1809051_b14079_c20140717000905432367_noaa_ops.dspace_rad,VNFF_npp_d20140716_t1803247_e1809051_b14079_v21.csv,World_EEZ_v8_2014.shp,WPP_BFAR_merge.shp,KKP_IDN_merge_20161208.shp,VNF-VBD_npp_20120301-20151231_global_asia-enhanced_c201607211230.bitmask,NCEI_NGA.union.nga_lead2.add_2015ntl.mask,timezone.shp,VBD_platforms-recurring_2015_r20170330.shp,999999,VBD_bridges_c20160811.shp,2.701723;0.592520;-1.537733;-6.424739;-11.321091;-16.224911;-21.132078;-19.454973;-16.614069;-11.826628;-7.007390;-2.161976,98.595314;112.244095;125.823792;124.798187;123.864281;123.023224;122.264351;107.621338;93.259468;94.789581;96.172417;97.426979,npp_d20140716_t1803247_e1809051_b14079,155.71,51.4837,1.96094,98.4471,38.4632,81.2311
756,VBD_npp_d20140716_t1804415_x1110207E_y039173S_l0696_s2001_v23,2017-05-23 13:08:46,-3.917309,111.020676,20.3716,2014-07-16 18:04:41,2014-07-17 01:04:41,696,2001,0.421956,2,2465,0.603557,0.209963,0.832218,0.4,0.742618,0.75,0.0443654,0.0001,0.00201192,999999,5.011736e-02,3,Indonesian Exclusive Economic Zone,WPP712,,SVDNB_npp_d20140716_t1803247_e1809051_b14079_c20140717000905445784_noaa_ops.h5,GDNBO_npp_d20140716_t1803247_e1809051_b14079_c20140717000905445471_noaa_ops.h5,SVI04_npp_d20140716_t1803247_e1809051_b14079_c20140717000905432367_noaa_ops.dspace_rad,VNFF_npp_d20140716_t1803247_e1809051_b14079_v21.csv,World_EEZ_v8_2014.shp,WPP_BFAR_merge.shp,KKP_IDN_merge_20161208.shp,VNF-VBD_npp_20120301-20151231_global_asia-enhanced_c201607211230.bitmask,NCEI_NGA.union.nga_lead2.add_2015ntl.mask,timezone.shp,VBD_platforms-recurring_2015_r20170330.shp,999999,VBD_bridges_c20160811.shp,2.701723;0.592520;-1.537733;-6.424739;-11.321091;-16.224911;-21.132078;-19.454973;-16.614069;-11.826628;-7.007390;-2.161976,98.595314;112.244095;125.823792;124.798187;123.864281;123.023224;122.264351;107.621338;93.259468;94.789581;96.172417;97.426979,npp_d20140716_t1803247_e1809051_b14079,153.456,47.3909,1.9041,98.3848,37.6342,84.9125
757,VBD_npp_d20140716_t1804415_x1110186E_y039305S_l0698_s2001_v23,2017-05-23 13:08:46,-3.930529,111.018585,14.8793,2014-07-16 18:04:41,2014-07-17 01:04:41,698,2001,0.428696,1,2529,0.543074,0.213708,0.832218,0.4,0.842146,0.75,0.0443622,0.0001,0.00200188,999999,2.485136e-02,3,Indonesian Exclusive Economic Zone,WPP712,,SVDNB_npp_d20140716_t1803247_e1809051_b14079_c20140717000905445784_noaa_ops.h5,GDNBO_npp_d20140716_t1803247_e1809051_b14079_c20140717000905445471_noaa_ops.h5,SVI04_npp_d20140716_t1803247_e1809051_b14079_c20140717000905432367_noaa_ops.dspace_rad,VNFF_npp_d20140716_t1803247_e1809051_b14079_v21.csv,World_EEZ_v8_2014.shp,WPP_BFAR_merge.shp,KKP_IDN_merge_20161208.shp,VNF-VBD_npp_20120301-20151231_global_asia-enhanced_c201607211230.bitmask,NCEI_NGA.union.nga_lead2.add_2015ntl.mask,timezone.shp,VBD_platforms-recurring_2015_r20170330.shp,999999,VBD_bridges_c20160811.shp,2.701723;0.592520;-1.537733;-6.424739;-11.321091;-16.224911;-21.132078;-19.454973;-16.614069;-11.826628;-7.007390;-2.161976,98.595314;112.244095;125.823792;124.798187;123.864281;123.023224;122.264351;107.621338;93.259468;94.789581;96.172417;97.426979,npp_d20140716_t1803247_e1809051_b14079,153.467,47.4077,1.90884,94.9181,37.6375,84.8954
758,VBD_npp_d20140716_t1804433_x1109929E_y040485S_l0716_s2001_v23,2017-05-23 13:08:46,-4.048526,110.992889,11.0315,2014-07-16 18:04:43,2014-07-17 01:04:43,716,2001,0.424552,1,2529,0.485055,0.22838,0.832225,0.4,0.860236,0.75,0.0443335,0.0001,0.00198317,999999,-7.413309e-02,3,Indonesian Exclusive Economic Zone,WPP712,,SVDNB_npp_d20140716_t1803247_e1809051_b14079_c20140717000905445784_noaa_ops.h5,GDNBO_npp_d20140716_t1803247_e1809051_b14079_c20140717000905445471_noaa_ops.h5,SVI04_npp_d20140716_t1803247_e1809051_b14079_c20140717000905432367_noaa_ops.dspace_rad,VNFF_npp_d20140716_t1803247_e1809051_b14079_v21.csv,World_EEZ_v8_2014.shp,WPP_BFAR_merge.shp,KKP_IDN_merge_20161208.shp,VNF-VBD_npp_20120301-20151231_global_asia-enhanced_c201607211230.bitmask,NCEI_NGA.union.nga_lead2.add_2015ntl.mask,timezone.shp,VBD_platforms-recurring_2015_r20170330.shp,999999,VBD_bridges_c20160811.shp,2.701723;0.592520;-1.537733;-6.424739;-11.321091;-16.224911;-21.132078;-19.454973;-16.614069;-11.826628;-7.007390;-2.161976,98.595314;112.244095;125.823792;124.798187;123.864281;123.023224;122.264351;107.621338;93.259468;94.789581;96.172417;97.426979,npp_d20140716_t1803247_e1809051_b14079,153.56,47.5588,1.92049,91.4222,37.667,84.7431
759,VBD_npp_d20140716_t1804415_x1110262E_y039250S_l0697_s2002_v23,2017-05-23 13:08:46,-3.924969,111.026245,11.6176,2014-07-16 18:04:41,2014-07-17 01:04:41,697,2002,0.422785,7,2465,0.287944,0.202035,0.832218,0.4,0.683946,0.75,0.0443687,0.0001,0.00202812,999999,1.036086e-01,3,,,,SVDNB_npp_d20140716_t1803247_e1809051_b14079_c20140717000905445784_noaa_ops.h5,GDNBO_npp_d20140716_t1803247_e1809051_b14079_c20140717000905445471_noaa_ops.h5,SVI04_npp_d20140716_t1803247_e1809051_b14079_c20140717000905432367_noaa_ops.dspace_rad,VNFF_npp_d20140716_t1803247_e1809051_b14079_v21.csv,World_EEZ_v8_2014.shp,WPP_BFAR_merge.shp,KKP_IDN_merge_20161208.shp,VNF-VBD_npp_20120301-20151231_global_asia-enhanced_c201607211230.bitmask,NCEI_NGA.union.nga_lead2.add_2015ntl.mask,timezone.shp,VBD_platforms-recurring_2015_r20170330.shp,999999,VBD_bridges_c20160811.shp,2.701723;0.592520;-1.537733;-6.424739;-11.321091;-16.224911;-21.132078;-19.454973;-16.614069;-11.826628;-7.007390;-2.161976,98.595314;112.244095;125.823792;124.798187;123.864281;123.023224;122.264351;107.621338;93.259468;94.789581;96.172417;97.426979,npp_d20140716_t1803247_e1809051_b14079,153.457,47.4094,1.84767,96.5797,37.6293,84.9013
760,VBD_npp_d20140716_t1804415_x1110276E_y039591S_l0702_s2003_v23,2017-05-23 13:08:46,-3.959067,111.027649,14.0375,2014-07-16 18:04:41,2014-07-17 01:04:41,702,2003,0.418476,1,2529,0.539031,0.248065,0.857716,0.4,0.875901,0.75,0.0443656,0.0001,0.00202353,999999,-2.069423e-01,3,Indonesian Exclusive Economic Zone,WPP712,,SVDNB_npp_d20140716_t1803247_e1809051_b14079_c20140717000905445784_noaa_ops.h5,GDNBO_npp_d20140716_t1803247_e1809051_b14079_c20140717000905445471_noaa_ops.h5,SVI04_npp_d20140716_t1803247_e1809051_b14079_c20140717000905432367_noaa_ops.dspace_rad,VNFF_npp_d20140716_t1803247_e1809051_b14079_v21.csv,World_EEZ_v8_2014.shp,WPP_BFAR_merge.shp,KKP_IDN_merge_20161208.shp,VNF-VBD_npp_20120301-20151231_global_asia-enhanced_c201607211230.bitmask,NCEI_NGA.union.nga_lead2.add_2015ntl.mask,timezone.shp,VBD_platforms-recurring_2015_r20170330.shp,999999,VBD_bridges_c20160811.shp,2.701723;0.592520;-1.537733;-6.424739;-11.321091;-16.224911;-21.132078;-19.454973;-16.614069;-11.826628;-7.007390;-2.161976,98.595314;112.244095;125.823792;124.798187;123.864281;123.023224;122.264351;107.621338;93.259468;94.789581;96.172417;97.426979,npp_d20140716_t1803247_e1809051_b14079,153.479,47.4615,1.82522,87.4177,37.631,84.8561
761,VBD_npp_d20140716_t1804433_x1110155E_y039911S_l0707_s2003_v23,2017-05-23 13:08:46,-3.991136,111.015518,11.418,2014-07-16 18:04:43,2014-07-17 01:04:43,707,2003,0.426486,1,2529,0.521415,0.232759,0.846116,0.4,0.849914,0.75,0.0443576,0.0001,0.00207124,999999,-1.036769e-01,3,Indonesian Exclusive Economic Zone,WPP712,,SVDNB_npp_d20140716_t1803247_e1809051_b14079_c20140717000905445784_noaa_ops.h5,GDNBO_npp_d20140716_t1803247_e1809051_b14079_c20140717000905445471_noaa_ops.h5,SVI04_npp_d20140716_t1803247_e1809051_b14079_c20140717000905432367_noaa_ops.dspace_rad,VNFF_npp_d20140716_t1803247_e1809051_b14079_v21.csv,World_EEZ_v8_2014.shp,WPP_BFAR_merge.shp,KKP_IDN_merge_20161208.shp,VNF-VBD_npp_20120301-20151231_global_asia-enhanced_c201607211230.bitmask,NCEI_NGA.union.nga_lead2.add_2015ntl.mask,timezone.shp,VBD_platforms-recurring_2015_r20170330.shp,999999,VBD_bridges_c20160811.shp,2.701723;0.592520;-1.537733;-6.424739;-11.321091;-16.224911;-21.132078;-19.454973;-16.614069;-11.826628;-7.007390;-2.161976,98.595314;112.244095;125.823792;124.798187;123.864281;123.023224;122.264351;107.621338;93.259468;94.789581;96.172417;97.426979,npp_d20140716_t1803247_e1809051_b14079,153.504,47.5028,1.80752,107.476,37.6389,84.8145
762,VBD_npp_d20140716_t1804415_x1110527E_y039292S_l0697_s2006_v23,2017-05-23 13:08:46,-3.929165,111.052711,26.4898,2014-07-16 18:04:41,2014-07-17 01:04:41,697,2006,0.414498,8,18913,0.734642,0.206178,0.850419,0.4,0.922671,0.75,0.0443882,0.0001,0.00211466,999999,7.565358e-02,3,Indonesian Exclusive Economic Zone,WPP712,,SVDNB_npp_d20140716_t1803247_e1809051_b14079_c20140717000905445784_noaa_ops.h5,GDNBO_npp_d20140716_t1803247_e1809051_b14079_c20140717000905445471_noaa_ops.h5,SVI04_npp_d20140716_t1803247_e1809051_b14079_c20140717000905432367_noaa_ops.dspace_rad,VNFF_npp_d20140716_t1803247_e1809051_b14079_v21.csv,World_EEZ_v8_2014.shp,WPP_BFAR_merge.shp,KKP_IDN_merge_20161208.shp,VNF-VBD_npp_20120301-20151231_global_asia-enhanced_c201607211230.bitmask,NCEI_NGA.union.nga_lead2.add_2015ntl.mask,timezone.shp,VBD_platforms-recurring_2015_r20170330.shp,0.552174,VBD_bridges_c20160811.shp,2.701723;0.592520;-1.537733;-6.424739;-11.321091;-16.224911;-21.132078;-19.454973;-16.614069;-11.826628;-7.007390;-2.161976,98.595314;112.244095;125.823792;124.798187;123.864281;123.023224;122.264351;107.621338;93.259468;94.789581;96.172417;97.426979,npp_d20140716_t1803247_e1809051_b14079,153.441,47.4495,1.61609,96.2521,37.603,84.8909
763,VBD_npp_d20140716_t1804433_x1110486E_y039964S_l0707_s2008_v23,2017-05-23 13:08:46,-3.996386,111.048592,8.51869,2014-07-16 18:04:43,2014-07-17 01:04:43,707,2008,0.422177,1,2529,0.384887,0.254135,0.843858,0.4,0.802618,0.75,0.0443821,0.0001,0.00218192,999999,-2.478944e-01,3,Indonesian Exclusive Economic Zone,WPP712,,SVDNB_npp_d20140716_t1803247_e1809051_b14079_c20140717000905445784_noaa_ops.h5,GDNBO_npp_d20140716_t1803247_e1809051_b14079_c20140717000905445471_noaa_ops.h5,SVI04_npp_d20140716_t1803247_e1809051_b14079_c20140717000905432367_noaa_ops.dspace_rad,VNFF_npp_d20140716_t1803247_e1809051_b14079_v21.csv,World_EEZ_v8_2014.shp,WPP_BFAR_merge.shp,KKP_IDN_merge_20161208.shp,VNF-VBD_npp_20120301-20151231_global_asia-enhanced_c201607211230.bitmask,NCEI_NGA.union.nga_lead2.add_2015ntl.mask,timezone.shp,VBD_platforms-recurring_2015_r20170330.shp,999999,VBD_bridges_c20160811.shp,2.701723;0.592520;-1.537733;-6.424739;-11.321091;-16.224911;-21.132078;-19.454973;-16.614069;-11.826628;-7.007390;-2.161976,98.595314;112.244095;125.823792;124.798187;123.864281;123.023224;122.264351;107.621338;93.259468;94.789581;96.172417;97.426979,npp_d20140716_t1803247_e1809051_b14079,153.484,47.5529,1.52173,109.109,37.6061,84.8013
764,VBD_npp_d20140716_t1804415_x1110771E_y039466S_l0699_s2010_v23,2017-05-23 13:08:46,-3.946575,111.077072,17.5099,2014-07-16 18:04:41,2014-07-17 01:04:41,699,2010,0.420464,2,2465,0.531642,0.232151,0.854037,0.4,0.663663,0.75,0.0444046,0.0001,0.002193,999999,-9.957861e-02,3,Indonesian Exclusive Economic Zone,WPP712,,SVDNB_npp_d20140716_t1803247_e1809051_b14079_c20140717000905445784_noaa_ops.h5,GDNBO_npp_d20140716_t1803247_e1809051_b14079_c20140717000905445471_noaa_ops.h5,SVI04_npp_d20140716_t1803247_e1809051_b14079_c20140717000905432367_noaa_ops.dspace_rad,VNFF_npp_d20140716_t1803247_e1809051_b14079_v21.csv,World_EEZ_v8_2014.shp,WPP_BFAR_merge.shp,KKP_IDN_merge_20161208.shp,VNF-VBD_npp_20120301-20151231_global_asia-enhanced_c201607211230.bitmask,NCEI_NGA.union.nga_lead2.add_2015ntl.mask,timezone.shp,VBD_platforms-recurring_2015_r20170330.shp,999999,VBD_bridges_c20160811.shp,2.701723;0.592520;-1.537733;-6.424739;-11.321091;-16.224911;-21.132078;-19.454973;-16.614069;-11.826628;-7.007390;-2.161976,98.595314;112.244095;125.823792;124.798187;123.864281;123.023224;122.264351;107.621338;93.259468;94.789581;96.172417;97.426979,npp_d20140716_t1803247_e1809051_b14079,153.434,47.5063,1.39585,91.0799,37.58,84.8633
765,VBD_npp_d20140716_t1804433_x1110796E_y040148S_l0709_s2013_v23,2017-05-23 13:08:46,-4.014848,111.079575,16.6358,2014-07-16 18:04:43,2014-07-17 01:04:43,709,2013,0.424718,1,2529,0.601636,0.265261,0.838741,0.4,0.844483,0.75,0.0444033,0.0001,0.00228612,999999,-3.229579e-01,3,Indonesian Exclusive Economic Zone,WPP712,,SVDNB_npp_d20140716_t1803247_e1809051_b14079_c20140717000905445784_noaa_ops.h5,GDNBO_npp_d20140716_t1803247_e1809051_b14079_c20140717000905445471_noaa_ops.h5,SVI04_npp_d20140716_t1803247_e1809051_b14079_c20140717000905432367_noaa_ops.dspace_rad,VNFF_npp_d20140716_t1803247_e1809051_b14079_v21.csv,World_EEZ_v8_2014.shp,WPP_BFAR_merge.shp,KKP_IDN_merge_20161208.shp,VNF-VBD_npp_20120301-20151231_global_asia-enhanced_c201607211230.bitmask,NCEI_NGA.union.nga_lead2.add_2015ntl.mask,timezone.shp,VBD_platforms-recurring_2015_r20170330.shp,999999,VBD_bridges_c20160811.shp,2.701723;0.592520;-1.537733;-6.424739;-11.321091;-16.224911;-21.132078;-19.454973;-16.614069;-11.826628;-7.007390;-2.161976,98.595314;112.244095;125.823792;124.798187;123.864281;123.023224;122.264351;107.621338;93.259468;94.789581;96.172417;97.426979,npp_d20140716_t1803247_e1809051_b14079,153.473,47.6199,1.21802,106.187,37.5766,84.771
766,VBD_npp_d20140716_t1804433_x1110820E_y040423S_l0713_s2014_v23,2017-05-23 13:08:46,-4.042329,111.082008,7.90603,2014-07-16 18:04:43,2014-07-17 01:04:43,713,2014,0.425878,8,18849,0.396549,0.263681,0.818296,0.4,0.683234,0.75,0.0444018,0.0001,0.00228684,999999,-3.122990e-01,3,Indonesian Exclusive Economic Zone,WPP712,,SVDNB_npp_d20140716_t1803247_e1809051_b14079_c20140717000905445784_noaa_ops.h5,GDNBO_npp_d20140716_t1803247_e1809051_b14079_c20140717000905445471_noaa_ops.h5,SVI04_npp_d20140716_t1803247_e1809051_b14079_c20140717000905432367_noaa_ops.dspace_rad,VNFF_npp_d20140716_t1803247_e1809051_b14079_v21.csv,World_EEZ_v8_2014.shp,WPP_BFAR_merge.shp,KKP_IDN_merge_20161208.shp,VNF-VBD_npp_20120301-20151231_global_asia-enhanced_c201607211230.bitmask,NCEI_NGA.union.nga_lead2.add_2015ntl.mask,timezone.shp,VBD_platforms-recurring_2015_r20170330.shp,0.944728,VBD_bridges_c20160811.shp,2.701723;0.592520;-1.537733;-6.424739;-11.321091;-16.224911;-21.132078;-19.454973;-16.614069;-11.826628;-7.007390;-2.161976,98.595314;112.244095;125.823792;124.798187;123.864281;123.023224;122.264351;107.621338;93.259468;94.789581;96.172417;97.426979,npp_d20140716_t1803247_e1809051_b14079,153.49,47.6637,1.15319,95.1061,37.5767,84.7342
767,VBD_npp_d20140716_t1804451_x1110612E_y041268S_l0726_s2014_v23,2017-05-23 13:08:46,-4.126797,111.061188,7.38551,2014-07-16 18:04:45,2014-07-17 01:04:45,726,2014,0.425215,1,2529,0.410128,0.272905,0.801198,0.4,0.857053,0.75,0.0443811,0.0001,0.00229329,999999,-3.745308e-01,3,Indonesian Exclusive Economic Zone,WPP712,,SVDNB_npp_d20140716_t1803247_e1809051_b14079_c20140717000905445784_noaa_ops.h5,GDNBO_npp_d20140716_t1803247_e1809051_b14079_c20140717000905445471_noaa_ops.h5,SVI04_npp_d20140716_t1803247_e1809051_b14079_c20140717000905432367_noaa_ops.dspace_rad,VNFF_npp_d20140716_t1803247_e1809051_b14079_v21.csv,World_EEZ_v8_2014.shp,WPP_BFAR_merge.shp,KKP_IDN_merge_20161208.shp,VNF-VBD_npp_20120301-20151231_global_asia-enhanced_c201607211230.bitmask,NCEI_NGA.union.nga_lead2.add_2015ntl.mask,timezone.shp,VBD_platforms-recurring_2015_r20170330.shp,999999,VBD_bridges_c20160811.shp,2.701723;0.592520;-1.537733;-6.424739;-11.321091;-16.224911;-21.132078;-19.454973;-16.614069;-11.826628;-7.007390;-2.161976,98.595314;112.244095;125.823792;124.798187;123.864281;123.023224;122.264351;107.621338;93.259468;94.789581;96.172417;97.426979,npp_d20140716_t1803247_e1809051_b14079,153.557,47.772,1.15795,103.779,37.5984,84.625
768,VBD_npp_d20140716_t1804433_x1110994E_y040180S_l0709_s2016_v23,2017-05-23 13:08:46,-4.017993,111.099403,10.361,2014-07-16 18:04:43,2014-07-17 01:04:43,709,2016,0.361132,1,2529,0.422978,0.2623,0.827959,0.4,0.818904,0.75,0.0444179,0.0001,0.00235723,999999,-3.029810e-01,3,Indonesian Exclusive Economic Zone,WPP712,,SVDNB_npp_d20140716_t1803247_e1809051_b14079_c20140717000905445784_noaa_ops.h5,GDNBO_npp_d20140716_t1803247_e1809051_b14079_c20140717000905445471_noaa_ops.h5,SVI04_npp_d20140716_t1803247_e1809051_b14079_c20140717000905432367_noaa_ops.dspace_rad,VNFF_npp_d20140716_t1803247_e1809051_b14079_v21.csv,World_EEZ_v8_2014.shp,WPP_BFAR_merge.shp,KKP_IDN_merge_20161208.shp,VNF-VBD_npp_20120301-20151231_global_asia-enhanced_c201607211230.bitmask,NCEI_NGA.union.nga_lead2.add_2015ntl.mask,timezone.shp,VBD_platforms-recurring_2015_r20170330.shp,999999,VBD_bridges_c20160811.shp,2.701723;0.592520;-1.537733;-6.424739;-11.321091;-16.224911;-21.132078;-19.454973;-16.614069;-11.826628;-7.007390;-2.161976,98.595314;112.244095;125.823792;124.798187;123.864281;123.023224;122.264351;107.621338;93.259468;94.789581;96.172417;97.426979,npp_d20140716_t1803247_e1809051_b14079,153.461,47.6498,1.04589,107.401,37.5569,84.7631
769,VBD_npp_d20140716_t1805171_x1106384E_y060765S_l1024_s2016_v23,2017-05-23 13:08:46,-6.076549,110.638390,17.3476,2014-07-16 18:05:17,2014-07-17 01:05:17,1024,2016,0.414387,1,2529,0.635093,0.254825,0.76811,0.4,0.929844,0.75,0.0439391,0.0001,0.00209295,999999,-2.525510e-01,3,Indonesian Exclusive Economic Zone,WPP712,,SVDNB_npp_d20140716_t1803247_e1809051_b14079_c20140717000905445784_noaa_ops.h5,GDNBO_npp_d20140716_t1803247_e1809051_b14079_c20140717000905445471_noaa_ops.h5,SVI04_npp_d20140716_t1803247_e1809051_b14079_c20140717000905432367_noaa_ops.dspace_rad,VNFF_npp_d20140716_t1803247_e1809051_b14079_v21.csv,World_EEZ_v8_2014.shp,WPP_BFAR_merge.shp,KKP_IDN_merge_20161208.shp,VNF-VBD_npp_20120301-20151231_global_asia-enhanced_c201607211230.bitmask,NCEI_NGA.union.nga_lead2.add_2015ntl.mask,timezone.shp,VBD_platforms-recurring_2015_r20170330.shp,999999,VBD_bridges_c20160811.shp,2.701723;0.592520;-1.537733;-6.424739;-11.321091;-16.224911;-21.132078;-19.454973;-16.614069;-11.826628;-7.007390;-2.161976,98.595314;112.244095;125.823792;124.798187;123.864281;123.023224;122.264351;107.621338;93.259468;94.789581;96.172417;97.426979,npp_d20140716_t1803247_e1809051_b14079,155.051,50.4699,1.14349,74.2021,38.1214,82.1456
770,VBD_npp_d20140716_t1805047_x1108213E_y052801S_l0902_s2017_v23,2017-05-23 13:08:46,-5.280062,110.821327,18.6771,2014-07-16 18:05:04,2014-07-17 01:05:04,902,2017,0.419194,8,18913,0.686597,0.243859,0.816283,0.4,0.92958,0.75,0.044106,0.0001,0.00225401,999999,-1.785672e-01,3,Indonesian Exclusive Economic Zone,WPP712,,SVDNB_npp_d20140716_t1803247_e1809051_b14079_c20140717000905445784_noaa_ops.h5,GDNBO_npp_d20140716_t1803247_e1809051_b14079_c20140717000905445471_noaa_ops.h5,SVI04_npp_d20140716_t1803247_e1809051_b14079_c20140717000905432367_noaa_ops.dspace_rad,VNFF_npp_d20140716_t1803247_e1809051_b14079_v21.csv,World_EEZ_v8_2014.shp,WPP_BFAR_merge.shp,KKP_IDN_merge_20161208.shp,VNF-VBD_npp_20120301-20151231_global_asia-enhanced_c201607211230.bitmask,NCEI_NGA.union.nga_lead2.add_2015ntl.mask,timezone.shp,VBD_platforms-recurring_2015_r20170330.shp,0.418684,VBD_bridges_c20160811.shp,2.701723;0.592520;-1.537733;-6.424739;-11.321091;-16.224911;-21.132078;-19.454973;-16.614069;-11.826628;-7.007390;-2.161976,98.595314;112.244095;125.823792;124.798187;123.864281;123.023224;122.264351;107.621338;93.259468;94.789581;96.172417;97.426979,npp_d20140716_t1803247_e1809051_b14079,154.438,49.3433,0.983323,104.575,37.885,83.1448
771,VBD_npp_d20140716_t1805047_x1108290E_y052745S_l0901_s2018_v23,2017-05-23 13:08:46,-5.274504,110.829002,4.69583,2014-07-16 18:05:04,2014-07-17 01:05:04,901,2018,0.424,8,18913,0.287525,0.235511,0.816283,0.4,0.798297,0.75,0.0441126,0.0001,0.00228339,999999,-1.222461e-01,3,Indonesian Exclusive Economic Zone,WPP712,,SVDNB_npp_d20140716_t1803247_e1809051_b14079_c20140717000905445784_noaa_ops.h5,GDNBO_npp_d20140716_t1803247_e1809051_b14079_c20140717000905445471_noaa_ops.h5,SVI04_npp_d20140716_t1803247_e1809051_b14079_c20140717000905432367_noaa_ops.dspace_rad,VNFF_npp_d20140716_t1803247_e1809051_b14079_v21.csv,World_EEZ_v8_2014.shp,WPP_BFAR_merge.shp,KKP_IDN_merge_20161208.shp,VNF-VBD_npp_20120301-20151231_global_asia-enhanced_c201607211230.bitmask,NCEI_NGA.union.nga_lead2.add_2015ntl.mask,timezone.shp,VBD_platforms-recurring_2015_r20170330.shp,0.682102,VBD_bridges_c20160811.shp,2.701723;0.592520;-1.537733;-6.424739;-11.321091;-16.224911;-21.132078;-19.454973;-16.614069;-11.826628;-7.007390;-2.161976,98.595314;112.244095;125.823792;124.798187;123.864281;123.023224;122.264351;107.621338;93.259468;94.789581;96.172417;97.426979,npp_d20140716_t1803247_e1809051_b14079,154.429,49.3442,0.933385,108.457,37.8767,83.1502
772,VBD_npp_d20140716_t1805047_x1108259E_y052943S_l0904_s2018_v23,2017-05-23 13:08:46,-5.294332,110.825859,6.32751,2014-07-16 18:05:04,2014-07-17 01:05:04,904,2018,0.421293,8,18913,0.372858,0.230355,0.814771,0.4,0.846889,0.75,0.0441074,0.0001,0.00226445,999999,-8.745677e-02,3,Indonesian Exclusive Economic Zone,WPP712,,SVDNB_npp_d20140716_t1803247_e1809051_b14079_c20140717000905445784_noaa_ops.h5,GDNBO_npp_d20140716_t1803247_e1809051_b14079_c20140717000905445471_noaa_ops.h5,SVI04_npp_d20140716_t1803247_e1809051_b14079_c20140717000905432367_noaa_ops.dspace_rad,VNFF_npp_d20140716_t1803247_e1809051_b14079_v21.csv,World_EEZ_v8_2014.shp,WPP_BFAR_merge.shp,KKP_IDN_merge_20161208.shp,VNF-VBD_npp_20120301-20151231_global_asia-enhanced_c201607211230.bitmask,NCEI_NGA.union.nga_lead2.add_2015ntl.mask,timezone.shp,VBD_platforms-recurring_2015_r20170330.shp,0.843267,VBD_bridges_c20160811.shp,2.701723;0.592520;-1.537733;-6.424739;-11.321091;-16.224911;-21.132078;-19.454973;-16.614069;-11.826628;-7.007390;-2.161976,98.595314;112.244095;125.823792;124.798187;123.864281;123.023224;122.264351;107.621338;93.259468;94.789581;96.172417;97.426979,npp_d20140716_t1803247_e1809051_b14079,154.444,49.3717,0.920964,97.7699,37.8822,83.1251
773,VBD_npp_d20140716_t1804433_x1111564E_y039999S_l0705_s2024_v23,2017-05-23 13:08:46,-3.999947,111.156448,14.1295,2014-07-16 18:04:43,2014-07-17 01:04:43,705,2024,0.412288,1,2529,0.595212,0.225117,0.805355,0.4,0.932184,0.75,0.0444633,0.0001,0.00257997,999999,-5.212000e-02,3,Indonesian Exclusive Economic Zone,WPP712,,SVDNB_npp_d20140716_t1803247_e1809051_b14079_c20140717000905445784_noaa_ops.h5,GDNBO_npp_d20140716_t1803247_e1809051_b14079_c20140717000905445471_noaa_ops.h5,SVI04_npp_d20140716_t1803247_e1809051_b14079_c20140717000905432367_noaa_ops.dspace_rad,VNFF_npp_d20140716_t1803247_e1809051_b14079_v21.csv,World_EEZ_v8_2014.shp,WPP_BFAR_merge.shp,KKP_IDN_merge_20161208.shp,VNF-VBD_npp_20120301-20151231_global_asia-enhanced_c201607211230.bitmask,NCEI_NGA.union.nga_lead2.add_2015ntl.mask,timezone.shp,VBD_platforms-recurring_2015_r20170330.shp,999999,VBD_bridges_c20160811.shp,2.701723;0.592520;-1.537733;-6.424739;-11.321091;-16.224911;-21.132078;-19.454973;-16.614069;-11.826628;-7.007390;-2.161976,98.595314;112.244095;125.823792;124.798187;123.864281;123.023224;122.264351;107.621338;93.259468;94.789581;96.172417;97.426979,npp_d20140716_t1803247_e1809051_b14079,153.406,47.6958,0.688758,132.968,37.4977,84.7761
774,VBD_npp_d20140716_t1804433_x1111408E_y040991S_l0720_s2024_v23,2017-05-23 13:08:46,-4.099058,111.140816,17.699,2014-07-16 18:04:43,2014-07-17 01:04:43,720,2024,0.328206,1,2529,0.609314,0.269048,0.798457,0.4,0.893294,0.75,0.0444394,0.0001,0.00248483,999999,-3.485074e-01,3,Indonesian Exclusive Economic Zone,WPP712,,SVDNB_npp_d20140716_t1803247_e1809051_b14079_c20140717000905445784_noaa_ops.h5,GDNBO_npp_d20140716_t1803247_e1809051_b14079_c20140717000905445471_noaa_ops.h5,SVI04_npp_d20140716_t1803247_e1809051_b14079_c20140717000905432367_noaa_ops.dspace_rad,VNFF_npp_d20140716_t1803247_e1809051_b14079_v21.csv,World_EEZ_v8_2014.shp,WPP_BFAR_merge.shp,KKP_IDN_merge_20161208.shp,VNF-VBD_npp_20120301-20151231_global_asia-enhanced_c201607211230.bitmask,NCEI_NGA.union.nga_lead2.add_2015ntl.mask,timezone.shp,VBD_platforms-recurring_2015_r20170330.shp,999999,VBD_bridges_c20160811.shp,2.701723;0.592520;-1.537733;-6.424739;-11.321091;-16.224911;-21.132078;-19.454973;-16.614069;-11.826628;-7.007390;-2.161976,98.595314;112.244095;125.823792;124.798187;123.864281;123.023224;122.264351;107.621338;93.259468;94.789581;96.172417;97.426979,npp_d20140716_t1803247_e1809051_b14079,153.485,47.8228,0.746565,58.9109,37.5227,84.6477
775,VBD_npp_d20140716_t1805171_x1107805E_y060381S_l1015_s2036_v23,2017-05-23 13:08:46,-6.038075,110.780510,21.7417,2014-07-16 18:05:17,2014-07-17 01:05:17,1015,2036,0.421183,1,2529,0.705782,0.221554,0.768881,0.4,0.907572,0.75,0.0440381,0.0001,0.00262933,999999,-2.808300e-02,3,Indonesian Exclusive Economic Zone,WPP712,,SVDNB_npp_d20140716_t1803247_e1809051_b14079_c20140717000905445784_noaa_ops.h5,GDNBO_npp_d20140716_t1803247_e1809051_b14079_c20140717000905445471_noaa_ops.h5,SVI04_npp_d20140716_t1803247_e1809051_b14079_c20140717000905432367_noaa_ops.dspace_rad,VNFF_npp_d20140716_t1803247_e1809051_b14079_v21.csv,World_EEZ_v8_2014.shp,WPP_BFAR_merge.shp,KKP_IDN_merge_20161208.shp,VNF-VBD_npp_20120301-20151231_global_asia-enhanced_c201607211230.bitmask,NCEI_NGA.union.nga_lead2.add_2015ntl.mask,timezone.shp,VBD_platforms-recurring_2015_r20170330.shp,999999,VBD_bridges_c20160811.shp,2.701723;0.592520;-1.537733;-6.424739;-11.321091;-16.224911;-21.132078;-19.454973;-16.614069;-11.826628;-7.007390;-2.161976,98.595314;112.244095;125.823792;124.798187;123.864281;123.023224;122.264351;107.621338;93.259468;94.789581;96.172417;97.426979,npp_d20140716_t1803247_e1809051_b14079,154.917,50.5838,0.128171,-100.273,37.9741,82.1552
776,VBD_npp_d20140716_t1804362_x1113491E_y036447S_l0648_s2040_v23,2017-05-23 13:08:46,-3.644657,111.349075,7.08029,2014-07-16 18:04:36,2014-07-17 01:04:36,648,2040,0.416542,1,2529,0.415095,0.213941,0.776567,0.4,0.871646,0.75,0.0446285,0.0001,0.00301585,999999,2.327924e-02,3,Indonesian Exclusive Economic Zone,WPP712,,SVDNB_npp_d20140716_t1803247_e1809051_b14079_c20140717000905445784_noaa_ops.h5,GDNBO_npp_d20140716_t1803247_e1809051_b14079_c20140717000905445471_noaa_ops.h5,SVI04_npp_d20140716_t1803247_e1809051_b14079_c20140717000905432367_noaa_ops.dspace_rad,VNFF_npp_d20140716_t1803247_e1809051_b14079_v21.csv,World_EEZ_v8_2014.shp,WPP_BFAR_merge.shp,KKP_IDN_merge_20161208.shp,VNF-VBD_npp_20120301-20151231_global_asia-enhanced_c201607211230.bitmask,NCEI_NGA.union.nga_lead2.add_2015ntl.mask,timezone.shp,VBD_platforms-recurring_2015_r20170330.shp,999999,VBD_bridges_c20160811.shp,2.701723;0.592520;-1.537733;-6.424739;-11.321091;-16.224911;-21.132078;-19.454973;-16.614069;-11.826628;-7.007390;-2.161976,98.595314;112.244095;125.823792;124.798187;123.864281;123.023224;122.264351;107.621338;93.259468;94.789581;96.172417;97.426979,npp_d20140716_t1803247_e1809051_b14079,153.047,47.383,0.355246,-78.4412,37.301,85.2198
777,VBD_npp_d20140716_t1804451_x1112303E_y042145S_l0735_s2041_v23,2017-05-23 13:08:46,-4.214541,111.230301,16.658,2014-07-16 18:04:45,2014-07-17 01:04:45,735,2041,0.418586,1,2529,0.530121,0.23999,0.773221,0.4,0.850603,0.75,0.0444985,0.0001,0.00293015,999999,-1.524601e-01,3,Indonesian Exclusive Economic Zone,WPP712,,SVDNB_npp_d20140716_t1803247_e1809051_b14079_c20140717000905445784_noaa_ops.h5,GDNBO_npp_d20140716_t1803247_e1809051_b14079_c20140717000905445471_noaa_ops.h5,SVI04_npp_d20140716_t1803247_e1809051_b14079_c20140717000905432367_noaa_ops.dspace_rad,VNFF_npp_d20140716_t1803247_e1809051_b14079_v21.csv,World_EEZ_v8_2014.shp,WPP_BFAR_merge.shp,KKP_IDN_merge_20161208.shp,VNF-VBD_npp_20120301-20151231_global_asia-enhanced_c201607211230.bitmask,NCEI_NGA.union.nga_lead2.add_2015ntl.mask,timezone.shp,VBD_platforms-recurring_2015_r20170330.shp,999999,VBD_bridges_c20160811.shp,2.701723;0.592520;-1.537733;-6.424739;-11.321091;-16.224911;-21.132078;-19.454973;-16.614069;-11.826628;-7.007390;-2.161976,98.595314;112.244095;125.823792;124.798187;123.864281;123.023224;122.264351;107.621338;93.259468;94.789581;96.172417;97.426979,npp_d20140716_t1803247_e1809051_b14079,153.49,48.1174,0.586171,-35.4165,37.4365,84.4751
778,VBD_npp_d20140716_t1804433_x1113064E_y040372S_l0707_s2047_v23,2017-05-23 13:08:46,-4.037231,111.306389,4.87988,2014-07-16 18:04:43,2014-07-17 01:04:43,707,2047,0.327709,7,2209,0.206909,0.205385,0.850065,0.4,0.647795,0.75,0.0445724,0.0001,0.00321336,999999,8.100193e-02,3,,,,SVDNB_npp_d20140716_t1803247_e1809051_b14079_c20140717000905445784_noaa_ops.h5,GDNBO_npp_d20140716_t1803247_e1809051_b14079_c20140717000905445471_noaa_ops.h5,SVI04_npp_d20140716_t1803247_e1809051_b14079_c20140717000905432367_noaa_ops.dspace_rad,VNFF_npp_d20140716_t1803247_e1809051_b14079_v21.csv,World_EEZ_v8_2014.shp,WPP_BFAR_merge.shp,KKP_IDN_merge_20161208.shp,VNF-VBD_npp_20120301-20151231_global_asia-enhanced_c201607211230.bitmask,NCEI_NGA.union.nga_lead2.add_2015ntl.mask,timezone.shp,VBD_platforms-recurring_2015_r20170330.shp,999999,VBD_bridges_c20160811.shp,2.701723;0.592520;-1.537733;-6.424739;-11.321091;-16.224911;-21.132078;-19.454973;-16.614069;-11.826628;-7.007390;-2.161976,98.595314;112.244095;125.823792;124.798187;123.864281;123.023224;122.264351;107.621338;93.259468;94.789581;96.172417;97.426979,npp_d20140716_t1803247_e1809051_b14079,153.321,47.9407,0.808672,-100.747,37.3501,84.6976
779,VBD_npp_d20140716_t1804433_x1113151E_y040251S_l0705_s2048_v23,2017-05-23 13:08:46,-4.025061,111.315086,31.63,2014-07-16 18:04:43,2014-07-17 01:04:43,705,2048,0.423834,1,2529,0.835314,0.2095,0.864191,0.4,0.940352,0.75,0.0445805,0.0001,0.0032594,999999,5.324013e-02,3,Indonesian Exclusive Economic Zone,WPP712,,SVDNB_npp_d20140716_t1803247_e1809051_b14079_c20140717000905445784_noaa_ops.h5,GDNBO_npp_d20140716_t1803247_e1809051_b14079_c20140717000905445471_noaa_ops.h5,SVI04_npp_d20140716_t1803247_e1809051_b14079_c20140717000905432367_noaa_ops.dspace_rad,VNFF_npp_d20140716_t1803247_e1809051_b14079_v21.csv,World_EEZ_v8_2014.shp,WPP_BFAR_merge.shp,KKP_IDN_merge_20161208.shp,VNF-VBD_npp_20120301-20151231_global_asia-enhanced_c201607211230.bitmask,NCEI_NGA.union.nga_lead2.add_2015ntl.mask,timezone.shp,VBD_platforms-recurring_2015_r20170330.shp,999999,VBD_bridges_c20160811.shp,2.701723;0.592520;-1.537733;-6.424739;-11.321091;-16.224911;-21.132078;-19.454973;-16.614069;-11.826628;-7.007390;-2.161976,98.595314;112.244095;125.823792;124.798187;123.864281;123.023224;122.264351;107.621338;93.259468;94.789581;96.172417;97.426979,npp_d20140716_t1803247_e1809051_b14079,153.306,47.9336,0.906613,-106.396,37.3402,84.7122
780,VBD_npp_d20140716_t1804433_x1113283E_y040272S_l0705_s2050_v23,2017-05-23 13:08:46,-4.027152,111.328308,30.4944,2014-07-16 18:04:43,2014-07-17 01:04:43,705,2050,0.425878,1,2529,0.837336,0.222595,0.864191,0.4,0.942311,0.75,0.0445902,0.0001,0.00332168,999999,-3.510311e-02,3,Indonesian Exclusive Economic Zone,WPP712,,SVDNB_npp_d20140716_t1803247_e1809051_b14079_c20140717000905445784_noaa_ops.h5,GDNBO_npp_d20140716_t1803247_e1809051_b14079_c20140717000905445471_noaa_ops.h5,SVI04_npp_d20140716_t1803247_e1809051_b14079_c20140717000905432367_noaa_ops.dspace_rad,VNFF_npp_d20140716_t1803247_e1809051_b14079_v21.csv,World_EEZ_v8_2014.shp,WPP_BFAR_merge.shp,KKP_IDN_merge_20161208.shp,VNF-VBD_npp_20120301-20151231_global_asia-enhanced_c201607211230.bitmask,NCEI_NGA.union.nga_lead2.add_2015ntl.mask,timezone.shp,VBD_platforms-recurring_2015_r20170330.shp,999999,VBD_bridges_c20160811.shp,2.701723;0.592520;-1.537733;-6.424739;-11.321091;-16.224911;-21.132078;-19.454973;-16.614069;-11.826628;-7.007390;-2.161976,98.595314;112.244095;125.823792;124.798187;123.864281;123.023224;122.264351;107.621338;93.259468;94.789581;96.172417;97.426979,npp_d20140716_t1803247_e1809051_b14079,153.298,47.9534,1.01263,-103.602,37.3271,84.7068
781,VBD_npp_d20140716_t1804415_x1113428E_y040225S_l0704_s2051_v23,2017-05-23 13:08:46,-4.022533,111.342850,9.90216,2014-07-16 18:04:41,2014-07-17 01:04:41,704,2051,0.402399,1,2529,0.307339,0.222354,0.865661,0.4,0.826779,0.75,0.0445967,0.0001,0.0032438,999999,-3.347668e-02,3,Indonesian Exclusive Economic Zone,WPP712,,SVDNB_npp_d20140716_t1803247_e1809051_b14079_c20140717000905445784_noaa_ops.h5,GDNBO_npp_d20140716_t1803247_e1809051_b14079_c20140717000905445471_noaa_ops.h5,SVI04_npp_d20140716_t1803247_e1809051_b14079_c20140717000905432367_noaa_ops.dspace_rad,VNFF_npp_d20140716_t1803247_e1809051_b14079_v21.csv,World_EEZ_v8_2014.shp,WPP_BFAR_merge.shp,KKP_IDN_merge_20161208.shp,VNF-VBD_npp_20120301-20151231_global_asia-enhanced_c201607211230.bitmask,NCEI_NGA.union.nga_lead2.add_2015ntl.mask,timezone.shp,VBD_platforms-recurring_2015_r20170330.shp,999999,VBD_bridges_c20160811.shp,2.701723;0.592520;-1.537733;-6.424739;-11.321091;-16.224911;-21.132078;-19.454973;-16.614069;-11.826628;-7.007390;-2.161976,98.595314;112.244095;125.823792;124.798187;123.864281;123.023224;122.264351;107.621338;93.259468;94.789581;96.172417;97.426979,npp_d20140716_t1803247_e1809051_b14079,153.289,47.9555,1.10011,-55.4618,37.3192,84.7117
782,VBD_npp_d20140716_t1804576_x1111528E_y048656S_l0833_s2052_v23,2017-05-23 13:08:46,-4.865594,111.152802,12.2406,2014-07-16 18:04:57,2014-07-17 01:04:57,833,2052,0.386379,1,2529,0.575942,0.208072,0.821695,0.4,0.917033,0.75,0.044393,0.0001,0.00327708,999999,6.287919e-02,3,Indonesian Exclusive Economic Zone,WPP712,,SVDNB_npp_d20140716_t1803247_e1809051_b14079_c20140717000905445784_noaa_ops.h5,GDNBO_npp_d20140716_t1803247_e1809051_b14079_c20140717000905445471_noaa_ops.h5,SVI04_npp_d20140716_t1803247_e1809051_b14079_c20140717000905432367_noaa_ops.dspace_rad,VNFF_npp_d20140716_t1803247_e1809051_b14079_v21.csv,World_EEZ_v8_2014.shp,WPP_BFAR_merge.shp,KKP_IDN_merge_20161208.shp,VNF-VBD_npp_20120301-20151231_global_asia-enhanced_c201607211230.bitmask,NCEI_NGA.union.nga_lead2.add_2015ntl.mask,timezone.shp,VBD_platforms-recurring_2015_r20170330.shp,999999,VBD_bridges_c20160811.shp,2.701723;0.592520;-1.537733;-6.424739;-11.321091;-16.224911;-21.132078;-19.454973;-16.614069;-11.826628;-7.007390;-2.161976,98.595314;112.244095;125.823792;124.798187;123.864281;123.023224;122.264351;107.621338;93.259468;94.789581;96.172417;97.426979,npp_d20140716_t1803247_e1809051_b14079,153.94,49.074,1.11919,-101.351,37.5326,83.617
783,VBD_npp_d20140716_t1804415_x1113581E_y040114S_l0702_s2053_v23,2017-05-23 13:08:46,-4.011409,111.358147,19.4147,2014-07-16 18:04:41,2014-07-17 01:04:41,702,2053,0.383727,1,2529,0.662301,0.242044,0.854727,0.4,0.922306,0.75,0.0446096,0.0001,0.00332258,999999,-1.663219e-01,3,Indonesian Exclusive Economic Zone,WPP712,,SVDNB_npp_d20140716_t1803247_e1809051_b14079_c20140717000905445784_noaa_ops.h5,GDNBO_npp_d20140716_t1803247_e1809051_b14079_c20140717000905445471_noaa_ops.h5,SVI04_npp_d20140716_t1803247_e1809051_b14079_c20140717000905432367_noaa_ops.dspace_rad,VNFF_npp_d20140716_t1803247_e1809051_b14079_v21.csv,World_EEZ_v8_2014.shp,WPP_BFAR_merge.shp,KKP_IDN_merge_20161208.shp,VNF-VBD_npp_20120301-20151231_global_asia-enhanced_c201607211230.bitmask,NCEI_NGA.union.nga_lead2.add_2015ntl.mask,timezone.shp,VBD_platforms-recurring_2015_r20170330.shp,999999,VBD_bridges_c20160811.shp,2.701723;0.592520;-1.537733;-6.424739;-11.321091;-16.224911;-21.132078;-19.454973;-16.614069;-11.826628;-7.007390;-2.161976,98.595314;112.244095;125.823792;124.798187;123.864281;123.023224;122.264351;107.621338;93.259468;94.789581;96.172417;97.426979,npp_d20140716_t1803247_e1809051_b14079,153.271,47.9583,1.16498,-63.0779,37.3028,84.7236
784,VBD_npp_d20140716_t1804415_x1113759E_y040278S_l0704_s2056_v23,2017-05-23 13:08:46,-4.027767,111.375908,15.8245,2014-07-16 18:04:41,2014-07-17 01:04:41,704,2056,0.395273,2,2465,0.311819,0.275381,0.843287,0.4,0.59518,0.75,0.0446211,0.0001,0.00339942,999999,-3.912368e-01,3,Indonesian Exclusive Economic Zone,WPP712,,SVDNB_npp_d20140716_t1803247_e1809051_b14079_c20140717000905445784_noaa_ops.h5,GDNBO_npp_d20140716_t1803247_e1809051_b14079_c20140717000905445471_noaa_ops.h5,SVI04_npp_d20140716_t1803247_e1809051_b14079_c20140717000905432367_noaa_ops.dspace_rad,VNFF_npp_d20140716_t1803247_e1809051_b14079_v21.csv,World_EEZ_v8_2014.shp,WPP_BFAR_merge.shp,KKP_IDN_merge_20161208.shp,VNF-VBD_npp_20120301-20151231_global_asia-enhanced_c201607211230.bitmask,NCEI_NGA.union.nga_lead2.add_2015ntl.mask,timezone.shp,VBD_platforms-recurring_2015_r20170330.shp,999999,VBD_bridges_c20160811.shp,2.701723;0.592520;-1.537733;-6.424739;-11.321091;-16.224911;-21.132078;-19.454973;-16.614069;-11.826628;-7.007390;-2.161976,98.595314;112.244095;125.823792;124.798187;123.864281;123.023224;122.264351;107.621338;93.259468;94.789581;96.172417;97.426979,npp_d20140716_t1803247_e1809051_b14079,153.268,48.0048,1.36688,-60.7377,37.2864,84.6983
785,VBD_npp_d20140716_t1805100_x1111910E_y056428S_l0947_s2083_v23,2017-05-23 13:08:46,-5.642755,111.191032,5.20245,2014-07-16 18:05:10,2014-07-17 01:05:10,947,2083,0.421625,1,2529,0.302881,0.224414,0.719195,0.4,0.816413,0.75,0.0443499,0.0001,0.0041956,999999,-4.737847e-02,3,Indonesian Exclusive Economic Zone,WPP712,,SVDNB_npp_d20140716_t1803247_e1809051_b14079_c20140717000905445784_noaa_ops.h5,GDNBO_npp_d20140716_t1803247_e1809051_b14079_c20140717000905445471_noaa_ops.h5,SVI04_npp_d20140716_t1803247_e1809051_b14079_c20140717000905432367_noaa_ops.dspace_rad,VNFF_npp_d20140716_t1803247_e1809051_b14079_v21.csv,World_EEZ_v8_2014.shp,WPP_BFAR_merge.shp,KKP_IDN_merge_20161208.shp,VNF-VBD_npp_20120301-20151231_global_asia-enhanced_c201607211230.bitmask,NCEI_NGA.union.nga_lead2.add_2015ntl.mask,timezone.shp,VBD_platforms-recurring_2015_r20170330.shp,999999,VBD_bridges_c20160811.shp,2.701723;0.592520;-1.537733;-6.424739;-11.321091;-16.224911;-21.132078;-19.454973;-16.614069;-11.826628;-7.007390;-2.161976,98.595314;112.244095;125.823792;124.798187;123.864281;123.023224;122.264351;107.621338;93.259468;94.789581;96.172417;97.426979,npp_d20140716_t1803247_e1809051_b14079,154.374,50.4101,2.85767,-86.6562,37.5389,82.5674
786,VBD_npp_d20140716_t1805118_x1111647E_y058081S_l0972_s2084_v23,2017-05-23 13:08:46,-5.808091,111.164703,12.4906,2014-07-16 18:05:11,2014-07-17 01:05:11,972,2084,0.402013,8,18913,0.603848,0.229781,0.856242,0.4,0.922568,0.75,0.0443112,0.0001,0.0041063,999999,-8.358673e-02,3,Indonesian Exclusive Economic Zone,WPP712,,SVDNB_npp_d20140716_t1803247_e1809051_b14079_c20140717000905445784_noaa_ops.h5,GDNBO_npp_d20140716_t1803247_e1809051_b14079_c20140717000905445471_noaa_ops.h5,SVI04_npp_d20140716_t1803247_e1809051_b14079_c20140717000905432367_noaa_ops.dspace_rad,VNFF_npp_d20140716_t1803247_e1809051_b14079_v21.csv,World_EEZ_v8_2014.shp,WPP_BFAR_merge.shp,KKP_IDN_merge_20161208.shp,VNF-VBD_npp_20120301-20151231_global_asia-enhanced_c201607211230.bitmask,NCEI_NGA.union.nga_lead2.add_2015ntl.mask,timezone.shp,VBD_platforms-recurring_2015_r20170330.shp,0.487361,VBD_bridges_c20160811.shp,2.701723;0.592520;-1.537733;-6.424739;-11.321091;-16.224911;-21.132078;-19.454973;-16.614069;-11.826628;-7.007390;-2.161976,98.595314;112.244095;125.823792;124.798187;123.864281;123.023224;122.264351;107.621338;93.259468;94.789581;96.172417;97.426979,npp_d20140716_t1803247_e1809051_b14079,154.493,50.6537,2.91212,-76.2827,37.5801,82.3546
787,VBD_npp_d20140716_t1805100_x1112317E_y057306S_l0959_s2091_v23,2017-05-23 13:08:46,-5.730557,111.231667,10.5624,2014-07-16 18:05:10,2014-07-17 01:05:10,959,2091,0.384335,1,2529,0.496152,0.241751,0.816326,0.4,0.885484,0.75,0.0443679,0.0001,0.00434671,999999,-1.643441e-01,3,Indonesian Exclusive Economic Zone,WPP712,,SVDNB_npp_d20140716_t1803247_e1809051_b14079_c20140717000905445784_noaa_ops.h5,GDNBO_npp_d20140716_t1803247_e1809051_b14079_c20140717000905445471_noaa_ops.h5,SVI04_npp_d20140716_t1803247_e1809051_b14079_c20140717000905432367_noaa_ops.dspace_rad,VNFF_npp_d20140716_t1803247_e1809051_b14079_v21.csv,World_EEZ_v8_2014.shp,WPP_BFAR_merge.shp,KKP_IDN_merge_20161208.shp,VNF-VBD_npp_20120301-20151231_global_asia-enhanced_c201607211230.bitmask,NCEI_NGA.union.nga_lead2.add_2015ntl.mask,timezone.shp,VBD_platforms-recurring_2015_r20170330.shp,999999,VBD_bridges_c20160811.shp,2.701723;0.592520;-1.537733;-6.424739;-11.321091;-16.224911;-21.132078;-19.454973;-16.614069;-11.826628;-7.007390;-2.161976,98.595314;112.244095;125.823792;124.798187;123.864281;123.023224;122.264351;107.621338;93.259468;94.789581;96.172417;97.426979,npp_d20140716_t1803247_e1809051_b14079,154.398,50.601,3.33282,-73.9417,37.5099,82.4405
788,VBD_npp_d20140716_t1805136_x1112114E_y059439S_l0991_s2095_v23,2017-05-23 13:08:46,-5.943869,111.211388,5.07176,2014-07-16 18:05:13,2014-07-17 01:05:13,991,2095,0.38776,8,18913,0.302567,0.249533,0.687616,0.4,0.78765,0.75,0.0443315,0.0001,0.0044583,999999,-2.168475e-01,3,Indonesian Exclusive Economic Zone,WPP712,,SVDNB_npp_d20140716_t1803247_e1809051_b14079_c20140717000905445784_noaa_ops.h5,GDNBO_npp_d20140716_t1803247_e1809051_b14079_c20140717000905445471_noaa_ops.h5,SVI04_npp_d20140716_t1803247_e1809051_b14079_c20140717000905432367_noaa_ops.dspace_rad,VNFF_npp_d20140716_t1803247_e1809051_b14079_v21.csv,World_EEZ_v8_2014.shp,WPP_BFAR_merge.shp,KKP_IDN_merge_20161208.shp,VNF-VBD_npp_20120301-20151231_global_asia-enhanced_c201607211230.bitmask,NCEI_NGA.union.nga_lead2.add_2015ntl.mask,timezone.shp,VBD_platforms-recurring_2015_r20170330.shp,0.402296,VBD_bridges_c20160811.shp,2.701723;0.592520;-1.537733;-6.424739;-11.321091;-16.224911;-21.132078;-19.454973;-16.614069;-11.826628;-7.007390;-2.161976,98.595314;112.244095;125.823792;124.798187;123.864281;123.023224;122.264351;107.621338;93.259468;94.789581;96.172417;97.426979,npp_d20140716_t1803247_e1809051_b14079,154.537,50.9403,3.56518,-74.4176,37.5449,82.1605
789,VBD_npp_d20140716_t1805118_x1112738E_y057642S_l0963_s2099_v23,2017-05-23 13:08:46,-5.764230,111.273842,7.63014,2014-07-16 18:05:11,2014-07-17 01:05:11,963,2099,0.419249,1,2529,0.422685,0.219445,0.768607,0.4,0.872042,0.75,0.0443998,0.0001,0.00479736,999999,-1.385060e-02,3,Indonesian Exclusive Economic Zone,WPP712,,SVDNB_npp_d20140716_t1803247_e1809051_b14079_c20140717000905445784_noaa_ops.h5,GDNBO_npp_d20140716_t1803247_e1809051_b14079_c20140717000905445471_noaa_ops.h5,SVI04_npp_d20140716_t1803247_e1809051_b14079_c20140717000905432367_noaa_ops.dspace_rad,VNFF_npp_d20140716_t1803247_e1809051_b14079_v21.csv,World_EEZ_v8_2014.shp,WPP_BFAR_merge.shp,KKP_IDN_merge_20161208.shp,VNF-VBD_npp_20120301-20151231_global_asia-enhanced_c201607211230.bitmask,NCEI_NGA.union.nga_lead2.add_2015ntl.mask,timezone.shp,VBD_platforms-recurring_2015_r20170330.shp,999999,VBD_bridges_c20160811.shp,2.701723;0.592520;-1.537733;-6.424739;-11.321091;-16.224911;-21.132078;-19.454973;-16.614069;-11.826628;-7.007390;-2.161976,98.595314;112.244095;125.823792;124.798187;123.864281;123.023224;122.264351;107.621338;93.259468;94.789581;96.172417;97.426979,npp_d20140716_t1803247_e1809051_b14079,154.381,50.7157,3.78174,-85.3,37.4651,82.3822
790,VBD_npp_d20140716_t1805029_x1113956E_y053031S_l0892_s2101_v23,2017-05-23 13:08:46,-5.303051,111.395561,23.5162,2014-07-16 18:05:02,2014-07-17 01:05:02,892,2101,0.419359,8,18913,0.826234,0.211924,0.888379,0.4,0.952674,0.75,0.0445332,0.0001,0.00486469,999999,3.688932e-02,3,Indonesian Exclusive Economic Zone,WPP712,,SVDNB_npp_d20140716_t1803247_e1809051_b14079_c20140717000905445784_noaa_ops.h5,GDNBO_npp_d20140716_t1803247_e1809051_b14079_c20140717000905445471_noaa_ops.h5,SVI04_npp_d20140716_t1803247_e1809051_b14079_c20140717000905432367_noaa_ops.dspace_rad,VNFF_npp_d20140716_t1803247_e1809051_b14079_v21.csv,World_EEZ_v8_2014.shp,WPP_BFAR_merge.shp,KKP_IDN_merge_20161208.shp,VNF-VBD_npp_20120301-20151231_global_asia-enhanced_c201607211230.bitmask,NCEI_NGA.union.nga_lead2.add_2015ntl.mask,timezone.shp,VBD_platforms-recurring_2015_r20170330.shp,0.728639,VBD_bridges_c20160811.shp,2.701723;0.592520;-1.537733;-6.424739;-11.321091;-16.224911;-21.132078;-19.454973;-16.614069;-11.826628;-7.007390;-2.161976,98.595314;112.244095;125.823792;124.798187;123.864281;123.023224;122.264351;107.621338;93.259468;94.789581;96.172417;97.426979,npp_d20140716_t1803247_e1809051_b14079,154.023,50.0835,3.89446,-77.5547,37.3194,82.9718
791,VBD_npp_d20140716_t1805082_x1113883E_y055590S_l0930_s2109_v23,2017-05-23 13:08:46,-5.558969,111.388313,12.8801,2014-07-16 18:05:08,2014-07-17 01:05:08,930,2109,0.421569,1,2529,0.60879,0.210362,0.840195,0.4,0.920829,0.75,0.0445059,0.0001,0.00527585,999999,4.742435e-02,3,Indonesian Exclusive Economic Zone,WPP712,,SVDNB_npp_d20140716_t1803247_e1809051_b14079_c20140717000905445784_noaa_ops.h5,GDNBO_npp_d20140716_t1803247_e1809051_b14079_c20140717000905445471_noaa_ops.h5,SVI04_npp_d20140716_t1803247_e1809051_b14079_c20140717000905432367_noaa_ops.dspace_rad,VNFF_npp_d20140716_t1803247_e1809051_b14079_v21.csv,World_EEZ_v8_2014.shp,WPP_BFAR_merge.shp,KKP_IDN_merge_20161208.shp,VNF-VBD_npp_20120301-20151231_global_asia-enhanced_c201607211230.bitmask,NCEI_NGA.union.nga_lead2.add_2015ntl.mask,timezone.shp,VBD_platforms-recurring_2015_r20170330.shp,999999,VBD_bridges_c20160811.shp,2.701723;0.592520;-1.537733;-6.424739;-11.321091;-16.224911;-21.132078;-19.454973;-16.614069;-11.826628;-7.007390;-2.161976,98.595314;112.244095;125.823792;124.798187;123.864281;123.023224;122.264351;107.621338;93.259468;94.789581;96.172417;97.426979,npp_d20140716_t1803247_e1809051_b14079,154.175,50.5071,4.36175,-85.5189,37.3377,82.6273
792,VBD_npp_d20140716_t1805118_x1113444E_y058364S_l0972_s2111_v23,2017-05-23 13:08:46,-5.836441,111.344391,5.72638,2014-07-16 18:05:11,2014-07-17 01:05:11,972,2111,0.35721,1,2529,0.29315,0.221159,0.819595,0.4,0.78881,0.75,0.0444424,0.0001,0.00516995,999999,-2.541711e-02,3,Indonesian Exclusive Economic Zone,WPP712,,SVDNB_npp_d20140716_t1803247_e1809051_b14079_c20140717000905445784_noaa_ops.h5,GDNBO_npp_d20140716_t1803247_e1809051_b14079_c20140717000905445471_noaa_ops.h5,SVI04_npp_d20140716_t1803247_e1809051_b14079_c20140717000905432367_noaa_ops.dspace_rad,VNFF_npp_d20140716_t1803247_e1809051_b14079_v21.csv,World_EEZ_v8_2014.shp,WPP_BFAR_merge.shp,KKP_IDN_merge_20161208.shp,VNF-VBD_npp_20120301-20151231_global_asia-enhanced_c201607211230.bitmask,NCEI_NGA.union.nga_lead2.add_2015ntl.mask,timezone.shp,VBD_platforms-recurring_2015_r20170330.shp,999999,VBD_bridges_c20160811.shp,2.701723;0.592520;-1.537733;-6.424739;-11.321091;-16.224911;-21.132078;-19.454973;-16.614069;-11.826628;-7.007390;-2.161976,98.595314;112.244095;125.823792;124.798187;123.864281;123.023224;122.264351;107.621338;93.259468;94.789581;96.172417;97.426979,npp_d20140716_t1803247_e1809051_b14079,154.373,50.9177,4.47303,-78.0083,37.4043,82.2671
793,VBD_npp_d20140716_t1805118_x1113546E_y058584S_l0975_s2113_v23,2017-05-23 13:08:46,-5.858430,111.354591,12.7669,2014-07-16 18:05:11,2014-07-17 01:05:11,975,2113,0.420299,1,2529,0.558063,0.226915,0.853682,0.4,0.8827,0.75,0.0444469,0.0001,0.00520918,999999,-6.424913e-02,3,Indonesian Exclusive Economic Zone,WPP712,,SVDNB_npp_d20140716_t1803247_e1809051_b14079_c20140717000905445784_noaa_ops.h5,GDNBO_npp_d20140716_t1803247_e1809051_b14079_c20140717000905445471_noaa_ops.h5,SVI04_npp_d20140716_t1803247_e1809051_b14079_c20140717000905432367_noaa_ops.dspace_rad,VNFF_npp_d20140716_t1803247_e1809051_b14079_v21.csv,World_EEZ_v8_2014.shp,WPP_BFAR_merge.shp,KKP_IDN_merge_20161208.shp,VNF-VBD_npp_20120301-20151231_global_asia-enhanced_c201607211230.bitmask,NCEI_NGA.union.nga_lead2.add_2015ntl.mask,timezone.shp,VBD_platforms-recurring_2015_r20170330.shp,999999,VBD_bridges_c20160811.shp,2.701723;0.592520;-1.537733;-6.424739;-11.321091;-16.224911;-21.132078;-19.454973;-16.614069;-11.826628;-7.007390;-2.161976,98.595314;112.244095;125.823792;124.798187;123.864281;123.023224;122.264351;107.621338;93.259468;94.789581;96.172417;97.426979,npp_d20140716_t1803247_e1809051_b14079,154.379,50.9656,4.6009,-75.9374,37.3971,82.2351
794,VBD_npp_d20140716_t1805047_x1114621E_y054424S_l0911_s2115_v23,2017-05-23 13:08:46,-5.442397,111.462120,37.09,2014-07-16 18:05:04,2014-07-17 01:05:04,911,2115,0.420409,1,2529,0.973794,0.221393,0.900086,0.4,0.965948,0.75,0.0445682,0.0001,0.00539393,999999,-2.699413e-02,3,Indonesian Exclusive Economic Zone,WPP712,,SVDNB_npp_d20140716_t1803247_e1809051_b14079_c20140717000905445784_noaa_ops.h5,GDNBO_npp_d20140716_t1803247_e1809051_b14079_c20140717000905445471_noaa_ops.h5,SVI04_npp_d20140716_t1803247_e1809051_b14079_c20140717000905432367_noaa_ops.dspace_rad,VNFF_npp_d20140716_t1803247_e1809051_b14079_v21.csv,World_EEZ_v8_2014.shp,WPP_BFAR_merge.shp,KKP_IDN_merge_20161208.shp,VNF-VBD_npp_20120301-20151231_global_asia-enhanced_c201607211230.bitmask,NCEI_NGA.union.nga_lead2.add_2015ntl.mask,timezone.shp,VBD_platforms-recurring_2015_r20170330.shp,999999,VBD_bridges_c20160811.shp,2.701723;0.592520;-1.537733;-6.424739;-11.321091;-16.224911;-21.132078;-19.454973;-16.614069;-11.826628;-7.007390;-2.161976,98.595314;112.244095;125.823792;124.798187;123.864281;123.023224;122.264351;107.621338;93.259468;94.789581;96.172417;97.426979,npp_d20140716_t1803247_e1809051_b14079,154.055,50.3933,4.71677,-76.0671,37.2631,82.7669
795,VBD_npp_d20140716_t1805100_x1113981E_y057568S_l0959_s2116_v23,2017-05-23 13:08:46,-5.756845,111.398132,9.61427,2014-07-16 18:05:10,2014-07-17 01:05:10,959,2116,0.400797,1,2529,0.45471,0.274861,0.759536,0.4,0.869305,0.75,0.0444894,0.0001,0.00536399,999999,-3.877286e-01,3,Indonesian Exclusive Economic Zone,WPP712,,SVDNB_npp_d20140716_t1803247_e1809051_b14079_c20140717000905445784_noaa_ops.h5,GDNBO_npp_d20140716_t1803247_e1809051_b14079_c20140717000905445471_noaa_ops.h5,SVI04_npp_d20140716_t1803247_e1809051_b14079_c20140717000905432367_noaa_ops.dspace_rad,VNFF_npp_d20140716_t1803247_e1809051_b14079_v21.csv,World_EEZ_v8_2014.shp,WPP_BFAR_merge.shp,KKP_IDN_merge_20161208.shp,VNF-VBD_npp_20120301-20151231_global_asia-enhanced_c201607211230.bitmask,NCEI_NGA.union.nga_lead2.add_2015ntl.mask,timezone.shp,VBD_platforms-recurring_2015_r20170330.shp,999999,VBD_bridges_c20160811.shp,2.701723;0.592520;-1.537733;-6.424739;-11.321091;-16.224911;-21.132078;-19.454973;-16.614069;-11.826628;-7.007390;-2.161976,98.595314;112.244095;125.823792;124.798187;123.864281;123.023224;122.264351;107.621338;93.259468;94.789581;96.172417;97.426979,npp_d20140716_t1803247_e1809051_b14079,154.287,50.845,4.77356,-76.1503,37.3469,82.3597
796,VBD_npp_d20140716_t1805136_x1113618E_y058997S_l0981_s2116_v23,2017-05-23 13:08:46,-5.899653,111.361755,12.0249,2014-07-16 18:05:13,2014-07-17 01:05:13,981,2116,0.414553,1,2529,0.554357,0.219984,0.864341,0.4,0.901792,0.75,0.0444511,0.0001,0.00547418,999999,-1.748698e-02,3,Indonesian Exclusive Economic Zone,WPP712,,SVDNB_npp_d20140716_t1803247_e1809051_b14079_c20140717000905445784_noaa_ops.h5,GDNBO_npp_d20140716_t1803247_e1809051_b14079_c20140717000905445471_noaa_ops.h5,SVI04_npp_d20140716_t1803247_e1809051_b14079_c20140717000905432367_noaa_ops.dspace_rad,VNFF_npp_d20140716_t1803247_e1809051_b14079_v21.csv,World_EEZ_v8_2014.shp,WPP_BFAR_merge.shp,KKP_IDN_merge_20161208.shp,VNF-VBD_npp_20120301-20151231_global_asia-enhanced_c201607211230.bitmask,NCEI_NGA.union.nga_lead2.add_2015ntl.mask,timezone.shp,VBD_platforms-recurring_2015_r20170330.shp,999999,VBD_bridges_c20160811.shp,2.701723;0.592520;-1.537733;-6.424739;-11.321091;-16.224911;-21.132078;-19.454973;-16.614069;-11.826628;-7.007390;-2.161976,98.595314;112.244095;125.823792;124.798187;123.864281;123.023224;122.264351;107.621338;93.259468;94.789581;96.172417;97.426979,npp_d20140716_t1803247_e1809051_b14079,154.393,51.05,4.76149,-83.0895,37.3885,82.1762
797,VBD_npp_d20140716_t1804469_x1117125E_y043857S_l0749_s2117_v23,2017-05-23 13:08:46,-4.385734,111.712471,11.9789,2014-07-16 18:04:46,2014-07-17 01:04:46,749,2117,0.419746,1,2529,0.569059,0.210503,0.847763,0.4,0.90185,0.75,0.0448463,0.0001,0.00575323,999999,4.647770e-02,3,Indonesian Exclusive Economic Zone,WPP712,,SVDNB_npp_d20140716_t1803247_e1809051_b14079_c20140717000905445784_noaa_ops.h5,GDNBO_npp_d20140716_t1803247_e1809051_b14079_c20140717000905445471_noaa_ops.h5,SVI04_npp_d20140716_t1803247_e1809051_b14079_c20140717000905432367_noaa_ops.dspace_rad,VNFF_npp_d20140716_t1803247_e1809051_b14079_v21.csv,World_EEZ_v8_2014.shp,WPP_BFAR_merge.shp,KKP_IDN_merge_20161208.shp,VNF-VBD_npp_20120301-20151231_global_asia-enhanced_c201607211230.bitmask,NCEI_NGA.union.nga_lead2.add_2015ntl.mask,timezone.shp,VBD_platforms-recurring_2015_r20170330.shp,999999,VBD_bridges_c20160811.shp,2.701723;0.592520;-1.537733;-6.424739;-11.321091;-16.224911;-21.132078;-19.454973;-16.614069;-11.826628;-7.007390;-2.161976,98.595314;112.244095;125.823792;124.798187;123.864281;123.023224;122.264351;107.621338;93.259468;94.789581;96.172417;97.426979,npp_d20140716_t1803247_e1809051_b14079,153.237,48.981,4.82234,-77.5621,36.9613,84.1437
798,VBD_npp_d20140716_t1804433_x1117634E_y041976S_l0720_s2118_v23,2017-05-23 13:08:46,-4.197603,111.763367,19.8032,2014-07-16 18:04:43,2014-07-17 01:04:43,720,2118,0.404112,1,2529,0.58415,0.241426,0.799045,0.4,0.831392,0.75,0.0448973,0.0001,0.00580412,999999,-1.621517e-01,3,Indonesian Exclusive Economic Zone,WPP712,,SVDNB_npp_d20140716_t1803247_e1809051_b14079_c20140717000905445784_noaa_ops.h5,GDNBO_npp_d20140716_t1803247_e1809051_b14079_c20140717000905445471_noaa_ops.h5,SVI04_npp_d20140716_t1803247_e1809051_b14079_c20140717000905432367_noaa_ops.dspace_rad,VNFF_npp_d20140716_t1803247_e1809051_b14079_v21.csv,World_EEZ_v8_2014.shp,WPP_BFAR_merge.shp,KKP_IDN_merge_20161208.shp,VNF-VBD_npp_20120301-20151231_global_asia-enhanced_c201607211230.bitmask,NCEI_NGA.union.nga_lead2.add_2015ntl.mask,timezone.shp,VBD_platforms-recurring_2015_r20170330.shp,999999,VBD_bridges_c20160811.shp,2.701723;0.592520;-1.537733;-6.424739;-11.321091;-16.224911;-21.132078;-19.454973;-16.614069;-11.826628;-7.007390;-2.161976,98.595314;112.244095;125.823792;124.798187;123.864281;123.023224;122.264351;107.621338;93.259468;94.789581;96.172417;97.426979,npp_d20140716_t1803247_e1809051_b14079,153.087,48.745,4.89687,-75.58,36.9054,84.3908
799,VBD_npp_d20140716_t1804451_x1117653E_y042244S_l0724_s2120_v23,2017-05-23 13:08:46,-4.224442,111.765312,43.2304,2014-07-16 18:04:45,2014-07-17 01:04:45,724,2120,0.410189,1,2529,0.686866,0.231081,0.811293,0.4,0.894417,0.75,0.0449007,0.0001,0.0060531,999999,-9.235632e-02,3,Indonesian Exclusive Economic Zone,WPP712,,SVDNB_npp_d20140716_t1803247_e1809051_b14079_c20140717000905445784_noaa_ops.h5,GDNBO_npp_d20140716_t1803247_e1809051_b14079_c20140717000905445471_noaa_ops.h5,SVI04_npp_d20140716_t1803247_e1809051_b14079_c20140717000905432367_noaa_ops.dspace_rad,VNFF_npp_d20140716_t1803247_e1809051_b14079_v21.csv,World_EEZ_v8_2014.shp,WPP_BFAR_merge.shp,KKP_IDN_merge_20161208.shp,VNF-VBD_npp_20120301-20151231_global_asia-enhanced_c201607211230.bitmask,NCEI_NGA.union.nga_lead2.add_2015ntl.mask,timezone.shp,VBD_platforms-recurring_2015_r20170330.shp,999999,VBD_bridges_c20160811.shp,2.701723;0.592520;-1.537733;-6.424739;-11.321091;-16.224911;-21.132078;-19.454973;-16.614069;-11.826628;-7.007390;-2.161976,98.595314;112.244095;125.823792;124.798187;123.864281;123.023224;122.264351;107.621338;93.259468;94.789581;96.172417;97.426979,npp_d20140716_t1803247_e1809051_b14079,153.097,48.7962,4.99231,-83.6704,36.8989,84.3524
800,VBD_npp_d20140716_t1805118_x1114090E_y058602S_l0974_s2121_v23,2017-05-23 13:08:46,-5.860223,111.409027,8.16102,2014-07-16 18:05:11,2014-07-17 01:05:11,974,2121,0.40262,1,2529,0.428777,0.213671,0.795469,0.4,0.861097,0.75,0.0444876,0.0001,0.00557697,999999,2.510226e-02,3,Indonesian Exclusive Economic Zone,WPP712,,SVDNB_npp_d20140716_t1803247_e1809051_b14079_c20140717000905445784_noaa_ops.h5,GDNBO_npp_d20140716_t1803247_e1809051_b14079_c20140717000905445471_noaa_ops.h5,SVI04_npp_d20140716_t1803247_e1809051_b14079_c20140717000905432367_noaa_ops.dspace_rad,VNFF_npp_d20140716_t1803247_e1809051_b14079_v21.csv,World_EEZ_v8_2014.shp,WPP_BFAR_merge.shp,KKP_IDN_merge_20161208.shp,VNF-VBD_npp_20120301-20151231_global_asia-enhanced_c201607211230.bitmask,NCEI_NGA.union.nga_lead2.add_2015ntl.mask,timezone.shp,VBD_platforms-recurring_2015_r20170330.shp,999999,VBD_bridges_c20160811.shp,2.701723;0.592520;-1.537733;-6.424739;-11.321091;-16.224911;-21.132078;-19.454973;-16.614069;-11.826628;-7.007390;-2.161976,98.595314;112.244095;125.823792;124.798187;123.864281;123.023224;122.264351;107.621338;93.259468;94.789581;96.172417;97.426979,npp_d20140716_t1803247_e1809051_b14079,154.338,51.0339,5.05854,-77.0762,37.343,82.2173
801,VBD_npp_d20140716_t1804451_x1117853E_y042276S_l0724_s2123_v23,2017-05-23 13:08:46,-4.227583,111.785286,22.6434,2014-07-16 18:04:45,2014-07-17 01:04:45,724,2123,0.410023,2,2465,0.315512,0.239385,0.795719,0.4,0.736073,0.75,0.0449153,0.0001,0.00620059,999999,-1.483833e-01,3,Indonesian Exclusive Economic Zone,WPP712,,SVDNB_npp_d20140716_t1803247_e1809051_b14079_c20140717000905445784_noaa_ops.h5,GDNBO_npp_d20140716_t1803247_e1809051_b14079_c20140717000905445471_noaa_ops.h5,SVI04_npp_d20140716_t1803247_e1809051_b14079_c20140717000905432367_noaa_ops.dspace_rad,VNFF_npp_d20140716_t1803247_e1809051_b14079_v21.csv,World_EEZ_v8_2014.shp,WPP_BFAR_merge.shp,KKP_IDN_merge_20161208.shp,VNF-VBD_npp_20120301-20151231_global_asia-enhanced_c201607211230.bitmask,NCEI_NGA.union.nga_lead2.add_2015ntl.mask,timezone.shp,VBD_platforms-recurring_2015_r20170330.shp,999999,VBD_bridges_c20160811.shp,2.701723;0.592520;-1.537733;-6.424739;-11.321091;-16.224911;-21.132078;-19.454973;-16.614069;-11.826628;-7.007390;-2.161976,98.595314;112.244095;125.823792;124.798187;123.864281;123.023224;122.264351;107.621338;93.259468;94.789581;96.172417;97.426979,npp_d20140716_t1803247_e1809051_b14079,153.084,48.8253,5.16602,-83.5896,36.8791,84.344
802,VBD_npp_d20140716_t1804451_x1117749E_y042939S_l0734_s2123_v23,2017-05-23 13:08:46,-4.293902,111.774879,11.9219,2014-07-16 18:04:45,2014-07-17 01:04:45,734,2123,0.413946,2,2465,0.28395,0.239813,0.786419,0.4,0.51785,0.75,0.0448993,0.0001,0.00604713,999999,-1.512712e-01,3,Indonesian Exclusive Economic Zone,WPP712,,SVDNB_npp_d20140716_t1803247_e1809051_b14079_c20140717000905445784_noaa_ops.h5,GDNBO_npp_d20140716_t1803247_e1809051_b14079_c20140717000905445471_noaa_ops.h5,SVI04_npp_d20140716_t1803247_e1809051_b14079_c20140717000905432367_noaa_ops.dspace_rad,VNFF_npp_d20140716_t1803247_e1809051_b14079_v21.csv,World_EEZ_v8_2014.shp,WPP_BFAR_merge.shp,KKP_IDN_merge_20161208.shp,VNF-VBD_npp_20120301-20151231_global_asia-enhanced_c201607211230.bitmask,NCEI_NGA.union.nga_lead2.add_2015ntl.mask,timezone.shp,VBD_platforms-recurring_2015_r20170330.shp,999999,VBD_bridges_c20160811.shp,2.701723;0.592520;-1.537733;-6.424739;-11.321091;-16.224911;-21.132078;-19.454973;-16.614069;-11.826628;-7.007390;-2.161976,98.595314;112.244095;125.823792;124.798187;123.864281;123.023224;122.264351;107.621338;93.259468;94.789581;96.172417;97.426979,npp_d20140716_t1803247_e1809051_b14079,153.136,48.9111,5.1727,-77.1894,36.8963,84.2563
803,VBD_npp_d20140716_t1805011_x1115695E_y051953S_l0872_s2123_v23,2017-05-23 13:08:46,-5.195271,111.569511,8.7012,2014-07-16 18:05:01,2014-07-17 01:05:01,872,2123,0.402068,1,2529,0.491608,0.239703,0.829747,0.4,0.909353,0.75,0.0446736,0.0001,0.00591892,999999,-1.505284e-01,3,Indonesian Exclusive Economic Zone,WPP712,,SVDNB_npp_d20140716_t1803247_e1809051_b14079_c20140717000905445784_noaa_ops.h5,GDNBO_npp_d20140716_t1803247_e1809051_b14079_c20140717000905445471_noaa_ops.h5,SVI04_npp_d20140716_t1803247_e1809051_b14079_c20140717000905432367_noaa_ops.dspace_rad,VNFF_npp_d20140716_t1803247_e1809051_b14079_v21.csv,World_EEZ_v8_2014.shp,WPP_BFAR_merge.shp,KKP_IDN_merge_20161208.shp,VNF-VBD_npp_20120301-20151231_global_asia-enhanced_c201607211230.bitmask,NCEI_NGA.union.nga_lead2.add_2015ntl.mask,timezone.shp,VBD_platforms-recurring_2015_r20170330.shp,999999,VBD_bridges_c20160811.shp,2.701723;0.592520;-1.537733;-6.424739;-11.321091;-16.224911;-21.132078;-19.454973;-16.614069;-11.826628;-7.007390;-2.161976,98.595314;112.244095;125.823792;124.798187;123.864281;123.023224;122.264351;107.621338;93.259468;94.789581;96.172417;97.426979,npp_d20140716_t1803247_e1809051_b14079,153.826,50.1167,5.16023,-81.0059,37.1389,83.0734
804,VBD_npp_d20140716_t1805064_x1114964E_y055286S_l0923_s2123_v23,2017-05-23 13:08:46,-5.528643,111.496368,6.0037,2014-07-16 18:05:06,2014-07-17 01:05:06,923,2123,0.421017,1,2529,0.383201,0.220016,0.780033,0.4,0.883575,0.75,0.0445862,0.0001,0.00579793,999999,-1.770327e-02,3,Indonesian Exclusive Economic Zone,WPP712,,SVDNB_npp_d20140716_t1803247_e1809051_b14079_c20140717000905445784_noaa_ops.h5,GDNBO_npp_d20140716_t1803247_e1809051_b14079_c20140717000905445471_noaa_ops.h5,SVI04_npp_d20140716_t1803247_e1809051_b14079_c20140717000905432367_noaa_ops.dspace_rad,VNFF_npp_d20140716_t1803247_e1809051_b14079_v21.csv,World_EEZ_v8_2014.shp,WPP_BFAR_merge.shp,KKP_IDN_merge_20161208.shp,VNF-VBD_npp_20120301-20151231_global_asia-enhanced_c201607211230.bitmask,NCEI_NGA.union.nga_lead2.add_2015ntl.mask,timezone.shp,VBD_platforms-recurring_2015_r20170330.shp,999999,VBD_bridges_c20160811.shp,2.701723;0.592520;-1.537733;-6.424739;-11.321091;-16.224911;-21.132078;-19.454973;-16.614069;-11.826628;-7.007390;-2.161976,98.595314;112.244095;125.823792;124.798187;123.864281;123.023224;122.264351;107.621338;93.259468;94.789581;96.172417;97.426979,npp_d20140716_t1803247_e1809051_b14079,154.078,50.5804,5.16747,-79.1094,37.2327,82.6408
805,VBD_npp_d20140716_t1804451_x1117882E_y042960S_l0734_s2125_v23,2017-05-23 13:08:46,-4.296007,111.788200,15.9669,2014-07-16 18:04:45,2014-07-17 01:04:45,734,2125,0.335775,1,2529,0.431149,0.24656,0.786419,0.4,0.757188,0.75,0.0449091,0.0001,0.00614442,999999,-1.967914e-01,3,Indonesian Exclusive Economic Zone,WPP712,,SVDNB_npp_d20140716_t1803247_e1809051_b14079_c20140717000905445784_noaa_ops.h5,GDNBO_npp_d20140716_t1803247_e1809051_b14079_c20140717000905445471_noaa_ops.h5,SVI04_npp_d20140716_t1803247_e1809051_b14079_c20140717000905432367_noaa_ops.dspace_rad,VNFF_npp_d20140716_t1803247_e1809051_b14079_v21.csv,World_EEZ_v8_2014.shp,WPP_BFAR_merge.shp,KKP_IDN_merge_20161208.shp,VNF-VBD_npp_20120301-20151231_global_asia-enhanced_c201607211230.bitmask,NCEI_NGA.union.nga_lead2.add_2015ntl.mask,timezone.shp,VBD_platforms-recurring_2015_r20170330.shp,999999,VBD_bridges_c20160811.shp,2.701723;0.592520;-1.537733;-6.424739;-11.321091;-16.224911;-21.132078;-19.454973;-16.614069;-11.826628;-7.007390;-2.161976,98.595314;112.244095;125.823792;124.798187;123.864281;123.023224;122.264351;107.621338;93.259468;94.789581;96.172417;97.426979,npp_d20140716_t1803247_e1809051_b14079,153.127,48.9305,5.28836,-77.2781,36.8831,84.2507
806,VBD_npp_d20140716_t1805136_x1114181E_y059765S_l0991_s2126_v23,2017-05-23 13:08:46,-5.976496,111.418091,4.20562,2014-07-16 18:05:13,2014-07-17 01:05:13,991,2126,0.421625,1,2273,0.254373,0.222765,0.879536,0.4,0.775076,0.75,0.0444822,0.0001,0.00576296,999999,-3.625194e-02,3,Indonesian Exclusive Economic Zone,WPP712,,SVDNB_npp_d20140716_t1803247_e1809051_b14079_c20140717000905445784_noaa_ops.h5,GDNBO_npp_d20140716_t1803247_e1809051_b14079_c20140717000905445471_noaa_ops.h5,SVI04_npp_d20140716_t1803247_e1809051_b14079_c20140717000905432367_noaa_ops.dspace_rad,VNFF_npp_d20140716_t1803247_e1809051_b14079_v21.csv,World_EEZ_v8_2014.shp,WPP_BFAR_merge.shp,KKP_IDN_merge_20161208.shp,VNF-VBD_npp_20120301-20151231_global_asia-enhanced_c201607211230.bitmask,NCEI_NGA.union.nga_lead2.add_2015ntl.mask,timezone.shp,VBD_platforms-recurring_2015_r20170330.shp,999999,VBD_bridges_c20160811.shp,2.701723;0.592520;-1.537733;-6.424739;-11.321091;-16.224911;-21.132078;-19.454973;-16.614069;-11.826628;-7.007390;-2.161976,98.595314;112.244095;125.823792;124.798187;123.864281;123.023224;122.264351;107.621338;93.259468;94.789581;96.172417;97.426979,npp_d20140716_t1803247_e1809051_b14079,154.398,51.2424,5.35345,-76.703,37.3429,82.0583
807,VBD_npp_d20140716_t1805153_x1114061E_y060083S_l0996_s2126_v23,2017-05-23 13:08:46,-6.008275,111.406075,7.80965,2014-07-16 18:05:15,2014-07-17 01:05:15,996,2126,0.422177,1,2529,0.440945,0.208681,0.832521,0.4,0.875261,0.75,0.0444798,0.0001,0.00592505,999999,5.877008e-02,3,Indonesian Exclusive Economic Zone,WPP712,,SVDNB_npp_d20140716_t1803247_e1809051_b14079_c20140717000905445784_noaa_ops.h5,GDNBO_npp_d20140716_t1803247_e1809051_b14079_c20140717000905445471_noaa_ops.h5,SVI04_npp_d20140716_t1803247_e1809051_b14079_c20140717000905432367_noaa_ops.dspace_rad,VNFF_npp_d20140716_t1803247_e1809051_b14079_v21.csv,World_EEZ_v8_2014.shp,WPP_BFAR_merge.shp,KKP_IDN_merge_20161208.shp,VNF-VBD_npp_20120301-20151231_global_asia-enhanced_c201607211230.bitmask,NCEI_NGA.union.nga_lead2.add_2015ntl.mask,timezone.shp,VBD_platforms-recurring_2015_r20170330.shp,999999,VBD_bridges_c20160811.shp,2.701723;0.592520;-1.537733;-6.424739;-11.321091;-16.224911;-21.132078;-19.454973;-16.614069;-11.826628;-7.007390;-2.161976,98.595314;112.244095;125.823792;124.798187;123.864281;123.023224;122.264351;107.621338;93.259468;94.789581;96.172417;97.426979,npp_d20140716_t1803247_e1809051_b14079,154.421,51.2886,5.34352,-83.4898,37.3522,82.0173
808,VBD_npp_d20140716_t1805153_x1114040E_y060215S_l0998_s2126_v23,2017-05-23 13:08:46,-6.021546,111.403984,10.5766,2014-07-16 18:05:15,2014-07-17 01:05:15,998,2126,0.420685,1,2529,0.540174,0.213045,0.832521,0.4,0.909681,0.75,0.0444794,0.0001,0.00589121,999999,2.932587e-02,3,Indonesian Exclusive Economic Zone,WPP712,,SVDNB_npp_d20140716_t1803247_e1809051_b14079_c20140717000905445784_noaa_ops.h5,GDNBO_npp_d20140716_t1803247_e1809051_b14079_c20140717000905445471_noaa_ops.h5,SVI04_npp_d20140716_t1803247_e1809051_b14079_c20140717000905432367_noaa_ops.dspace_rad,VNFF_npp_d20140716_t1803247_e1809051_b14079_v21.csv,World_EEZ_v8_2014.shp,WPP_BFAR_merge.shp,KKP_IDN_merge_20161208.shp,VNF-VBD_npp_20120301-20151231_global_asia-enhanced_c201607211230.bitmask,NCEI_NGA.union.nga_lead2.add_2015ntl.mask,timezone.shp,VBD_platforms-recurring_2015_r20170330.shp,999999,VBD_bridges_c20160811.shp,2.701723;0.592520;-1.537733;-6.424739;-11.321091;-16.224911;-21.132078;-19.454973;-16.614069;-11.826628;-7.007390;-2.161976,98.595314;112.244095;125.823792;124.798187;123.864281;123.023224;122.264351;107.621338;93.259468;94.789581;96.172417;97.426979,npp_d20140716_t1803247_e1809051_b14079,154.431,51.3078,5.33985,-82.2516,37.3562,82.0004
809,VBD_npp_d20140716_t1805136_x1114269E_y059643S_l0989_s2127_v23,2017-05-23 13:08:46,-5.964277,111.426865,20.7823,2014-07-16 18:05:13,2014-07-17 01:05:13,989,2127,0.418089,1,2529,0.764394,0.223599,0.869241,0.4,0.942224,0.75,0.0444906,0.0001,0.00584429,999999,-4.187643e-02,3,Indonesian Exclusive Economic Zone,WPP712,,SVDNB_npp_d20140716_t1803247_e1809051_b14079_c20140717000905445784_noaa_ops.h5,GDNBO_npp_d20140716_t1803247_e1809051_b14079_c20140717000905445471_noaa_ops.h5,SVI04_npp_d20140716_t1803247_e1809051_b14079_c20140717000905432367_noaa_ops.dspace_rad,VNFF_npp_d20140716_t1803247_e1809051_b14079_v21.csv,World_EEZ_v8_2014.shp,WPP_BFAR_merge.shp,KKP_IDN_merge_20161208.shp,VNF-VBD_npp_20120301-20151231_global_asia-enhanced_c201607211230.bitmask,NCEI_NGA.union.nga_lead2.add_2015ntl.mask,timezone.shp,VBD_platforms-recurring_2015_r20170330.shp,999999,VBD_bridges_c20160811.shp,2.701723;0.592520;-1.537733;-6.424739;-11.321091;-16.224911;-21.132078;-19.454973;-16.614069;-11.826628;-7.007390;-2.161976,98.595314;112.244095;125.823792;124.798187;123.864281;123.023224;122.264351;107.621338;93.259468;94.789581;96.172417;97.426979,npp_d20140716_t1803247_e1809051_b14079,154.383,51.233,5.40385,-77.976,37.3324,82.0719
810,VBD_npp_d20140716_t1805082_x1115015E_y056651S_l0943_s2128_v23,2017-05-23 13:08:46,-5.665124,111.501503,22.0132,2014-07-16 18:05:08,2014-07-17 01:05:08,943,2128,0.408753,1,2529,0.752596,0.233856,0.857626,0.4,0.91806,0.75,0.0445756,0.0001,0.00593313,999999,-1.110785e-01,3,Indonesian Exclusive Economic Zone,WPP712,,SVDNB_npp_d20140716_t1803247_e1809051_b14079_c20140717000905445784_noaa_ops.h5,GDNBO_npp_d20140716_t1803247_e1809051_b14079_c20140717000905445471_noaa_ops.h5,SVI04_npp_d20140716_t1803247_e1809051_b14079_c20140717000905432367_noaa_ops.dspace_rad,VNFF_npp_d20140716_t1803247_e1809051_b14079_v21.csv,World_EEZ_v8_2014.shp,WPP_BFAR_merge.shp,KKP_IDN_merge_20161208.shp,VNF-VBD_npp_20120301-20151231_global_asia-enhanced_c201607211230.bitmask,NCEI_NGA.union.nga_lead2.add_2015ntl.mask,timezone.shp,VBD_platforms-recurring_2015_r20170330.shp,999999,VBD_bridges_c20160811.shp,2.701723;0.592520;-1.537733;-6.424739;-11.321091;-16.224911;-21.132078;-19.454973;-16.614069;-11.826628;-7.007390;-2.161976,98.595314;112.244095;125.823792;124.798187;123.864281;123.023224;122.264351;107.621338;93.259468;94.789581;96.172417;97.426979,npp_d20140716_t1803247_e1809051_b14079,154.155,50.8132,5.4649,-76.7767,37.2384,82.4553
811,VBD_npp_d20140716_t1804522_x1117867E_y046948S_l0793_s2138_v23,2017-05-23 13:08:46,-4.694766,111.786713,10.4681,2014-07-16 18:04:52,2014-07-17 01:04:52,793,2138,0.414277,1,2529,0.546406,0.216911,0.829633,0.4,0.904072,0.75,0.0448783,0.0001,0.00678697,999999,3.242457e-03,3,Indonesian Exclusive Economic Zone,WPP712,,SVDNB_npp_d20140716_t1803247_e1809051_b14079_c20140717000905445784_noaa_ops.h5,GDNBO_npp_d20140716_t1803247_e1809051_b14079_c20140717000905445471_noaa_ops.h5,SVI04_npp_d20140716_t1803247_e1809051_b14079_c20140717000905432367_noaa_ops.dspace_rad,VNFF_npp_d20140716_t1803247_e1809051_b14079_v21.csv,World_EEZ_v8_2014.shp,WPP_BFAR_merge.shp,KKP_IDN_merge_20161208.shp,VNF-VBD_npp_20120301-20151231_global_asia-enhanced_c201607211230.bitmask,NCEI_NGA.union.nga_lead2.add_2015ntl.mask,timezone.shp,VBD_platforms-recurring_2015_r20170330.shp,999999,VBD_bridges_c20160811.shp,2.701723;0.592520;-1.537733;-6.424739;-11.321091;-16.224911;-21.132078;-19.454973;-16.614069;-11.826628;-7.007390;-2.161976,98.595314;112.244095;125.823792;124.798187;123.864281;123.023224;122.264351;107.621338;93.259468;94.789581;96.172417;97.426979,npp_d20140716_t1803247_e1809051_b14079,153.366,49.5639,6.03502,-80.5165,36.8983,83.7041
812,VBD_npp_d20140716_t1804451_x1118858E_y042842S_l0730_s2139_v23,2017-05-23 13:08:46,-4.284198,111.885788,12.4044,2014-07-16 18:04:45,2014-07-17 01:04:45,730,2139,0.417923,8,18913,0.423837,0.232832,0.782885,0.4,0.797582,0.75,0.0449834,0.0001,0.00692708,999999,-1.041690e-01,3,Indonesian Exclusive Economic Zone,WPP712,,SVDNB_npp_d20140716_t1803247_e1809051_b14079_c20140717000905445784_noaa_ops.h5,GDNBO_npp_d20140716_t1803247_e1809051_b14079_c20140717000905445471_noaa_ops.h5,SVI04_npp_d20140716_t1803247_e1809051_b14079_c20140717000905432367_noaa_ops.dspace_rad,VNFF_npp_d20140716_t1803247_e1809051_b14079_v21.csv,World_EEZ_v8_2014.shp,WPP_BFAR_merge.shp,KKP_IDN_merge_20161208.shp,VNF-VBD_npp_20120301-20151231_global_asia-enhanced_c201607211230.bitmask,NCEI_NGA.union.nga_lead2.add_2015ntl.mask,timezone.shp,VBD_platforms-recurring_2015_r20170330.shp,0.858988,VBD_bridges_c20160811.shp,2.701723;0.592520;-1.537733;-6.424739;-11.321091;-16.224911;-21.132078;-19.454973;-16.614069;-11.826628;-7.007390;-2.161976,98.595314;112.244095;125.823792;124.798187;123.864281;123.023224;122.264351;107.621338;93.259468;94.789581;96.172417;97.426979,npp_d20140716_t1803247_e1809051_b14079,153.046,49.0314,6.08975,-79.9776,36.7837,84.2461
813,VBD_npp_d20140716_t1804451_x1118935E_y042786S_l0729_s2140_v23,2017-05-23 13:08:46,-4.278608,111.893509,16.7307,2014-07-16 18:04:45,2014-07-17 01:04:45,729,2140,0.416376,8,18849,0.454384,0.206146,0.782885,0.4,0.746168,0.75,0.0449899,0.0001,0.00699812,999999,7.586718e-02,3,Indonesian Exclusive Economic Zone,WPP712,,SVDNB_npp_d20140716_t1803247_e1809051_b14079_c20140717000905445784_noaa_ops.h5,GDNBO_npp_d20140716_t1803247_e1809051_b14079_c20140717000905445471_noaa_ops.h5,SVI04_npp_d20140716_t1803247_e1809051_b14079_c20140717000905432367_noaa_ops.dspace_rad,VNFF_npp_d20140716_t1803247_e1809051_b14079_v21.csv,World_EEZ_v8_2014.shp,WPP_BFAR_merge.shp,KKP_IDN_merge_20161208.shp,VNF-VBD_npp_20120301-20151231_global_asia-enhanced_c201607211230.bitmask,NCEI_NGA.union.nga_lead2.add_2015ntl.mask,timezone.shp,VBD_platforms-recurring_2015_r20170330.shp,0.213514,VBD_bridges_c20160811.shp,2.701723;0.592520;-1.537733;-6.424739;-11.321091;-16.224911;-21.132078;-19.454973;-16.614069;-11.826628;-7.007390;-2.161976,98.595314;112.244095;125.823792;124.798187;123.864281;123.023224;122.264351;107.621338;93.259468;94.789581;96.172417;97.426979,npp_d20140716_t1803247_e1809051_b14079,153.037,49.0325,6.14691,-80.5277,36.7753,84.2521
814,VBD_npp_d20140716_t1805207_x1114219E_y063829S_l1051_s2140_v23,2017-05-23 13:08:46,-6.382888,111.421944,4.69699,2014-07-16 18:05:20,2014-07-17 01:05:20,1051,2140,0.399416,1,2529,0.280914,0.238269,0.662455,0.4,0.756336,0.75,0.0445376,0.0001,0.00639066,999999,-1.408550e-01,3,Indonesian Exclusive Economic Zone,WPP712,,SVDNB_npp_d20140716_t1803247_e1809051_b14079_c20140717000905445784_noaa_ops.h5,GDNBO_npp_d20140716_t1803247_e1809051_b14079_c20140717000905445471_noaa_ops.h5,SVI04_npp_d20140716_t1803247_e1809051_b14079_c20140717000905432367_noaa_ops.dspace_rad,VNFF_npp_d20140716_t1803247_e1809051_b14079_v21.csv,World_EEZ_v8_2014.shp,WPP_BFAR_merge.shp,KKP_IDN_merge_20161208.shp,VNF-VBD_npp_20120301-20151231_global_asia-enhanced_c201607211230.bitmask,NCEI_NGA.union.nga_lead2.add_2015ntl.mask,timezone.shp,VBD_platforms-recurring_2015_r20170330.shp,999999,VBD_bridges_c20160811.shp,2.701723;0.592520;-1.537733;-6.424739;-11.321091;-16.224911;-21.132078;-19.454973;-16.614069;-11.826628;-7.007390;-2.161976,98.595314;112.244095;125.823792;124.798187;123.864281;123.023224;122.264351;107.621338;93.259468;94.789581;96.172417;97.426979,npp_d20140716_t1803247_e1809051_b14079,154.624,51.9502,6.15241,-79.4496,37.3695,81.5094
815,VBD_npp_d20140716_t1804451_x1119115E_y042951S_l0731_s2143_v23,2017-05-23 13:08:46,-4.295054,111.911484,20.1787,2014-07-16 18:04:45,2014-07-17 01:04:45,731,2143,0.379252,1,2529,0.546266,0.259989,0.779323,0.4,0.832246,0.75,0.0450012,0.0001,0.00712464,999999,-2.873916e-01,3,Indonesian Exclusive Economic Zone,WPP712,,SVDNB_npp_d20140716_t1803247_e1809051_b14079_c20140717000905445784_noaa_ops.h5,GDNBO_npp_d20140716_t1803247_e1809051_b14079_c20140717000905445471_noaa_ops.h5,SVI04_npp_d20140716_t1803247_e1809051_b14079_c20140717000905432367_noaa_ops.dspace_rad,VNFF_npp_d20140716_t1803247_e1809051_b14079_v21.csv,World_EEZ_v8_2014.shp,WPP_BFAR_merge.shp,KKP_IDN_merge_20161208.shp,VNF-VBD_npp_20120301-20151231_global_asia-enhanced_c201607211230.bitmask,NCEI_NGA.union.nga_lead2.add_2015ntl.mask,timezone.shp,VBD_platforms-recurring_2015_r20170330.shp,999999,VBD_bridges_c20160811.shp,2.701723;0.592520;-1.537733;-6.424739;-11.321091;-16.224911;-21.132078;-19.454973;-16.614069;-11.826628;-7.007390;-2.161976,98.595314;112.244095;125.823792;124.798187;123.864281;123.023224;122.264351;107.621338;93.259468;94.789581;96.172417;97.426979,npp_d20140716_t1803247_e1809051_b14079,153.034,49.0787,6.32296,-79.5014,36.7589,84.2259
816,VBD_npp_d20140716_t1804451_x1119161E_y043094S_l0733_s2144_v23,2017-05-23 13:08:46,-4.309397,111.916092,40.9725,2014-07-16 18:04:45,2014-07-17 01:04:45,733,2144,0.31202,8,18913,0.669386,0.277766,0.779323,0.4,0.806299,0.75,0.0450029,0.0001,0.00714241,999999,-4.073256e-01,3,Indonesian Exclusive Economic Zone,WPP712,,SVDNB_npp_d20140716_t1803247_e1809051_b14079_c20140717000905445784_noaa_ops.h5,GDNBO_npp_d20140716_t1803247_e1809051_b14079_c20140717000905445471_noaa_ops.h5,SVI04_npp_d20140716_t1803247_e1809051_b14079_c20140717000905432367_noaa_ops.dspace_rad,VNFF_npp_d20140716_t1803247_e1809051_b14079_v21.csv,World_EEZ_v8_2014.shp,WPP_BFAR_merge.shp,KKP_IDN_merge_20161208.shp,VNF-VBD_npp_20120301-20151231_global_asia-enhanced_c201607211230.bitmask,NCEI_NGA.union.nga_lead2.add_2015ntl.mask,timezone.shp,VBD_platforms-recurring_2015_r20170330.shp,0.134339,VBD_bridges_c20160811.shp,2.701723;0.592520;-1.537733;-6.424739;-11.321091;-16.224911;-21.132078;-19.454973;-16.614069;-11.826628;-7.007390;-2.161976,98.595314;112.244095;125.823792;124.798187;123.864281;123.023224;122.264351;107.621338;93.259468;94.789581;96.172417;97.426979,npp_d20140716_t1803247_e1809051_b14079,153.04,49.1055,6.38508,-78.4803,36.7558,84.2054
817,VBD_npp_d20140716_t1805100_x1115910E_y057941S_l0960_s2145_v23,2017-05-23 13:08:46,-5.794086,111.591026,10.5704,2014-07-16 18:05:10,2014-07-17 01:05:10,960,2145,0.302186,1,2529,0.458518,0.292786,0.804143,0.4,0.853372,0.75,0.0446286,0.0001,0.00672352,999999,-5.086580e-01,3,Indonesian Exclusive Economic Zone,WPP712,,SVDNB_npp_d20140716_t1803247_e1809051_b14079_c20140717000905445784_noaa_ops.h5,GDNBO_npp_d20140716_t1803247_e1809051_b14079_c20140717000905445471_noaa_ops.h5,SVI04_npp_d20140716_t1803247_e1809051_b14079_c20140717000905432367_noaa_ops.dspace_rad,VNFF_npp_d20140716_t1803247_e1809051_b14079_v21.csv,World_EEZ_v8_2014.shp,WPP_BFAR_merge.shp,KKP_IDN_merge_20161208.shp,VNF-VBD_npp_20120301-20151231_global_asia-enhanced_c201607211230.bitmask,NCEI_NGA.union.nga_lead2.add_2015ntl.mask,timezone.shp,VBD_platforms-recurring_2015_r20170330.shp,999999,VBD_bridges_c20160811.shp,2.701723;0.592520;-1.537733;-6.424739;-11.321091;-16.224911;-21.132078;-19.454973;-16.614069;-11.826628;-7.007390;-2.161976,98.595314;112.244095;125.823792;124.798187;123.864281;123.023224;122.264351;107.621338;93.259468;94.789581;96.172417;97.426979,npp_d20140716_t1803247_e1809051_b14079,154.161,51.1357,6.45392,-76.9655,37.1591,82.2562
818,VBD_npp_d20140716_t1805153_x1115380E_y060426S_l0998_s2146_v23,2017-05-23 13:08:46,-6.042556,111.537979,6.27921,2014-07-16 18:05:15,2014-07-17 01:05:15,998,2146,0.413669,1,2529,0.382999,0.236634,0.693902,0.4,0.851884,0.75,0.0445766,0.0001,0.00688533,999999,-1.298248e-01,3,Indonesian Exclusive Economic Zone,WPP712,,SVDNB_npp_d20140716_t1803247_e1809051_b14079_c20140717000905445784_noaa_ops.h5,GDNBO_npp_d20140716_t1803247_e1809051_b14079_c20140717000905445471_noaa_ops.h5,SVI04_npp_d20140716_t1803247_e1809051_b14079_c20140717000905432367_noaa_ops.dspace_rad,VNFF_npp_d20140716_t1803247_e1809051_b14079_v21.csv,World_EEZ_v8_2014.shp,WPP_BFAR_merge.shp,KKP_IDN_merge_20161208.shp,VNF-VBD_npp_20120301-20151231_global_asia-enhanced_c201607211230.bitmask,NCEI_NGA.union.nga_lead2.add_2015ntl.mask,timezone.shp,VBD_platforms-recurring_2015_r20170330.shp,999999,VBD_bridges_c20160811.shp,2.701723;0.592520;-1.537733;-6.424739;-11.321091;-16.224911;-21.132078;-19.454973;-16.614069;-11.826628;-7.007390;-2.161976,98.595314;112.244095;125.823792;124.798187;123.864281;123.023224;122.264351;107.621338;93.259468;94.789581;96.172417;97.426979,npp_d20140716_t1803247_e1809051_b14079,154.34,51.5014,6.49945,-82.08,37.2253,81.9333
819,VBD_npp_d20140716_t1804433_x1119708E_y041827S_l0713_s2148_v23,2017-05-23 13:08:46,-4.182734,111.970848,14.5581,2014-07-16 18:04:43,2014-07-17 01:04:43,713,2148,0.42063,7,2465,0.524618,0.205521,0.786261,0.4,0.715457,0.75,0.0450542,0.0001,0.00746863,999999,8.008742e-02,3,,,,SVDNB_npp_d20140716_t1803247_e1809051_b14079_c20140717000905445784_noaa_ops.h5,GDNBO_npp_d20140716_t1803247_e1809051_b14079_c20140717000905445471_noaa_ops.h5,SVI04_npp_d20140716_t1803247_e1809051_b14079_c20140717000905432367_noaa_ops.dspace_rad,VNFF_npp_d20140716_t1803247_e1809051_b14079_v21.csv,World_EEZ_v8_2014.shp,WPP_BFAR_merge.shp,KKP_IDN_merge_20161208.shp,VNF-VBD_npp_20120301-20151231_global_asia-enhanced_c201607211230.bitmask,NCEI_NGA.union.nga_lead2.add_2015ntl.mask,timezone.shp,VBD_platforms-recurring_2015_r20170330.shp,999999,VBD_bridges_c20160811.shp,2.701723;0.592520;-1.537733;-6.424739;-11.321091;-16.224911;-21.132078;-19.454973;-16.614069;-11.826628;-7.007390;-2.161976,98.595314;112.244095;125.823792;124.798187;123.864281;123.023224;122.264351;107.621338;93.259468;94.789581;96.172417;97.426979,npp_d20140716_t1803247_e1809051_b14079,152.921,48.9752,6.61427,-80.5652,36.6951,84.3682
820,VBD_npp_d20140716_t1804451_x1119501E_y042671S_l0726_s2148_v23,2017-05-23 13:08:46,-4.267089,111.950150,21.073,2014-07-16 18:04:45,2014-07-17 01:04:45,726,2148,0.378202,1,2529,0.618412,0.23178,0.783665,0.4,0.866236,0.75,0.0450335,0.0001,0.00749277,999999,-9.707437e-02,3,Indonesian Exclusive Economic Zone,WPP712,,SVDNB_npp_d20140716_t1803247_e1809051_b14079_c20140717000905445784_noaa_ops.h5,GDNBO_npp_d20140716_t1803247_e1809051_b14079_c20140717000905445471_noaa_ops.h5,SVI04_npp_d20140716_t1803247_e1809051_b14079_c20140717000905432367_noaa_ops.dspace_rad,VNFF_npp_d20140716_t1803247_e1809051_b14079_v21.csv,World_EEZ_v8_2014.shp,WPP_BFAR_merge.shp,KKP_IDN_merge_20161208.shp,VNF-VBD_npp_20120301-20151231_global_asia-enhanced_c201607211230.bitmask,NCEI_NGA.union.nga_lead2.add_2015ntl.mask,timezone.shp,VBD_platforms-recurring_2015_r20170330.shp,999999,VBD_bridges_c20160811.shp,2.701723;0.592520;-1.537733;-6.424739;-11.321091;-16.224911;-21.132078;-19.454973;-16.614069;-11.826628;-7.007390;-2.161976,98.595314;112.244095;125.823792;124.798187;123.864281;123.023224;122.264351;107.621338;93.259468;94.789581;96.172417;97.426979,npp_d20140716_t1803247_e1809051_b14079,152.986,49.0839,6.61165,-82.0816,36.7172,84.2558
821,VBD_npp_d20140716_t1804433_x1119811E_y042048S_l0716_s2150_v23,2017-05-23 13:08:46,-4.204787,111.981117,18.128,2014-07-16 18:04:43,2014-07-17 01:04:43,716,2150,0.418089,1,2529,0.603619,0.202408,0.827198,0.4,0.912602,0.75,0.0450591,0.0001,0.00752487,999999,1.010886e-01,3,Indonesian Exclusive Economic Zone,WPP712,,SVDNB_npp_d20140716_t1803247_e1809051_b14079_c20140717000905445784_noaa_ops.h5,GDNBO_npp_d20140716_t1803247_e1809051_b14079_c20140717000905445471_noaa_ops.h5,SVI04_npp_d20140716_t1803247_e1809051_b14079_c20140717000905432367_noaa_ops.dspace_rad,VNFF_npp_d20140716_t1803247_e1809051_b14079_v21.csv,World_EEZ_v8_2014.shp,WPP_BFAR_merge.shp,KKP_IDN_merge_20161208.shp,VNF-VBD_npp_20120301-20151231_global_asia-enhanced_c201607211230.bitmask,NCEI_NGA.union.nga_lead2.add_2015ntl.mask,timezone.shp,VBD_platforms-recurring_2015_r20170330.shp,999999,VBD_bridges_c20160811.shp,2.701723;0.592520;-1.537733;-6.424739;-11.321091;-16.224911;-21.132078;-19.454973;-16.614069;-11.826628;-7.007390;-2.161976,98.595314;112.244095;125.823792;124.798187;123.864281;123.023224;122.264351;107.621338;93.259468;94.789581;96.172417;97.426979,npp_d20140716_t1803247_e1809051_b14079,152.928,49.0201,6.73396,-79.1023,36.6869,84.3359
822,VBD_npp_d20140716_t1805064_x1116844E_y055105S_l0916_s2150_v23,2017-05-23 13:08:46,-5.510528,111.684395,13.3721,2014-07-16 18:05:06,2014-07-17 01:05:06,916,2150,0.416542,1,2529,0.620055,0.211826,0.852161,0.4,0.921247,0.75,0.0447296,0.0001,0.00729275,999999,3.755262e-02,3,Indonesian Exclusive Economic Zone,WPP712,,SVDNB_npp_d20140716_t1803247_e1809051_b14079_c20140717000905445784_noaa_ops.h5,GDNBO_npp_d20140716_t1803247_e1809051_b14079_c20140717000905445471_noaa_ops.h5,SVI04_npp_d20140716_t1803247_e1809051_b14079_c20140717000905432367_noaa_ops.dspace_rad,VNFF_npp_d20140716_t1803247_e1809051_b14079_v21.csv,World_EEZ_v8_2014.shp,WPP_BFAR_merge.shp,KKP_IDN_merge_20161208.shp,VNF-VBD_npp_20120301-20151231_global_asia-enhanced_c201607211230.bitmask,NCEI_NGA.union.nga_lead2.add_2015ntl.mask,timezone.shp,VBD_platforms-recurring_2015_r20170330.shp,999999,VBD_bridges_c20160811.shp,2.701723;0.592520;-1.537733;-6.424739;-11.321091;-16.224911;-21.132078;-19.454973;-16.614069;-11.826628;-7.007390;-2.161976,98.595314;112.244095;125.823792;124.798187;123.864281;123.023224;122.264351;107.621338;93.259468;94.789581;96.172417;97.426979,npp_d20140716_t1803247_e1809051_b14079,153.922,50.7768,6.73412,-83.0539,37.0421,82.6145
823,VBD_npp_d20140716_t1805189_x1115134E_y062824S_l1034_s2150_v23,2017-05-23 13:08:46,-6.282404,111.513367,11.4031,2014-07-16 18:05:18,2014-07-17 01:05:18,1034,2150,0.407979,1,2529,0.555111,0.206199,0.810416,0.4,0.896085,0.75,0.0445893,0.0001,0.00694849,999999,7.551616e-02,3,Indonesian Exclusive Economic Zone,WPP712,,SVDNB_npp_d20140716_t1803247_e1809051_b14079_c20140717000905445784_noaa_ops.h5,GDNBO_npp_d20140716_t1803247_e1809051_b14079_c20140717000905445471_noaa_ops.h5,SVI04_npp_d20140716_t1803247_e1809051_b14079_c20140717000905432367_noaa_ops.dspace_rad,VNFF_npp_d20140716_t1803247_e1809051_b14079_v21.csv,World_EEZ_v8_2014.shp,WPP_BFAR_merge.shp,KKP_IDN_merge_20161208.shp,VNF-VBD_npp_20120301-20151231_global_asia-enhanced_c201607211230.bitmask,NCEI_NGA.union.nga_lead2.add_2015ntl.mask,timezone.shp,VBD_platforms-recurring_2015_r20170330.shp,999999,VBD_bridges_c20160811.shp,2.701723;0.592520;-1.537733;-6.424739;-11.321091;-16.224911;-21.132078;-19.454973;-16.614069;-11.826628;-7.007390;-2.161976,98.595314;112.244095;125.823792;124.798187;123.864281;123.023224;122.264351;107.621338;93.259468;94.789581;96.172417;97.426979,npp_d20140716_t1803247_e1809051_b14079,154.497,51.8829,6.72887,-80.085,37.2705,81.6171
824,VBD_npp_d20140716_t1804433_x1119991E_y042213S_l0718_s2153_v23,2017-05-23 13:08:46,-4.221259,111.999130,17.8192,2014-07-16 18:04:43,2014-07-17 01:04:43,718,2153,0.41831,8,18913,0.573833,0.206857,0.836255,0.4,0.867526,0.75,0.0450705,0.0001,0.0076561,999999,7.107355e-02,3,Indonesian Exclusive Economic Zone,WPP712,,SVDNB_npp_d20140716_t1803247_e1809051_b14079_c20140717000905445784_noaa_ops.h5,GDNBO_npp_d20140716_t1803247_e1809051_b14079_c20140717000905445471_noaa_ops.h5,SVI04_npp_d20140716_t1803247_e1809051_b14079_c20140717000905432367_noaa_ops.dspace_rad,VNFF_npp_d20140716_t1803247_e1809051_b14079_v21.csv,World_EEZ_v8_2014.shp,WPP_BFAR_merge.shp,KKP_IDN_merge_20161208.shp,VNF-VBD_npp_20120301-20151231_global_asia-enhanced_c201607211230.bitmask,NCEI_NGA.union.nga_lead2.add_2015ntl.mask,timezone.shp,VBD_platforms-recurring_2015_r20170330.shp,0.828989,VBD_bridges_c20160811.shp,2.701723;0.592520;-1.537733;-6.424739;-11.321091;-16.224911;-21.132078;-19.454973;-16.614069;-11.826628;-7.007390;-2.161976,98.595314;112.244095;125.823792;124.798187;123.864281;123.023224;122.264351;107.621338;93.259468;94.789581;96.172417;97.426979,npp_d20140716_t1803247_e1809051_b14079,152.925,49.0662,6.91266,-78.198,36.6704,84.3097
825,VBD_npp_d20140716_t1805153_x1115959E_y060244S_l0994_s2154_v23,2017-05-23 13:08:46,-6.024357,111.595917,6.26102,2014-07-16 18:05:15,2014-07-17 01:05:15,994,2154,0.371905,1,2529,0.358292,0.286197,0.692861,0.4,0.851523,0.75,0.0446163,0.0001,0.007397,999999,-4.642077e-01,3,Indonesian Exclusive Economic Zone,WPP712,,SVDNB_npp_d20140716_t1803247_e1809051_b14079_c20140717000905445784_noaa_ops.h5,GDNBO_npp_d20140716_t1803247_e1809051_b14079_c20140717000905445471_noaa_ops.h5,SVI04_npp_d20140716_t1803247_e1809051_b14079_c20140717000905432367_noaa_ops.dspace_rad,VNFF_npp_d20140716_t1803247_e1809051_b14079_v21.csv,World_EEZ_v8_2014.shp,WPP_BFAR_merge.shp,KKP_IDN_merge_20161208.shp,VNF-VBD_npp_20120301-20151231_global_asia-enhanced_c201607211230.bitmask,NCEI_NGA.union.nga_lead2.add_2015ntl.mask,timezone.shp,VBD_platforms-recurring_2015_r20170330.shp,999999,VBD_bridges_c20160811.shp,2.701723;0.592520;-1.537733;-6.424739;-11.321091;-16.224911;-21.132078;-19.454973;-16.614069;-11.826628;-7.007390;-2.161976,98.595314;112.244095;125.823792;124.798187;123.864281;123.023224;122.264351;107.621338;93.259468;94.789581;96.172417;97.426979,npp_d20140716_t1803247_e1809051_b14079,154.284,51.5402,6.97114,-83.9311,37.1649,81.9406
826,VBD_npp_d20140716_t1805136_x1116276E_y059550S_l0983_s2156_v23,2017-05-23 13:08:46,-5.954958,111.627602,14.8766,2014-07-16 18:05:13,2014-07-17 01:05:13,983,2156,0.424608,1,2529,0.592466,0.224994,0.824341,0.4,0.893075,0.75,0.044642,0.0001,0.00743456,999999,-5.129106e-02,3,Indonesian Exclusive Economic Zone,WPP712,,SVDNB_npp_d20140716_t1803247_e1809051_b14079_c20140717000905445784_noaa_ops.h5,GDNBO_npp_d20140716_t1803247_e1809051_b14079_c20140717000905445471_noaa_ops.h5,SVI04_npp_d20140716_t1803247_e1809051_b14079_c20140717000905432367_noaa_ops.dspace_rad,VNFF_npp_d20140716_t1803247_e1809051_b14079_v21.csv,World_EEZ_v8_2014.shp,WPP_BFAR_merge.shp,KKP_IDN_merge_20161208.shp,VNF-VBD_npp_20120301-20151231_global_asia-enhanced_c201607211230.bitmask,NCEI_NGA.union.nga_lead2.add_2015ntl.mask,timezone.shp,VBD_platforms-recurring_2015_r20170330.shp,999999,VBD_bridges_c20160811.shp,2.701723;0.592520;-1.537733;-6.424739;-11.321091;-16.224911;-21.132078;-19.454973;-16.614069;-11.826628;-7.007390;-2.161976,98.595314;112.244095;125.823792;124.798187;123.864281;123.023224;122.264351;107.621338;93.259468;94.789581;96.172417;97.426979,npp_d20140716_t1803247_e1809051_b14079,154.222,51.4562,7.07817,-81.5652,37.1306,82.0263
827,VBD_npp_d20140716_t1804433_x1120538E_y042231S_l0717_s2161_v23,2017-05-23 13:08:46,-4.223076,112.053833,21.9447,2014-07-16 18:04:43,2014-07-17 01:04:43,717,2161,0.392842,1,2529,0.594735,0.239764,0.766607,0.4,0.855349,0.75,0.0451109,0.0001,0.00814207,999999,-1.509379e-01,3,Indonesian Exclusive Economic Zone,WPP712,,SVDNB_npp_d20140716_t1803247_e1809051_b14079_c20140717000905445784_noaa_ops.h5,GDNBO_npp_d20140716_t1803247_e1809051_b14079_c20140717000905445471_noaa_ops.h5,SVI04_npp_d20140716_t1803247_e1809051_b14079_c20140717000905432367_noaa_ops.dspace_rad,VNFF_npp_d20140716_t1803247_e1809051_b14079_v21.csv,World_EEZ_v8_2014.shp,WPP_BFAR_merge.shp,KKP_IDN_merge_20161208.shp,VNF-VBD_npp_20120301-20151231_global_asia-enhanced_c201607211230.bitmask,NCEI_NGA.union.nga_lead2.add_2015ntl.mask,timezone.shp,VBD_platforms-recurring_2015_r20170330.shp,999999,VBD_bridges_c20160811.shp,2.701723;0.592520;-1.537733;-6.424739;-11.321091;-16.224911;-21.132078;-19.454973;-16.614069;-11.826628;-7.007390;-2.161976,98.595314;112.244095;125.823792;124.798187;123.864281;123.023224;122.264351;107.621338;93.259468;94.789581;96.172417;97.426979,npp_d20140716_t1803247_e1809051_b14079,152.885,49.1347,7.37383,-78.8404,36.6156,84.2957
828,VBD_npp_d20140716_t1805029_x1118210E_y053428S_l0888_s2164_v23,2017-05-23 13:08:46,-5.342781,111.821030,5.71051,2014-07-16 18:05:02,2014-07-17 01:05:02,888,2164,0.401737,8,18913,0.353932,0.242372,0.840063,0.4,0.86147,0.75,0.0448461,0.0001,0.00806566,999999,-1.685311e-01,3,Indonesian Exclusive Economic Zone,WPP712,,SVDNB_npp_d20140716_t1803247_e1809051_b14079_c20140717000905445784_noaa_ops.h5,GDNBO_npp_d20140716_t1803247_e1809051_b14079_c20140717000905445471_noaa_ops.h5,SVI04_npp_d20140716_t1803247_e1809051_b14079_c20140717000905432367_noaa_ops.dspace_rad,VNFF_npp_d20140716_t1803247_e1809051_b14079_v21.csv,World_EEZ_v8_2014.shp,WPP_BFAR_merge.shp,KKP_IDN_merge_20161208.shp,VNF-VBD_npp_20120301-20151231_global_asia-enhanced_c201607211230.bitmask,NCEI_NGA.union.nga_lead2.add_2015ntl.mask,timezone.shp,VBD_platforms-recurring_2015_r20170330.shp,0.590392,VBD_bridges_c20160811.shp,2.701723;0.592520;-1.537733;-6.424739;-11.321091;-16.224911;-21.132078;-19.454973;-16.614069;-11.826628;-7.007390;-2.161976,98.595314;112.244095;125.823792;124.798187;123.864281;123.023224;122.264351;107.621338;93.259468;94.789581;96.172417;97.426979,npp_d20140716_t1803247_e1809051_b14079,153.722,50.6573,7.54031,-81.1088,36.898,82.8082
829,VBD_npp_d20140716_t1805064_x1117967E_y055417S_l0918_s2167_v23,2017-05-23 13:08:46,-5.541733,111.796654,47.4501,2014-07-16 18:05:06,2014-07-17 01:05:06,918,2167,0.392953,1,2529,1.03424,0.240263,0.887149,0.4,0.96324,0.75,0.0448087,0.0001,0.00822131,999999,-1.543065e-01,3,Indonesian Exclusive Economic Zone,WPP712,,SVDNB_npp_d20140716_t1803247_e1809051_b14079_c20140717000905445784_noaa_ops.h5,GDNBO_npp_d20140716_t1803247_e1809051_b14079_c20140717000905445471_noaa_ops.h5,SVI04_npp_d20140716_t1803247_e1809051_b14079_c20140717000905432367_noaa_ops.dspace_rad,VNFF_npp_d20140716_t1803247_e1809051_b14079_v21.csv,World_EEZ_v8_2014.shp,WPP_BFAR_merge.shp,KKP_IDN_merge_20161208.shp,VNF-VBD_npp_20120301-20151231_global_asia-enhanced_c201607211230.bitmask,NCEI_NGA.union.nga_lead2.add_2015ntl.mask,timezone.shp,VBD_platforms-recurring_2015_r20170330.shp,999999,VBD_bridges_c20160811.shp,2.701723;0.592520;-1.537733;-6.424739;-11.321091;-16.224911;-21.132078;-19.454973;-16.614069;-11.826628;-7.007390;-2.161976,98.595314;112.244095;125.823792;124.798187;123.864281;123.023224;122.264351;107.621338;93.259468;94.789581;96.172417;97.426979,npp_d20140716_t1803247_e1809051_b14079,153.855,50.9592,7.71743,-81.9737,36.9338,82.5422
830,VBD_npp_d20140716_t1805189_x1116352E_y062537S_l1027_s2167_v23,2017-05-23 13:08:46,-6.253714,111.635193,5.62585,2014-07-16 18:05:18,2014-07-17 01:05:18,1027,2167,0.417481,1,2529,0.354749,0.220236,0.70649,0.4,0.864736,0.75,0.0446731,0.0001,0.00804237,999999,-1.919200e-02,3,Indonesian Exclusive Economic Zone,WPP712,,SVDNB_npp_d20140716_t1803247_e1809051_b14079_c20140717000905445784_noaa_ops.h5,GDNBO_npp_d20140716_t1803247_e1809051_b14079_c20140717000905445471_noaa_ops.h5,SVI04_npp_d20140716_t1803247_e1809051_b14079_c20140717000905432367_noaa_ops.dspace_rad,VNFF_npp_d20140716_t1803247_e1809051_b14079_v21.csv,World_EEZ_v8_2014.shp,WPP_BFAR_merge.shp,KKP_IDN_merge_20161208.shp,VNF-VBD_npp_20120301-20151231_global_asia-enhanced_c201607211230.bitmask,NCEI_NGA.union.nga_lead2.add_2015ntl.mask,timezone.shp,VBD_platforms-recurring_2015_r20170330.shp,999999,VBD_bridges_c20160811.shp,2.701723;0.592520;-1.537733;-6.424739;-11.321091;-16.224911;-21.132078;-19.454973;-16.614069;-11.826628;-7.007390;-2.161976,98.595314;112.244095;125.823792;124.798187;123.864281;123.023224;122.264351;107.621338;93.259468;94.789581;96.172417;97.426979,npp_d20140716_t1803247_e1809051_b14079,154.383,51.9786,7.71971,-83.2486,37.1447,81.6182
831,VBD_npp_d20140716_t1804469_x1120578E_y044129S_l0745_s2168_v23,2017-05-23 13:08:46,-4.412914,112.057785,6.85757,2014-07-16 18:04:46,2014-07-17 01:04:46,745,2168,0.413338,1,2529,0.331171,0.224478,0.8421,0.4,0.770958,0.75,0.0451004,0.0001,0.00858257,999999,-4.781091e-02,3,Indonesian Exclusive Economic Zone,WPP712,,SVDNB_npp_d20140716_t1803247_e1809051_b14079_c20140717000905445784_noaa_ops.h5,GDNBO_npp_d20140716_t1803247_e1809051_b14079_c20140717000905445471_noaa_ops.h5,SVI04_npp_d20140716_t1803247_e1809051_b14079_c20140717000905432367_noaa_ops.dspace_rad,VNFF_npp_d20140716_t1803247_e1809051_b14079_v21.csv,World_EEZ_v8_2014.shp,WPP_BFAR_merge.shp,KKP_IDN_merge_20161208.shp,VNF-VBD_npp_20120301-20151231_global_asia-enhanced_c201607211230.bitmask,NCEI_NGA.union.nga_lead2.add_2015ntl.mask,timezone.shp,VBD_platforms-recurring_2015_r20170330.shp,999999,VBD_bridges_c20160811.shp,2.701723;0.592520;-1.537733;-6.424739;-11.321091;-16.224911;-21.132078;-19.454973;-16.614069;-11.826628;-7.007390;-2.161976,98.595314;112.244095;125.823792;124.798187;123.864281;123.023224;122.264351;107.621338;93.259468;94.789581;96.172417;97.426979,npp_d20140716_t1803247_e1809051_b14079,152.995,49.4388,7.77134,-80.6714,36.6168,84.0318
832,VBD_npp_d20140716_t1805082_x1117814E_y056341S_l0932_s2168_v23,2017-05-23 13:08:46,-5.634136,111.781433,8.91619,2014-07-16 18:05:08,2014-07-17 01:05:08,932,2168,0.418144,1,2529,0.492381,0.227212,0.822011,0.4,0.912001,0.75,0.0447892,0.0001,0.00828601,999999,-6.625363e-02,3,Indonesian Exclusive Economic Zone,WPP712,,SVDNB_npp_d20140716_t1803247_e1809051_b14079_c20140717000905445784_noaa_ops.h5,GDNBO_npp_d20140716_t1803247_e1809051_b14079_c20140717000905445471_noaa_ops.h5,SVI04_npp_d20140716_t1803247_e1809051_b14079_c20140717000905432367_noaa_ops.dspace_rad,VNFF_npp_d20140716_t1803247_e1809051_b14079_v21.csv,World_EEZ_v8_2014.shp,WPP_BFAR_merge.shp,KKP_IDN_merge_20161208.shp,VNF-VBD_npp_20120301-20151231_global_asia-enhanced_c201607211230.bitmask,NCEI_NGA.union.nga_lead2.add_2015ntl.mask,timezone.shp,VBD_platforms-recurring_2015_r20170330.shp,999999,VBD_bridges_c20160811.shp,2.701723;0.592520;-1.537733;-6.424739;-11.321091;-16.224911;-21.132078;-19.454973;-16.614069;-11.826628;-7.007390;-2.161976,98.595314;112.244095;125.823792;124.798187;123.864281;123.023224;122.264351;107.621338;93.259468;94.789581;96.172417;97.426979,npp_d20140716_t1803247_e1809051_b14079,153.919,51.0966,7.77333,-82.8084,36.9542,82.4197
833,VBD_npp_d20140716_t1804451_x1120874E_y043569S_l0736_s2170_v23,2017-05-23 13:08:46,-4.356905,112.087402,26.1674,2014-07-16 18:04:45,2014-07-17 01:04:45,736,2170,0.417757,1,2529,0.831751,0.207446,0.891033,0.4,0.948075,0.75,0.0451244,0.0001,0.00858416,999999,6.709804e-02,3,Indonesian Exclusive Economic Zone,WPP712,,SVDNB_npp_d20140716_t1803247_e1809051_b14079_c20140717000905445784_noaa_ops.h5,GDNBO_npp_d20140716_t1803247_e1809051_b14079_c20140717000905445471_noaa_ops.h5,SVI04_npp_d20140716_t1803247_e1809051_b14079_c20140717000905432367_noaa_ops.dspace_rad,VNFF_npp_d20140716_t1803247_e1809051_b14079_v21.csv,World_EEZ_v8_2014.shp,WPP_BFAR_merge.shp,KKP_IDN_merge_20161208.shp,VNF-VBD_npp_20120301-20151231_global_asia-enhanced_c201607211230.bitmask,NCEI_NGA.union.nga_lead2.add_2015ntl.mask,timezone.shp,VBD_platforms-recurring_2015_r20170330.shp,999999,VBD_bridges_c20160811.shp,2.701723;0.592520;-1.537733;-6.424739;-11.321091;-16.224911;-21.132078;-19.454973;-16.614069;-11.826628;-7.007390;-2.161976,98.595314;112.244095;125.823792;124.798187;123.864281;123.023224;122.264351;107.621338;93.259468;94.789581;96.172417;97.426979,npp_d20140716_t1803247_e1809051_b14079,152.941,49.382,7.90026,-77.7531,36.5883,84.1037
834,VBD_npp_d20140716_t1805153_x1116891E_y061345S_l1008_s2170_v23,2017-05-23 13:08:46,-6.134507,111.689110,10.9178,2014-07-16 18:05:15,2014-07-17 01:05:15,1008,2170,0.41947,8,18913,0.524609,0.240966,0.716663,0.4,0.90084,0.75,0.0446914,0.0001,0.00798043,999999,-1.590496e-01,3,Indonesian Exclusive Economic Zone,WPP712,,SVDNB_npp_d20140716_t1803247_e1809051_b14079_c20140717000905445784_noaa_ops.h5,GDNBO_npp_d20140716_t1803247_e1809051_b14079_c20140717000905445471_noaa_ops.h5,SVI04_npp_d20140716_t1803247_e1809051_b14079_c20140717000905432367_noaa_ops.dspace_rad,VNFF_npp_d20140716_t1803247_e1809051_b14079_v21.csv,World_EEZ_v8_2014.shp,WPP_BFAR_merge.shp,KKP_IDN_merge_20161208.shp,VNF-VBD_npp_20120301-20151231_global_asia-enhanced_c201607211230.bitmask,NCEI_NGA.union.nga_lead2.add_2015ntl.mask,timezone.shp,VBD_platforms-recurring_2015_r20170330.shp,0.815795,VBD_bridges_c20160811.shp,2.701723;0.592520;-1.537733;-6.424739;-11.321091;-16.224911;-21.132078;-19.454973;-16.614069;-11.826628;-7.007390;-2.161976,98.595314;112.244095;125.823792;124.798187;123.864281;123.023224;122.264351;107.621338;93.259468;94.789581;96.172417;97.426979,npp_d20140716_t1803247_e1809051_b14079,154.279,51.829,7.9042,-77.7466,37.0877,81.7658
835,VBD_npp_d20140716_t1804433_x1121231E_y042203S_l0715_s2171_v23,2017-05-23 13:08:46,-4.220349,112.123146,23.0311,2014-07-16 18:04:43,2014-07-17 01:04:43,715,2171,0.417426,1,2529,0.684579,0.221801,0.785444,0.4,0.90267,0.75,0.0451627,0.0001,0.00879521,999999,-2.974654e-02,3,Indonesian Exclusive Economic Zone,WPP712,,SVDNB_npp_d20140716_t1803247_e1809051_b14079_c20140717000905445784_noaa_ops.h5,GDNBO_npp_d20140716_t1803247_e1809051_b14079_c20140717000905445471_noaa_ops.h5,SVI04_npp_d20140716_t1803247_e1809051_b14079_c20140717000905432367_noaa_ops.dspace_rad,VNFF_npp_d20140716_t1803247_e1809051_b14079_v21.csv,World_EEZ_v8_2014.shp,WPP_BFAR_merge.shp,KKP_IDN_merge_20161208.shp,VNF-VBD_npp_20120301-20151231_global_asia-enhanced_c201607211230.bitmask,NCEI_NGA.union.nga_lead2.add_2015ntl.mask,timezone.shp,VBD_platforms-recurring_2015_r20170330.shp,999999,VBD_bridges_c20160811.shp,2.701723;0.592520;-1.537733;-6.424739;-11.321091;-16.224911;-21.132078;-19.454973;-16.614069;-11.826628;-7.007390;-2.161976,98.595314;112.244095;125.823792;124.798187;123.864281;123.023224;122.264351;107.621338;93.259468;94.789581;96.172417;97.426979,npp_d20140716_t1803247_e1809051_b14079,152.831,49.2137,7.95036,-79.8519,36.5455,84.2849
836,VBD_npp_d20140716_t1804576_x1119303E_y050901S_l0848_s2171_v23,2017-05-23 13:08:46,-5.090099,111.930275,20.6556,2014-07-16 18:04:57,2014-07-17 01:04:57,848,2171,0.416211,1,2529,0.789714,0.221198,0.893285,0.4,0.958346,0.75,0.0449469,0.0001,0.00840174,999999,-2.567975e-02,3,Indonesian Exclusive Economic Zone,WPP712,,SVDNB_npp_d20140716_t1803247_e1809051_b14079_c20140717000905445784_noaa_ops.h5,GDNBO_npp_d20140716_t1803247_e1809051_b14079_c20140717000905445471_noaa_ops.h5,SVI04_npp_d20140716_t1803247_e1809051_b14079_c20140717000905432367_noaa_ops.dspace_rad,VNFF_npp_d20140716_t1803247_e1809051_b14079_v21.csv,World_EEZ_v8_2014.shp,WPP_BFAR_merge.shp,KKP_IDN_merge_20161208.shp,VNF-VBD_npp_20120301-20151231_global_asia-enhanced_c201607211230.bitmask,NCEI_NGA.union.nga_lead2.add_2015ntl.mask,timezone.shp,VBD_platforms-recurring_2015_r20170330.shp,999999,VBD_bridges_c20160811.shp,2.701723;0.592520;-1.537733;-6.424739;-11.321091;-16.224911;-21.132078;-19.454973;-16.614069;-11.826628;-7.007390;-2.161976,98.595314;112.244095;125.823792;124.798187;123.864281;123.023224;122.264351;107.621338;93.259468;94.789581;96.172417;97.426979,npp_d20140716_t1803247_e1809051_b14079,153.494,50.3675,7.96064,-77.7691,36.7786,83.1282
837,VBD_npp_d20140716_t1805029_x1118672E_y053568S_l0889_s2171_v23,2017-05-23 13:08:46,-5.356842,111.867157,15.6876,2014-07-16 18:05:02,2014-07-17 01:05:02,889,2171,0.419139,1,2529,0.68412,0.200689,0.873123,0.4,0.940875,0.75,0.0448784,0.0001,0.00845961,999999,1.126896e-01,3,Indonesian Exclusive Economic Zone,WPP712,,SVDNB_npp_d20140716_t1803247_e1809051_b14079_c20140717000905445784_noaa_ops.h5,GDNBO_npp_d20140716_t1803247_e1809051_b14079_c20140717000905445471_noaa_ops.h5,SVI04_npp_d20140716_t1803247_e1809051_b14079_c20140717000905432367_noaa_ops.dspace_rad,VNFF_npp_d20140716_t1803247_e1809051_b14079_v21.csv,World_EEZ_v8_2014.shp,WPP_BFAR_merge.shp,KKP_IDN_merge_20161208.shp,VNF-VBD_npp_20120301-20151231_global_asia-enhanced_c201607211230.bitmask,NCEI_NGA.union.nga_lead2.add_2015ntl.mask,timezone.shp,VBD_platforms-recurring_2015_r20170330.shp,999999,VBD_bridges_c20160811.shp,2.701723;0.592520;-1.537733;-6.424739;-11.321091;-16.224911;-21.132078;-19.454973;-16.614069;-11.826628;-7.007390;-2.161976,98.595314;112.244095;125.823792;124.798187;123.864281;123.023224;122.264351;107.621338;93.259468;94.789581;96.172417;97.426979,npp_d20140716_t1803247_e1809051_b14079,153.695,50.734,7.94672,-80.7024,36.8536,82.777
838,VBD_npp_d20140716_t1805136_x1117266E_y059841S_l0985_s2171_v23,2017-05-23 13:08:46,-5.984118,111.726624,11.7605,2014-07-16 18:05:13,2014-07-17 01:05:13,985,2171,0.410244,4,100773,0.4498,0.232481,0.757137,0.4,0.746754,0.75,0.0447114,0.0001,0.00824582,999999,-1.018018e-01,3,Indonesian Exclusive Economic Zone,WPP712,,SVDNB_npp_d20140716_t1803247_e1809051_b14079_c20140717000905445784_noaa_ops.h5,GDNBO_npp_d20140716_t1803247_e1809051_b14079_c20140717000905445471_noaa_ops.h5,SVI04_npp_d20140716_t1803247_e1809051_b14079_c20140717000905432367_noaa_ops.dspace_rad,VNFF_npp_d20140716_t1803247_e1809051_b14079_v21.csv,World_EEZ_v8_2014.shp,WPP_BFAR_merge.shp,KKP_IDN_merge_20161208.shp,VNF-VBD_npp_20120301-20151231_global_asia-enhanced_c201607211230.bitmask,NCEI_NGA.union.nga_lead2.add_2015ntl.mask,timezone.shp,VBD_platforms-recurring_2015_r20170330.shp,999999,VBD_bridges_c20160811.shp,2.701723;0.592520;-1.537733;-6.424739;-11.321091;-16.224911;-21.132078;-19.454973;-16.614069;-11.826628;-7.007390;-2.161976,98.595314;112.244095;125.823792;124.798187;123.864281;123.023224;122.264351;107.621338;93.259468;94.789581;96.172417;97.426979,npp_d20140716_t1803247_e1809051_b14079,154.163,51.6198,7.94855,-80.7049,37.0358,81.9585
839,VBD_npp_d20140716_t1805171_x1116878E_y061398S_l1009_s2171_v23,2017-05-23 13:08:46,-6.139821,111.687752,11.5163,2014-07-16 18:05:17,2014-07-17 01:05:17,1009,2171,0.414608,8,18913,0.542862,0.215716,0.713916,0.4,0.908567,0.75,0.044696,0.0001,0.00836108,999999,1.130176e-02,3,Indonesian Exclusive Economic Zone,WPP712,,SVDNB_npp_d20140716_t1803247_e1809051_b14079_c20140717000905445784_noaa_ops.h5,GDNBO_npp_d20140716_t1803247_e1809051_b14079_c20140717000905445471_noaa_ops.h5,SVI04_npp_d20140716_t1803247_e1809051_b14079_c20140717000905432367_noaa_ops.dspace_rad,VNFF_npp_d20140716_t1803247_e1809051_b14079_v21.csv,World_EEZ_v8_2014.shp,WPP_BFAR_merge.shp,KKP_IDN_merge_20161208.shp,VNF-VBD_npp_20120301-20151231_global_asia-enhanced_c201607211230.bitmask,NCEI_NGA.union.nga_lead2.add_2015ntl.mask,timezone.shp,VBD_platforms-recurring_2015_r20170330.shp,0.207149,VBD_bridges_c20160811.shp,2.701723;0.592520;-1.537733;-6.424739;-11.321091;-16.224911;-21.132078;-19.454973;-16.614069;-11.826628;-7.007390;-2.161976,98.595314;112.244095;125.823792;124.798187;123.864281;123.023224;122.264351;107.621338;93.259468;94.789581;96.172417;97.426979,npp_d20140716_t1803247_e1809051_b14079,154.278,51.8448,7.95641,-84.0413,37.0827,81.7568
840,VBD_npp_d20140716_t1804433_x1121309E_y042147S_l0714_s2172_v23,2017-05-23 13:08:46,-4.214742,112.130928,22.0966,2014-07-16 18:04:43,2014-07-17 01:04:43,714,2172,0.419083,1,2529,0.610912,0.216775,0.805259,0.4,0.887263,0.75,0.0451691,0.0001,0.00888022,999999,4.159861e-03,3,Indonesian Exclusive Economic Zone,WPP712,,SVDNB_npp_d20140716_t1803247_e1809051_b14079_c20140717000905445784_noaa_ops.h5,GDNBO_npp_d20140716_t1803247_e1809051_b14079_c20140717000905445471_noaa_ops.h5,SVI04_npp_d20140716_t1803247_e1809051_b14079_c20140717000905432367_noaa_ops.dspace_rad,VNFF_npp_d20140716_t1803247_e1809051_b14079_v21.csv,World_EEZ_v8_2014.shp,WPP_BFAR_merge.shp,KKP_IDN_merge_20161208.shp,VNF-VBD_npp_20120301-20151231_global_asia-enhanced_c201607211230.bitmask,NCEI_NGA.union.nga_lead2.add_2015ntl.mask,timezone.shp,VBD_platforms-recurring_2015_r20170330.shp,999999,VBD_bridges_c20160811.shp,2.701723;0.592520;-1.537733;-6.424739;-11.321091;-16.224911;-21.132078;-19.454973;-16.614069;-11.826628;-7.007390;-2.161976,98.595314;112.244095;125.823792;124.798187;123.864281;123.023224;122.264351;107.621338;93.259468;94.789581;96.172417;97.426979,npp_d20140716_t1803247_e1809051_b14079,152.821,49.2147,8.00737,-80.2762,36.5371,84.2909
841,VBD_npp_d20140716_t1804451_x1121040E_y043390S_l0733_s2172_v23,2017-05-23 13:08:46,-4.339035,112.103996,21.6191,2014-07-16 18:04:45,2014-07-17 01:04:45,733,2172,0.419746,1,2529,0.755799,0.212997,0.887759,0.4,0.934802,0.75,0.0451389,0.0001,0.00877595,999999,2.964755e-02,3,Indonesian Exclusive Economic Zone,WPP712,,SVDNB_npp_d20140716_t1803247_e1809051_b14079_c20140717000905445784_noaa_ops.h5,GDNBO_npp_d20140716_t1803247_e1809051_b14079_c20140717000905445471_noaa_ops.h5,SVI04_npp_d20140716_t1803247_e1809051_b14079_c20140717000905432367_noaa_ops.dspace_rad,VNFF_npp_d20140716_t1803247_e1809051_b14079_v21.csv,World_EEZ_v8_2014.shp,WPP_BFAR_merge.shp,KKP_IDN_merge_20161208.shp,VNF-VBD_npp_20120301-20151231_global_asia-enhanced_c201607211230.bitmask,NCEI_NGA.union.nga_lead2.add_2015ntl.mask,timezone.shp,VBD_platforms-recurring_2015_r20170330.shp,999999,VBD_bridges_c20160811.shp,2.701723;0.592520;-1.537733;-6.424739;-11.321091;-16.224911;-21.132078;-19.454973;-16.614069;-11.826628;-7.007390;-2.161976,98.595314;112.244095;125.823792;124.798187;123.864281;123.023224;122.264351;107.621338;93.259468;94.789581;96.172417;97.426979,npp_d20140716_t1803247_e1809051_b14079,152.917,49.3753,8.00817,-79.0463,36.5697,84.1246
842,VBD_npp_d20140716_t1804469_x1120878E_y043971S_l0742_s2172_v23,2017-05-23 13:08:46,-4.397147,112.087845,5.6617,2014-07-16 18:04:46,2014-07-17 01:04:46,742,2172,0.394886,2,2465,0.325806,0.23704,0.878962,0.4,0.724573,0.75,0.0451246,0.0001,0.00889786,999999,-1.325589e-01,3,Indonesian Exclusive Economic Zone,WPP712,,SVDNB_npp_d20140716_t1803247_e1809051_b14079_c20140717000905445784_noaa_ops.h5,GDNBO_npp_d20140716_t1803247_e1809051_b14079_c20140717000905445471_noaa_ops.h5,SVI04_npp_d20140716_t1803247_e1809051_b14079_c20140717000905432367_noaa_ops.dspace_rad,VNFF_npp_d20140716_t1803247_e1809051_b14079_v21.csv,World_EEZ_v8_2014.shp,WPP_BFAR_merge.shp,KKP_IDN_merge_20161208.shp,VNF-VBD_npp_20120301-20151231_global_asia-enhanced_c201607211230.bitmask,NCEI_NGA.union.nga_lead2.add_2015ntl.mask,timezone.shp,VBD_platforms-recurring_2015_r20170330.shp,999999,VBD_bridges_c20160811.shp,2.701723;0.592520;-1.537733;-6.424739;-11.321091;-16.224911;-21.132078;-19.454973;-16.614069;-11.826628;-7.007390;-2.161976,98.595314;112.244095;125.823792;124.798187;123.864281;123.023224;122.264351;107.621338;93.259468;94.789581;96.172417;97.426979,npp_d20140716_t1803247_e1809051_b14079,152.962,49.4512,8.00418,-81.9319,36.5849,84.0468
843,VBD_npp_d20140716_t1805029_x1118666E_y054046S_l0896_s2172_v23,2017-05-23 13:08:46,-5.404573,111.866592,6.04611,2014-07-16 18:05:02,2014-07-17 01:05:02,896,2172,0.406598,1,2529,0.315514,0.211805,0.850078,0.4,0.804896,0.75,0.0448714,0.0001,0.00835304,999999,3.769279e-02,3,Indonesian Exclusive Economic Zone,WPP712,,SVDNB_npp_d20140716_t1803247_e1809051_b14079_c20140717000905445784_noaa_ops.h5,GDNBO_npp_d20140716_t1803247_e1809051_b14079_c20140717000905445471_noaa_ops.h5,SVI04_npp_d20140716_t1803247_e1809051_b14079_c20140717000905432367_noaa_ops.dspace_rad,VNFF_npp_d20140716_t1803247_e1809051_b14079_v21.csv,World_EEZ_v8_2014.shp,WPP_BFAR_merge.shp,KKP_IDN_merge_20161208.shp,VNF-VBD_npp_20120301-20151231_global_asia-enhanced_c201607211230.bitmask,NCEI_NGA.union.nga_lead2.add_2015ntl.mask,timezone.shp,VBD_platforms-recurring_2015_r20170330.shp,999999,VBD_bridges_c20160811.shp,2.701723;0.592520;-1.537733;-6.424739;-11.321091;-16.224911;-21.132078;-19.454973;-16.614069;-11.826628;-7.007390;-2.161976,98.595314;112.244095;125.823792;124.798187;123.864281;123.023224;122.264351;107.621338;93.259468;94.789581;96.172417;97.426979,npp_d20140716_t1803247_e1809051_b14079,153.726,50.8081,8.01757,-77.8087,36.8602,82.7126
844,VBD_npp_d20140716_t1804433_x1121387E_y042091S_l0713_s2173_v23,2017-05-23 13:08:46,-4.209135,112.138702,11.6132,2014-07-16 18:04:43,2014-07-17 01:04:43,713,2173,0.401516,1,2529,0.378365,0.198627,0.805259,0.4,0.773813,0.75,0.0451756,0.0001,0.00896573,999999,1.266002e-01,3,Indonesian Exclusive Economic Zone,WPP712,,SVDNB_npp_d20140716_t1803247_e1809051_b14079_c20140717000905445784_noaa_ops.h5,GDNBO_npp_d20140716_t1803247_e1809051_b14079_c20140717000905445471_noaa_ops.h5,SVI04_npp_d20140716_t1803247_e1809051_b14079_c20140717000905432367_noaa_ops.dspace_rad,VNFF_npp_d20140716_t1803247_e1809051_b14079_v21.csv,World_EEZ_v8_2014.shp,WPP_BFAR_merge.shp,KKP_IDN_merge_20161208.shp,VNF-VBD_npp_20120301-20151231_global_asia-enhanced_c201607211230.bitmask,NCEI_NGA.union.nga_lead2.add_2015ntl.mask,timezone.shp,VBD_platforms-recurring_2015_r20170330.shp,999999,VBD_bridges_c20160811.shp,2.701723;0.592520;-1.537733;-6.424739;-11.321091;-16.224911;-21.132078;-19.454973;-16.614069;-11.826628;-7.007390;-2.161976,98.595314;112.244095;125.823792;124.798187;123.864281;123.023224;122.264351;107.621338;93.259468;94.789581;96.172417;97.426979,npp_d20140716_t1803247_e1809051_b14079,152.812,49.2158,8.06481,-80.6945,36.5287,84.297
845,VBD_npp_d20140716_t1805047_x1118656E_y054104S_l0897_s2173_v23,2017-05-23 13:08:46,-5.410369,111.865562,7.99426,2014-07-16 18:05:04,2014-07-17 01:05:04,897,2173,0.405935,1,2529,0.427722,0.207619,0.850078,0.4,0.868504,0.75,0.0448745,0.0001,0.00873191,999999,6.592930e-02,3,Indonesian Exclusive Economic Zone,WPP712,,SVDNB_npp_d20140716_t1803247_e1809051_b14079_c20140717000905445784_noaa_ops.h5,GDNBO_npp_d20140716_t1803247_e1809051_b14079_c20140717000905445471_noaa_ops.h5,SVI04_npp_d20140716_t1803247_e1809051_b14079_c20140717000905432367_noaa_ops.dspace_rad,VNFF_npp_d20140716_t1803247_e1809051_b14079_v21.csv,World_EEZ_v8_2014.shp,WPP_BFAR_merge.shp,KKP_IDN_merge_20161208.shp,VNF-VBD_npp_20120301-20151231_global_asia-enhanced_c201607211230.bitmask,NCEI_NGA.union.nga_lead2.add_2015ntl.mask,timezone.shp,VBD_platforms-recurring_2015_r20170330.shp,999999,VBD_bridges_c20160811.shp,2.701723;0.592520;-1.537733;-6.424739;-11.321091;-16.224911;-21.132078;-19.454973;-16.614069;-11.826628;-7.007390;-2.161976,98.595314;112.244095;125.823792;124.798187;123.864281;123.023224;122.264351;107.621338;93.259468;94.789581;96.172417;97.426979,npp_d20140716_t1803247_e1809051_b14079,153.724,50.8248,8.07321,-83.9877,36.8549,82.703
846,VBD_npp_d20140716_t1804433_x1121507E_y041769S_l0708_s2174_v23,2017-05-23 13:08:46,-4.176856,112.150658,17.5707,2014-07-16 18:04:43,2014-07-17 01:04:43,708,2174,0.347928,1,2529,0.535986,0.250081,0.782475,0.4,0.797987,0.75,0.0451884,0.0001,0.00913989,999999,-2.205427e-01,3,Indonesian Exclusive Economic Zone,WPP712,,SVDNB_npp_d20140716_t1803247_e1809051_b14079_c20140717000905445784_noaa_ops.h5,GDNBO_npp_d20140716_t1803247_e1809051_b14079_c20140717000905445471_noaa_ops.h5,SVI04_npp_d20140716_t1803247_e1809051_b14079_c20140717000905432367_noaa_ops.dspace_rad,VNFF_npp_d20140716_t1803247_e1809051_b14079_v21.csv,World_EEZ_v8_2014.shp,WPP_BFAR_merge.shp,KKP_IDN_merge_20161208.shp,VNF-VBD_npp_20120301-20151231_global_asia-enhanced_c201607211230.bitmask,NCEI_NGA.union.nga_lead2.add_2015ntl.mask,timezone.shp,VBD_platforms-recurring_2015_r20170330.shp,999999,VBD_bridges_c20160811.shp,2.701723;0.592520;-1.537733;-6.424739;-11.321091;-16.224911;-21.132078;-19.454973;-16.614069;-11.826628;-7.007390;-2.161976,98.595314;112.244095;125.823792;124.798187;123.864281;123.023224;122.264351;107.621338;93.259468;94.789581;96.172417;97.426979,npp_d20140716_t1803247_e1809051_b14079,152.782,49.1825,8.12606,-82.7392,36.5135,84.3388
847,VBD_npp_d20140716_t1804451_x1121154E_y043545S_l0735_s2174_v23,2017-05-23 13:08:46,-4.354496,112.115387,22,2014-07-16 18:04:45,2014-07-17 01:04:45,735,2174,0.416708,1,2529,0.738731,0.208718,0.897667,0.4,0.913162,0.75,0.0451454,0.0001,0.008855,999999,5.851551e-02,3,Indonesian Exclusive Economic Zone,WPP712,,SVDNB_npp_d20140716_t1803247_e1809051_b14079_c20140717000905445784_noaa_ops.h5,GDNBO_npp_d20140716_t1803247_e1809051_b14079_c20140717000905445471_noaa_ops.h5,SVI04_npp_d20140716_t1803247_e1809051_b14079_c20140717000905432367_noaa_ops.dspace_rad,VNFF_npp_d20140716_t1803247_e1809051_b14079_v21.csv,World_EEZ_v8_2014.shp,WPP_BFAR_merge.shp,KKP_IDN_merge_20161208.shp,VNF-VBD_npp_20120301-20151231_global_asia-enhanced_c201607211230.bitmask,NCEI_NGA.union.nga_lead2.add_2015ntl.mask,timezone.shp,VBD_platforms-recurring_2015_r20170330.shp,999999,VBD_bridges_c20160811.shp,2.701723;0.592520;-1.537733;-6.424739;-11.321091;-16.224911;-21.132078;-19.454973;-16.614069;-11.826628;-7.007390;-2.161976,98.595314;112.244095;125.823792;124.798187;123.864281;123.023224;122.264351;107.621338;93.259468;94.789581;96.172417;97.426979,npp_d20140716_t1803247_e1809051_b14079,152.919,49.4118,8.12902,-78.262,36.5599,84.1009
848,VBD_npp_d20140716_t1805029_x1118811E_y054000S_l0895_s2174_v23,2017-05-23 13:08:46,-5.400033,111.881134,9.32204,2014-07-16 18:05:02,2014-07-17 01:05:02,895,2174,0.404223,1,2529,0.451444,0.238081,0.850078,0.4,0.868481,0.75,0.0448828,0.0001,0.00849717,999999,-1.395828e-01,3,Indonesian Exclusive Economic Zone,WPP712,,SVDNB_npp_d20140716_t1803247_e1809051_b14079_c20140717000905445784_noaa_ops.h5,GDNBO_npp_d20140716_t1803247_e1809051_b14079_c20140717000905445471_noaa_ops.h5,SVI04_npp_d20140716_t1803247_e1809051_b14079_c20140717000905432367_noaa_ops.dspace_rad,VNFF_npp_d20140716_t1803247_e1809051_b14079_v21.csv,World_EEZ_v8_2014.shp,WPP_BFAR_merge.shp,KKP_IDN_merge_20161208.shp,VNF-VBD_npp_20120301-20151231_global_asia-enhanced_c201607211230.bitmask,NCEI_NGA.union.nga_lead2.add_2015ntl.mask,timezone.shp,VBD_platforms-recurring_2015_r20170330.shp,999999,VBD_bridges_c20160811.shp,2.701723;0.592520;-1.537733;-6.424739;-11.321091;-16.224911;-21.132078;-19.454973;-16.614069;-11.826628;-7.007390;-2.161976,98.595314;112.244095;125.823792;124.798187;123.864281;123.023224;122.264351;107.621338;93.259468;94.789581;96.172417;97.426979,npp_d20140716_t1803247_e1809051_b14079,153.711,50.8182,8.13043,-78.2667,36.8451,82.7149
849,VBD_npp_d20140716_t1805029_x1118889E_y053944S_l0894_s2175_v23,2017-05-23 13:08:46,-5.394426,111.888931,20.6642,2014-07-16 18:05:02,2014-07-17 01:05:02,894,2175,0.403781,1,2529,0.734738,0.252085,0.856188,0.4,0.93806,0.75,0.0448894,0.0001,0.00858215,999999,-2.340627e-01,3,Indonesian Exclusive Economic Zone,WPP712,,SVDNB_npp_d20140716_t1803247_e1809051_b14079_c20140717000905445784_noaa_ops.h5,GDNBO_npp_d20140716_t1803247_e1809051_b14079_c20140717000905445471_noaa_ops.h5,SVI04_npp_d20140716_t1803247_e1809051_b14079_c20140717000905432367_noaa_ops.dspace_rad,VNFF_npp_d20140716_t1803247_e1809051_b14079_v21.csv,World_EEZ_v8_2014.shp,WPP_BFAR_merge.shp,KKP_IDN_merge_20161208.shp,VNF-VBD_npp_20120301-20151231_global_asia-enhanced_c201607211230.bitmask,NCEI_NGA.union.nga_lead2.add_2015ntl.mask,timezone.shp,VBD_platforms-recurring_2015_r20170330.shp,999999,VBD_bridges_c20160811.shp,2.701723;0.592520;-1.537733;-6.424739;-11.321091;-16.224911;-21.132078;-19.454973;-16.614069;-11.826628;-7.007390;-2.161976,98.595314;112.244095;125.823792;124.798187;123.864281;123.023224;122.264351;107.621338;93.259468;94.789581;96.172417;97.426979,npp_d20140716_t1803247_e1809051_b14079,153.702,50.8186,8.18581,-78.6935,36.8366,82.7204
850,VBD_npp_d20140716_t1804469_x1121075E_y044481S_l0749_s2176_v23,2017-05-23 13:08:46,-4.448059,112.107498,24.8827,2014-07-16 18:04:46,2014-07-17 01:04:46,749,2176,0.416873,1,2529,0.77532,0.207347,0.852313,0.4,0.836215,0.75,0.0451329,0.0001,0.00899175,999999,6.776902e-02,3,Indonesian Exclusive Economic Zone,WPP712,,SVDNB_npp_d20140716_t1803247_e1809051_b14079_c20140717000905445784_noaa_ops.h5,GDNBO_npp_d20140716_t1803247_e1809051_b14079_c20140717000905445471_noaa_ops.h5,SVI04_npp_d20140716_t1803247_e1809051_b14079_c20140717000905432367_noaa_ops.dspace_rad,VNFF_npp_d20140716_t1803247_e1809051_b14079_v21.csv,World_EEZ_v8_2014.shp,WPP_BFAR_merge.shp,KKP_IDN_merge_20161208.shp,VNF-VBD_npp_20120301-20151231_global_asia-enhanced_c201607211230.bitmask,NCEI_NGA.union.nga_lead2.add_2015ntl.mask,timezone.shp,VBD_platforms-recurring_2015_r20170330.shp,999999,VBD_bridges_c20160811.shp,2.701723;0.592520;-1.537733;-6.424739;-11.321091;-16.224911;-21.132078;-19.454973;-16.614069;-11.826628;-7.007390;-2.161976,98.595314;112.244095;125.823792;124.798187;123.864281;123.023224;122.264351;107.621338;93.259468;94.789581;96.172417;97.426979,npp_d20140716_t1803247_e1809051_b14079,152.98,49.5506,8.24035,-79.0969,36.5705,83.9727
851,VBD_npp_d20140716_t1805011_x1119209E_y052778S_l0876_s2176_v23,2017-05-23 13:08:46,-5.277785,111.920937,14.6585,2014-07-16 18:05:01,2014-07-17 01:05:01,876,2176,0.417978,1,2529,0.656826,0.231389,0.895968,0.4,0.936445,0.75,0.0449244,0.0001,0.008726,999999,-9.443825e-02,3,Indonesian Exclusive Economic Zone,WPP712,,SVDNB_npp_d20140716_t1803247_e1809051_b14079_c20140717000905445784_noaa_ops.h5,GDNBO_npp_d20140716_t1803247_e1809051_b14079_c20140717000905445471_noaa_ops.h5,SVI04_npp_d20140716_t1803247_e1809051_b14079_c20140717000905432367_noaa_ops.dspace_rad,VNFF_npp_d20140716_t1803247_e1809051_b14079_v21.csv,World_EEZ_v8_2014.shp,WPP_BFAR_merge.shp,KKP_IDN_merge_20161208.shp,VNF-VBD_npp_20120301-20151231_global_asia-enhanced_c201607211230.bitmask,NCEI_NGA.union.nga_lead2.add_2015ntl.mask,timezone.shp,VBD_platforms-recurring_2015_r20170330.shp,999999,VBD_bridges_c20160811.shp,2.701723;0.592520;-1.537733;-6.424739;-11.321091;-16.224911;-21.132078;-19.454973;-16.614069;-11.826628;-7.007390;-2.161976,98.595314;112.244095;125.823792;124.798187;123.864281;123.023224;122.264351;107.621338;93.259468;94.789581;96.172417;97.426979,npp_d20140716_t1803247_e1809051_b14079,153.609,50.6652,8.23775,-79.5025,36.7968,82.872
852,VBD_npp_d20140716_t1805047_x1118780E_y055080S_l0911_s2177_v23,2017-05-23 13:08:46,-5.507986,111.877953,9.29792,2014-07-16 18:05:04,2014-07-17 01:05:04,911,2177,0.377042,1,2529,0.4768,0.249989,0.816474,0.4,0.882009,0.75,0.0448695,0.0001,0.00864103,999999,-2.199210e-01,3,Indonesian Exclusive Economic Zone,WPP712,,SVDNB_npp_d20140716_t1803247_e1809051_b14079_c20140717000905445784_noaa_ops.h5,GDNBO_npp_d20140716_t1803247_e1809051_b14079_c20140717000905445471_noaa_ops.h5,SVI04_npp_d20140716_t1803247_e1809051_b14079_c20140717000905432367_noaa_ops.dspace_rad,VNFF_npp_d20140716_t1803247_e1809051_b14079_v21.csv,World_EEZ_v8_2014.shp,WPP_BFAR_merge.shp,KKP_IDN_merge_20161208.shp,VNF-VBD_npp_20120301-20151231_global_asia-enhanced_c201607211230.bitmask,NCEI_NGA.union.nga_lead2.add_2015ntl.mask,timezone.shp,VBD_platforms-recurring_2015_r20170330.shp,999999,VBD_bridges_c20160811.shp,2.701723;0.592520;-1.537733;-6.424739;-11.321091;-16.224911;-21.132078;-19.454973;-16.614069;-11.826628;-7.007390;-2.161976,98.595314;112.244095;125.823792;124.798187;123.864281;123.023224;122.264351;107.621338;93.259468;94.789581;96.172417;97.426979,npp_d20140716_t1803247_e1809051_b14079,153.776,50.993,8.30478,-78.3184,36.8551,82.5677
853,VBD_npp_d20140716_t1805011_x1119511E_y052620S_l0873_s2180_v23,2017-05-23 13:08:46,-5.262011,111.951096,6.43003,2014-07-16 18:05:01,2014-07-17 01:05:01,873,2180,0.419028,1,2529,0.382658,0.191315,0.880747,0.4,0.860385,0.75,0.0449489,0.0001,0.00904918,999999,1.759297e-01,3,Indonesian Exclusive Economic Zone,WPP712,,SVDNB_npp_d20140716_t1803247_e1809051_b14079_c20140717000905445784_noaa_ops.h5,GDNBO_npp_d20140716_t1803247_e1809051_b14079_c20140717000905445471_noaa_ops.h5,SVI04_npp_d20140716_t1803247_e1809051_b14079_c20140717000905432367_noaa_ops.dspace_rad,VNFF_npp_d20140716_t1803247_e1809051_b14079_v21.csv,World_EEZ_v8_2014.shp,WPP_BFAR_merge.shp,KKP_IDN_merge_20161208.shp,VNF-VBD_npp_20120301-20151231_global_asia-enhanced_c201607211230.bitmask,NCEI_NGA.union.nga_lead2.add_2015ntl.mask,timezone.shp,VBD_platforms-recurring_2015_r20170330.shp,999999,VBD_bridges_c20160811.shp,2.701723;0.592520;-1.537733;-6.424739;-11.321091;-16.224911;-21.132078;-19.454973;-16.614069;-11.826628;-7.007390;-2.161976,98.595314;112.244095;125.823792;124.798187;123.864281;123.023224;122.264351;107.621338;93.259468;94.789581;96.172417;97.426979,npp_d20140716_t1803247_e1809051_b14079,153.576,50.6762,8.46703,-80.727,36.7646,82.8855
854,VBD_npp_d20140716_t1805011_x1119469E_y052887S_l0877_s2180_v23,2017-05-23 13:08:46,-5.288709,111.946915,16.8566,2014-07-16 18:05:01,2014-07-17 01:05:01,877,2180,0.418089,1,2529,0.674174,0.209584,0.902435,0.4,0.925611,0.75,0.0449422,0.0001,0.00894928,999999,5.267394e-02,3,Indonesian Exclusive Economic Zone,WPP712,,SVDNB_npp_d20140716_t1803247_e1809051_b14079_c20140717000905445784_noaa_ops.h5,GDNBO_npp_d20140716_t1803247_e1809051_b14079_c20140717000905445471_noaa_ops.h5,SVI04_npp_d20140716_t1803247_e1809051_b14079_c20140717000905432367_noaa_ops.dspace_rad,VNFF_npp_d20140716_t1803247_e1809051_b14079_v21.csv,World_EEZ_v8_2014.shp,WPP_BFAR_merge.shp,KKP_IDN_merge_20161208.shp,VNF-VBD_npp_20120301-20151231_global_asia-enhanced_c201607211230.bitmask,NCEI_NGA.union.nga_lead2.add_2015ntl.mask,timezone.shp,VBD_platforms-recurring_2015_r20170330.shp,999999,VBD_bridges_c20160811.shp,2.701723;0.592520;-1.537733;-6.424739;-11.321091;-16.224911;-21.132078;-19.454973;-16.614069;-11.826628;-7.007390;-2.161976,98.595314;112.244095;125.823792;124.798187;123.864281;123.023224;122.264351;107.621338;93.259468;94.789581;96.172417;97.426979,npp_d20140716_t1803247_e1809051_b14079,153.596,50.7128,8.47161,-79.1606,36.7722,82.8504
855,VBD_npp_d20140716_t1805011_x1119526E_y052964S_l0878_s2181_v23,2017-05-23 13:08:46,-5.296447,111.952637,7.17513,2014-07-16 18:05:01,2014-07-17 01:05:01,878,2181,0.418531,8,18913,0.392266,0.195219,0.902435,0.4,0.851122,0.75,0.0449454,0.0001,0.00898647,999999,1.495890e-01,3,Indonesian Exclusive Economic Zone,WPP712,,SVDNB_npp_d20140716_t1803247_e1809051_b14079_c20140717000905445784_noaa_ops.h5,GDNBO_npp_d20140716_t1803247_e1809051_b14079_c20140717000905445471_noaa_ops.h5,SVI04_npp_d20140716_t1803247_e1809051_b14079_c20140717000905432367_noaa_ops.dspace_rad,VNFF_npp_d20140716_t1803247_e1809051_b14079_v21.csv,World_EEZ_v8_2014.shp,WPP_BFAR_merge.shp,KKP_IDN_merge_20161208.shp,VNF-VBD_npp_20120301-20151231_global_asia-enhanced_c201607211230.bitmask,NCEI_NGA.union.nga_lead2.add_2015ntl.mask,timezone.shp,VBD_platforms-recurring_2015_r20170330.shp,0.824847,VBD_bridges_c20160811.shp,2.701723;0.592520;-1.537733;-6.424739;-11.321091;-16.224911;-21.132078;-19.454973;-16.614069;-11.826628;-7.007390;-2.161976,98.595314;112.244095;125.823792;124.798187;123.864281;123.023224;122.264351;107.621338;93.259468;94.789581;96.172417;97.426979,npp_d20140716_t1803247_e1809051_b14079,153.597,50.7316,8.53175,-78.7863,36.7674,82.8384
856,VBD_npp_d20140716_t1805029_x1119431E_y053140S_l0881_s2181_v23,2017-05-23 13:08:46,-5.314029,111.943069,30.9565,2014-07-16 18:05:02,2014-07-17 01:05:02,881,2181,0.420022,1,2529,0.900095,0.197455,0.902088,0.4,0.960188,0.75,0.0449404,0.0001,0.00927508,999999,1.345083e-01,3,Indonesian Exclusive Economic Zone,WPP712,,SVDNB_npp_d20140716_t1803247_e1809051_b14079_c20140717000905445784_noaa_ops.h5,GDNBO_npp_d20140716_t1803247_e1809051_b14079_c20140717000905445471_noaa_ops.h5,SVI04_npp_d20140716_t1803247_e1809051_b14079_c20140717000905432367_noaa_ops.dspace_rad,VNFF_npp_d20140716_t1803247_e1809051_b14079_v21.csv,World_EEZ_v8_2014.shp,WPP_BFAR_merge.shp,KKP_IDN_merge_20161208.shp,VNF-VBD_npp_20120301-20151231_global_asia-enhanced_c201607211230.bitmask,NCEI_NGA.union.nga_lead2.add_2015ntl.mask,timezone.shp,VBD_platforms-recurring_2015_r20170330.shp,999999,VBD_bridges_c20160811.shp,2.701723;0.592520;-1.537733;-6.424739;-11.321091;-16.224911;-21.132078;-19.454973;-16.614069;-11.826628;-7.007390;-2.161976,98.595314;112.244095;125.823792;124.798187;123.864281;123.023224;122.264351;107.621338;93.259468;94.789581;96.172417;97.426979,npp_d20140716_t1803247_e1809051_b14079,153.609,50.7565,8.53695,-83.8561,36.7721,82.815
857,VBD_npp_d20140716_t1804451_x1121746E_y043296S_l0730_s2182_v23,2017-05-23 13:08:46,-4.329641,112.174561,13.9969,2014-07-16 18:04:45,2014-07-17 01:04:45,730,2182,0.40262,1,2529,0.553943,0.250313,0.840562,0.4,0.89733,0.75,0.0451922,0.0001,0.00948634,999999,-2.221106e-01,3,Indonesian Exclusive Economic Zone,WPP712,,SVDNB_npp_d20140716_t1803247_e1809051_b14079_c20140717000905445784_noaa_ops.h5,GDNBO_npp_d20140716_t1803247_e1809051_b14079_c20140717000905445471_noaa_ops.h5,SVI04_npp_d20140716_t1803247_e1809051_b14079_c20140717000905432367_noaa_ops.dspace_rad,VNFF_npp_d20140716_t1803247_e1809051_b14079_v21.csv,World_EEZ_v8_2014.shp,WPP_BFAR_merge.shp,KKP_IDN_merge_20161208.shp,VNF-VBD_npp_20120301-20151231_global_asia-enhanced_c201607211230.bitmask,NCEI_NGA.union.nga_lead2.add_2015ntl.mask,timezone.shp,VBD_platforms-recurring_2015_r20170330.shp,999999,VBD_bridges_c20160811.shp,2.701723;0.592520;-1.537733;-6.424739;-11.321091;-16.224911;-21.132078;-19.454973;-16.614069;-11.826628;-7.007390;-2.161976,98.595314;112.244095;125.823792;124.798187;123.864281;123.023224;122.264351;107.621338;93.259468;94.789581;96.172417;97.426979,npp_d20140716_t1803247_e1809051_b14079,152.858,49.4455,8.58438,-80.3569,36.4978,84.1222
858,VBD_npp_d20140716_t1804451_x1121923E_y043051S_l0726_s2184_v23,2017-05-23 13:08:46,-4.305058,112.192253,18.946,2014-07-16 18:04:45,2014-07-17 01:04:45,726,2184,0.416653,1,2529,0.681149,0.228148,0.822899,0.4,0.914485,0.75,0.0452082,0.0001,0.00971454,999999,-7.257237e-02,3,Indonesian Exclusive Economic Zone,WPP712,,SVDNB_npp_d20140716_t1803247_e1809051_b14079_c20140717000905445784_noaa_ops.h5,GDNBO_npp_d20140716_t1803247_e1809051_b14079_c20140717000905445471_noaa_ops.h5,SVI04_npp_d20140716_t1803247_e1809051_b14079_c20140717000905432367_noaa_ops.dspace_rad,VNFF_npp_d20140716_t1803247_e1809051_b14079_v21.csv,World_EEZ_v8_2014.shp,WPP_BFAR_merge.shp,KKP_IDN_merge_20161208.shp,VNF-VBD_npp_20120301-20151231_global_asia-enhanced_c201607211230.bitmask,NCEI_NGA.union.nga_lead2.add_2015ntl.mask,timezone.shp,VBD_platforms-recurring_2015_r20170330.shp,999999,VBD_bridges_c20160811.shp,2.701723;0.592520;-1.537733;-6.424739;-11.321091;-16.224911;-21.132078;-19.454973;-16.614069;-11.826628;-7.007390;-2.161976,98.595314;112.244095;125.823792;124.798187;123.864281;123.023224;122.264351;107.621338;93.259468;94.789581;96.172417;97.426979,npp_d20140716_t1803247_e1809051_b14079,152.828,49.4301,8.70068,-81.8945,36.4774,84.1521
859,VBD_npp_d20140716_t1805011_x1119875E_y052951S_l0877_s2186_v23,2017-05-23 13:08:46,-5.295094,111.987518,5.98994,2014-07-16 18:05:01,2014-07-17 01:05:01,877,2186,0.413062,1,2529,0.37595,0.216077,0.889325,0.4,0.868809,0.75,0.0449712,0.0001,0.00932917,999999,8.869782e-03,3,Indonesian Exclusive Economic Zone,WPP712,,SVDNB_npp_d20140716_t1803247_e1809051_b14079_c20140717000905445784_noaa_ops.h5,GDNBO_npp_d20140716_t1803247_e1809051_b14079_c20140717000905445471_noaa_ops.h5,SVI04_npp_d20140716_t1803247_e1809051_b14079_c20140717000905432367_noaa_ops.dspace_rad,VNFF_npp_d20140716_t1803247_e1809051_b14079_v21.csv,World_EEZ_v8_2014.shp,WPP_BFAR_merge.shp,KKP_IDN_merge_20161208.shp,VNF-VBD_npp_20120301-20151231_global_asia-enhanced_c201607211230.bitmask,NCEI_NGA.union.nga_lead2.add_2015ntl.mask,timezone.shp,VBD_platforms-recurring_2015_r20170330.shp,999999,VBD_bridges_c20160811.shp,2.701723;0.592520;-1.537733;-6.424739;-11.321091;-16.224911;-21.132078;-19.454973;-16.614069;-11.826628;-7.007390;-2.161976,98.595314;112.244095;125.823792;124.798187;123.864281;123.023224;122.264351;107.621338;93.259468;94.789581;96.172417;97.426979,npp_d20140716_t1803247_e1809051_b14079,153.569,50.7705,8.81976,-79.2458,36.7323,82.8311
860,VBD_npp_d20140716_t1805118_x1118518E_y059368S_l0975_s2187_v23,2017-05-23 13:08:46,-5.936794,111.851830,17.3563,2014-07-16 18:05:11,2014-07-17 01:05:11,975,2187,0.413393,1,2529,0.659484,0.229696,0.818225,0.4,0.916226,0.75,0.0448065,0.0001,0.0091,999999,-8.301276e-02,3,Indonesian Exclusive Economic Zone,WPP712,,SVDNB_npp_d20140716_t1803247_e1809051_b14079_c20140717000905445784_noaa_ops.h5,GDNBO_npp_d20140716_t1803247_e1809051_b14079_c20140717000905445471_noaa_ops.h5,SVI04_npp_d20140716_t1803247_e1809051_b14079_c20140717000905432367_noaa_ops.dspace_rad,VNFF_npp_d20140716_t1803247_e1809051_b14079_v21.csv,World_EEZ_v8_2014.shp,WPP_BFAR_merge.shp,KKP_IDN_merge_20161208.shp,VNF-VBD_npp_20120301-20151231_global_asia-enhanced_c201607211230.bitmask,NCEI_NGA.union.nga_lead2.add_2015ntl.mask,timezone.shp,VBD_platforms-recurring_2015_r20170330.shp,999999,VBD_bridges_c20160811.shp,2.701723;0.592520;-1.537733;-6.424739;-11.321091;-16.224911;-21.132078;-19.454973;-16.614069;-11.826628;-7.007390;-2.161976,98.595314;112.244095;125.823792;124.798187;123.864281;123.023224;122.264351;107.621338;93.259468;94.789581;96.172417;97.426979,npp_d20140716_t1803247_e1809051_b14079,154.041,51.6809,8.8843,-78.5168,36.9111,81.9877
861,VBD_npp_d20140716_t1804593_x1120313E_y051525S_l0855_s2188_v23,2017-05-23 13:08:46,-5.152456,112.031342,5.38862,2014-07-16 18:04:59,2014-07-17 01:04:59,855,2188,0.417592,2,2465,0.348836,0.202163,0.7115,0.4,0.661615,0.75,0.0450176,0.0001,0.00966103,999999,1.027393e-01,3,Indonesian Exclusive Economic Zone,WPP712,,SVDNB_npp_d20140716_t1803247_e1809051_b14079_c20140717000905445784_noaa_ops.h5,GDNBO_npp_d20140716_t1803247_e1809051_b14079_c20140717000905445471_noaa_ops.h5,SVI04_npp_d20140716_t1803247_e1809051_b14079_c20140717000905432367_noaa_ops.dspace_rad,VNFF_npp_d20140716_t1803247_e1809051_b14079_v21.csv,World_EEZ_v8_2014.shp,WPP_BFAR_merge.shp,KKP_IDN_merge_20161208.shp,VNF-VBD_npp_20120301-20151231_global_asia-enhanced_c201607211230.bitmask,NCEI_NGA.union.nga_lead2.add_2015ntl.mask,timezone.shp,VBD_platforms-recurring_2015_r20170330.shp,999999,VBD_bridges_c20160811.shp,2.701723;0.592520;-1.537733;-6.424739;-11.321091;-16.224911;-21.132078;-19.454973;-16.614069;-11.826628;-7.007390;-2.161976,98.595314;112.244095;125.823792;124.798187;123.864281;123.023224;122.264351;107.621338;93.259468;94.789581;96.172417;97.426979,npp_d20140716_t1803247_e1809051_b14079,153.45,50.5919,8.93638,-81.513,36.6777,83.0158
862,VBD_npp_d20140716_t1805136_x1118427E_y059955S_l0984_s2188_v23,2017-05-23 13:08:46,-5.995450,111.842743,15.1397,2014-07-16 18:05:13,2014-07-17 01:05:13,984,2188,0.385053,1,2529,0.47607,0.25906,0.753023,0.4,0.806629,0.75,0.0447956,0.0001,0.00931557,999999,-2.811216e-01,3,Indonesian Exclusive Economic Zone,WPP712,,SVDNB_npp_d20140716_t1803247_e1809051_b14079_c20140717000905445784_noaa_ops.h5,GDNBO_npp_d20140716_t1803247_e1809051_b14079_c20140717000905445471_noaa_ops.h5,SVI04_npp_d20140716_t1803247_e1809051_b14079_c20140717000905432367_noaa_ops.dspace_rad,VNFF_npp_d20140716_t1803247_e1809051_b14079_v21.csv,World_EEZ_v8_2014.shp,WPP_BFAR_merge.shp,KKP_IDN_merge_20161208.shp,VNF-VBD_npp_20120301-20151231_global_asia-enhanced_c201607211230.bitmask,NCEI_NGA.union.nga_lead2.add_2015ntl.mask,timezone.shp,VBD_platforms-recurring_2015_r20170330.shp,999999,VBD_bridges_c20160811.shp,2.701723;0.592520;-1.537733;-6.424739;-11.321091;-16.224911;-21.132078;-19.454973;-16.614069;-11.826628;-7.007390;-2.161976,98.595314;112.244095;125.823792;124.798187;123.864281;123.023224;122.264351;107.621338;93.259468;94.789581;96.172417;97.426979,npp_d20140716_t1803247_e1809051_b14079,154.079,51.7736,8.93534,-81.1465,36.9214,81.9091
863,VBD_npp_d20140716_t1804344_x1123605E_y037231S_l0636_s2189_v23,2017-05-23 13:08:46,-3.723065,112.360542,12.8387,2014-07-16 18:04:34,2014-07-17 01:04:34,636,2189,0.304285,1,2529,0.543243,0.274573,0.806731,0.4,0.867165,0.75,0.0453708,0.0001,0.01013,999999,-3.857820e-01,3,Indonesian Exclusive Economic Zone,WPP712,,SVDNB_npp_d20140716_t1803247_e1809051_b14079_c20140717000905445784_noaa_ops.h5,GDNBO_npp_d20140716_t1803247_e1809051_b14079_c20140717000905445471_noaa_ops.h5,SVI04_npp_d20140716_t1803247_e1809051_b14079_c20140717000905432367_noaa_ops.dspace_rad,VNFF_npp_d20140716_t1803247_e1809051_b14079_v21.csv,World_EEZ_v8_2014.shp,WPP_BFAR_merge.shp,KKP_IDN_merge_20161208.shp,VNF-VBD_npp_20120301-20151231_global_asia-enhanced_c201607211230.bitmask,NCEI_NGA.union.nga_lead2.add_2015ntl.mask,timezone.shp,VBD_platforms-recurring_2015_r20170330.shp,999999,VBD_bridges_c20160811.shp,2.701723;0.592520;-1.537733;-6.424739;-11.321091;-16.224911;-21.132078;-19.454973;-16.614069;-11.826628;-7.007390;-2.161976,98.595314;112.244095;125.823792;124.798187;123.864281;123.023224;122.264351;107.621338;93.259468;94.789581;96.172417;97.426979,npp_d20140716_t1803247_e1809051_b14079,152.354,48.7294,8.99497,-79.6621,36.2949,84.9311
864,VBD_npp_d20140716_t1804398_x1122985E_y039835S_l0676_s2189_v23,2017-05-23 13:08:46,-3.983494,112.298462,24.7199,2014-07-16 18:04:39,2014-07-17 01:04:39,676,2189,0.422453,1,2529,0.792134,0.24268,0.789969,0.4,0.93741,0.75,0.0453104,0.0001,0.0102117,999999,-1.706125e-01,3,Indonesian Exclusive Economic Zone,WPP712,,SVDNB_npp_d20140716_t1803247_e1809051_b14079_c20140717000905445784_noaa_ops.h5,GDNBO_npp_d20140716_t1803247_e1809051_b14079_c20140717000905445471_noaa_ops.h5,SVI04_npp_d20140716_t1803247_e1809051_b14079_c20140717000905432367_noaa_ops.dspace_rad,VNFF_npp_d20140716_t1803247_e1809051_b14079_v21.csv,World_EEZ_v8_2014.shp,WPP_BFAR_merge.shp,KKP_IDN_merge_20161208.shp,VNF-VBD_npp_20120301-20151231_global_asia-enhanced_c201607211230.bitmask,NCEI_NGA.union.nga_lead2.add_2015ntl.mask,timezone.shp,VBD_platforms-recurring_2015_r20170330.shp,999999,VBD_bridges_c20160811.shp,2.701723;0.592520;-1.537733;-6.424739;-11.321091;-16.224911;-21.132078;-19.454973;-16.614069;-11.826628;-7.007390;-2.161976,98.595314;112.244095;125.823792;124.798187;123.864281;123.023224;122.264351;107.621338;93.259468;94.789581;96.172417;97.426979,npp_d20140716_t1803247_e1809051_b14079,152.555,49.0582,8.99404,-82.6035,36.3601,84.5782
865,VBD_npp_d20140716_t1804326_x1124062E_y036085S_l0618_s2192_v23,2017-05-23 13:08:46,-3.608521,112.406151,6.30923,2014-07-16 18:04:32,2014-07-17 01:04:32,618,2192,0.412785,7,2465,0.321744,0.224035,0.837061,0.4,0.746174,0.75,0.0454124,0.0001,0.0104213,999999,-4.482196e-02,3,,,,SVDNB_npp_d20140716_t1803247_e1809051_b14079_c20140717000905445784_noaa_ops.h5,GDNBO_npp_d20140716_t1803247_e1809051_b14079_c20140717000905445471_noaa_ops.h5,SVI04_npp_d20140716_t1803247_e1809051_b14079_c20140717000905432367_noaa_ops.dspace_rad,VNFF_npp_d20140716_t1803247_e1809051_b14079_v21.csv,World_EEZ_v8_2014.shp,WPP_BFAR_merge.shp,KKP_IDN_merge_20161208.shp,VNF-VBD_npp_20120301-20151231_global_asia-enhanced_c201607211230.bitmask,NCEI_NGA.union.nga_lead2.add_2015ntl.mask,timezone.shp,VBD_platforms-recurring_2015_r20170330.shp,999999,VBD_bridges_c20160811.shp,2.701723;0.592520;-1.537733;-6.424739;-11.321091;-16.224911;-21.132078;-19.454973;-16.614069;-11.826628;-7.007390;-2.161976,98.595314;112.244095;125.823792;124.798187;123.864281;123.023224;122.264351;107.621338;93.259468;94.789581;96.172417;97.426979,npp_d20140716_t1803247_e1809051_b14079,152.249,48.611,9.16528,-80.4048,36.2461,85.0831
866,VBD_npp_d20140716_t1804415_x1123056E_y040721S_l0689_s2193_v23,2017-05-23 13:08:46,-4.072087,112.305573,10.0191,2014-07-16 18:04:41,2014-07-17 01:04:41,689,2193,0.328261,1,2529,0.355761,0.241093,0.837697,0.4,0.756314,0.75,0.04531,0.0001,0.0105319,999999,-1.599075e-01,3,Indonesian Exclusive Economic Zone,WPP712,,SVDNB_npp_d20140716_t1803247_e1809051_b14079_c20140717000905445784_noaa_ops.h5,GDNBO_npp_d20140716_t1803247_e1809051_b14079_c20140717000905445471_noaa_ops.h5,SVI04_npp_d20140716_t1803247_e1809051_b14079_c20140717000905432367_noaa_ops.dspace_rad,VNFF_npp_d20140716_t1803247_e1809051_b14079_v21.csv,World_EEZ_v8_2014.shp,WPP_BFAR_merge.shp,KKP_IDN_merge_20161208.shp,VNF-VBD_npp_20120301-20151231_global_asia-enhanced_c201607211230.bitmask,NCEI_NGA.union.nga_lead2.add_2015ntl.mask,timezone.shp,VBD_platforms-recurring_2015_r20170330.shp,999999,VBD_bridges_c20160811.shp,2.701723;0.592520;-1.537733;-6.424739;-11.321091;-16.224911;-21.132078;-19.454973;-16.614069;-11.826628;-7.007390;-2.161976,98.595314;112.244095;125.823792;124.798187;123.864281;123.023224;122.264351;107.621338;93.259468;94.789581;96.172417;97.426979,npp_d20140716_t1803247_e1809051_b14079,152.602,49.2045,9.23478,-83.6609,36.3543,84.4527
867,VBD_npp_d20140716_t1805011_x1120371E_y052892S_l0875_s2193_v23,2017-05-23 13:08:46,-5.289183,112.037064,7.73743,2014-07-16 18:05:01,2014-07-17 01:05:01,875,2193,0.418697,1,2529,0.452282,0.200442,0.840458,0.4,0.897338,0.75,0.0450083,0.0001,0.00984002,999999,1.143509e-01,3,Indonesian Exclusive Economic Zone,WPP712,,SVDNB_npp_d20140716_t1803247_e1809051_b14079_c20140717000905445784_noaa_ops.h5,GDNBO_npp_d20140716_t1803247_e1809051_b14079_c20140717000905445471_noaa_ops.h5,SVI04_npp_d20140716_t1803247_e1809051_b14079_c20140717000905432367_noaa_ops.dspace_rad,VNFF_npp_d20140716_t1803247_e1809051_b14079_v21.csv,World_EEZ_v8_2014.shp,WPP_BFAR_merge.shp,KKP_IDN_merge_20161208.shp,VNF-VBD_npp_20120301-20151231_global_asia-enhanced_c201607211230.bitmask,NCEI_NGA.union.nga_lead2.add_2015ntl.mask,timezone.shp,VBD_platforms-recurring_2015_r20170330.shp,999999,VBD_bridges_c20160811.shp,2.701723;0.592520;-1.537733;-6.424739;-11.321091;-16.224911;-21.132078;-19.454973;-16.614069;-11.826628;-7.007390;-2.161976,98.595314;112.244095;125.823792;124.798187;123.864281;123.023224;122.264351;107.621338;93.259468;94.789581;96.172417;97.426979,npp_d20140716_t1803247_e1809051_b14079,153.527,50.8195,9.22333,-80.0572,36.6819,82.8261
868,VBD_npp_d20140716_t1805029_x1120171E_y053735S_l0888_s2193_v23,2017-05-23 13:08:46,-5.373483,112.017059,10.1914,2014-07-16 18:05:02,2014-07-17 01:05:02,888,2193,0.394334,1,2529,0.526309,0.251069,0.847835,0.4,0.908033,0.75,0.0449866,0.0001,0.00988423,999999,-2.272096e-01,3,Indonesian Exclusive Economic Zone,WPP712,,SVDNB_npp_d20140716_t1803247_e1809051_b14079_c20140717000905445784_noaa_ops.h5,GDNBO_npp_d20140716_t1803247_e1809051_b14079_c20140717000905445471_noaa_ops.h5,SVI04_npp_d20140716_t1803247_e1809051_b14079_c20140717000905432367_noaa_ops.dspace_rad,VNFF_npp_d20140716_t1803247_e1809051_b14079_v21.csv,World_EEZ_v8_2014.shp,WPP_BFAR_merge.shp,KKP_IDN_merge_20161208.shp,VNF-VBD_npp_20120301-20151231_global_asia-enhanced_c201607211230.bitmask,NCEI_NGA.union.nga_lead2.add_2015ntl.mask,timezone.shp,VBD_platforms-recurring_2015_r20170330.shp,999999,VBD_bridges_c20160811.shp,2.701723;0.592520;-1.537733;-6.424739;-11.321091;-16.224911;-21.132078;-19.454973;-16.614069;-11.826628;-7.007390;-2.161976,98.595314;112.244095;125.823792;124.798187;123.864281;123.023224;122.264351;107.621338;93.259468;94.789581;96.172417;97.426979,npp_d20140716_t1803247_e1809051_b14079,153.59,50.9362,9.22399,-81.1495,36.7055,82.7147
869,VBD_npp_d20140716_t1804326_x1124176E_y036240S_l0620_s2194_v23,2017-05-23 13:08:46,-3.624022,112.417603,17.8044,2014-07-16 18:04:32,2014-07-17 01:04:32,620,2194,0.414664,1,2529,0.60301,0.221195,0.853021,0.4,0.869298,0.75,0.0454191,0.0001,0.0105126,999999,-2.565678e-02,3,Indonesian Exclusive Economic Zone,WPP712,,SVDNB_npp_d20140716_t1803247_e1809051_b14079_c20140717000905445784_noaa_ops.h5,GDNBO_npp_d20140716_t1803247_e1809051_b14079_c20140717000905445471_noaa_ops.h5,SVI04_npp_d20140716_t1803247_e1809051_b14079_c20140717000905432367_noaa_ops.dspace_rad,VNFF_npp_d20140716_t1803247_e1809051_b14079_v21.csv,World_EEZ_v8_2014.shp,WPP_BFAR_merge.shp,KKP_IDN_merge_20161208.shp,VNF-VBD_npp_20120301-20151231_global_asia-enhanced_c201607211230.bitmask,NCEI_NGA.union.nga_lead2.add_2015ntl.mask,timezone.shp,VBD_platforms-recurring_2015_r20170330.shp,999999,VBD_bridges_c20160811.shp,2.701723;0.592520;-1.537733;-6.424739;-11.321091;-16.224911;-21.132078;-19.454973;-16.614069;-11.826628;-7.007390;-2.161976,98.595314;112.244095;125.823792;124.798187;123.864281;123.023224;122.264351;107.621338;93.259468;94.789581;96.172417;97.426979,npp_d20140716_t1803247_e1809051_b14079,152.251,48.6467,9.2835,-79.7009,36.2359,85.0595
870,VBD_npp_d20140716_t1804326_x1124155E_y036374S_l0622_s2194_v23,2017-05-23 13:08:46,-3.637394,112.415512,32.8617,2014-07-16 18:04:32,2014-07-17 01:04:32,622,2194,0.416708,1,2529,0.689959,0.223994,0.853021,0.4,0.866706,0.75,0.045416,0.0001,0.0104621,999999,-4.454387e-02,3,Indonesian Exclusive Economic Zone,WPP712,,SVDNB_npp_d20140716_t1803247_e1809051_b14079_c20140717000905445784_noaa_ops.h5,GDNBO_npp_d20140716_t1803247_e1809051_b14079_c20140717000905445471_noaa_ops.h5,SVI04_npp_d20140716_t1803247_e1809051_b14079_c20140717000905432367_noaa_ops.dspace_rad,VNFF_npp_d20140716_t1803247_e1809051_b14079_v21.csv,World_EEZ_v8_2014.shp,WPP_BFAR_merge.shp,KKP_IDN_merge_20161208.shp,VNF-VBD_npp_20120301-20151231_global_asia-enhanced_c201607211230.bitmask,NCEI_NGA.union.nga_lead2.add_2015ntl.mask,timezone.shp,VBD_platforms-recurring_2015_r20170330.shp,999999,VBD_bridges_c20160811.shp,2.701723;0.592520;-1.537733;-6.424739;-11.321091;-16.224911;-21.132078;-19.454973;-16.614069;-11.826628;-7.007390;-2.161976,98.595314;112.244095;125.823792;124.798187;123.864281;123.023224;122.264351;107.621338;93.259468;94.789581;96.172417;97.426979,npp_d20140716_t1803247_e1809051_b14079,152.261,48.6633,9.28698,-78.9858,36.2392,85.0413
871,VBD_npp_d20140716_t1805029_x1120270E_y053545S_l0885_s2194_v23,2017-05-23 13:08:46,-5.354482,112.026985,5.22633,2014-07-16 18:05:02,2014-07-17 01:05:02,885,2194,0.401847,1,2529,0.33635,0.271193,0.845184,0.4,0.846313,0.75,0.0449965,0.0001,0.0100325,999999,-3.629818e-01,3,Indonesian Exclusive Economic Zone,WPP712,,SVDNB_npp_d20140716_t1803247_e1809051_b14079_c20140717000905445784_noaa_ops.h5,GDNBO_npp_d20140716_t1803247_e1809051_b14079_c20140717000905445471_noaa_ops.h5,SVI04_npp_d20140716_t1803247_e1809051_b14079_c20140717000905432367_noaa_ops.dspace_rad,VNFF_npp_d20140716_t1803247_e1809051_b14079_v21.csv,World_EEZ_v8_2014.shp,WPP_BFAR_merge.shp,KKP_IDN_merge_20161208.shp,VNF-VBD_npp_20120301-20151231_global_asia-enhanced_c201607211230.bitmask,NCEI_NGA.union.nga_lead2.add_2015ntl.mask,timezone.shp,VBD_platforms-recurring_2015_r20170330.shp,999999,VBD_bridges_c20160811.shp,2.701723;0.592520;-1.537733;-6.424739;-11.321091;-16.224911;-21.132078;-19.454973;-16.614069;-11.826628;-7.007390;-2.161976,98.595314;112.244095;125.823792;124.798187;123.864281;123.023224;122.264351;107.621338;93.259468;94.789581;96.172417;97.426979,npp_d20140716_t1803247_e1809051_b14079,153.57,50.9182,9.28383,-82.2234,36.6931,82.7379
872,VBD_npp_d20140716_t1805100_x1119332E_y057726S_l0949_s2194_v23,2017-05-23 13:08:46,-5.772633,111.933220,12.2926,2014-07-16 18:05:10,2014-07-17 01:05:10,949,2194,0.420464,1,2529,0.554841,0.227033,0.813189,0.4,0.903061,0.75,0.0448856,0.0001,0.00986804,999999,-6.504898e-02,3,Indonesian Exclusive Economic Zone,WPP712,,SVDNB_npp_d20140716_t1803247_e1809051_b14079_c20140717000905445784_noaa_ops.h5,GDNBO_npp_d20140716_t1803247_e1809051_b14079_c20140717000905445471_noaa_ops.h5,SVI04_npp_d20140716_t1803247_e1809051_b14079_c20140717000905432367_noaa_ops.dspace_rad,VNFF_npp_d20140716_t1803247_e1809051_b14079_v21.csv,World_EEZ_v8_2014.shp,WPP_BFAR_merge.shp,KKP_IDN_merge_20161208.shp,VNF-VBD_npp_20120301-20151231_global_asia-enhanced_c201607211230.bitmask,NCEI_NGA.union.nga_lead2.add_2015ntl.mask,timezone.shp,VBD_platforms-recurring_2015_r20170330.shp,999999,VBD_bridges_c20160811.shp,2.701723;0.592520;-1.537733;-6.424739;-11.321091;-16.224911;-21.132078;-19.454973;-16.614069;-11.826628;-7.007390;-2.161976,98.595314;112.244095;125.823792;124.798187;123.864281;123.023224;122.264351;107.621338;93.259468;94.789581;96.172417;97.426979,npp_d20140716_t1803247_e1809051_b14079,153.882,51.5036,9.28327,-82.2262,36.814,82.188
873,VBD_npp_d20140716_t1804344_x1124074E_y036893S_l0630_s2195_v23,2017-05-23 13:08:46,-3.689346,112.407425,26.0658,2014-07-16 18:04:34,2014-07-17 01:04:34,630,2195,0.352845,1,2529,0.656738,0.26243,0.821092,0.4,0.883535,0.75,0.0454088,0.0001,0.0106984,999999,-3.038580e-01,3,Indonesian Exclusive Economic Zone,WPP712,,SVDNB_npp_d20140716_t1803247_e1809051_b14079_c20140717000905445784_noaa_ops.h5,GDNBO_npp_d20140716_t1803247_e1809051_b14079_c20140717000905445471_noaa_ops.h5,SVI04_npp_d20140716_t1803247_e1809051_b14079_c20140717000905432367_noaa_ops.dspace_rad,VNFF_npp_d20140716_t1803247_e1809051_b14079_v21.csv,World_EEZ_v8_2014.shp,WPP_BFAR_merge.shp,KKP_IDN_merge_20161208.shp,VNF-VBD_npp_20120301-20151231_global_asia-enhanced_c201607211230.bitmask,NCEI_NGA.union.nga_lead2.add_2015ntl.mask,timezone.shp,VBD_platforms-recurring_2015_r20170330.shp,999999,VBD_bridges_c20160811.shp,2.701723;0.592520;-1.537733;-6.424739;-11.321091;-16.224911;-21.132078;-19.454973;-16.614069;-11.826628;-7.007390;-2.161976,98.595314;112.244095;125.823792;124.798187;123.864281;123.023224;122.264351;107.621338;93.259468;94.789581;96.172417;97.426979,npp_d20140716_t1803247_e1809051_b14079,152.296,48.7368,9.34154,-81.8547,36.2447,84.9692
874,VBD_npp_d20140716_t1804398_x1123287E_y040567S_l0686_s2195_v23,2017-05-23 13:08:46,-4.056714,112.328651,16.3678,2014-07-16 18:04:39,2014-07-17 01:04:39,686,2195,0.40588,1,2529,0.657781,0.254322,0.895353,0.4,0.902405,0.75,0.0453242,0.0001,0.0103784,999999,-2.491587e-01,3,Indonesian Exclusive Economic Zone,WPP712,,SVDNB_npp_d20140716_t1803247_e1809051_b14079_c20140717000905445784_noaa_ops.h5,GDNBO_npp_d20140716_t1803247_e1809051_b14079_c20140717000905445471_noaa_ops.h5,SVI04_npp_d20140716_t1803247_e1809051_b14079_c20140717000905432367_noaa_ops.dspace_rad,VNFF_npp_d20140716_t1803247_e1809051_b14079_v21.csv,World_EEZ_v8_2014.shp,WPP_BFAR_merge.shp,KKP_IDN_merge_20161208.shp,VNF-VBD_npp_20120301-20151231_global_asia-enhanced_c201607211230.bitmask,NCEI_NGA.union.nga_lead2.add_2015ntl.mask,timezone.shp,VBD_platforms-recurring_2015_r20170330.shp,999999,VBD_bridges_c20160811.shp,2.701723;0.592520;-1.537733;-6.424739;-11.321091;-16.224911;-21.132078;-19.454973;-16.614069;-11.826628;-7.007390;-2.161976,98.595314;112.244095;125.823792;124.798187;123.864281;123.023224;122.264351;107.621338;93.259468;94.789581;96.172417;97.426979,npp_d20140716_t1803247_e1809051_b14079,152.58,49.2007,9.34557,-79.0025,36.3367,84.4709
875,VBD_npp_d20140716_t1804398_x1123396E_y040310S_l0682_s2196_v23,2017-05-23 13:08:46,-4.031033,112.339607,15.3354,2014-07-16 18:04:39,2014-07-17 01:04:39,682,2196,0.386268,1,2529,0.562762,0.254157,0.878108,0.4,0.849391,0.75,0.0453351,0.0001,0.0105527,999999,-2.480433e-01,3,Indonesian Exclusive Economic Zone,WPP712,,SVDNB_npp_d20140716_t1803247_e1809051_b14079_c20140717000905445784_noaa_ops.h5,GDNBO_npp_d20140716_t1803247_e1809051_b14079_c20140717000905445471_noaa_ops.h5,SVI04_npp_d20140716_t1803247_e1809051_b14079_c20140717000905432367_noaa_ops.dspace_rad,VNFF_npp_d20140716_t1803247_e1809051_b14079_v21.csv,World_EEZ_v8_2014.shp,WPP_BFAR_merge.shp,KKP_IDN_merge_20161208.shp,VNF-VBD_npp_20120301-20151231_global_asia-enhanced_c201607211230.bitmask,NCEI_NGA.union.nga_lead2.add_2015ntl.mask,timezone.shp,VBD_platforms-recurring_2015_r20170330.shp,999999,VBD_bridges_c20160811.shp,2.701723;0.592520;-1.537733;-6.424739;-11.321091;-16.224911;-21.132078;-19.454973;-16.614069;-11.826628;-7.007390;-2.161976,98.595314;112.244095;125.823792;124.798187;123.864281;123.023224;122.264351;107.621338;93.259468;94.789581;96.172417;97.426979,npp_d20140716_t1803247_e1809051_b14079,152.555,49.1762,9.39817,-80.4293,36.3232,84.5042
876,VBD_npp_d20140716_t1805136_x1118940E_y060240S_l0987_s2196_v23,2017-05-23 13:08:46,-6.024016,111.893959,9.83394,2014-07-16 18:05:13,2014-07-17 01:05:13,987,2196,0.419691,1,2529,0.429267,0.263083,0.763675,0.4,0.813466,0.75,0.0448291,0.0001,0.00974932,999999,-3.082631e-01,3,Indonesian Exclusive Economic Zone,WPP712,,SVDNB_npp_d20140716_t1803247_e1809051_b14079_c20140717000905445784_noaa_ops.h5,GDNBO_npp_d20140716_t1803247_e1809051_b14079_c20140717000905445471_noaa_ops.h5,SVI04_npp_d20140716_t1803247_e1809051_b14079_c20140717000905432367_noaa_ops.dspace_rad,VNFF_npp_d20140716_t1803247_e1809051_b14079_v21.csv,World_EEZ_v8_2014.shp,WPP_BFAR_merge.shp,KKP_IDN_merge_20161208.shp,VNF-VBD_npp_20120301-20151231_global_asia-enhanced_c201607211230.bitmask,NCEI_NGA.union.nga_lead2.add_2015ntl.mask,timezone.shp,VBD_platforms-recurring_2015_r20170330.shp,999999,VBD_bridges_c20160811.shp,2.701723;0.592520;-1.537733;-6.424739;-11.321091;-16.224911;-21.132078;-19.454973;-16.614069;-11.826628;-7.007390;-2.161976,98.595314;112.244095;125.823792;124.798187;123.864281;123.023224;122.264351;107.621338;93.259468;94.789581;96.172417;97.426979,npp_d20140716_t1803247_e1809051_b14079,154.057,51.8792,9.40149,-80.0979,36.8744,81.8555
877,VBD_npp_d20140716_t1804380_x1123708E_y039206S_l0665_s2197_v23,2017-05-23 13:08:46,-3.920608,112.370766,9.14159,2014-07-16 18:04:38,2014-07-17 01:04:38,665,2197,0.420022,1,2529,0.452065,0.224296,0.833009,0.4,0.797249,0.75,0.0453656,0.0001,0.0106877,999999,-4.658258e-02,3,Indonesian Exclusive Economic Zone,WPP712,,SVDNB_npp_d20140716_t1803247_e1809051_b14079_c20140717000905445784_noaa_ops.h5,GDNBO_npp_d20140716_t1803247_e1809051_b14079_c20140717000905445471_noaa_ops.h5,SVI04_npp_d20140716_t1803247_e1809051_b14079_c20140717000905432367_noaa_ops.dspace_rad,VNFF_npp_d20140716_t1803247_e1809051_b14079_v21.csv,World_EEZ_v8_2014.shp,WPP_BFAR_merge.shp,KKP_IDN_merge_20161208.shp,VNF-VBD_npp_20120301-20151231_global_asia-enhanced_c201607211230.bitmask,NCEI_NGA.union.nga_lead2.add_2015ntl.mask,timezone.shp,VBD_platforms-recurring_2015_r20170330.shp,999999,VBD_bridges_c20160811.shp,2.701723;0.592520;-1.537733;-6.424739;-11.321091;-16.224911;-21.132078;-19.454973;-16.614069;-11.826628;-7.007390;-2.161976,98.595314;112.244095;125.823792;124.798187;123.864281;123.023224;122.264351;107.621338;93.259468;94.789581;96.172417;97.426979,npp_d20140716_t1803247_e1809051_b14079,152.465,49.0439,9.4548,-80.7967,36.2884,84.6524
878,VBD_npp_d20140716_t1805189_x1118333E_y063188S_l1032_s2197_v23,2017-05-23 13:08:46,-6.318823,111.833344,5.55944,2014-07-16 18:05:18,2014-07-17 01:05:18,1032,2197,0.424055,1,2529,0.32917,0.264225,0.623248,0.4,0.824886,0.75,0.0448173,0.0001,0.00976846,999999,-3.159674e-01,3,Indonesian Exclusive Economic Zone,WPP712,,SVDNB_npp_d20140716_t1803247_e1809051_b14079_c20140717000905445784_noaa_ops.h5,GDNBO_npp_d20140716_t1803247_e1809051_b14079_c20140717000905445471_noaa_ops.h5,SVI04_npp_d20140716_t1803247_e1809051_b14079_c20140717000905432367_noaa_ops.dspace_rad,VNFF_npp_d20140716_t1803247_e1809051_b14079_v21.csv,World_EEZ_v8_2014.shp,WPP_BFAR_merge.shp,KKP_IDN_merge_20161208.shp,VNF-VBD_npp_20120301-20151231_global_asia-enhanced_c201607211230.bitmask,NCEI_NGA.union.nga_lead2.add_2015ntl.mask,timezone.shp,VBD_platforms-recurring_2015_r20170330.shp,999999,VBD_bridges_c20160811.shp,2.701723;0.592520;-1.537733;-6.424739;-11.321091;-16.224911;-21.132078;-19.454973;-16.614069;-11.826628;-7.007390;-2.161976,98.595314;112.244095;125.823792;124.798187;123.864281;123.023224;122.264351;107.621338;93.259468;94.789581;96.172417;97.426979,npp_d20140716_t1803247_e1809051_b14079,154.268,52.3153,9.45623,-81.1474,36.9568,81.4701
879,VBD_npp_d20140716_t1804344_x1124267E_y036992S_l0631_s2198_v23,2017-05-23 13:08:46,-3.699221,112.426712,9.43229,2014-07-16 18:04:34,2014-07-17 01:04:34,631,2198,0.296717,7,2465,0.280036,0.27269,0.794005,0.4,0.529109,0.75,0.0454217,0.0001,0.0108894,999999,-3.730819e-01,3,,,,SVDNB_npp_d20140716_t1803247_e1809051_b14079_c20140717000905445784_noaa_ops.h5,GDNBO_npp_d20140716_t1803247_e1809051_b14079_c20140717000905445471_noaa_ops.h5,SVI04_npp_d20140716_t1803247_e1809051_b14079_c20140717000905432367_noaa_ops.dspace_rad,VNFF_npp_d20140716_t1803247_e1809051_b14079_v21.csv,World_EEZ_v8_2014.shp,WPP_BFAR_merge.shp,KKP_IDN_merge_20161208.shp,VNF-VBD_npp_20120301-20151231_global_asia-enhanced_c201607211230.bitmask,NCEI_NGA.union.nga_lead2.add_2015ntl.mask,timezone.shp,VBD_platforms-recurring_2015_r20170330.shp,999999,VBD_bridges_c20160811.shp,2.701723;0.592520;-1.537733;-6.424739;-11.321091;-16.224911;-21.132078;-19.454973;-16.614069;-11.826628;-7.007390;-2.161976,98.595314;112.244095;125.823792;124.798187;123.864281;123.023224;122.264351;107.621338;93.259468;94.789581;96.172417;97.426979,npp_d20140716_t1803247_e1809051_b14079,152.288,48.7739,9.5152,-81.496,36.2261,84.9518
880,VBD_npp_d20140716_t1804398_x1123469E_y040733S_l0688_s2198_v23,2017-05-23 13:08:46,-4.073304,112.346909,5.27812,2014-07-16 18:04:39,2014-07-17 01:04:39,688,2198,0.415658,1,2273,0.275584,0.212261,0.895629,0.4,0.7616,0.75,0.0453357,0.0001,0.0105344,999999,3.461745e-02,3,Indonesian Exclusive Economic Zone,WPP712,,SVDNB_npp_d20140716_t1803247_e1809051_b14079_c20140717000905445784_noaa_ops.h5,GDNBO_npp_d20140716_t1803247_e1809051_b14079_c20140717000905445471_noaa_ops.h5,SVI04_npp_d20140716_t1803247_e1809051_b14079_c20140717000905432367_noaa_ops.dspace_rad,VNFF_npp_d20140716_t1803247_e1809051_b14079_v21.csv,World_EEZ_v8_2014.shp,WPP_BFAR_merge.shp,KKP_IDN_merge_20161208.shp,VNF-VBD_npp_20120301-20151231_global_asia-enhanced_c201607211230.bitmask,NCEI_NGA.union.nga_lead2.add_2015ntl.mask,timezone.shp,VBD_platforms-recurring_2015_r20170330.shp,999999,VBD_bridges_c20160811.shp,2.701723;0.592520;-1.537733;-6.424739;-11.321091;-16.224911;-21.132078;-19.454973;-16.614069;-11.826628;-7.007390;-2.161976,98.595314;112.244095;125.823792;124.798187;123.864281;123.023224;122.264351;107.621338;93.259468;94.789581;96.172417;97.426979,npp_d20140716_t1803247_e1809051_b14079,152.577,49.2465,9.52453,-78.3468,36.32,84.4442
881,VBD_npp_d20140716_t1805100_x1119693E_y057645S_l0947_s2199_v23,2017-05-23 13:08:46,-5.764544,111.969322,3.83275,2014-07-16 18:05:10,2014-07-17 01:05:10,947,2199,0.421569,1,2273,0.253282,0.244492,0.782497,0.4,0.812419,0.75,0.0449132,0.0001,0.0102611,999999,-1.828358e-01,3,Indonesian Exclusive Economic Zone,WPP712,,SVDNB_npp_d20140716_t1803247_e1809051_b14079_c20140717000905445784_noaa_ops.h5,GDNBO_npp_d20140716_t1803247_e1809051_b14079_c20140717000905445471_noaa_ops.h5,SVI04_npp_d20140716_t1803247_e1809051_b14079_c20140717000905432367_noaa_ops.dspace_rad,VNFF_npp_d20140716_t1803247_e1809051_b14079_v21.csv,World_EEZ_v8_2014.shp,WPP_BFAR_merge.shp,KKP_IDN_merge_20161208.shp,VNF-VBD_npp_20120301-20151231_global_asia-enhanced_c201607211230.bitmask,NCEI_NGA.union.nga_lead2.add_2015ntl.mask,timezone.shp,VBD_platforms-recurring_2015_r20170330.shp,999999,VBD_bridges_c20160811.shp,2.701723;0.592520;-1.537733;-6.424739;-11.321091;-16.224911;-21.132078;-19.454973;-16.614069;-11.826628;-7.007390;-2.161976,98.595314;112.244095;125.823792;124.798187;123.864281;123.023224;122.264351;107.621338;93.259468;94.789581;96.172417;97.426979,npp_d20140716_t1803247_e1809051_b14079,153.849,51.5326,9.57653,-82.8942,36.7768,82.1887
882,VBD_npp_d20140716_t1804398_x1123615E_y040688S_l0687_s2200_v23,2017-05-23 13:08:46,-4.068758,112.361519,22.0348,2014-07-16 18:04:39,2014-07-17 01:04:39,687,2200,0.423171,1,2529,0.733243,0.204529,0.912961,0.4,0.935371,0.75,0.0453468,0.0001,0.0107024,999999,8.677816e-02,3,Indonesian Exclusive Economic Zone,WPP712,,SVDNB_npp_d20140716_t1803247_e1809051_b14079_c20140717000905445784_noaa_ops.h5,GDNBO_npp_d20140716_t1803247_e1809051_b14079_c20140717000905445471_noaa_ops.h5,SVI04_npp_d20140716_t1803247_e1809051_b14079_c20140717000905432367_noaa_ops.dspace_rad,VNFF_npp_d20140716_t1803247_e1809051_b14079_v21.csv,World_EEZ_v8_2014.shp,WPP_BFAR_merge.shp,KKP_IDN_merge_20161208.shp,VNF-VBD_npp_20120301-20151231_global_asia-enhanced_c201607211230.bitmask,NCEI_NGA.union.nga_lead2.add_2015ntl.mask,timezone.shp,VBD_platforms-recurring_2015_r20170330.shp,999999,VBD_bridges_c20160811.shp,2.701723;0.592520;-1.537733;-6.424739;-11.321091;-16.224911;-21.132078;-19.454973;-16.614069;-11.826628;-7.007390;-2.161976,98.595314;112.244095;125.823792;124.798187;123.864281;123.023224;122.264351;107.621338;93.259468;94.789581;96.172417;97.426979,npp_d20140716_t1803247_e1809051_b14079,152.563,49.2572,9.63804,-78.7271,36.3048,84.4475
883,VBD_npp_d20140716_t1804415_x1123489E_y041063S_l0693_s2200_v23,2017-05-23 13:08:46,-4.106250,112.348862,12.361,2014-07-16 18:04:41,2014-07-17 01:04:41,693,2200,0.421901,1,2529,0.567459,0.197121,0.891866,0.4,0.885798,0.75,0.0453378,0.0001,0.0109327,999999,1.367587e-01,3,Indonesian Exclusive Economic Zone,WPP712,,SVDNB_npp_d20140716_t1803247_e1809051_b14079_c20140717000905445784_noaa_ops.h5,GDNBO_npp_d20140716_t1803247_e1809051_b14079_c20140717000905445471_noaa_ops.h5,SVI04_npp_d20140716_t1803247_e1809051_b14079_c20140717000905432367_noaa_ops.dspace_rad,VNFF_npp_d20140716_t1803247_e1809051_b14079_v21.csv,World_EEZ_v8_2014.shp,WPP_BFAR_merge.shp,KKP_IDN_merge_20161208.shp,VNF-VBD_npp_20120301-20151231_global_asia-enhanced_c201607211230.bitmask,NCEI_NGA.union.nga_lead2.add_2015ntl.mask,timezone.shp,VBD_platforms-recurring_2015_r20170330.shp,999999,VBD_bridges_c20160811.shp,2.701723;0.592520;-1.537733;-6.424739;-11.321091;-16.224911;-21.132078;-19.454973;-16.614069;-11.826628;-7.007390;-2.161976,98.595314;112.244095;125.823792;124.798187;123.864281;123.023224;122.264351;107.621338;93.259468;94.789581;96.172417;97.426979,npp_d20140716_t1803247_e1809051_b14079,152.591,49.3057,9.63392,-82.1846,36.3141,84.3966
884,VBD_npp_d20140716_t1805082_x1119993E_y056612S_l0931_s2200_v23,2017-05-23 13:08:46,-5.661242,111.999290,7.82795,2014-07-16 18:05:08,2014-07-17 01:05:08,931,2200,0.415658,1,2529,0.435034,0.215158,0.835558,0.4,0.865181,0.75,0.0449459,0.0001,0.0103689,999999,1.506661e-02,3,Indonesian Exclusive Economic Zone,WPP712,,SVDNB_npp_d20140716_t1803247_e1809051_b14079_c20140717000905445784_noaa_ops.h5,GDNBO_npp_d20140716_t1803247_e1809051_b14079_c20140717000905445471_noaa_ops.h5,SVI04_npp_d20140716_t1803247_e1809051_b14079_c20140717000905432367_noaa_ops.dspace_rad,VNFF_npp_d20140716_t1803247_e1809051_b14079_v21.csv,World_EEZ_v8_2014.shp,WPP_BFAR_merge.shp,KKP_IDN_merge_20161208.shp,VNF-VBD_npp_20120301-20151231_global_asia-enhanced_c201607211230.bitmask,NCEI_NGA.union.nga_lead2.add_2015ntl.mask,timezone.shp,VBD_platforms-recurring_2015_r20170330.shp,999999,VBD_bridges_c20160811.shp,2.701723;0.592520;-1.537733;-6.424739;-11.321091;-16.224911;-21.132078;-19.454973;-16.614069;-11.826628;-7.007390;-2.161976,98.595314;112.244095;125.823792;124.798187;123.864281;123.023224;122.264351;107.621338;93.259468;94.789581;96.172417;97.426979,npp_d20140716_t1803247_e1809051_b14079,153.767,51.3946,9.6326,-82.8736,36.7399,82.3224
885,VBD_npp_d20140716_t1805118_x1119412E_y059440S_l0974_s2200_v23,2017-05-23 13:08:46,-5.943996,111.941223,5.95422,2014-07-16 18:05:11,2014-07-17 01:05:11,974,2200,0.417039,8,18913,0.34134,0.233158,0.844331,0.4,0.818386,0.75,0.044871,0.0001,0.00996542,999999,-1.063673e-01,3,Indonesian Exclusive Economic Zone,WPP712,,SVDNB_npp_d20140716_t1803247_e1809051_b14079_c20140717000905445784_noaa_ops.h5,GDNBO_npp_d20140716_t1803247_e1809051_b14079_c20140717000905445471_noaa_ops.h5,SVI04_npp_d20140716_t1803247_e1809051_b14079_c20140717000905432367_noaa_ops.dspace_rad,VNFF_npp_d20140716_t1803247_e1809051_b14079_v21.csv,World_EEZ_v8_2014.shp,WPP_BFAR_merge.shp,KKP_IDN_merge_20161208.shp,VNF-VBD_npp_20120301-20151231_global_asia-enhanced_c201607211230.bitmask,NCEI_NGA.union.nga_lead2.add_2015ntl.mask,timezone.shp,VBD_platforms-recurring_2015_r20170330.shp,0.459673,VBD_bridges_c20160811.shp,2.701723;0.592520;-1.537733;-6.424739;-11.321091;-16.224911;-21.132078;-19.454973;-16.614069;-11.826628;-7.007390;-2.161976,98.595314;112.244095;125.823792;124.798187;123.864281;123.023224;122.264351;107.621338;93.259468;94.789581;96.172417;97.426979,npp_d20140716_t1803247_e1809051_b14079,153.976,51.7962,9.63647,-79.0827,36.8229,81.9518
886,VBD_npp_d20140716_t1804398_x1123735E_y040364S_l0682_s2201_v23,2017-05-23 13:08:46,-4.036364,112.373528,15.6358,2014-07-16 18:04:39,2014-07-17 01:04:39,682,2201,0.409195,1,2529,0.602647,0.222555,0.907589,0.4,0.892861,0.75,0.0453592,0.0001,0.0109089,999999,-3.483242e-02,3,Indonesian Exclusive Economic Zone,WPP712,,SVDNB_npp_d20140716_t1803247_e1809051_b14079_c20140717000905445784_noaa_ops.h5,GDNBO_npp_d20140716_t1803247_e1809051_b14079_c20140717000905445471_noaa_ops.h5,SVI04_npp_d20140716_t1803247_e1809051_b14079_c20140717000905432367_noaa_ops.dspace_rad,VNFF_npp_d20140716_t1803247_e1809051_b14079_v21.csv,World_EEZ_v8_2014.shp,WPP_BFAR_merge.shp,KKP_IDN_merge_20161208.shp,VNF-VBD_npp_20120301-20151231_global_asia-enhanced_c201607211230.bitmask,NCEI_NGA.union.nga_lead2.add_2015ntl.mask,timezone.shp,VBD_platforms-recurring_2015_r20170330.shp,999999,VBD_bridges_c20160811.shp,2.701723;0.592520;-1.537733;-6.424739;-11.321091;-16.224911;-21.132078;-19.454973;-16.614069;-11.826628;-7.007390;-2.161976,98.595314;112.244095;125.823792;124.798187;123.864281;123.023224;122.264351;107.621338;93.259468;94.789581;96.172417;97.426979,npp_d20140716_t1803247_e1809051_b14079,152.533,49.2242,9.68861,-80.4558,36.2895,84.4899
887,VBD_npp_d20140716_t1805082_x1120030E_y056824S_l0934_s2201_v23,2017-05-23 13:08:46,-5.682385,112.002953,8.26404,2014-07-16 18:05:08,2014-07-17 01:05:08,934,2201,0.41378,1,2529,0.455781,0.212955,0.835558,0.4,0.886023,0.75,0.0449455,0.0001,0.010352,999999,2.993253e-02,3,Indonesian Exclusive Economic Zone,WPP712,,SVDNB_npp_d20140716_t1803247_e1809051_b14079_c20140717000905445784_noaa_ops.h5,GDNBO_npp_d20140716_t1803247_e1809051_b14079_c20140717000905445471_noaa_ops.h5,SVI04_npp_d20140716_t1803247_e1809051_b14079_c20140717000905432367_noaa_ops.dspace_rad,VNFF_npp_d20140716_t1803247_e1809051_b14079_v21.csv,World_EEZ_v8_2014.shp,WPP_BFAR_merge.shp,KKP_IDN_merge_20161208.shp,VNF-VBD_npp_20120301-20151231_global_asia-enhanced_c201607211230.bitmask,NCEI_NGA.union.nga_lead2.add_2015ntl.mask,timezone.shp,VBD_platforms-recurring_2015_r20170330.shp,999999,VBD_bridges_c20160811.shp,2.701723;0.592520;-1.537733;-6.424739;-11.321091;-16.224911;-21.132078;-19.454973;-16.614069;-11.826628;-7.007390;-2.161976,98.595314;112.244095;125.823792;124.798187;123.864281;123.023224;122.264351;107.621338;93.259468;94.789581;96.172417;97.426979,npp_d20140716_t1803247_e1809051_b14079,153.777,51.4324,9.68693,-81.8363,36.7391,82.2927
888,VBD_npp_d20140716_t1805118_x1119459E_y059585S_l0976_s2201_v23,2017-05-23 13:08:46,-5.958458,111.945938,8.24364,2014-07-16 18:05:11,2014-07-17 01:05:11,976,2201,0.419525,1,2529,0.434288,0.211001,0.817364,0.4,0.866304,0.75,0.0448724,0.0001,0.0099715,999999,4.311279e-02,3,Indonesian Exclusive Economic Zone,WPP712,,SVDNB_npp_d20140716_t1803247_e1809051_b14079_c20140717000905445784_noaa_ops.h5,GDNBO_npp_d20140716_t1803247_e1809051_b14079_c20140717000905445471_noaa_ops.h5,SVI04_npp_d20140716_t1803247_e1809051_b14079_c20140717000905432367_noaa_ops.dspace_rad,VNFF_npp_d20140716_t1803247_e1809051_b14079_v21.csv,World_EEZ_v8_2014.shp,WPP_BFAR_merge.shp,KKP_IDN_merge_20161208.shp,VNF-VBD_npp_20120301-20151231_global_asia-enhanced_c201607211230.bitmask,NCEI_NGA.union.nga_lead2.add_2015ntl.mask,timezone.shp,VBD_platforms-recurring_2015_r20170330.shp,999999,VBD_bridges_c20160811.shp,2.701723;0.592520;-1.537733;-6.424739;-11.321091;-16.224911;-21.132078;-19.454973;-16.614069;-11.826628;-7.007390;-2.161976,98.595314;112.244095;125.823792;124.798187;123.864281;123.023224;122.264351;107.621338;93.259468;94.789581;96.172417;97.426979,npp_d20140716_t1803247_e1809051_b14079,153.981,51.8249,9.69924,-78.411,36.8202,81.9309
889,VBD_npp_d20140716_t1805171_x1118777E_y062585S_l1022_s2201_v23,2017-05-23 13:08:46,-6.258479,111.877708,9.04074,2014-07-16 18:05:17,2014-07-17 01:05:17,1022,2201,0.420078,8,18913,0.495298,0.278644,0.71771,0.4,0.898939,0.75,0.0448386,0.0001,0.00989715,999999,-4.132500e-01,3,Indonesian Exclusive Economic Zone,WPP712,,SVDNB_npp_d20140716_t1803247_e1809051_b14079_c20140717000905445784_noaa_ops.h5,GDNBO_npp_d20140716_t1803247_e1809051_b14079_c20140717000905445471_noaa_ops.h5,SVI04_npp_d20140716_t1803247_e1809051_b14079_c20140717000905432367_noaa_ops.dspace_rad,VNFF_npp_d20140716_t1803247_e1809051_b14079_v21.csv,World_EEZ_v8_2014.shp,WPP_BFAR_merge.shp,KKP_IDN_merge_20161208.shp,VNF-VBD_npp_20120301-20151231_global_asia-enhanced_c201607211230.bitmask,NCEI_NGA.union.nga_lead2.add_2015ntl.mask,timezone.shp,VBD_platforms-recurring_2015_r20170330.shp,0.162009,VBD_bridges_c20160811.shp,2.701723;0.592520;-1.537733;-6.424739;-11.321091;-16.224911;-21.132078;-19.454973;-16.614069;-11.826628;-7.007390;-2.161976,98.595314;112.244095;125.823792;124.798187;123.864281;123.023224;122.264351;107.621338;93.259468;94.789581;96.172417;97.426979,npp_d20140716_t1803247_e1809051_b14079,154.202,52.2589,9.69384,-79.1076,36.9106,81.5399
890,VBD_npp_d20140716_t1804380_x1124099E_y038925S_l0660_s2202_v23,2017-05-23 13:08:46,-3.892468,112.409920,4.49262,2014-07-16 18:04:38,2014-07-17 01:04:38,660,2202,0.42063,1,2529,0.29425,0.227875,0.808337,0.4,0.822051,0.75,0.0453972,0.0001,0.0111784,999999,-7.072943e-02,3,Indonesian Exclusive Economic Zone,WPP712,,SVDNB_npp_d20140716_t1803247_e1809051_b14079_c20140717000905445784_noaa_ops.h5,GDNBO_npp_d20140716_t1803247_e1809051_b14079_c20140717000905445471_noaa_ops.h5,SVI04_npp_d20140716_t1803247_e1809051_b14079_c20140717000905432367_noaa_ops.dspace_rad,VNFF_npp_d20140716_t1803247_e1809051_b14079_v21.csv,World_EEZ_v8_2014.shp,WPP_BFAR_merge.shp,KKP_IDN_merge_20161208.shp,VNF-VBD_npp_20120301-20151231_global_asia-enhanced_c201607211230.bitmask,NCEI_NGA.union.nga_lead2.add_2015ntl.mask,timezone.shp,VBD_platforms-recurring_2015_r20170330.shp,999999,VBD_bridges_c20160811.shp,2.701723;0.592520;-1.537733;-6.424739;-11.321091;-16.224911;-21.132078;-19.454973;-16.614069;-11.826628;-7.007390;-2.161976,98.595314;112.244095;125.823792;124.798187;123.864281;123.023224;122.264351;107.621338;93.259468;94.789581;96.172417;97.426979,npp_d20140716_t1803247_e1809051_b14079,152.417,49.0496,9.74812,-82.5158,36.2463,84.6837
891,VBD_npp_d20140716_t1804380_x1124016E_y039460S_l0668_s2202_v23,2017-05-23 13:08:46,-3.946017,112.401558,18.9252,2014-07-16 18:04:38,2014-07-17 01:04:38,668,2202,0.41157,1,2529,0.675215,0.245107,0.865412,0.4,0.899498,0.75,0.0453852,0.0001,0.010967,999999,-1.869831e-01,3,Indonesian Exclusive Economic Zone,WPP712,,SVDNB_npp_d20140716_t1803247_e1809051_b14079_c20140717000905445784_noaa_ops.h5,GDNBO_npp_d20140716_t1803247_e1809051_b14079_c20140717000905445471_noaa_ops.h5,SVI04_npp_d20140716_t1803247_e1809051_b14079_c20140717000905432367_noaa_ops.dspace_rad,VNFF_npp_d20140716_t1803247_e1809051_b14079_v21.csv,World_EEZ_v8_2014.shp,WPP_BFAR_merge.shp,KKP_IDN_merge_20161208.shp,VNF-VBD_npp_20120301-20151231_global_asia-enhanced_c201607211230.bitmask,NCEI_NGA.union.nga_lead2.add_2015ntl.mask,timezone.shp,VBD_platforms-recurring_2015_r20170330.shp,999999,VBD_bridges_c20160811.shp,2.701723;0.592520;-1.537733;-6.424739;-11.321091;-16.224911;-21.132078;-19.454973;-16.614069;-11.826628;-7.007390;-2.161976,98.595314;112.244095;125.823792;124.798187;123.864281;123.023224;122.264351;107.621338;93.259468;94.789581;96.172417;97.426979,npp_d20140716_t1803247_e1809051_b14079,152.458,49.1173,9.74763,-79.7901,36.2598,84.6111
892,VBD_npp_d20140716_t1804398_x1123814E_y040307S_l0681_s2202_v23,2017-05-23 13:08:46,-4.030737,112.381371,10.158,2014-07-16 18:04:39,2014-07-17 01:04:39,681,2202,0.422453,1,2529,0.48438,0.239804,0.907589,0.4,0.883557,0.75,0.0453655,0.0001,0.0110078,999999,-1.512072e-01,3,Indonesian Exclusive Economic Zone,WPP712,,SVDNB_npp_d20140716_t1803247_e1809051_b14079_c20140717000905445784_noaa_ops.h5,GDNBO_npp_d20140716_t1803247_e1809051_b14079_c20140717000905445471_noaa_ops.h5,SVI04_npp_d20140716_t1803247_e1809051_b14079_c20140717000905432367_noaa_ops.dspace_rad,VNFF_npp_d20140716_t1803247_e1809051_b14079_v21.csv,World_EEZ_v8_2014.shp,WPP_BFAR_merge.shp,KKP_IDN_merge_20161208.shp,VNF-VBD_npp_20120301-20151231_global_asia-enhanced_c201607211230.bitmask,NCEI_NGA.union.nga_lead2.add_2015ntl.mask,timezone.shp,VBD_platforms-recurring_2015_r20170330.shp,999999,VBD_bridges_c20160811.shp,2.701723;0.592520;-1.537733;-6.424739;-11.321091;-16.224911;-21.132078;-19.454973;-16.614069;-11.826628;-7.007390;-2.161976,98.595314;112.244095;125.823792;124.798187;123.864281;123.023224;122.264351;107.621338;93.259468;94.789581;96.172417;97.426979,npp_d20140716_t1803247_e1809051_b14079,152.523,49.2252,9.74625,-80.8017,36.2811,84.4961
893,VBD_npp_d20140716_t1804415_x1123645E_y040950S_l0691_s2202_v23,2017-05-23 13:08:46,-4.094986,112.364532,3.69618,2014-07-16 18:04:41,2014-07-17 01:04:41,691,2202,0.423724,8,18657,0.224414,0.201628,0.891866,0.4,0.755789,0.75,0.0453504,0.0001,0.0111304,999999,1.063534e-01,3,Indonesian Exclusive Economic Zone,WPP712,,SVDNB_npp_d20140716_t1803247_e1809051_b14079_c20140717000905445784_noaa_ops.h5,GDNBO_npp_d20140716_t1803247_e1809051_b14079_c20140717000905445471_noaa_ops.h5,SVI04_npp_d20140716_t1803247_e1809051_b14079_c20140717000905432367_noaa_ops.dspace_rad,VNFF_npp_d20140716_t1803247_e1809051_b14079_v21.csv,World_EEZ_v8_2014.shp,WPP_BFAR_merge.shp,KKP_IDN_merge_20161208.shp,VNF-VBD_npp_20120301-20151231_global_asia-enhanced_c201607211230.bitmask,NCEI_NGA.union.nga_lead2.add_2015ntl.mask,timezone.shp,VBD_platforms-recurring_2015_r20170330.shp,0.705178,VBD_bridges_c20160811.shp,2.701723;0.592520;-1.537733;-6.424739;-11.321091;-16.224911;-21.132078;-19.454973;-16.614069;-11.826628;-7.007390;-2.161976,98.595314;112.244095;125.823792;124.798187;123.864281;123.023224;122.264351;107.621338;93.259468;94.789581;96.172417;97.426979,npp_d20140716_t1803247_e1809051_b14079,152.572,49.3078,9.75295,-82.8557,36.2972,84.4089
894,VBD_npp_d20140716_t1804451_x1123184E_y042974S_l0722_s2202_v23,2017-05-23 13:08:46,-4.297371,112.318413,13.7598,2014-07-16 18:04:45,2014-07-17 01:04:45,722,2202,0.415548,1,2529,0.604238,0.230468,0.795514,0.4,0.921994,0.75,0.0453014,0.0001,0.0110739,999999,-8.822500e-02,3,Indonesian Exclusive Economic Zone,WPP712,,SVDNB_npp_d20140716_t1803247_e1809051_b14079_c20140717000905445784_noaa_ops.h5,GDNBO_npp_d20140716_t1803247_e1809051_b14079_c20140717000905445471_noaa_ops.h5,SVI04_npp_d20140716_t1803247_e1809051_b14079_c20140717000905432367_noaa_ops.dspace_rad,VNFF_npp_d20140716_t1803247_e1809051_b14079_v21.csv,World_EEZ_v8_2014.shp,WPP_BFAR_merge.shp,KKP_IDN_merge_20161208.shp,VNF-VBD_npp_20120301-20151231_global_asia-enhanced_c201607211230.bitmask,NCEI_NGA.union.nga_lead2.add_2015ntl.mask,timezone.shp,VBD_platforms-recurring_2015_r20170330.shp,999999,VBD_bridges_c20160811.shp,2.701723;0.592520;-1.537733;-6.424739;-11.321091;-16.224911;-21.132078;-19.454973;-16.614069;-11.826628;-7.007390;-2.161976,98.595314;112.244095;125.823792;124.798187;123.864281;123.023224;122.264351;107.621338;93.259468;94.789581;96.172417;97.426979,npp_d20140716_t1803247_e1809051_b14079,152.727,49.5681,9.75177,-83.197,36.3497,84.1355
895,VBD_npp_d20140716_t1805118_x1119611E_y059060S_l0968_s2202_v23,2017-05-23 13:08:46,-5.905956,111.961128,17.0926,2014-07-16 18:05:11,2014-07-17 01:05:11,968,2202,0.418531,1,2529,0.585642,0.215964,0.8444,0.4,0.897892,0.75,0.0448911,0.0001,0.0102777,999999,9.631440e-03,3,Indonesian Exclusive Economic Zone,WPP712,,SVDNB_npp_d20140716_t1803247_e1809051_b14079_c20140717000905445784_noaa_ops.h5,GDNBO_npp_d20140716_t1803247_e1809051_b14079_c20140717000905445471_noaa_ops.h5,SVI04_npp_d20140716_t1803247_e1809051_b14079_c20140717000905432367_noaa_ops.dspace_rad,VNFF_npp_d20140716_t1803247_e1809051_b14079_v21.csv,World_EEZ_v8_2014.shp,WPP_BFAR_merge.shp,KKP_IDN_merge_20161208.shp,VNF-VBD_npp_20120301-20151231_global_asia-enhanced_c201607211230.bitmask,NCEI_NGA.union.nga_lead2.add_2015ntl.mask,timezone.shp,VBD_platforms-recurring_2015_r20170330.shp,999999,VBD_bridges_c20160811.shp,2.701723;0.592520;-1.537733;-6.424739;-11.321091;-16.224911;-21.132078;-19.454973;-16.614069;-11.826628;-7.007390;-2.161976,98.595314;112.244095;125.823792;124.798187;123.864281;123.023224;122.264351;107.621338;93.259468;94.789581;96.172417;97.426979,npp_d20140716_t1803247_e1809051_b14079,153.937,51.758,9.74679,-81.1539,36.7976,81.9974
896,VBD_npp_d20140716_t1804344_x1124596E_y037112S_l0632_s2203_v23,2017-05-23 13:08:46,-3.711235,112.459587,28.6121,2014-07-16 18:04:34,2014-07-17 01:04:34,632,2203,0.331631,1,2529,0.430309,0.200588,0.730884,0.4,0.766413,0.75,0.0454444,0.0001,0.0112286,999999,1.133684e-01,3,Indonesian Exclusive Economic Zone,WPP712,,SVDNB_npp_d20140716_t1803247_e1809051_b14079_c20140717000905445784_noaa_ops.h5,GDNBO_npp_d20140716_t1803247_e1809051_b14079_c20140717000905445471_noaa_ops.h5,SVI04_npp_d20140716_t1803247_e1809051_b14079_c20140717000905432367_noaa_ops.dspace_rad,VNFF_npp_d20140716_t1803247_e1809051_b14079_v21.csv,World_EEZ_v8_2014.shp,WPP_BFAR_merge.shp,KKP_IDN_merge_20161208.shp,VNF-VBD_npp_20120301-20151231_global_asia-enhanced_c201607211230.bitmask,NCEI_NGA.union.nga_lead2.add_2015ntl.mask,timezone.shp,VBD_platforms-recurring_2015_r20170330.shp,999999,VBD_bridges_c20160811.shp,2.701723;0.592520;-1.537733;-6.424739;-11.321091;-16.224911;-21.132078;-19.454973;-16.614069;-11.826628;-7.007390;-2.161976,98.595314;112.244095;125.823792;124.798187;123.864281;123.023224;122.264351;107.621338;93.259468;94.789581;96.172417;97.426979,npp_d20140716_t1803247_e1809051_b14079,152.271,48.8301,9.80545,-81.1521,36.194,84.929
897,VBD_npp_d20140716_t1804415_x1123724E_y040894S_l0690_s2203_v23,2017-05-23 13:08:46,-4.089352,112.372383,4.37642,2014-07-16 18:04:41,2014-07-17 01:04:41,690,2203,0.417481,8,18657,0.253987,0.212146,0.901389,0.4,0.773416,0.75,0.0453568,0.0001,0.01123,999999,3.539177e-02,3,Indonesian Exclusive Economic Zone,WPP712,,SVDNB_npp_d20140716_t1803247_e1809051_b14079_c20140717000905445784_noaa_ops.h5,GDNBO_npp_d20140716_t1803247_e1809051_b14079_c20140717000905445471_noaa_ops.h5,SVI04_npp_d20140716_t1803247_e1809051_b14079_c20140717000905432367_noaa_ops.dspace_rad,VNFF_npp_d20140716_t1803247_e1809051_b14079_v21.csv,World_EEZ_v8_2014.shp,WPP_BFAR_merge.shp,KKP_IDN_merge_20161208.shp,VNF-VBD_npp_20120301-20151231_global_asia-enhanced_c201607211230.bitmask,NCEI_NGA.union.nga_lead2.add_2015ntl.mask,timezone.shp,VBD_platforms-recurring_2015_r20170330.shp,0.740986,VBD_bridges_c20160811.shp,2.701723;0.592520;-1.537733;-6.424739;-11.321091;-16.224911;-21.132078;-19.454973;-16.614069;-11.826628;-7.007390;-2.161976,98.595314;112.244095;125.823792;124.798187;123.864281;123.023224;122.264351;107.621338;93.259468;94.789581;96.172417;97.426979,npp_d20140716_t1803247_e1809051_b14079,152.563,49.3088,9.81296,-83.1854,36.2887,84.4151
898,VBD_npp_d20140716_t1805118_x1119711E_y058869S_l0965_s2203_v23,2017-05-23 13:08:46,-5.886928,111.971092,11.8101,2014-07-16 18:05:11,2014-07-17 01:05:11,965,2203,0.411073,1,2529,0.434604,0.215407,0.834717,0.4,0.817185,0.75,0.0449012,0.0001,0.0104345,999999,1.338842e-02,3,Indonesian Exclusive Economic Zone,WPP712,,SVDNB_npp_d20140716_t1803247_e1809051_b14079_c20140717000905445784_noaa_ops.h5,GDNBO_npp_d20140716_t1803247_e1809051_b14079_c20140717000905445471_noaa_ops.h5,SVI04_npp_d20140716_t1803247_e1809051_b14079_c20140717000905432367_noaa_ops.dspace_rad,VNFF_npp_d20140716_t1803247_e1809051_b14079_v21.csv,World_EEZ_v8_2014.shp,WPP_BFAR_merge.shp,KKP_IDN_merge_20161208.shp,VNF-VBD_npp_20120301-20151231_global_asia-enhanced_c201607211230.bitmask,NCEI_NGA.union.nga_lead2.add_2015ntl.mask,timezone.shp,VBD_platforms-recurring_2015_r20170330.shp,999999,VBD_bridges_c20160811.shp,2.701723;0.592520;-1.537733;-6.424739;-11.321091;-16.224911;-21.132078;-19.454973;-16.614069;-11.826628;-7.007390;-2.161976,98.595314;112.244095;125.823792;124.798187;123.864281;123.023224;122.264351;107.621338;93.259468;94.789581;96.172417;97.426979,npp_d20140716_t1803247_e1809051_b14079,153.917,51.739,9.80657,-82.1714,36.7849,82.0202
899,VBD_npp_d20140716_t1804451_x1123320E_y042995S_l0722_s2204_v23,2017-05-23 13:08:46,-4.299489,112.332001,11.101,2014-07-16 18:04:45,2014-07-17 01:04:45,722,2204,0.420851,1,2529,0.53025,0.228419,0.798386,0.4,0.894355,0.75,0.0453111,0.0001,0.0112204,999999,-7.439883e-02,3,Indonesian Exclusive Economic Zone,WPP712,,SVDNB_npp_d20140716_t1803247_e1809051_b14079_c20140717000905445784_noaa_ops.h5,GDNBO_npp_d20140716_t1803247_e1809051_b14079_c20140717000905445471_noaa_ops.h5,SVI04_npp_d20140716_t1803247_e1809051_b14079_c20140717000905432367_noaa_ops.dspace_rad,VNFF_npp_d20140716_t1803247_e1809051_b14079_v21.csv,World_EEZ_v8_2014.shp,WPP_BFAR_merge.shp,KKP_IDN_merge_20161208.shp,VNF-VBD_npp_20120301-20151231_global_asia-enhanced_c201607211230.bitmask,NCEI_NGA.union.nga_lead2.add_2015ntl.mask,timezone.shp,VBD_platforms-recurring_2015_r20170330.shp,999999,VBD_bridges_c20160811.shp,2.701723;0.592520;-1.537733;-6.424739;-11.321091;-16.224911;-21.132078;-19.454973;-16.614069;-11.826628;-7.007390;-2.161976,98.595314;112.244095;125.823792;124.798187;123.864281;123.023224;122.264351;107.621338;93.259468;94.789581;96.172417;97.426979,npp_d20140716_t1803247_e1809051_b14079,152.719,49.5873,9.8679,-83.1754,36.3362,84.1296
900,VBD_npp_d20140716_t1804540_x1122013E_y049095S_l0815_s2204_v23,2017-05-23 13:08:46,-4.909485,112.201317,9.23983,2014-07-16 18:04:54,2014-07-17 01:04:54,815,2204,0.411404,1,2529,0.517462,0.248529,0.852885,0.4,0.923435,0.75,0.0451616,0.0001,0.0106455,999999,-2.100740e-01,3,Indonesian Exclusive Economic Zone,WPP712,,SVDNB_npp_d20140716_t1803247_e1809051_b14079_c20140717000905445784_noaa_ops.h5,GDNBO_npp_d20140716_t1803247_e1809051_b14079_c20140717000905445471_noaa_ops.h5,SVI04_npp_d20140716_t1803247_e1809051_b14079_c20140717000905432367_noaa_ops.dspace_rad,VNFF_npp_d20140716_t1803247_e1809051_b14079_v21.csv,World_EEZ_v8_2014.shp,WPP_BFAR_merge.shp,KKP_IDN_merge_20161208.shp,VNF-VBD_npp_20120301-20151231_global_asia-enhanced_c201607211230.bitmask,NCEI_NGA.union.nga_lead2.add_2015ntl.mask,timezone.shp,VBD_platforms-recurring_2015_r20170330.shp,999999,VBD_bridges_c20160811.shp,2.701723;0.592520;-1.537733;-6.424739;-11.321091;-16.224911;-21.132078;-19.454973;-16.614069;-11.826628;-7.007390;-2.161976,98.595314;112.244095;125.823792;124.798187;123.864281;123.023224;122.264351;107.621338;93.259468;94.789581;96.172417;97.426979,npp_d20140716_t1803247_e1809051_b14079,153.182,50.3923,9.86897,-78.7921,36.4993,83.311
901,VBD_npp_d20140716_t1804344_x1124764E_y036933S_l0629_s2205_v23,2017-05-23 13:08:46,-3.693286,112.476379,15.1817,2014-07-16 18:04:34,2014-07-17 01:04:34,629,2205,0.417592,7,2465,0.28462,0.253612,0.754308,0.4,0.621064,0.75,0.0454585,0.0001,0.0114556,999999,-2.443649e-01,3,,,,SVDNB_npp_d20140716_t1803247_e1809051_b14079_c20140717000905445784_noaa_ops.h5,GDNBO_npp_d20140716_t1803247_e1809051_b14079_c20140717000905445471_noaa_ops.h5,SVI04_npp_d20140716_t1803247_e1809051_b14079_c20140717000905432367_noaa_ops.dspace_rad,VNFF_npp_d20140716_t1803247_e1809051_b14079_v21.csv,World_EEZ_v8_2014.shp,WPP_BFAR_merge.shp,KKP_IDN_merge_20161208.shp,VNF-VBD_npp_20120301-20151231_global_asia-enhanced_c201607211230.bitmask,NCEI_NGA.union.nga_lead2.add_2015ntl.mask,timezone.shp,VBD_platforms-recurring_2015_r20170330.shp,999999,VBD_bridges_c20160811.shp,2.701723;0.592520;-1.537733;-6.424739;-11.321091;-16.224911;-21.132078;-19.454973;-16.614069;-11.826628;-7.007390;-2.161976,98.595314;112.244095;125.823792;124.798187;123.864281;123.023224;122.264351;107.621338;93.259468;94.789581;96.172417;97.426979,npp_d20140716_t1803247_e1809051_b14079,152.247,48.8242,9.92337,-82.1582,36.1755,84.9508
902,VBD_npp_d20140716_t1805118_x1119774E_y059359S_l0972_s2205_v23,2017-05-23 13:08:46,-5.935950,111.977402,8.765,2014-07-16 18:05:11,2014-07-17 01:05:11,972,2205,0.40936,1,2529,0.470242,0.268533,0.845551,0.4,0.876048,0.75,0.0448987,0.0001,0.0103613,999999,-3.450361e-01,3,Indonesian Exclusive Economic Zone,WPP712,,SVDNB_npp_d20140716_t1803247_e1809051_b14079_c20140717000905445784_noaa_ops.h5,GDNBO_npp_d20140716_t1803247_e1809051_b14079_c20140717000905445471_noaa_ops.h5,SVI04_npp_d20140716_t1803247_e1809051_b14079_c20140717000905432367_noaa_ops.dspace_rad,VNFF_npp_d20140716_t1803247_e1809051_b14079_v21.csv,World_EEZ_v8_2014.shp,WPP_BFAR_merge.shp,KKP_IDN_merge_20161208.shp,VNF-VBD_npp_20120301-20151231_global_asia-enhanced_c201607211230.bitmask,NCEI_NGA.union.nga_lead2.add_2015ntl.mask,timezone.shp,VBD_platforms-recurring_2015_r20170330.shp,999999,VBD_bridges_c20160811.shp,2.701723;0.592520;-1.537733;-6.424739;-11.321091;-16.224911;-21.132078;-19.454973;-16.614069;-11.826628;-7.007390;-2.161976,98.595314;112.244095;125.823792;124.798187;123.864281;123.023224;122.264351;107.621338;93.259468;94.789581;96.172417;97.426979,npp_d20140716_t1803247_e1809051_b14079,153.943,51.825,9.9236,-79.8188,36.7856,81.952
903,VBD_npp_d20140716_t1804344_x1124811E_y037077S_l0631_s2206_v23,2017-05-23 13:08:46,-3.707746,112.481087,16.6513,2014-07-16 18:04:34,2014-07-17 01:04:34,631,2206,0.414553,7,2209,0.241141,0.229344,0.730884,0.4,0.589729,0.75,0.0454603,0.0001,0.0114776,999999,-8.063882e-02,3,,,,SVDNB_npp_d20140716_t1803247_e1809051_b14079_c20140717000905445784_noaa_ops.h5,GDNBO_npp_d20140716_t1803247_e1809051_b14079_c20140717000905445471_noaa_ops.h5,SVI04_npp_d20140716_t1803247_e1809051_b14079_c20140717000905432367_noaa_ops.dspace_rad,VNFF_npp_d20140716_t1803247_e1809051_b14079_v21.csv,World_EEZ_v8_2014.shp,WPP_BFAR_merge.shp,KKP_IDN_merge_20161208.shp,VNF-VBD_npp_20120301-20151231_global_asia-enhanced_c201607211230.bitmask,NCEI_NGA.union.nga_lead2.add_2015ntl.mask,timezone.shp,VBD_platforms-recurring_2015_r20170330.shp,999999,VBD_bridges_c20160811.shp,2.701723;0.592520;-1.537733;-6.424739;-11.321091;-16.224911;-21.132078;-19.454973;-16.614069;-11.826628;-7.007390;-2.161976,98.595314;112.244095;125.823792;124.798187;123.864281;123.023224;122.264351;107.621338;93.259468;94.789581;96.172417;97.426979,npp_d20140716_t1803247_e1809051_b14079,152.253,48.8505,9.98002,-81.4878,36.1721,84.9298
904,VBD_npp_d20140716_t1804344_x1124779E_y037278S_l0634_s2206_v23,2017-05-23 13:08:46,-3.727829,112.477890,72.2241,2014-07-16 18:04:34,2014-07-17 01:04:34,634,2206,0.396157,2,2209,0.221019,0.201151,0.730884,0.4,0.537679,0.75,0.0454558,0.0001,0.0113971,999999,1.095670e-01,3,Indonesian Exclusive Economic Zone,WPP712,,SVDNB_npp_d20140716_t1803247_e1809051_b14079_c20140717000905445784_noaa_ops.h5,GDNBO_npp_d20140716_t1803247_e1809051_b14079_c20140717000905445471_noaa_ops.h5,SVI04_npp_d20140716_t1803247_e1809051_b14079_c20140717000905432367_noaa_ops.dspace_rad,VNFF_npp_d20140716_t1803247_e1809051_b14079_v21.csv,World_EEZ_v8_2014.shp,WPP_BFAR_merge.shp,KKP_IDN_merge_20161208.shp,VNF-VBD_npp_20120301-20151231_global_asia-enhanced_c201607211230.bitmask,NCEI_NGA.union.nga_lead2.add_2015ntl.mask,timezone.shp,VBD_platforms-recurring_2015_r20170330.shp,999999,VBD_bridges_c20160811.shp,2.701723;0.592520;-1.537733;-6.424739;-11.321091;-16.224911;-21.132078;-19.454973;-16.614069;-11.826628;-7.007390;-2.161976,98.595314;112.244095;125.823792;124.798187;123.864281;123.023224;122.264351;107.621338;93.259468;94.789581;96.172417;97.426979,npp_d20140716_t1803247_e1809051_b14079,152.269,48.8756,9.98033,-80.4895,36.1771,84.9024
905,VBD_npp_d20140716_t1804398_x1124159E_y039881S_l0674_s2206_v23,2017-05-23 13:08:46,-3.988121,112.415878,21.9227,2014-07-16 18:04:39,2014-07-17 01:04:39,674,2206,0.424276,1,2529,0.784801,0.2114,0.894805,0.4,0.939658,0.75,0.0453954,0.0001,0.0114887,999999,4.042351e-02,3,Indonesian Exclusive Economic Zone,WPP712,,SVDNB_npp_d20140716_t1803247_e1809051_b14079_c20140717000905445784_noaa_ops.h5,GDNBO_npp_d20140716_t1803247_e1809051_b14079_c20140717000905445471_noaa_ops.h5,SVI04_npp_d20140716_t1803247_e1809051_b14079_c20140717000905432367_noaa_ops.dspace_rad,VNFF_npp_d20140716_t1803247_e1809051_b14079_v21.csv,World_EEZ_v8_2014.shp,WPP_BFAR_merge.shp,KKP_IDN_merge_20161208.shp,VNF-VBD_npp_20120301-20151231_global_asia-enhanced_c201607211230.bitmask,NCEI_NGA.union.nga_lead2.add_2015ntl.mask,timezone.shp,VBD_platforms-recurring_2015_r20170330.shp,999999,VBD_bridges_c20160811.shp,2.701723;0.592520;-1.537733;-6.424739;-11.321091;-16.224911;-21.132078;-19.454973;-16.614069;-11.826628;-7.007390;-2.161976,98.595314;112.244095;125.823792;124.798187;123.864281;123.023224;122.264351;107.621338;93.259468;94.789581;96.172417;97.426979,npp_d20140716_t1803247_e1809051_b14079,152.469,49.2041,9.98489,-83.1436,36.2422,84.5482
906,VBD_npp_d20140716_t1804344_x1124816E_y037490S_l0637_s2207_v23,2017-05-23 13:08:46,-3.748995,112.481552,21.5896,2014-07-16 18:04:34,2014-07-17 01:04:34,637,2207,0.306992,2,2465,0.42099,0.183938,0.693796,0.4,0.721843,0.75,0.0454561,0.0001,0.0113889,999999,2.256990e-01,3,Indonesian Exclusive Economic Zone,WPP712,,SVDNB_npp_d20140716_t1803247_e1809051_b14079_c20140717000905445784_noaa_ops.h5,GDNBO_npp_d20140716_t1803247_e1809051_b14079_c20140717000905445471_noaa_ops.h5,SVI04_npp_d20140716_t1803247_e1809051_b14079_c20140717000905432367_noaa_ops.dspace_rad,VNFF_npp_d20140716_t1803247_e1809051_b14079_v21.csv,World_EEZ_v8_2014.shp,WPP_BFAR_merge.shp,KKP_IDN_merge_20161208.shp,VNF-VBD_npp_20120301-20151231_global_asia-enhanced_c201607211230.bitmask,NCEI_NGA.union.nga_lead2.add_2015ntl.mask,timezone.shp,VBD_platforms-recurring_2015_r20170330.shp,999999,VBD_bridges_c20160811.shp,2.701723;0.592520;-1.537733;-6.424739;-11.321091;-16.224911;-21.132078;-19.454973;-16.614069;-11.826628;-7.007390;-2.161976,98.595314;112.244095;125.823792;124.798187;123.864281;123.023224;122.264351;107.621338;93.259468;94.789581;96.172417;97.426979,npp_d20140716_t1803247_e1809051_b14079,152.28,48.9102,10.0417,-79.5017,36.1753,84.8723
907,VBD_npp_d20140716_t1804344_x1124968E_y036965S_l0629_s2208_v23,2017-05-23 13:08:46,-3.696478,112.496780,38.8648,2014-07-16 18:04:34,2014-07-17 01:04:34,629,2208,0.407813,1,2529,0.550283,0.245659,0.741469,0.4,0.78457,0.75,0.045473,0.0001,0.0116812,999999,-1.907106e-01,3,Indonesian Exclusive Economic Zone,WPP712,,SVDNB_npp_d20140716_t1803247_e1809051_b14079_c20140717000905445784_noaa_ops.h5,GDNBO_npp_d20140716_t1803247_e1809051_b14079_c20140717000905445471_noaa_ops.h5,SVI04_npp_d20140716_t1803247_e1809051_b14079_c20140717000905432367_noaa_ops.dspace_rad,VNFF_npp_d20140716_t1803247_e1809051_b14079_v21.csv,World_EEZ_v8_2014.shp,WPP_BFAR_merge.shp,KKP_IDN_merge_20161208.shp,VNF-VBD_npp_20120301-20151231_global_asia-enhanced_c201607211230.bitmask,NCEI_NGA.union.nga_lead2.add_2015ntl.mask,timezone.shp,VBD_platforms-recurring_2015_r20170330.shp,999999,VBD_bridges_c20160811.shp,2.701723;0.592520;-1.537733;-6.424739;-11.321091;-16.224911;-21.132078;-19.454973;-16.614069;-11.826628;-7.007390;-2.161976,98.595314;112.244095;125.823792;124.798187;123.864281;123.023224;122.264351;107.621338;93.259468;94.789581;96.172417;97.426979,npp_d20140716_t1803247_e1809051_b14079,152.234,48.853,10.0977,-82.1439,36.1553,84.9426
908,VBD_npp_d20140716_t1804344_x1124947E_y037099S_l0631_s2208_v23,2017-05-23 13:08:46,-3.709878,112.494690,33.4148,2014-07-16 18:04:34,2014-07-17 01:04:34,631,2208,0.41505,1,2529,0.488905,0.236865,0.724098,0.4,0.8257,0.75,0.04547,0.0001,0.0116276,999999,-1.313802e-01,3,Indonesian Exclusive Economic Zone,WPP712,,SVDNB_npp_d20140716_t1803247_e1809051_b14079_c20140717000905445784_noaa_ops.h5,GDNBO_npp_d20140716_t1803247_e1809051_b14079_c20140717000905445471_noaa_ops.h5,SVI04_npp_d20140716_t1803247_e1809051_b14079_c20140717000905432367_noaa_ops.dspace_rad,VNFF_npp_d20140716_t1803247_e1809051_b14079_v21.csv,World_EEZ_v8_2014.shp,WPP_BFAR_merge.shp,KKP_IDN_merge_20161208.shp,VNF-VBD_npp_20120301-20151231_global_asia-enhanced_c201607211230.bitmask,NCEI_NGA.union.nga_lead2.add_2015ntl.mask,timezone.shp,VBD_platforms-recurring_2015_r20170330.shp,999999,VBD_bridges_c20160811.shp,2.701723;0.592520;-1.537733;-6.424739;-11.321091;-16.224911;-21.132078;-19.454973;-16.614069;-11.826628;-7.007390;-2.161976,98.595314;112.244095;125.823792;124.798187;123.864281;123.023224;122.264351;107.621338;93.259468;94.789581;96.172417;97.426979,npp_d20140716_t1803247_e1809051_b14079,152.244,48.8697,10.0963,-81.4859,36.1586,84.9243
909,VBD_npp_d20140716_t1804344_x1124915E_y037300S_l0634_s2208_v23,2017-05-23 13:08:46,-3.729968,112.491486,53.8103,2014-07-16 18:04:34,2014-07-17 01:04:34,634,2208,0.412675,7,2209,0.2483,0.211271,0.724098,0.4,0.72026,0.75,0.0454655,0.0001,0.011546,999999,4.129365e-02,3,,,,SVDNB_npp_d20140716_t1803247_e1809051_b14079_c20140717000905445784_noaa_ops.h5,GDNBO_npp_d20140716_t1803247_e1809051_b14079_c20140717000905445471_noaa_ops.h5,SVI04_npp_d20140716_t1803247_e1809051_b14079_c20140717000905432367_noaa_ops.dspace_rad,VNFF_npp_d20140716_t1803247_e1809051_b14079_v21.csv,World_EEZ_v8_2014.shp,WPP_BFAR_merge.shp,KKP_IDN_merge_20161208.shp,VNF-VBD_npp_20120301-20151231_global_asia-enhanced_c201607211230.bitmask,NCEI_NGA.union.nga_lead2.add_2015ntl.mask,timezone.shp,VBD_platforms-recurring_2015_r20170330.shp,999999,VBD_bridges_c20160811.shp,2.701723;0.592520;-1.537733;-6.424739;-11.321091;-16.224911;-21.132078;-19.454973;-16.614069;-11.826628;-7.007390;-2.161976,98.595314;112.244095;125.823792;124.798187;123.864281;123.023224;122.264351;107.621338;93.259468;94.789581;96.172417;97.426979,npp_d20140716_t1803247_e1809051_b14079,152.26,48.8947,10.0966,-80.499,36.1635,84.8969
910,VBD_npp_d20140716_t1804398_x1124211E_y040438S_l0682_s2208_v23,2017-05-23 13:08:46,-4.043842,112.421120,35.7808,2014-07-16 18:04:39,2014-07-17 01:04:39,682,2208,0.423392,1,2529,0.967263,0.210454,0.920447,0.4,0.96722,0.75,0.045393,0.0001,0.0114197,999999,4.680356e-02,3,Indonesian Exclusive Economic Zone,WPP712,,SVDNB_npp_d20140716_t1803247_e1809051_b14079_c20140717000905445784_noaa_ops.h5,GDNBO_npp_d20140716_t1803247_e1809051_b14079_c20140717000905445471_noaa_ops.h5,SVI04_npp_d20140716_t1803247_e1809051_b14079_c20140717000905432367_noaa_ops.dspace_rad,VNFF_npp_d20140716_t1803247_e1809051_b14079_v21.csv,World_EEZ_v8_2014.shp,WPP_BFAR_merge.shp,KKP_IDN_merge_20161208.shp,VNF-VBD_npp_20120301-20151231_global_asia-enhanced_c201607211230.bitmask,NCEI_NGA.union.nga_lead2.add_2015ntl.mask,timezone.shp,VBD_platforms-recurring_2015_r20170330.shp,999999,VBD_bridges_c20160811.shp,2.701723;0.592520;-1.537733;-6.424739;-11.321091;-16.224911;-21.132078;-19.454973;-16.614069;-11.826628;-7.007390;-2.161976,98.595314;112.244095;125.823792;124.798187;123.864281;123.023224;122.264351;107.621338;93.259468;94.789581;96.172417;97.426979,npp_d20140716_t1803247_e1809051_b14079,152.502,49.2913,10.0954,-80.4907,36.2423,84.4698
911,VBD_npp_d20140716_t1804344_x1124962E_y037444S_l0636_s2209_v23,2017-05-23 13:08:46,-3.744439,112.496208,10.7411,2014-07-16 18:04:34,2014-07-17 01:04:34,636,2209,0.389748,7,2209,0.272088,0.195882,0.693796,0.4,0.606138,0.75,0.0454673,0.0001,0.0115653,999999,1.451182e-01,3,,,,SVDNB_npp_d20140716_t1803247_e1809051_b14079_c20140717000905445784_noaa_ops.h5,GDNBO_npp_d20140716_t1803247_e1809051_b14079_c20140717000905445471_noaa_ops.h5,SVI04_npp_d20140716_t1803247_e1809051_b14079_c20140717000905432367_noaa_ops.dspace_rad,VNFF_npp_d20140716_t1803247_e1809051_b14079_v21.csv,World_EEZ_v8_2014.shp,WPP_BFAR_merge.shp,KKP_IDN_merge_20161208.shp,VNF-VBD_npp_20120301-20151231_global_asia-enhanced_c201607211230.bitmask,NCEI_NGA.union.nga_lead2.add_2015ntl.mask,timezone.shp,VBD_platforms-recurring_2015_r20170330.shp,999999,VBD_bridges_c20160811.shp,2.701723;0.592520;-1.537733;-6.424739;-11.321091;-16.224911;-21.132078;-19.454973;-16.614069;-11.826628;-7.007390;-2.161976,98.595314;112.244095;125.823792;124.798187;123.864281;123.023224;122.264351;107.621338;93.259468;94.789581;96.172417;97.426979,npp_d20140716_t1803247_e1809051_b14079,152.266,48.921,10.1565,-79.8494,36.1601,84.8758
912,VBD_npp_d20140716_t1805100_x1120333E_y058020S_l0951_s2209_v23,2017-05-23 13:08:46,-5.801952,112.033318,7.21705,2014-07-16 18:05:10,2014-07-17 01:05:10,951,2209,0.415216,1,2529,0.347307,0.229781,0.846183,0.4,0.802167,0.75,0.0449545,0.0001,0.0108369,999999,-8.358872e-02,3,Indonesian Exclusive Economic Zone,WPP712,,SVDNB_npp_d20140716_t1803247_e1809051_b14079_c20140717000905445784_noaa_ops.h5,GDNBO_npp_d20140716_t1803247_e1809051_b14079_c20140717000905445471_noaa_ops.h5,SVI04_npp_d20140716_t1803247_e1809051_b14079_c20140717000905432367_noaa_ops.dspace_rad,VNFF_npp_d20140716_t1803247_e1809051_b14079_v21.csv,World_EEZ_v8_2014.shp,WPP_BFAR_merge.shp,KKP_IDN_merge_20161208.shp,VNF-VBD_npp_20120301-20151231_global_asia-enhanced_c201607211230.bitmask,NCEI_NGA.union.nga_lead2.add_2015ntl.mask,timezone.shp,VBD_platforms-recurring_2015_r20170330.shp,999999,VBD_bridges_c20160811.shp,2.701723;0.592520;-1.537733;-6.424739;-11.321091;-16.224911;-21.132078;-19.454973;-16.614069;-11.826628;-7.007390;-2.161976,98.595314;112.244095;125.823792;124.798187;123.864281;123.023224;122.264351;107.621338;93.259468;94.789581;96.172417;97.426979,npp_d20140716_t1803247_e1809051_b14079,153.822,51.6664,10.1532,-81.4995,36.718,82.1196
913,VBD_npp_d20140716_t1805100_x1120464E_y057628S_l0945_s2210_v23,2017-05-23 13:08:46,-5.762788,112.046432,4.41139,2014-07-16 18:05:10,2014-07-17 01:05:10,945,2210,0.419746,1,2273,0.2614,0.220022,0.827113,0.4,0.771189,0.75,0.0449698,0.0001,0.0110904,999999,-1.774564e-02,3,Indonesian Exclusive Economic Zone,WPP712,,SVDNB_npp_d20140716_t1803247_e1809051_b14079_c20140717000905445784_noaa_ops.h5,GDNBO_npp_d20140716_t1803247_e1809051_b14079_c20140717000905445471_noaa_ops.h5,SVI04_npp_d20140716_t1803247_e1809051_b14079_c20140717000905432367_noaa_ops.dspace_rad,VNFF_npp_d20140716_t1803247_e1809051_b14079_v21.csv,World_EEZ_v8_2014.shp,WPP_BFAR_merge.shp,KKP_IDN_merge_20161208.shp,VNF-VBD_npp_20120301-20151231_global_asia-enhanced_c201607211230.bitmask,NCEI_NGA.union.nga_lead2.add_2015ntl.mask,timezone.shp,VBD_platforms-recurring_2015_r20170330.shp,999999,VBD_bridges_c20160811.shp,2.701723;0.592520;-1.537733;-6.424739;-11.321091;-16.224911;-21.132078;-19.454973;-16.614069;-11.826628;-7.007390;-2.161976,98.595314;112.244095;125.823792;124.798187;123.864281;123.023224;122.264351;107.621338;93.259468;94.789581;96.172417;97.426979,npp_d20140716_t1803247_e1809051_b14079,153.787,51.6191,10.2195,-83.4512,36.6995,82.169
914,VBD_npp_d20140716_t1805100_x1120307E_y058634S_l0960_s2210_v23,2017-05-23 13:08:46,-5.863364,112.030724,9.6928,2014-07-16 18:05:10,2014-07-17 01:05:10,960,2210,0.41726,1,2529,0.460475,0.216457,0.829371,0.4,0.875038,0.75,0.0449437,0.0001,0.0106246,999999,6.305077e-03,3,Indonesian Exclusive Economic Zone,WPP712,,SVDNB_npp_d20140716_t1803247_e1809051_b14079_c20140717000905445784_noaa_ops.h5,GDNBO_npp_d20140716_t1803247_e1809051_b14079_c20140717000905445471_noaa_ops.h5,SVI04_npp_d20140716_t1803247_e1809051_b14079_c20140717000905432367_noaa_ops.dspace_rad,VNFF_npp_d20140716_t1803247_e1809051_b14079_v21.csv,World_EEZ_v8_2014.shp,WPP_BFAR_merge.shp,KKP_IDN_merge_20161208.shp,VNF-VBD_npp_20120301-20151231_global_asia-enhanced_c201607211230.bitmask,NCEI_NGA.union.nga_lead2.add_2015ntl.mask,timezone.shp,VBD_platforms-recurring_2015_r20170330.shp,999999,VBD_bridges_c20160811.shp,2.701723;0.592520;-1.537733;-6.424739;-11.321091;-16.224911;-21.132078;-19.454973;-16.614069;-11.826628;-7.007390;-2.161976,98.595314;112.244095;125.823792;124.798187;123.864281;123.023224;122.264351;107.621338;93.259468;94.789581;96.172417;97.426979,npp_d20140716_t1803247_e1809051_b14079,153.862,51.7615,10.221,-78.5706,36.7292,82.037
915,VBD_npp_d20140716_t1804362_x1124844E_y038648S_l0654_s2211_v23,2017-05-23 13:08:46,-3.864757,112.484352,29.0643,2014-07-16 18:04:36,2014-07-17 01:04:36,654,2211,0.420851,1,2529,0.856155,0.207611,0.891963,0.4,0.94277,0.75,0.0454497,0.0001,0.0116155,999999,6.598860e-02,3,Indonesian Exclusive Economic Zone,WPP712,,SVDNB_npp_d20140716_t1803247_e1809051_b14079_c20140717000905445784_noaa_ops.h5,GDNBO_npp_d20140716_t1803247_e1809051_b14079_c20140717000905445471_noaa_ops.h5,SVI04_npp_d20140716_t1803247_e1809051_b14079_c20140717000905432367_noaa_ops.dspace_rad,VNFF_npp_d20140716_t1803247_e1809051_b14079_v21.csv,World_EEZ_v8_2014.shp,WPP_BFAR_merge.shp,KKP_IDN_merge_20161208.shp,VNF-VBD_npp_20120301-20151231_global_asia-enhanced_c201607211230.bitmask,NCEI_NGA.union.nga_lead2.add_2015ntl.mask,timezone.shp,VBD_platforms-recurring_2015_r20170330.shp,999999,VBD_bridges_c20160811.shp,2.701723;0.592520;-1.537733;-6.424739;-11.321091;-16.224911;-21.132078;-19.454973;-16.614069;-11.826628;-7.007390;-2.161976,98.595314;112.244095;125.823792;124.798187;123.864281;123.023224;122.264351;107.621338;93.259468;94.789581;96.172417;97.426979,npp_d20140716_t1803247_e1809051_b14079,152.348,49.0888,10.2763,-79.2104,36.1759,84.7091
916,VBD_npp_d20140716_t1804398_x1124478E_y040068S_l0676_s2211_v23,2017-05-23 13:08:46,-4.006832,112.447838,25.2985,2014-07-16 18:04:39,2014-07-17 01:04:39,676,2211,0.420354,1,2529,0.830696,0.226152,0.904764,0.4,0.946455,0.75,0.0454165,0.0001,0.0118116,999999,-5.910471e-02,3,Indonesian Exclusive Economic Zone,WPP712,,SVDNB_npp_d20140716_t1803247_e1809051_b14079_c20140717000905445784_noaa_ops.h5,GDNBO_npp_d20140716_t1803247_e1809051_b14079_c20140717000905445471_noaa_ops.h5,SVI04_npp_d20140716_t1803247_e1809051_b14079_c20140717000905432367_noaa_ops.dspace_rad,VNFF_npp_d20140716_t1803247_e1809051_b14079_v21.csv,World_EEZ_v8_2014.shp,WPP_BFAR_merge.shp,KKP_IDN_merge_20161208.shp,VNF-VBD_npp_20120301-20151231_global_asia-enhanced_c201607211230.bitmask,NCEI_NGA.union.nga_lead2.add_2015ntl.mask,timezone.shp,VBD_platforms-recurring_2015_r20170330.shp,999999,VBD_bridges_c20160811.shp,2.701723;0.592520;-1.537733;-6.424739;-11.321091;-16.224911;-21.132078;-19.454973;-16.614069;-11.826628;-7.007390;-2.161976,98.595314;112.244095;125.823792;124.798187;123.864281;123.023224;122.264351;107.621338;93.259468;94.789581;96.172417;97.426979,npp_d20140716_t1803247_e1809051_b14079,152.457,49.2689,10.272,-82.4459,36.2118,84.5157
917,VBD_npp_d20140716_t1805100_x1120417E_y058376S_l0956_s2211_v23,2017-05-23 13:08:46,-5.837613,112.041733,5.75791,2014-07-16 18:05:10,2014-07-17 01:05:10,956,2211,0.417978,1,2529,0.308459,0.249244,0.858006,0.4,0.79817,0.75,0.0449555,0.0001,0.0108212,999999,-2.148950e-01,3,Indonesian Exclusive Economic Zone,WPP712,,SVDNB_npp_d20140716_t1803247_e1809051_b14079_c20140717000905445784_noaa_ops.h5,GDNBO_npp_d20140716_t1803247_e1809051_b14079_c20140717000905445471_noaa_ops.h5,SVI04_npp_d20140716_t1803247_e1809051_b14079_c20140717000905432367_noaa_ops.dspace_rad,VNFF_npp_d20140716_t1803247_e1809051_b14079_v21.csv,World_EEZ_v8_2014.shp,WPP_BFAR_merge.shp,KKP_IDN_merge_20161208.shp,VNF-VBD_npp_20120301-20151231_global_asia-enhanced_c201607211230.bitmask,NCEI_NGA.union.nga_lead2.add_2015ntl.mask,timezone.shp,VBD_platforms-recurring_2015_r20170330.shp,999999,VBD_bridges_c20160811.shp,2.701723;0.592520;-1.537733;-6.424739;-11.321091;-16.224911;-21.132078;-19.454973;-16.614069;-11.826628;-7.007390;-2.161976,98.595314;112.244095;125.823792;124.798187;123.864281;123.023224;122.264351;107.621338;93.259468;94.789581;96.172417;97.426979,npp_d20140716_t1803247_e1809051_b14079,153.837,51.733,10.2716,-79.8805,36.7146,82.0688
918,VBD_npp_d20140716_t1805118_x1120299E_y058686S_l0961_s2211_v23,2017-05-23 13:08:46,-5.868601,112.029900,6.89043,2014-07-16 18:05:11,2014-07-17 01:05:11,961,2211,0.419801,1,2529,0.383412,0.224498,0.844849,0.4,0.853664,0.75,0.0449468,0.0001,0.0111166,999999,-4.794550e-02,3,Indonesian Exclusive Economic Zone,WPP712,,SVDNB_npp_d20140716_t1803247_e1809051_b14079_c20140717000905445784_noaa_ops.h5,GDNBO_npp_d20140716_t1803247_e1809051_b14079_c20140717000905445471_noaa_ops.h5,SVI04_npp_d20140716_t1803247_e1809051_b14079_c20140717000905432367_noaa_ops.dspace_rad,VNFF_npp_d20140716_t1803247_e1809051_b14079_v21.csv,World_EEZ_v8_2014.shp,WPP_BFAR_merge.shp,KKP_IDN_merge_20161208.shp,VNF-VBD_npp_20120301-20151231_global_asia-enhanced_c201607211230.bitmask,NCEI_NGA.union.nga_lead2.add_2015ntl.mask,timezone.shp,VBD_platforms-recurring_2015_r20170330.shp,999999,VBD_bridges_c20160811.shp,2.701723;0.592520;-1.537733;-6.424739;-11.321091;-16.224911;-21.132078;-19.454973;-16.614069;-11.826628;-7.007390;-2.161976,98.595314;112.244095;125.823792;124.798187;123.864281;123.023224;122.264351;107.621338;93.259468;94.789581;96.172417;97.426979,npp_d20140716_t1803247_e1809051_b14079,153.86,51.7775,10.2781,-83.4304,36.7236,82.0279
919,VBD_npp_d20140716_t1805082_x1120686E_y057544S_l0943_s2212_v23,2017-05-23 13:08:46,-5.754444,112.068565,4.92096,2014-07-16 18:05:08,2014-07-17 01:05:08,943,2212,0.413172,1,2529,0.288987,0.228218,0.876094,0.4,0.795588,0.75,0.044983,0.0001,0.0108391,999999,-7.304108e-02,3,Indonesian Exclusive Economic Zone,WPP712,,SVDNB_npp_d20140716_t1803247_e1809051_b14079_c20140717000905445784_noaa_ops.h5,GDNBO_npp_d20140716_t1803247_e1809051_b14079_c20140717000905445471_noaa_ops.h5,SVI04_npp_d20140716_t1803247_e1809051_b14079_c20140717000905432367_noaa_ops.dspace_rad,VNFF_npp_d20140716_t1803247_e1809051_b14079_v21.csv,World_EEZ_v8_2014.shp,WPP_BFAR_merge.shp,KKP_IDN_merge_20161208.shp,VNF-VBD_npp_20120301-20151231_global_asia-enhanced_c201607211230.bitmask,NCEI_NGA.union.nga_lead2.add_2015ntl.mask,timezone.shp,VBD_platforms-recurring_2015_r20170330.shp,999999,VBD_bridges_c20160811.shp,2.701723;0.592520;-1.537733;-6.424739;-11.321091;-16.224911;-21.132078;-19.454973;-16.614069;-11.826628;-7.007390;-2.161976,98.595314;112.244095;125.823792;124.798187;123.864281;123.023224;122.264351;107.621338;93.259468;94.789581;96.172417;97.426979,npp_d20140716_t1803247_e1809051_b14079,153.771,51.6228,10.3329,-78.9121,36.6833,82.1762
920,VBD_npp_d20140716_t1805100_x1120570E_y057850S_l0948_s2212_v23,2017-05-23 13:08:46,-5.785027,112.056961,4.91143,2014-07-16 18:05:10,2014-07-17 01:05:10,948,2212,0.419691,2,2465,0.290295,0.215163,0.882508,0.4,0.529064,0.75,0.0449743,0.0001,0.0111423,999999,1.503405e-02,3,Indonesian Exclusive Economic Zone,WPP712,,SVDNB_npp_d20140716_t1803247_e1809051_b14079_c20140717000905445784_noaa_ops.h5,GDNBO_npp_d20140716_t1803247_e1809051_b14079_c20140717000905445471_noaa_ops.h5,SVI04_npp_d20140716_t1803247_e1809051_b14079_c20140717000905432367_noaa_ops.dspace_rad,VNFF_npp_d20140716_t1803247_e1809051_b14079_v21.csv,World_EEZ_v8_2014.shp,WPP_BFAR_merge.shp,KKP_IDN_merge_20161208.shp,VNF-VBD_npp_20120301-20151231_global_asia-enhanced_c201607211230.bitmask,NCEI_NGA.union.nga_lead2.add_2015ntl.mask,timezone.shp,VBD_platforms-recurring_2015_r20170330.shp,999999,VBD_bridges_c20160811.shp,2.701723;0.592520;-1.537733;-6.424739;-11.321091;-16.224911;-21.132078;-19.454973;-16.614069;-11.826628;-7.007390;-2.161976,98.595314;112.244095;125.823792;124.798187;123.864281;123.023224;122.264351;107.621338;93.259468;94.789581;96.172417;97.426979,npp_d20140716_t1803247_e1809051_b14079,153.793,51.6667,10.3302,-82.4629,36.692,82.1358
921,VBD_npp_d20140716_t1805100_x1120654E_y058207S_l0953_s2214_v23,2017-05-23 13:08:46,-5.820698,112.065392,4.74169,2014-07-16 18:05:10,2014-07-17 01:05:10,953,2214,0.36638,7,2209,0.228652,0.216786,0.876448,0.4,0.553685,0.75,0.0449752,0.0001,0.0111283,999999,4.087435e-03,3,,,,SVDNB_npp_d20140716_t1803247_e1809051_b14079_c20140717000905445784_noaa_ops.h5,GDNBO_npp_d20140716_t1803247_e1809051_b14079_c20140717000905445471_noaa_ops.h5,SVI04_npp_d20140716_t1803247_e1809051_b14079_c20140717000905432367_noaa_ops.dspace_rad,VNFF_npp_d20140716_t1803247_e1809051_b14079_v21.csv,World_EEZ_v8_2014.shp,WPP_BFAR_merge.shp,KKP_IDN_merge_20161208.shp,VNF-VBD_npp_20120301-20151231_global_asia-enhanced_c201607211230.bitmask,NCEI_NGA.union.nga_lead2.add_2015ntl.mask,timezone.shp,VBD_platforms-recurring_2015_r20170330.shp,999999,VBD_bridges_c20160811.shp,2.701723;0.592520;-1.537733;-6.424739;-11.321091;-16.224911;-21.132078;-19.454973;-16.614069;-11.826628;-7.007390;-2.161976,98.595314;112.244095;125.823792;124.798187;123.864281;123.023224;122.264351;107.621338;93.259468;94.789581;96.172417;97.426979,npp_d20140716_t1803247_e1809051_b14079,153.809,51.7333,10.4437,-80.8601,36.6886,82.0849
922,VBD_npp_d20140716_t1805118_x1120452E_y059053S_l0966_s2214_v23,2017-05-23 13:08:46,-5.905326,112.045181,9.92329,2014-07-16 18:05:11,2014-07-17 01:05:11,966,2214,0.409305,1,2529,0.50566,0.232841,0.838508,0.4,0.896799,0.75,0.0449526,0.0001,0.0111762,999999,-1.042328e-01,3,Indonesian Exclusive Economic Zone,WPP712,,SVDNB_npp_d20140716_t1803247_e1809051_b14079_c20140717000905445784_noaa_ops.h5,GDNBO_npp_d20140716_t1803247_e1809051_b14079_c20140717000905445471_noaa_ops.h5,SVI04_npp_d20140716_t1803247_e1809051_b14079_c20140717000905432367_noaa_ops.dspace_rad,VNFF_npp_d20140716_t1803247_e1809051_b14079_v21.csv,World_EEZ_v8_2014.shp,WPP_BFAR_merge.shp,KKP_IDN_merge_20161208.shp,VNF-VBD_npp_20120301-20151231_global_asia-enhanced_c201607211230.bitmask,NCEI_NGA.union.nga_lead2.add_2015ntl.mask,timezone.shp,VBD_platforms-recurring_2015_r20170330.shp,999999,VBD_bridges_c20160811.shp,2.701723;0.592520;-1.537733;-6.424739;-11.321091;-16.224911;-21.132078;-19.454973;-16.614069;-11.826628;-7.007390;-2.161976,98.595314;112.244095;125.823792;124.798187;123.864281;123.023224;122.264351;107.621338;93.259468;94.789581;96.172417;97.426979,npp_d20140716_t1803247_e1809051_b14079,153.871,51.8539,10.445,-81.8057,36.7135,81.9736
923,VBD_npp_d20140716_t1804362_x1125095E_y038825S_l0656_s2215_v23,2017-05-23 13:08:46,-3.882475,112.509529,19.2903,2014-07-16 18:04:36,2014-07-17 01:04:36,656,2215,0.419249,1,2529,0.718644,0.219896,0.878785,0.4,0.931686,0.75,0.045466,0.0001,0.0118567,999999,-1.689501e-02,3,Indonesian Exclusive Economic Zone,WPP712,,SVDNB_npp_d20140716_t1803247_e1809051_b14079_c20140717000905445784_noaa_ops.h5,GDNBO_npp_d20140716_t1803247_e1809051_b14079_c20140717000905445471_noaa_ops.h5,SVI04_npp_d20140716_t1803247_e1809051_b14079_c20140717000905432367_noaa_ops.dspace_rad,VNFF_npp_d20140716_t1803247_e1809051_b14079_v21.csv,World_EEZ_v8_2014.shp,WPP_BFAR_merge.shp,KKP_IDN_merge_20161208.shp,VNF-VBD_npp_20120301-20151231_global_asia-enhanced_c201607211230.bitmask,NCEI_NGA.union.nga_lead2.add_2015ntl.mask,timezone.shp,VBD_platforms-recurring_2015_r20170330.shp,999999,VBD_bridges_c20160811.shp,2.701723;0.592520;-1.537733;-6.424739;-11.321091;-16.224911;-21.132078;-19.454973;-16.614069;-11.826628;-7.007390;-2.161976,98.595314;112.244095;125.823792;124.798187;123.864281;123.023224;122.264351;107.621338;93.259468;94.789581;96.172417;97.426979,npp_d20140716_t1803247_e1809051_b14079,152.341,49.1441,10.513,-78.6241,36.1522,84.6795
924,VBD_npp_d20140716_t1804398_x1124840E_y039987S_l0674_s2216_v23,2017-05-23 13:08:46,-3.998734,112.484024,15.2303,2014-07-16 18:04:39,2014-07-17 01:04:39,674,2216,0.424,1,2529,0.627827,0.226955,0.888942,0.4,0.91094,0.75,0.0454437,0.0001,0.0122515,999999,-6.451822e-02,3,Indonesian Exclusive Economic Zone,WPP712,,SVDNB_npp_d20140716_t1803247_e1809051_b14079_c20140717000905445784_noaa_ops.h5,GDNBO_npp_d20140716_t1803247_e1809051_b14079_c20140717000905445471_noaa_ops.h5,SVI04_npp_d20140716_t1803247_e1809051_b14079_c20140717000905432367_noaa_ops.dspace_rad,VNFF_npp_d20140716_t1803247_e1809051_b14079_v21.csv,World_EEZ_v8_2014.shp,WPP_BFAR_merge.shp,KKP_IDN_merge_20161208.shp,VNF-VBD_npp_20120301-20151231_global_asia-enhanced_c201607211230.bitmask,NCEI_NGA.union.nga_lead2.add_2015ntl.mask,timezone.shp,VBD_platforms-recurring_2015_r20170330.shp,999999,VBD_bridges_c20160811.shp,2.701723;0.592520;-1.537733;-6.424739;-11.321091;-16.224911;-21.132078;-19.454973;-16.614069;-11.826628;-7.007390;-2.161976,98.595314;112.244095;125.823792;124.798187;123.864281;123.023224;122.264351;107.621338;93.259468;94.789581;96.172417;97.426979,npp_d20140716_t1803247_e1809051_b14079,152.425,49.2998,10.5658,-83.0452,36.1746,84.5197
925,VBD_npp_d20140716_t1805082_x1120949E_y057655S_l0944_s2216_v23,2017-05-23 13:08:46,-5.765458,112.094879,5.96631,2014-07-16 18:05:08,2014-07-17 01:05:08,944,2216,0.420188,1,2529,0.348352,0.217004,0.883645,0.4,0.833692,0.75,0.0450005,0.0001,0.0110872,999999,2.617557e-03,3,Indonesian Exclusive Economic Zone,WPP712,,SVDNB_npp_d20140716_t1803247_e1809051_b14079_c20140717000905445784_noaa_ops.h5,GDNBO_npp_d20140716_t1803247_e1809051_b14079_c20140717000905445471_noaa_ops.h5,SVI04_npp_d20140716_t1803247_e1809051_b14079_c20140717000905432367_noaa_ops.dspace_rad,VNFF_npp_d20140716_t1803247_e1809051_b14079_v21.csv,World_EEZ_v8_2014.shp,WPP_BFAR_merge.shp,KKP_IDN_merge_20161208.shp,VNF-VBD_npp_20120301-20151231_global_asia-enhanced_c201607211230.bitmask,NCEI_NGA.union.nga_lead2.add_2015ntl.mask,timezone.shp,VBD_platforms-recurring_2015_r20170330.shp,999999,VBD_bridges_c20160811.shp,2.701723;0.592520;-1.537733;-6.424739;-11.321091;-16.224911;-21.132078;-19.454973;-16.614069;-11.826628;-7.007390;-2.161976,98.595314;112.244095;125.823792;124.798187;123.864281;123.023224;122.264351;107.621338;93.259468;94.789581;96.172417;97.426979,npp_d20140716_t1803247_e1809051_b14079,153.757,51.6707,10.5675,-78.6512,36.6585,82.1537
926,VBD_npp_d20140716_t1805100_x1120822E_y058027S_l0950_s2216_v23,2017-05-23 13:08:46,-5.802701,112.082230,20.0425,2014-07-16 18:05:10,2014-07-17 01:05:10,950,2216,0.416873,1,2529,0.722932,0.227059,0.885072,0.4,0.92747,0.75,0.0449901,0.0001,0.0113678,999999,-6.522344e-02,3,Indonesian Exclusive Economic Zone,WPP712,,SVDNB_npp_d20140716_t1803247_e1809051_b14079_c20140717000905445784_noaa_ops.h5,GDNBO_npp_d20140716_t1803247_e1809051_b14079_c20140717000905445471_noaa_ops.h5,SVI04_npp_d20140716_t1803247_e1809051_b14079_c20140717000905432367_noaa_ops.dspace_rad,VNFF_npp_d20140716_t1803247_e1809051_b14079_v21.csv,World_EEZ_v8_2014.shp,WPP_BFAR_merge.shp,KKP_IDN_merge_20161208.shp,VNF-VBD_npp_20120301-20151231_global_asia-enhanced_c201607211230.bitmask,NCEI_NGA.union.nga_lead2.add_2015ntl.mask,timezone.shp,VBD_platforms-recurring_2015_r20170330.shp,999999,VBD_bridges_c20160811.shp,2.701723;0.592520;-1.537733;-6.424739;-11.321091;-16.224911;-21.132078;-19.454973;-16.614069;-11.826628;-7.007390;-2.161976,98.595314;112.244095;125.823792;124.798187;123.864281;123.023224;122.264351;107.621338;93.259468;94.789581;96.172417;97.426979,npp_d20140716_t1803247_e1809051_b14079,153.784,51.7239,10.5606,-81.8102,36.6692,82.1045
927,VBD_npp_d20140716_t1805100_x1120942E_y057702S_l0945_s2217_v23,2017-05-23 13:08:46,-5.770188,112.094223,5.03516,2014-07-16 18:05:10,2014-07-17 01:05:10,945,2217,0.416211,1,2529,0.313016,0.223459,0.883645,0.4,0.814676,0.75,0.0450036,0.0001,0.0115986,999999,-4.093625e-02,3,Indonesian Exclusive Economic Zone,WPP712,,SVDNB_npp_d20140716_t1803247_e1809051_b14079_c20140717000905445784_noaa_ops.h5,GDNBO_npp_d20140716_t1803247_e1809051_b14079_c20140717000905445471_noaa_ops.h5,SVI04_npp_d20140716_t1803247_e1809051_b14079_c20140717000905432367_noaa_ops.dspace_rad,VNFF_npp_d20140716_t1803247_e1809051_b14079_v21.csv,World_EEZ_v8_2014.shp,WPP_BFAR_merge.shp,KKP_IDN_merge_20161208.shp,VNF-VBD_npp_20120301-20151231_global_asia-enhanced_c201607211230.bitmask,NCEI_NGA.union.nga_lead2.add_2015ntl.mask,timezone.shp,VBD_platforms-recurring_2015_r20170330.shp,999999,VBD_bridges_c20160811.shp,2.701723;0.592520;-1.537733;-6.424739;-11.321091;-16.224911;-21.132078;-19.454973;-16.614069;-11.826628;-7.007390;-2.161976,98.595314;112.244095;125.823792;124.798187;123.864281;123.023224;122.264351;107.621338;93.259468;94.789581;96.172417;97.426979,npp_d20140716_t1803247_e1809051_b14079,153.755,51.686,10.6253,-83.3734,36.6527,82.1452
928,VBD_npp_d20140716_t1804362_x1125339E_y038588S_l0652_s2218_v23,2017-05-23 13:08:46,-3.858817,112.533867,9.33735,2014-07-16 18:04:36,2014-07-17 01:04:36,652,2218,0.41842,1,2529,0.397385,0.245625,0.888424,0.4,0.784115,0.75,0.0454865,0.0001,0.0122011,999999,-1.904787e-01,3,Indonesian Exclusive Economic Zone,WPP712,,SVDNB_npp_d20140716_t1803247_e1809051_b14079_c20140717000905445784_noaa_ops.h5,GDNBO_npp_d20140716_t1803247_e1809051_b14079_c20140717000905445471_noaa_ops.h5,SVI04_npp_d20140716_t1803247_e1809051_b14079_c20140717000905432367_noaa_ops.dspace_rad,VNFF_npp_d20140716_t1803247_e1809051_b14079_v21.csv,World_EEZ_v8_2014.shp,WPP_BFAR_merge.shp,KKP_IDN_merge_20161208.shp,VNF-VBD_npp_20120301-20151231_global_asia-enhanced_c201607211230.bitmask,NCEI_NGA.union.nga_lead2.add_2015ntl.mask,timezone.shp,VBD_platforms-recurring_2015_r20170330.shp,999999,VBD_bridges_c20160811.shp,2.701723;0.592520;-1.537733;-6.424739;-11.321091;-16.224911;-21.132078;-19.454973;-16.614069;-11.826628;-7.007390;-2.161976,98.595314;112.244095;125.823792;124.798187;123.864281;123.023224;122.264351;107.621338;93.259468;94.789581;96.172417;97.426979,npp_d20140716_t1803247_e1809051_b14079,152.307,49.1386,10.6773,-79.9125,36.1255,84.7077
929,VBD_npp_d20140716_t1805082_x1121146E_y057273S_l0938_s2218_v23,2017-05-23 13:08:46,-5.727280,112.114555,12.7972,2014-07-16 18:05:08,2014-07-17 01:05:08,938,2218,0.416487,8,18913,0.603261,0.205568,0.86114,0.4,0.915889,0.75,0.0450207,0.0001,0.0114245,999999,7.977126e-02,3,Indonesian Exclusive Economic Zone,WPP712,,SVDNB_npp_d20140716_t1803247_e1809051_b14079_c20140717000905445784_noaa_ops.h5,GDNBO_npp_d20140716_t1803247_e1809051_b14079_c20140717000905445471_noaa_ops.h5,SVI04_npp_d20140716_t1803247_e1809051_b14079_c20140717000905432367_noaa_ops.dspace_rad,VNFF_npp_d20140716_t1803247_e1809051_b14079_v21.csv,World_EEZ_v8_2014.shp,WPP_BFAR_merge.shp,KKP_IDN_merge_20161208.shp,VNF-VBD_npp_20120301-20151231_global_asia-enhanced_c201607211230.bitmask,NCEI_NGA.union.nga_lead2.add_2015ntl.mask,timezone.shp,VBD_platforms-recurring_2015_r20170330.shp,0.314008,VBD_bridges_c20160811.shp,2.701723;0.592520;-1.537733;-6.424739;-11.321091;-16.224911;-21.132078;-19.454973;-16.614069;-11.826628;-7.007390;-2.161976,98.595314;112.244095;125.823792;124.798187;123.864281;123.023224;122.264351;107.621338;93.259468;94.789581;96.172417;97.426979,npp_d20140716_t1803247_e1809051_b14079,153.718,51.6326,10.6721,-80.549,36.6336,82.2
930,VBD_npp_d20140716_t1804380_x1125137E_y039843S_l0671_s2219_v23,2017-05-23 13:08:46,-3.984302,112.513695,29.7716,2014-07-16 18:04:38,2014-07-17 01:04:38,671,2219,0.422453,1,2529,0.846014,0.229934,0.883763,0.4,0.901478,0.75,0.0454627,0.0001,0.0121376,999999,-8.461900e-02,3,Indonesian Exclusive Economic Zone,WPP712,,SVDNB_npp_d20140716_t1803247_e1809051_b14079_c20140717000905445784_noaa_ops.h5,GDNBO_npp_d20140716_t1803247_e1809051_b14079_c20140717000905445471_noaa_ops.h5,SVI04_npp_d20140716_t1803247_e1809051_b14079_c20140717000905432367_noaa_ops.dspace_rad,VNFF_npp_d20140716_t1803247_e1809051_b14079_v21.csv,World_EEZ_v8_2014.shp,WPP_BFAR_merge.shp,KKP_IDN_merge_20161208.shp,VNF-VBD_npp_20120301-20151231_global_asia-enhanced_c201607211230.bitmask,NCEI_NGA.union.nga_lead2.add_2015ntl.mask,timezone.shp,VBD_platforms-recurring_2015_r20170330.shp,999999,VBD_bridges_c20160811.shp,2.701723;0.592520;-1.537733;-6.424739;-11.321091;-16.224911;-21.132078;-19.454973;-16.614069;-11.826628;-7.007390;-2.161976,98.595314;112.244095;125.823792;124.798187;123.864281;123.023224;122.264351;107.621338;93.259468;94.789581;96.172417;97.426979,npp_d20140716_t1803247_e1809051_b14079,152.398,49.305,10.736,-79.0006,36.1505,84.5353
931,VBD_npp_d20140716_t1804362_x1125534E_y038206S_l0646_s2220_v23,2017-05-23 13:08:46,-3.820624,112.553406,17.9733,2014-07-16 18:04:36,2014-07-17 01:04:36,646,2220,0.392124,8,18913,0.671704,0.252612,0.847405,0.4,0.908012,0.75,0.0455052,0.0001,0.0125288,999999,-2.376222e-01,3,Indonesian Exclusive Economic Zone,WPP712,,SVDNB_npp_d20140716_t1803247_e1809051_b14079_c20140717000905445784_noaa_ops.h5,GDNBO_npp_d20140716_t1803247_e1809051_b14079_c20140717000905445471_noaa_ops.h5,SVI04_npp_d20140716_t1803247_e1809051_b14079_c20140717000905432367_noaa_ops.dspace_rad,VNFF_npp_d20140716_t1803247_e1809051_b14079_v21.csv,World_EEZ_v8_2014.shp,WPP_BFAR_merge.shp,KKP_IDN_merge_20161208.shp,VNF-VBD_npp_20120301-20151231_global_asia-enhanced_c201607211230.bitmask,NCEI_NGA.union.nga_lead2.add_2015ntl.mask,timezone.shp,VBD_platforms-recurring_2015_r20170330.shp,0.547221,VBD_bridges_c20160811.shp,2.701723;0.592520;-1.537733;-6.424739;-11.321091;-16.224911;-21.132078;-19.454973;-16.614069;-11.826628;-7.007390;-2.161976,98.595314;112.244095;125.823792;124.798187;123.864281;123.023224;122.264351;107.621338;93.259468;94.789581;96.172417;97.426979,npp_d20140716_t1803247_e1809051_b14079,152.267,49.1066,10.7886,-81.7761,36.1022,84.7571
932,VBD_npp_d20140716_t1804433_x1124516E_y042926S_l0718_s2220_v23,2017-05-23 13:08:46,-4.292637,112.451591,22.3539,2014-07-16 18:04:43,2014-07-17 01:04:43,718,2220,0.418255,1,2529,0.787191,0.2264,0.893449,0.4,0.946282,0.75,0.0453947,0.0001,0.0121089,999999,-6.077704e-02,3,Indonesian Exclusive Economic Zone,WPP712,,SVDNB_npp_d20140716_t1803247_e1809051_b14079_c20140717000905445784_noaa_ops.h5,GDNBO_npp_d20140716_t1803247_e1809051_b14079_c20140717000905445471_noaa_ops.h5,SVI04_npp_d20140716_t1803247_e1809051_b14079_c20140717000905432367_noaa_ops.dspace_rad,VNFF_npp_d20140716_t1803247_e1809051_b14079_v21.csv,World_EEZ_v8_2014.shp,WPP_BFAR_merge.shp,KKP_IDN_merge_20161208.shp,VNF-VBD_npp_20120301-20151231_global_asia-enhanced_c201607211230.bitmask,NCEI_NGA.union.nga_lead2.add_2015ntl.mask,timezone.shp,VBD_platforms-recurring_2015_r20170330.shp,999999,VBD_bridges_c20160811.shp,2.701723;0.592520;-1.537733;-6.424739;-11.321091;-16.224911;-21.132078;-19.454973;-16.614069;-11.826628;-7.007390;-2.161976,98.595314;112.244095;125.823792;124.798187;123.864281;123.023224;122.264351;107.621338;93.259468;94.789581;96.172417;97.426979,npp_d20140716_t1803247_e1809051_b14079,152.629,49.7089,10.7941,-79.3123,36.2224,84.1149
933,VBD_npp_d20140716_t1804344_x1125834E_y037169S_l0630_s2221_v23,2017-05-23 13:08:46,-3.716893,112.583389,13.9815,2014-07-16 18:04:34,2014-07-17 01:04:34,630,2221,0.415934,1,2529,0.589879,0.201633,0.819794,0.4,0.882368,0.75,0.0455342,0.0001,0.0126488,999999,1.063208e-01,3,Indonesian Exclusive Economic Zone,WPP712,,SVDNB_npp_d20140716_t1803247_e1809051_b14079_c20140717000905445784_noaa_ops.h5,GDNBO_npp_d20140716_t1803247_e1809051_b14079_c20140717000905445471_noaa_ops.h5,SVI04_npp_d20140716_t1803247_e1809051_b14079_c20140717000905432367_noaa_ops.dspace_rad,VNFF_npp_d20140716_t1803247_e1809051_b14079_v21.csv,World_EEZ_v8_2014.shp,WPP_BFAR_merge.shp,KKP_IDN_merge_20161208.shp,VNF-VBD_npp_20120301-20151231_global_asia-enhanced_c201607211230.bitmask,NCEI_NGA.union.nga_lead2.add_2015ntl.mask,timezone.shp,VBD_platforms-recurring_2015_r20170330.shp,999999,VBD_bridges_c20160811.shp,2.701723;0.592520;-1.537733;-6.424739;-11.321091;-16.224911;-21.132078;-19.454973;-16.614069;-11.826628;-7.007390;-2.161976,98.595314;112.244095;125.823792;124.798187;123.864281;123.023224;122.264351;107.621338;93.259468;94.789581;96.172417;97.426979,npp_d20140716_t1803247_e1809051_b14079,152.182,48.9844,10.8445,-81.7819,36.0697,84.8977
934,VBD_npp_d20140716_t1804380_x1125259E_y039931S_l0672_s2221_v23,2017-05-23 13:08:46,-3.993108,112.525902,17.2467,2014-07-16 18:04:38,2014-07-17 01:04:38,672,2221,0.424331,1,2529,0.470218,0.220824,0.883763,0.4,0.842014,0.75,0.0454708,0.0001,0.0122551,999999,-2.315930e-02,3,Indonesian Exclusive Economic Zone,WPP712,,SVDNB_npp_d20140716_t1803247_e1809051_b14079_c20140717000905445784_noaa_ops.h5,GDNBO_npp_d20140716_t1803247_e1809051_b14079_c20140717000905445471_noaa_ops.h5,SVI04_npp_d20140716_t1803247_e1809051_b14079_c20140717000905432367_noaa_ops.dspace_rad,VNFF_npp_d20140716_t1803247_e1809051_b14079_v21.csv,World_EEZ_v8_2014.shp,WPP_BFAR_merge.shp,KKP_IDN_merge_20161208.shp,VNF-VBD_npp_20120301-20151231_global_asia-enhanced_c201607211230.bitmask,NCEI_NGA.union.nga_lead2.add_2015ntl.mask,timezone.shp,VBD_platforms-recurring_2015_r20170330.shp,999999,VBD_bridges_c20160811.shp,2.701723;0.592520;-1.537733;-6.424739;-11.321091;-16.224911;-21.132078;-19.454973;-16.614069;-11.826628;-7.007390;-2.161976,98.595314;112.244095;125.823792;124.798187;123.864281;123.023224;122.264351;107.621338;93.259468;94.789581;96.172417;97.426979,npp_d20140716_t1803247_e1809051_b14079,152.395,49.3321,10.8509,-78.718,36.1391,84.5206
935,VBD_npp_d20140716_t1804433_x1124614E_y042735S_l0715_s2221_v23,2017-05-23 13:08:46,-4.273537,112.461365,25.4848,2014-07-16 18:04:43,2014-07-17 01:04:43,715,2221,0.418034,1,2529,0.820772,0.227494,0.893449,0.4,0.933262,0.75,0.0454043,0.0001,0.0122765,999999,-6.815984e-02,3,Indonesian Exclusive Economic Zone,WPP712,,SVDNB_npp_d20140716_t1803247_e1809051_b14079_c20140717000905445784_noaa_ops.h5,GDNBO_npp_d20140716_t1803247_e1809051_b14079_c20140717000905445471_noaa_ops.h5,SVI04_npp_d20140716_t1803247_e1809051_b14079_c20140717000905432367_noaa_ops.dspace_rad,VNFF_npp_d20140716_t1803247_e1809051_b14079_v21.csv,World_EEZ_v8_2014.shp,WPP_BFAR_merge.shp,KKP_IDN_merge_20161208.shp,VNF-VBD_npp_20120301-20151231_global_asia-enhanced_c201607211230.bitmask,NCEI_NGA.union.nga_lead2.add_2015ntl.mask,timezone.shp,VBD_platforms-recurring_2015_r20170330.shp,999999,VBD_bridges_c20160811.shp,2.701723;0.592520;-1.537733;-6.424739;-11.321091;-16.224911;-21.132078;-19.454973;-16.614069;-11.826628;-7.007390;-2.161976,98.595314;112.244095;125.823792;124.798187;123.864281;123.023224;122.264351;107.621338;93.259468;94.789581;96.172417;97.426979,npp_d20140716_t1803247_e1809051_b14079,152.609,49.6923,10.8465,-80.2424,36.2106,84.1392
936,VBD_npp_d20140716_t1804344_x1125890E_y037246S_l0631_s2222_v23,2017-05-23 13:08:46,-3.724645,112.588959,21.2245,2014-07-16 18:04:34,2014-07-17 01:04:34,631,2222,0.417205,1,2529,0.626679,0.203517,0.812405,0.4,0.890322,0.75,0.0455375,0.0001,0.0126963,999999,9.360665e-02,3,Indonesian Exclusive Economic Zone,WPP712,,SVDNB_npp_d20140716_t1803247_e1809051_b14079_c20140717000905445784_noaa_ops.h5,GDNBO_npp_d20140716_t1803247_e1809051_b14079_c20140717000905445471_noaa_ops.h5,SVI04_npp_d20140716_t1803247_e1809051_b14079_c20140717000905432367_noaa_ops.dspace_rad,VNFF_npp_d20140716_t1803247_e1809051_b14079_v21.csv,World_EEZ_v8_2014.shp,WPP_BFAR_merge.shp,KKP_IDN_merge_20161208.shp,VNF-VBD_npp_20120301-20151231_global_asia-enhanced_c201607211230.bitmask,NCEI_NGA.union.nga_lead2.add_2015ntl.mask,timezone.shp,VBD_platforms-recurring_2015_r20170330.shp,999999,VBD_bridges_c20160811.shp,2.701723;0.592520;-1.537733;-6.424739;-11.321091;-16.224911;-21.132078;-19.454973;-16.614069;-11.826628;-7.007390;-2.161976,98.595314;112.244095;125.823792;124.798187;123.864281;123.023224;122.264351;107.621338;93.259468;94.789581;96.172417;97.426979,npp_d20140716_t1803247_e1809051_b14079,152.183,49.0021,10.9004,-81.4747,36.0648,84.8858
937,VBD_npp_d20140716_t1804398_x1125249E_y039982S_l0673_s2222_v23,2017-05-23 13:08:46,-3.998225,112.524948,52.4655,2014-07-16 18:04:39,2014-07-17 01:04:39,673,2222,0.422619,1,2529,1.09388,0.222783,0.883763,0.4,0.972451,0.75,0.0454741,0.0001,0.0127391,999999,-3.637333e-02,3,Indonesian Exclusive Economic Zone,WPP712,,SVDNB_npp_d20140716_t1803247_e1809051_b14079_c20140717000905445784_noaa_ops.h5,GDNBO_npp_d20140716_t1803247_e1809051_b14079_c20140717000905445471_noaa_ops.h5,SVI04_npp_d20140716_t1803247_e1809051_b14079_c20140717000905432367_noaa_ops.dspace_rad,VNFF_npp_d20140716_t1803247_e1809051_b14079_v21.csv,World_EEZ_v8_2014.shp,WPP_BFAR_merge.shp,KKP_IDN_merge_20161208.shp,VNF-VBD_npp_20120301-20151231_global_asia-enhanced_c201607211230.bitmask,NCEI_NGA.union.nga_lead2.add_2015ntl.mask,timezone.shp,VBD_platforms-recurring_2015_r20170330.shp,999999,VBD_bridges_c20160811.shp,2.701723;0.592520;-1.537733;-6.424739;-11.321091;-16.224911;-21.132078;-19.454973;-16.614069;-11.826628;-7.007390;-2.161976,98.595314;112.244095;125.823792;124.798187;123.864281;123.023224;122.264351;107.621338;93.259468;94.789581;96.172417;97.426979,npp_d20140716_t1803247_e1809051_b14079,152.393,49.3471,10.9069,-83.298,36.1333,84.512
938,VBD_npp_d20140716_t1805082_x1121391E_y057449S_l0940_s2222_v23,2017-05-23 13:08:46,-5.744873,112.139053,6.48293,2014-07-16 18:05:08,2014-07-17 01:05:08,940,2222,0.419415,1,2529,0.378875,0.206137,0.869958,0.4,0.852104,0.75,0.0450365,0.0001,0.0116399,999999,7.593071e-02,3,Indonesian Exclusive Economic Zone,WPP712,,SVDNB_npp_d20140716_t1803247_e1809051_b14079_c20140717000905445784_noaa_ops.h5,GDNBO_npp_d20140716_t1803247_e1809051_b14079_c20140717000905445471_noaa_ops.h5,SVI04_npp_d20140716_t1803247_e1809051_b14079_c20140717000905432367_noaa_ops.dspace_rad,VNFF_npp_d20140716_t1803247_e1809051_b14079_v21.csv,World_EEZ_v8_2014.shp,WPP_BFAR_merge.shp,KKP_IDN_merge_20161208.shp,VNF-VBD_npp_20120301-20151231_global_asia-enhanced_c201607211230.bitmask,NCEI_NGA.union.nga_lead2.add_2015ntl.mask,timezone.shp,VBD_platforms-recurring_2015_r20170330.shp,999999,VBD_bridges_c20160811.shp,2.701723;0.592520;-1.537733;-6.424739;-11.321091;-16.224911;-21.132078;-19.454973;-16.614069;-11.826628;-7.007390;-2.161976,98.595314;112.244095;125.823792;124.798187;123.864281;123.023224;122.264351;107.621338;93.259468;94.789581;96.172417;97.426979,npp_d20140716_t1803247_e1809051_b14079,153.71,51.6887,10.8993,-79.9561,36.6115,82.169
939,VBD_npp_d20140716_t1805225_x1119619E_y065208S_l1059_s2222_v23,2017-05-23 13:08:46,-6.520809,111.961884,13.419,2014-07-16 18:05:22,2014-07-17 01:05:22,1059,2222,0.417426,8,18913,0.624091,0.242029,0.839368,0.4,0.914673,0.75,0.0449324,0.0001,0.0115495,999999,-1.662209e-01,3,Indonesian Exclusive Economic Zone,WPP712,,SVDNB_npp_d20140716_t1803247_e1809051_b14079_c20140717000905445784_noaa_ops.h5,GDNBO_npp_d20140716_t1803247_e1809051_b14079_c20140717000905445471_noaa_ops.h5,SVI04_npp_d20140716_t1803247_e1809051_b14079_c20140717000905432367_noaa_ops.dspace_rad,VNFF_npp_d20140716_t1803247_e1809051_b14079_v21.csv,World_EEZ_v8_2014.shp,WPP_BFAR_merge.shp,KKP_IDN_merge_20161208.shp,VNF-VBD_npp_20120301-20151231_global_asia-enhanced_c201607211230.bitmask,NCEI_NGA.union.nga_lead2.add_2015ntl.mask,timezone.shp,VBD_platforms-recurring_2015_r20170330.shp,0.0681801,VBD_bridges_c20160811.shp,2.701723;0.592520;-1.537733;-6.424739;-11.321091;-16.224911;-21.132078;-19.454973;-16.614069;-11.826628;-7.007390;-2.161976,98.595314;112.244095;125.823792;124.798187;123.864281;123.023224;122.264351;107.621338;93.259468;94.789581;96.172417;97.426979,npp_d20140716_t1803247_e1809051_b14079,154.277,52.8119,10.9059,-82.7072,36.8454,81.1529
940,VBD_npp_d20140716_t1805100_x1121247E_y058368S_l0954_s2223_v23,2017-05-23 13:08:46,-5.836836,112.124672,8.63246,2014-07-16 18:05:10,2014-07-17 01:05:10,954,2223,0.418255,1,2529,0.453131,0.229294,0.799995,0.4,0.835508,0.75,0.0450169,0.0001,0.0117321,999999,-8.030116e-02,3,Indonesian Exclusive Economic Zone,WPP712,,SVDNB_npp_d20140716_t1803247_e1809051_b14079_c20140717000905445784_noaa_ops.h5,GDNBO_npp_d20140716_t1803247_e1809051_b14079_c20140717000905445471_noaa_ops.h5,SVI04_npp_d20140716_t1803247_e1809051_b14079_c20140717000905432367_noaa_ops.dspace_rad,VNFF_npp_d20140716_t1803247_e1809051_b14079_v21.csv,World_EEZ_v8_2014.shp,WPP_BFAR_merge.shp,KKP_IDN_merge_20161208.shp,VNF-VBD_npp_20120301-20151231_global_asia-enhanced_c201607211230.bitmask,NCEI_NGA.union.nga_lead2.add_2015ntl.mask,timezone.shp,VBD_platforms-recurring_2015_r20170330.shp,999999,VBD_bridges_c20160811.shp,2.701723;0.592520;-1.537733;-6.424739;-11.321091;-16.224911;-21.132078;-19.454973;-16.614069;-11.826628;-7.007390;-2.161976,98.595314;112.244095;125.823792;124.798187;123.864281;123.023224;122.264351;107.621338;93.259468;94.789581;96.172417;97.426979,npp_d20140716_t1803247_e1809051_b14079,153.772,51.8271,10.956,-80.5815,36.6316,82.0457
941,VBD_npp_d20140716_t1804344_x1126033E_y037200S_l0630_s2224_v23,2017-05-23 13:08:46,-3.720005,112.603279,26.4421,2014-07-16 18:04:34,2014-07-17 01:04:34,630,2224,0.420354,8,18913,0.757472,0.207201,0.835445,0.4,0.912949,0.75,0.0455487,0.0001,0.0128803,999999,6.875141e-02,3,Indonesian Exclusive Economic Zone,WPP712,,SVDNB_npp_d20140716_t1803247_e1809051_b14079_c20140717000905445784_noaa_ops.h5,GDNBO_npp_d20140716_t1803247_e1809051_b14079_c20140717000905445471_noaa_ops.h5,SVI04_npp_d20140716_t1803247_e1809051_b14079_c20140717000905432367_noaa_ops.dspace_rad,VNFF_npp_d20140716_t1803247_e1809051_b14079_v21.csv,World_EEZ_v8_2014.shp,WPP_BFAR_merge.shp,KKP_IDN_merge_20161208.shp,VNF-VBD_npp_20120301-20151231_global_asia-enhanced_c201607211230.bitmask,NCEI_NGA.union.nga_lead2.add_2015ntl.mask,timezone.shp,VBD_platforms-recurring_2015_r20170330.shp,0.375327,VBD_bridges_c20160811.shp,2.701723;0.592520;-1.537733;-6.424739;-11.321091;-16.224911;-21.132078;-19.454973;-16.614069;-11.826628;-7.007390;-2.161976,98.595314;112.244095;125.823792;124.798187;123.864281;123.023224;122.264351;107.621338;93.259468;94.789581;96.172417;97.426979,npp_d20140716_t1803247_e1809051_b14079,152.169,49.0122,11.0137,-81.7752,36.0499,84.8896
942,VBD_npp_d20140716_t1804415_x1125036E_y041786S_l0700_s2224_v23,2017-05-23 13:08:46,-4.178591,112.503593,17.5534,2014-07-16 18:04:41,2014-07-17 01:04:41,700,2224,0.416763,1,2529,0.630266,0.241198,0.892659,0.4,0.909544,0.75,0.0454426,0.0001,0.0125169,999999,-1.606160e-01,3,Indonesian Exclusive Economic Zone,WPP712,,SVDNB_npp_d20140716_t1803247_e1809051_b14079_c20140717000905445784_noaa_ops.h5,GDNBO_npp_d20140716_t1803247_e1809051_b14079_c20140717000905445471_noaa_ops.h5,SVI04_npp_d20140716_t1803247_e1809051_b14079_c20140717000905432367_noaa_ops.dspace_rad,VNFF_npp_d20140716_t1803247_e1809051_b14079_v21.csv,World_EEZ_v8_2014.shp,WPP_BFAR_merge.shp,KKP_IDN_merge_20161208.shp,VNF-VBD_npp_20120301-20151231_global_asia-enhanced_c201607211230.bitmask,NCEI_NGA.union.nga_lead2.add_2015ntl.mask,timezone.shp,VBD_platforms-recurring_2015_r20170330.shp,999999,VBD_bridges_c20160811.shp,2.701723;0.592520;-1.537733;-6.424739;-11.321091;-16.224911;-21.132078;-19.454973;-16.614069;-11.826628;-7.007390;-2.161976,98.595314;112.244095;125.823792;124.798187;123.864281;123.023224;122.264351;107.621338;93.259468;94.789581;96.172417;97.426979,npp_d20140716_t1803247_e1809051_b14079,152.521,49.5936,11.0162,-79.9666,36.1655,84.2638
943,VBD_npp_d20140716_t1805136_x1120890E_y060201S_l0982_s2224_v23,2017-05-23 13:08:46,-6.020114,112.089043,6.53195,2014-07-16 18:05:13,2014-07-17 01:05:13,982,2224,0.415713,1,2529,0.377027,0.232565,0.772923,0.4,0.862471,0.75,0.044973,0.0001,0.011842,999999,-1.023723e-01,3,Indonesian Exclusive Economic Zone,WPP712,,SVDNB_npp_d20140716_t1803247_e1809051_b14079_c20140717000905445784_noaa_ops.h5,GDNBO_npp_d20140716_t1803247_e1809051_b14079_c20140717000905445471_noaa_ops.h5,SVI04_npp_d20140716_t1803247_e1809051_b14079_c20140717000905432367_noaa_ops.dspace_rad,VNFF_npp_d20140716_t1803247_e1809051_b14079_v21.csv,World_EEZ_v8_2014.shp,WPP_BFAR_merge.shp,KKP_IDN_merge_20161208.shp,VNF-VBD_npp_20120301-20151231_global_asia-enhanced_c201607211230.bitmask,NCEI_NGA.union.nga_lead2.add_2015ntl.mask,timezone.shp,VBD_platforms-recurring_2015_r20170330.shp,999999,VBD_bridges_c20160811.shp,2.701723;0.592520;-1.537733;-6.424739;-11.321091;-16.224911;-21.132078;-19.454973;-16.614069;-11.826628;-7.007390;-2.161976,98.595314;112.244095;125.823792;124.798187;123.864281;123.023224;122.264351;107.621338;93.259468;94.789581;96.172417;97.426979,npp_d20140716_t1803247_e1809051_b14079,153.901,52.0972,11.015,-81.7953,36.679,81.8026
944,VBD_npp_d20140716_t1805242_x1119378E_y067145S_l1088_s2224_v23,2017-05-23 13:08:46,-6.714528,111.937828,3.77033,2014-07-16 18:05:24,2014-07-17 01:05:24,1088,2224,0.424276,8,18657,0.245597,0.204542,0.632777,0.4,0.791723,0.75,0.0449361,0.0001,0.0111786,999999,8.669128e-02,3,Indonesian Exclusive Economic Zone,WPP712,,SVDNB_npp_d20140716_t1803247_e1809051_b14079_c20140717000905445784_noaa_ops.h5,GDNBO_npp_d20140716_t1803247_e1809051_b14079_c20140717000905445471_noaa_ops.h5,SVI04_npp_d20140716_t1803247_e1809051_b14079_c20140717000905432367_noaa_ops.dspace_rad,VNFF_npp_d20140716_t1803247_e1809051_b14079_v21.csv,World_EEZ_v8_2014.shp,WPP_BFAR_merge.shp,KKP_IDN_merge_20161208.shp,VNF-VBD_npp_20120301-20151231_global_asia-enhanced_c201607211230.bitmask,NCEI_NGA.union.nga_lead2.add_2015ntl.mask,timezone.shp,VBD_platforms-recurring_2015_r20170330.shp,0.228299,VBD_bridges_c20160811.shp,2.701723;0.592520;-1.537733;-6.424739;-11.321091;-16.224911;-21.132078;-19.454973;-16.614069;-11.826628;-7.007390;-2.161976,98.595314;112.244095;125.823792;124.798187;123.864281;123.023224;122.264351;107.621338;93.259468;94.789581;96.172417;97.426979,npp_d20140716_t1803247_e1809051_b14079,154.407,53.115,11.0205,-78.7781,36.8929,80.8975
945,VBD_npp_d20140716_t1804415_x1125190E_y041672S_l0698_s2226_v23,2017-05-23 13:08:46,-4.167238,112.518974,28.9942,2014-07-16 18:04:41,2014-07-17 01:04:41,698,2226,0.418586,8,18913,0.49863,0.230846,0.880981,0.4,0.793749,0.75,0.0454554,0.0001,0.0127317,999999,-9.077202e-02,3,Indonesian Exclusive Economic Zone,WPP712,,SVDNB_npp_d20140716_t1803247_e1809051_b14079_c20140717000905445784_noaa_ops.h5,GDNBO_npp_d20140716_t1803247_e1809051_b14079_c20140717000905445471_noaa_ops.h5,SVI04_npp_d20140716_t1803247_e1809051_b14079_c20140717000905432367_noaa_ops.dspace_rad,VNFF_npp_d20140716_t1803247_e1809051_b14079_v21.csv,World_EEZ_v8_2014.shp,WPP_BFAR_merge.shp,KKP_IDN_merge_20161208.shp,VNF-VBD_npp_20120301-20151231_global_asia-enhanced_c201607211230.bitmask,NCEI_NGA.union.nga_lead2.add_2015ntl.mask,timezone.shp,VBD_platforms-recurring_2015_r20170330.shp,0.821794,VBD_bridges_c20160811.shp,2.701723;0.592520;-1.537733;-6.424739;-11.321091;-16.224911;-21.132078;-19.454973;-16.614069;-11.826628;-7.007390;-2.161976,98.595314;112.244095;125.823792;124.798187;123.864281;123.023224;122.264351;107.621338;93.259468;94.789581;96.172417;97.426979,npp_d20140716_t1803247_e1809051_b14079,152.502,49.595,11.1273,-80.5782,36.1489,84.2763
946,VBD_npp_d20140716_t1804415_x1125235E_y041817S_l0700_s2227_v23,2017-05-23 13:08:46,-4.181725,112.523514,20.227,2014-07-16 18:04:41,2014-07-17 01:04:41,700,2227,0.416708,1,2529,0.70552,0.234789,0.900431,0.4,0.897064,0.75,0.045457,0.0001,0.0127443,999999,-1.173741e-01,3,Indonesian Exclusive Economic Zone,WPP712,,SVDNB_npp_d20140716_t1803247_e1809051_b14079_c20140717000905445784_noaa_ops.h5,GDNBO_npp_d20140716_t1803247_e1809051_b14079_c20140717000905445471_noaa_ops.h5,SVI04_npp_d20140716_t1803247_e1809051_b14079_c20140717000905432367_noaa_ops.dspace_rad,VNFF_npp_d20140716_t1803247_e1809051_b14079_v21.csv,World_EEZ_v8_2014.shp,WPP_BFAR_merge.shp,KKP_IDN_merge_20161208.shp,VNF-VBD_npp_20120301-20151231_global_asia-enhanced_c201607211230.bitmask,NCEI_NGA.union.nga_lead2.add_2015ntl.mask,timezone.shp,VBD_platforms-recurring_2015_r20170330.shp,999999,VBD_bridges_c20160811.shp,2.701723;0.592520;-1.537733;-6.424739;-11.321091;-16.224911;-21.132078;-19.454973;-16.614069;-11.826628;-7.007390;-2.161976,98.595314;112.244095;125.823792;124.798187;123.864281;123.023224;122.264351;107.621338;93.259468;94.789581;96.172417;97.426979,npp_d20140716_t1803247_e1809051_b14079,152.508,49.6215,11.1853,-79.9873,36.1458,84.2552
947,VBD_npp_d20140716_t1804415_x1125347E_y041973S_l0702_s2229_v23,2017-05-23 13:08:46,-4.197264,112.534714,43.2442,2014-07-16 18:04:41,2014-07-17 01:04:41,702,2229,0.418807,1,2529,1.02986,0.235518,0.900431,0.4,0.966083,0.75,0.0454635,0.0001,0.0128318,999999,-1.222953e-01,3,Indonesian Exclusive Economic Zone,WPP712,,SVDNB_npp_d20140716_t1803247_e1809051_b14079_c20140717000905445784_noaa_ops.h5,GDNBO_npp_d20140716_t1803247_e1809051_b14079_c20140717000905445471_noaa_ops.h5,SVI04_npp_d20140716_t1803247_e1809051_b14079_c20140717000905432367_noaa_ops.dspace_rad,VNFF_npp_d20140716_t1803247_e1809051_b14079_v21.csv,World_EEZ_v8_2014.shp,WPP_BFAR_merge.shp,KKP_IDN_merge_20161208.shp,VNF-VBD_npp_20120301-20151231_global_asia-enhanced_c201607211230.bitmask,NCEI_NGA.union.nga_lead2.add_2015ntl.mask,timezone.shp,VBD_platforms-recurring_2015_r20170330.shp,999999,VBD_bridges_c20160811.shp,2.701723;0.592520;-1.537733;-6.424739;-11.321091;-16.224911;-21.132078;-19.454973;-16.614069;-11.826628;-7.007390;-2.161976,98.595314;112.244095;125.823792;124.798187;123.864281;123.023224;122.264351;107.621338;93.259468;94.789581;96.172417;97.426979,npp_d20140716_t1803247_e1809051_b14079,152.51,49.6574,11.3009,-79.4119,36.1361,84.2312
948,VBD_npp_d20140716_t1804362_x1126229E_y038108S_l0643_s2230_v23,2017-05-23 13:08:46,-3.810827,112.622917,28.931,2014-07-16 18:04:36,2014-07-17 01:04:36,643,2230,0.419746,1,2529,0.822858,0.217243,0.867634,0.4,0.935519,0.75,0.045558,0.0001,0.0133966,999999,1.003326e-03,3,Indonesian Exclusive Economic Zone,WPP712,,SVDNB_npp_d20140716_t1803247_e1809051_b14079_c20140717000905445784_noaa_ops.h5,GDNBO_npp_d20140716_t1803247_e1809051_b14079_c20140717000905445471_noaa_ops.h5,SVI04_npp_d20140716_t1803247_e1809051_b14079_c20140717000905432367_noaa_ops.dspace_rad,VNFF_npp_d20140716_t1803247_e1809051_b14079_v21.csv,World_EEZ_v8_2014.shp,WPP_BFAR_merge.shp,KKP_IDN_merge_20161208.shp,VNF-VBD_npp_20120301-20151231_global_asia-enhanced_c201607211230.bitmask,NCEI_NGA.union.nga_lead2.add_2015ntl.mask,timezone.shp,VBD_platforms-recurring_2015_r20170330.shp,999999,VBD_bridges_c20160811.shp,2.701723;0.592520;-1.537733;-6.424739;-11.321091;-16.224911;-21.132078;-19.454973;-16.614069;-11.826628;-7.007390;-2.161976,98.595314;112.244095;125.823792;124.798187;123.864281;123.023224;122.264351;107.621338;93.259468;94.789581;96.172417;97.426979,npp_d20140716_t1803247_e1809051_b14079,152.208,49.1741,11.3557,-82.6339,36.0312,84.7573
949,VBD_npp_d20140716_t1805047_x1122457E_y055038S_l0902_s2230_v23,2017-05-23 13:08:46,-5.503830,112.245728,6.1303,2014-07-16 18:05:04,2014-07-17 01:05:04,902,2230,0.41947,1,2529,0.375035,0.176313,0.78215,0.4,0.853314,0.75,0.0451413,0.0001,0.0125301,999999,2.771426e-01,3,Indonesian Exclusive Economic Zone,WPP712,,SVDNB_npp_d20140716_t1803247_e1809051_b14079_c20140717000905445784_noaa_ops.h5,GDNBO_npp_d20140716_t1803247_e1809051_b14079_c20140717000905445471_noaa_ops.h5,SVI04_npp_d20140716_t1803247_e1809051_b14079_c20140717000905432367_noaa_ops.dspace_rad,VNFF_npp_d20140716_t1803247_e1809051_b14079_v21.csv,World_EEZ_v8_2014.shp,WPP_BFAR_merge.shp,KKP_IDN_merge_20161208.shp,VNF-VBD_npp_20120301-20151231_global_asia-enhanced_c201607211230.bitmask,NCEI_NGA.union.nga_lead2.add_2015ntl.mask,timezone.shp,VBD_platforms-recurring_2015_r20170330.shp,999999,VBD_bridges_c20160811.shp,2.701723;0.592520;-1.537733;-6.424739;-11.321091;-16.224911;-21.132078;-19.454973;-16.614069;-11.826628;-7.007390;-2.161976,98.595314;112.244095;125.823792;124.798187;123.864281;123.023224;122.264351;107.621338;93.259468;94.789581;96.172417;97.426979,npp_d20140716_t1803247_e1809051_b14079,153.488,51.414,11.352,-81.7698,36.4864,82.4726
950,VBD_npp_d20140716_t1804415_x1125564E_y041455S_l0694_s2231_v23,2017-05-23 13:08:46,-4.145550,112.556412,13.732,2014-07-16 18:04:41,2014-07-17 01:04:41,694,2231,0.419746,1,2529,0.617592,0.213521,0.878055,0.4,0.914297,0.75,0.0454858,0.0001,0.0132454,999999,2.611273e-02,3,Indonesian Exclusive Economic Zone,WPP712,,SVDNB_npp_d20140716_t1803247_e1809051_b14079_c20140717000905445784_noaa_ops.h5,GDNBO_npp_d20140716_t1803247_e1809051_b14079_c20140717000905445471_noaa_ops.h5,SVI04_npp_d20140716_t1803247_e1809051_b14079_c20140717000905432367_noaa_ops.dspace_rad,VNFF_npp_d20140716_t1803247_e1809051_b14079_v21.csv,World_EEZ_v8_2014.shp,WPP_BFAR_merge.shp,KKP_IDN_merge_20161208.shp,VNF-VBD_npp_20120301-20151231_global_asia-enhanced_c201607211230.bitmask,NCEI_NGA.union.nga_lead2.add_2015ntl.mask,timezone.shp,VBD_platforms-recurring_2015_r20170330.shp,999999,VBD_bridges_c20160811.shp,2.701723;0.592520;-1.537733;-6.424739;-11.321091;-16.224911;-21.132078;-19.454973;-16.614069;-11.826628;-7.007390;-2.161976,98.595314;112.244095;125.823792;124.798187;123.864281;123.023224;122.264351;107.621338;93.259468;94.789581;96.172417;97.426979,npp_d20140716_t1803247_e1809051_b14079,152.46,49.6071,11.4096,-81.7636,36.109,84.2986
951,VBD_npp_d20140716_t1805064_x1122265E_y056708S_l0927_s2232_v23,2017-05-23 13:08:46,-5.670819,112.226501,12.2316,2014-07-16 18:05:06,2014-07-17 01:05:06,927,2232,0.418697,1,2529,0.58749,0.21905,0.845501,0.4,0.916122,0.75,0.0451074,0.0001,0.0123117,999999,-1.118975e-02,3,Indonesian Exclusive Economic Zone,WPP712,,SVDNB_npp_d20140716_t1803247_e1809051_b14079_c20140717000905445784_noaa_ops.h5,GDNBO_npp_d20140716_t1803247_e1809051_b14079_c20140717000905445471_noaa_ops.h5,SVI04_npp_d20140716_t1803247_e1809051_b14079_c20140717000905432367_noaa_ops.dspace_rad,VNFF_npp_d20140716_t1803247_e1809051_b14079_v21.csv,World_EEZ_v8_2014.shp,WPP_BFAR_merge.shp,KKP_IDN_merge_20161208.shp,VNF-VBD_npp_20120301-20151231_global_asia-enhanced_c201607211230.bitmask,NCEI_NGA.union.nga_lead2.add_2015ntl.mask,timezone.shp,VBD_platforms-recurring_2015_r20170330.shp,999999,VBD_bridges_c20160811.shp,2.701723;0.592520;-1.537733;-6.424739;-11.321091;-16.224911;-21.132078;-19.454973;-16.614069;-11.826628;-7.007390;-2.161976,98.595314;112.244095;125.823792;124.798187;123.864281;123.023224;122.264351;107.621338;93.259468;94.789581;96.172417;97.426979,npp_d20140716_t1803247_e1809051_b14079,153.601,51.6632,11.4724,-79.1654,36.521,82.2474
952,VBD_npp_d20140716_t1805136_x1121403E_y060419S_l0984_s2232_v23,2017-05-23 13:08:46,-6.041868,112.140312,6.3802,2014-07-16 18:05:13,2014-07-17 01:05:13,984,2232,0.420022,1,2529,0.375674,0.207946,0.768671,0.4,0.858519,0.75,0.0450082,0.0001,0.0123518,999999,6.372601e-02,3,Indonesian Exclusive Economic Zone,WPP712,,SVDNB_npp_d20140716_t1803247_e1809051_b14079_c20140717000905445784_noaa_ops.h5,GDNBO_npp_d20140716_t1803247_e1809051_b14079_c20140717000905445471_noaa_ops.h5,SVI04_npp_d20140716_t1803247_e1809051_b14079_c20140717000905432367_noaa_ops.dspace_rad,VNFF_npp_d20140716_t1803247_e1809051_b14079_v21.csv,World_EEZ_v8_2014.shp,WPP_BFAR_merge.shp,KKP_IDN_merge_20161208.shp,VNF-VBD_npp_20120301-20151231_global_asia-enhanced_c201607211230.bitmask,NCEI_NGA.union.nga_lead2.add_2015ntl.mask,timezone.shp,VBD_platforms-recurring_2015_r20170330.shp,999999,VBD_bridges_c20160811.shp,2.701723;0.592520;-1.537733;-6.424739;-11.321091;-16.224911;-21.132078;-19.454973;-16.614069;-11.826628;-7.007390;-2.161976,98.595314;112.244095;125.823792;124.798187;123.864281;123.023224;122.264351;107.621338;93.259468;94.789581;96.172417;97.426979,npp_d20140716_t1803247_e1809051_b14079,153.874,52.1907,11.4656,-81.2003,36.631,81.7576
953,VBD_npp_d20140716_t1805118_x1121680E_y059520S_l0970_s2233_v23,2017-05-23 13:08:46,-5.952004,112.167999,9.49033,2014-07-16 18:05:11,2014-07-17 01:05:11,970,2233,0.415824,1,2529,0.493551,0.248153,0.825516,0.4,0.889947,0.75,0.0450374,0.0001,0.0124023,999999,-2.075360e-01,3,Indonesian Exclusive Economic Zone,WPP712,,SVDNB_npp_d20140716_t1803247_e1809051_b14079_c20140717000905445784_noaa_ops.h5,GDNBO_npp_d20140716_t1803247_e1809051_b14079_c20140717000905445471_noaa_ops.h5,SVI04_npp_d20140716_t1803247_e1809051_b14079_c20140717000905432367_noaa_ops.dspace_rad,VNFF_npp_d20140716_t1803247_e1809051_b14079_v21.csv,World_EEZ_v8_2014.shp,WPP_BFAR_merge.shp,KKP_IDN_merge_20161208.shp,VNF-VBD_npp_20120301-20151231_global_asia-enhanced_c201607211230.bitmask,NCEI_NGA.union.nga_lead2.add_2015ntl.mask,timezone.shp,VBD_platforms-recurring_2015_r20170330.shp,999999,VBD_bridges_c20160811.shp,2.701723;0.592520;-1.537733;-6.424739;-11.321091;-16.224911;-21.132078;-19.454973;-16.614069;-11.826628;-7.007390;-2.161976,98.595314;112.244095;125.823792;124.798187;123.864281;123.023224;122.264351;107.621338;93.259468;94.789581;96.172417;97.426979,npp_d20140716_t1803247_e1809051_b14079,153.803,52.0693,11.5204,-80.6139,36.5975,81.8739
954,VBD_npp_d20140716_t1805189_x1120776E_y063500S_l1031_s2233_v23,2017-05-23 13:08:46,-6.349990,112.077644,6.18585,2014-07-16 18:05:18,2014-07-17 01:05:18,1031,2233,0.420299,1,2529,0.378027,0.221994,0.75935,0.4,0.798322,0.75,0.0449911,0.0001,0.0122974,999999,-3.105155e-02,3,Indonesian Exclusive Economic Zone,WPP712,,SVDNB_npp_d20140716_t1803247_e1809051_b14079_c20140717000905445784_noaa_ops.h5,GDNBO_npp_d20140716_t1803247_e1809051_b14079_c20140717000905445471_noaa_ops.h5,SVI04_npp_d20140716_t1803247_e1809051_b14079_c20140717000905432367_noaa_ops.dspace_rad,VNFF_npp_d20140716_t1803247_e1809051_b14079_v21.csv,World_EEZ_v8_2014.shp,WPP_BFAR_merge.shp,KKP_IDN_merge_20161208.shp,VNF-VBD_npp_20120301-20151231_global_asia-enhanced_c201607211230.bitmask,NCEI_NGA.union.nga_lead2.add_2015ntl.mask,timezone.shp,VBD_platforms-recurring_2015_r20170330.shp,999999,VBD_bridges_c20160811.shp,2.701723;0.592520;-1.537733;-6.424739;-11.321091;-16.224911;-21.132078;-19.454973;-16.614069;-11.826628;-7.007390;-2.161976,98.595314;112.244095;125.823792;124.798187;123.864281;123.023224;122.264351;107.621338;93.259468;94.789581;96.172417;97.426979,npp_d20140716_t1803247_e1809051_b14079,154.094,52.6451,11.5203,-81.4827,36.718,81.3516
955,VBD_npp_d20140716_t1804433_x1125572E_y042265S_l0706_s2234_v23,2017-05-23 13:08:46,-4.226536,112.557220,12.7862,2014-07-16 18:04:43,2014-07-17 01:04:43,706,2234,0.41726,1,2529,0.587622,0.22445,0.890073,0.4,0.91289,0.75,0.0454813,0.0001,0.0135624,999999,-4.762269e-02,3,Indonesian Exclusive Economic Zone,WPP712,,SVDNB_npp_d20140716_t1803247_e1809051_b14079_c20140717000905445784_noaa_ops.h5,GDNBO_npp_d20140716_t1803247_e1809051_b14079_c20140717000905445471_noaa_ops.h5,SVI04_npp_d20140716_t1803247_e1809051_b14079_c20140717000905432367_noaa_ops.dspace_rad,VNFF_npp_d20140716_t1803247_e1809051_b14079_v21.csv,World_EEZ_v8_2014.shp,WPP_BFAR_merge.shp,KKP_IDN_merge_20161208.shp,VNF-VBD_npp_20120301-20151231_global_asia-enhanced_c201607211230.bitmask,NCEI_NGA.union.nga_lead2.add_2015ntl.mask,timezone.shp,VBD_platforms-recurring_2015_r20170330.shp,999999,VBD_bridges_c20160811.shp,2.701723;0.592520;-1.537733;-6.424739;-11.321091;-16.224911;-21.132078;-19.454973;-16.614069;-11.826628;-7.007390;-2.161976,98.595314;112.244095;125.823792;124.798187;123.864281;123.023224;122.264351;107.621338;93.259468;94.789581;96.172417;97.426979,npp_d20140716_t1803247_e1809051_b14079,152.506,49.7352,11.5839,-82.8988,36.1092,84.1839
956,VBD_npp_d20140716_t1804451_x1125198E_y044183S_l0735_s2234_v23,2017-05-23 13:08:46,-4.418309,112.519821,35.5818,2014-07-16 18:04:45,2014-07-17 01:04:45,735,2234,0.414498,1,2529,0.928816,0.216982,0.84055,0.4,0.952858,0.75,0.0454352,0.0001,0.0130778,999999,2.761769e-03,3,Indonesian Exclusive Economic Zone,WPP712,,SVDNB_npp_d20140716_t1803247_e1809051_b14079_c20140717000905445784_noaa_ops.h5,GDNBO_npp_d20140716_t1803247_e1809051_b14079_c20140717000905445471_noaa_ops.h5,SVI04_npp_d20140716_t1803247_e1809051_b14079_c20140717000905432367_noaa_ops.dspace_rad,VNFF_npp_d20140716_t1803247_e1809051_b14079_v21.csv,World_EEZ_v8_2014.shp,WPP_BFAR_merge.shp,KKP_IDN_merge_20161208.shp,VNF-VBD_npp_20120301-20151231_global_asia-enhanced_c201607211230.bitmask,NCEI_NGA.union.nga_lead2.add_2015ntl.mask,timezone.shp,VBD_platforms-recurring_2015_r20170330.shp,999999,VBD_bridges_c20160811.shp,2.701723;0.592520;-1.537733;-6.424739;-11.321091;-16.224911;-21.132078;-19.454973;-16.614069;-11.826628;-7.007390;-2.161976,98.595314;112.244095;125.823792;124.798187;123.864281;123.023224;122.264351;107.621338;93.259468;94.789581;96.172417;97.426979,npp_d20140716_t1803247_e1809051_b14079,152.652,49.9828,11.5814,-79.172,36.1598,83.9235
957,VBD_npp_d20140716_t1804398_x1125988E_y040924S_l0685_s2235_v23,2017-05-23 13:08:46,-4.092418,112.598778,14.0345,2014-07-16 18:04:39,2014-07-17 01:04:39,685,2235,0.421569,1,2529,0.628688,0.208292,0.881357,0.4,0.913554,0.75,0.0455187,0.0001,0.0133735,999999,6.139407e-02,3,Indonesian Exclusive Economic Zone,WPP712,,SVDNB_npp_d20140716_t1803247_e1809051_b14079_c20140717000905445784_noaa_ops.h5,GDNBO_npp_d20140716_t1803247_e1809051_b14079_c20140717000905445471_noaa_ops.h5,SVI04_npp_d20140716_t1803247_e1809051_b14079_c20140717000905432367_noaa_ops.dspace_rad,VNFF_npp_d20140716_t1803247_e1809051_b14079_v21.csv,World_EEZ_v8_2014.shp,WPP_BFAR_merge.shp,KKP_IDN_merge_20161208.shp,VNF-VBD_npp_20120301-20151231_global_asia-enhanced_c201607211230.bitmask,NCEI_NGA.union.nga_lead2.add_2015ntl.mask,timezone.shp,VBD_platforms-recurring_2015_r20170330.shp,999999,VBD_bridges_c20160811.shp,2.701723;0.592520;-1.537733;-6.424739;-11.321091;-16.224911;-21.132078;-19.454973;-16.614069;-11.826628;-7.007390;-2.161976,98.595314;112.244095;125.823792;124.798187;123.864281;123.023224;122.264351;107.621338;93.259468;94.789581;96.172417;97.426979,npp_d20140716_t1803247_e1809051_b14079,152.399,49.5704,11.6354,-79.7443,36.0682,84.3655
958,VBD_npp_d20140716_t1805136_x1121530E_y060921S_l0991_s2235_v23,2017-05-23 13:08:46,-6.092128,112.153015,9.70905,2014-07-16 18:05:13,2014-07-17 01:05:13,991,2235,0.417039,1,2529,0.50699,0.234626,0.75987,0.4,0.902065,0.75,0.0450105,0.0001,0.0123133,999999,-1.162738e-01,3,Indonesian Exclusive Economic Zone,WPP712,,SVDNB_npp_d20140716_t1803247_e1809051_b14079_c20140717000905445784_noaa_ops.h5,GDNBO_npp_d20140716_t1803247_e1809051_b14079_c20140717000905445471_noaa_ops.h5,SVI04_npp_d20140716_t1803247_e1809051_b14079_c20140717000905432367_noaa_ops.dspace_rad,VNFF_npp_d20140716_t1803247_e1809051_b14079_v21.csv,World_EEZ_v8_2014.shp,WPP_BFAR_merge.shp,KKP_IDN_merge_20161208.shp,VNF-VBD_npp_20120301-20151231_global_asia-enhanced_c201607211230.bitmask,NCEI_NGA.union.nga_lead2.add_2015ntl.mask,timezone.shp,VBD_platforms-recurring_2015_r20170330.shp,999999,VBD_bridges_c20160811.shp,2.701723;0.592520;-1.537733;-6.424739;-11.321091;-16.224911;-21.132078;-19.454973;-16.614069;-11.826628;-7.007390;-2.161976,98.595314;112.244095;125.823792;124.798187;123.864281;123.023224;122.264351;107.621338;93.259468;94.789581;96.172417;97.426979,npp_d20140716_t1803247_e1809051_b14079,153.895,52.2862,11.6413,-79.2013,36.6256,81.6854
959,VBD_npp_d20140716_t1804415_x1126073E_y041259S_l0690_s2238_v23,2017-05-23 13:08:46,-4.125893,112.607269,36.7311,2014-07-16 18:04:41,2014-07-17 01:04:41,690,2238,0.420575,1,2529,0.947658,0.204691,0.902858,0.4,0.962269,0.75,0.0455256,0.0001,0.0139318,999999,8.568928e-02,3,Indonesian Exclusive Economic Zone,WPP712,,SVDNB_npp_d20140716_t1803247_e1809051_b14079_c20140717000905445784_noaa_ops.h5,GDNBO_npp_d20140716_t1803247_e1809051_b14079_c20140717000905445471_noaa_ops.h5,SVI04_npp_d20140716_t1803247_e1809051_b14079_c20140717000905432367_noaa_ops.dspace_rad,VNFF_npp_d20140716_t1803247_e1809051_b14079_v21.csv,World_EEZ_v8_2014.shp,WPP_BFAR_merge.shp,KKP_IDN_merge_20161208.shp,VNF-VBD_npp_20120301-20151231_global_asia-enhanced_c201607211230.bitmask,NCEI_NGA.union.nga_lead2.add_2015ntl.mask,timezone.shp,VBD_platforms-recurring_2015_r20170330.shp,999999,VBD_bridges_c20160811.shp,2.701723;0.592520;-1.537733;-6.424739;-11.321091;-16.224911;-21.132078;-19.454973;-16.614069;-11.826628;-7.007390;-2.161976,98.595314;112.244095;125.823792;124.798187;123.864281;123.023224;122.264351;107.621338;93.259468;94.789581;96.172417;97.426979,npp_d20140716_t1803247_e1809051_b14079,152.408,49.6377,11.8092,-82.8783,36.0558,84.3153
960,VBD_npp_d20140716_t1804451_x1125570E_y043552S_l0725_s2238_v23,2017-05-23 13:08:46,-4.355164,112.556999,118.036,2014-07-16 18:04:45,2014-07-17 01:04:45,725,2238,0.414498,8,18849,0.451042,0.2152,0.847126,0.4,0.743014,0.75,0.0454704,0.0001,0.0137308,999999,1.478641e-02,3,Indonesian Exclusive Economic Zone,WPP712,,SVDNB_npp_d20140716_t1803247_e1809051_b14079_c20140717000905445784_noaa_ops.h5,GDNBO_npp_d20140716_t1803247_e1809051_b14079_c20140717000905445471_noaa_ops.h5,SVI04_npp_d20140716_t1803247_e1809051_b14079_c20140717000905432367_noaa_ops.dspace_rad,VNFF_npp_d20140716_t1803247_e1809051_b14079_v21.csv,World_EEZ_v8_2014.shp,WPP_BFAR_merge.shp,KKP_IDN_merge_20161208.shp,VNF-VBD_npp_20120301-20151231_global_asia-enhanced_c201607211230.bitmask,NCEI_NGA.union.nga_lead2.add_2015ntl.mask,timezone.shp,VBD_platforms-recurring_2015_r20170330.shp,0.704429,VBD_bridges_c20160811.shp,2.701723;0.592520;-1.537733;-6.424739;-11.321091;-16.224911;-21.132078;-19.454973;-16.614069;-11.826628;-7.007390;-2.161976,98.595314;112.244095;125.823792;124.798187;123.864281;123.023224;122.264351;107.621338;93.259468;94.789581;96.172417;97.426979,npp_d20140716_t1803247_e1809051_b14079,152.583,49.9327,11.802,-82.034,36.1157,84.0031
961,VBD_npp_d20140716_t1804451_x1125528E_y043821S_l0729_s2238_v23,2017-05-23 13:08:46,-4.382103,112.552795,41.16,2014-07-16 18:04:45,2014-07-17 01:04:45,729,2238,0.414056,1,2529,0.599606,0.213762,0.847547,0.4,0.832352,0.75,0.0454641,0.0001,0.0135953,999999,2.448779e-02,3,Indonesian Exclusive Economic Zone,WPP712,,SVDNB_npp_d20140716_t1803247_e1809051_b14079_c20140717000905445784_noaa_ops.h5,GDNBO_npp_d20140716_t1803247_e1809051_b14079_c20140717000905445471_noaa_ops.h5,SVI04_npp_d20140716_t1803247_e1809051_b14079_c20140717000905432367_noaa_ops.dspace_rad,VNFF_npp_d20140716_t1803247_e1809051_b14079_v21.csv,World_EEZ_v8_2014.shp,WPP_BFAR_merge.shp,KKP_IDN_merge_20161208.shp,VNF-VBD_npp_20120301-20151231_global_asia-enhanced_c201607211230.bitmask,NCEI_NGA.union.nga_lead2.add_2015ntl.mask,timezone.shp,VBD_platforms-recurring_2015_r20170330.shp,999999,VBD_bridges_c20160811.shp,2.701723;0.592520;-1.537733;-6.424739;-11.321091;-16.224911;-21.132078;-19.454973;-16.614069;-11.826628;-7.007390;-2.161976,98.595314;112.244095;125.823792;124.798187;123.864281;123.023224;122.264351;107.621338;93.259468;94.789581;96.172417;97.426979,npp_d20140716_t1803247_e1809051_b14079,152.604,49.9676,11.8006,-80.9058,36.1228,83.9665
962,VBD_npp_d20140716_t1804451_x1125658E_y043427S_l0723_s2239_v23,2017-05-23 13:08:46,-4.342731,112.565773,51.0224,2014-07-16 18:04:45,2014-07-17 01:04:45,723,2239,0.412233,7,2465,0.37662,0.210264,0.865326,0.4,0.695145,0.75,0.0454784,0.0001,0.0138777,999999,4.808580e-02,3,,,,SVDNB_npp_d20140716_t1803247_e1809051_b14079_c20140717000905445784_noaa_ops.h5,GDNBO_npp_d20140716_t1803247_e1809051_b14079_c20140717000905445471_noaa_ops.h5,SVI04_npp_d20140716_t1803247_e1809051_b14079_c20140717000905432367_noaa_ops.dspace_rad,VNFF_npp_d20140716_t1803247_e1809051_b14079_v21.csv,World_EEZ_v8_2014.shp,WPP_BFAR_merge.shp,KKP_IDN_merge_20161208.shp,VNF-VBD_npp_20120301-20151231_global_asia-enhanced_c201607211230.bitmask,NCEI_NGA.union.nga_lead2.add_2015ntl.mask,timezone.shp,VBD_platforms-recurring_2015_r20170330.shp,999999,VBD_bridges_c20160811.shp,2.701723;0.592520;-1.537733;-6.424739;-11.321091;-16.224911;-21.132078;-19.454973;-16.614069;-11.826628;-7.007390;-2.161976,98.595314;112.244095;125.823792;124.798187;123.864281;123.023224;122.264351;107.621338;93.259468;94.789581;96.172417;97.426979,npp_d20140716_t1803247_e1809051_b14079,152.568,49.9246,11.8608,-82.5924,36.1056,84.0184
963,VBD_npp_d20140716_t1804451_x1125584E_y043899S_l0730_s2239_v23,2017-05-23 13:08:46,-4.389884,112.558426,24.4099,2014-07-16 18:04:45,2014-07-17 01:04:45,730,2239,0.376103,1,2529,0.511961,0.247086,0.86213,0.4,0.77614,0.75,0.0454673,0.0001,0.0136399,999999,-2.003383e-01,3,Indonesian Exclusive Economic Zone,WPP712,,SVDNB_npp_d20140716_t1803247_e1809051_b14079_c20140717000905445784_noaa_ops.h5,GDNBO_npp_d20140716_t1803247_e1809051_b14079_c20140717000905445471_noaa_ops.h5,SVI04_npp_d20140716_t1803247_e1809051_b14079_c20140717000905432367_noaa_ops.dspace_rad,VNFF_npp_d20140716_t1803247_e1809051_b14079_v21.csv,World_EEZ_v8_2014.shp,WPP_BFAR_merge.shp,KKP_IDN_merge_20161208.shp,VNF-VBD_npp_20120301-20151231_global_asia-enhanced_c201607211230.bitmask,NCEI_NGA.union.nga_lead2.add_2015ntl.mask,timezone.shp,VBD_platforms-recurring_2015_r20170330.shp,999999,VBD_bridges_c20160811.shp,2.701723;0.592520;-1.537733;-6.424739;-11.321091;-16.224911;-21.132078;-19.454973;-16.614069;-11.826628;-7.007390;-2.161976,98.595314;112.244095;125.823792;124.798187;123.864281;123.023224;122.264351;107.621338;93.259468;94.789581;96.172417;97.426979,npp_d20140716_t1803247_e1809051_b14079,152.604,49.9856,11.8574,-80.6273,36.118,83.9544
964,VBD_npp_d20140716_t1805153_x1121680E_y061270S_l0996_s2239_v23,2017-05-23 13:08:46,-6.126975,112.167999,8.6649,2014-07-16 18:05:15,2014-07-17 01:05:15,996,2239,0.417868,1,2529,0.467941,0.218542,0.741814,0.4,0.888634,0.75,0.0450273,0.0001,0.0129638,999999,-7.758311e-03,3,Indonesian Exclusive Economic Zone,WPP712,,SVDNB_npp_d20140716_t1803247_e1809051_b14079_c20140717000905445784_noaa_ops.h5,GDNBO_npp_d20140716_t1803247_e1809051_b14079_c20140717000905445471_noaa_ops.h5,SVI04_npp_d20140716_t1803247_e1809051_b14079_c20140717000905432367_noaa_ops.dspace_rad,VNFF_npp_d20140716_t1803247_e1809051_b14079_v21.csv,World_EEZ_v8_2014.shp,WPP_BFAR_merge.shp,KKP_IDN_merge_20161208.shp,VNF-VBD_npp_20120301-20151231_global_asia-enhanced_c201607211230.bitmask,NCEI_NGA.union.nga_lead2.add_2015ntl.mask,timezone.shp,VBD_platforms-recurring_2015_r20170330.shp,999999,VBD_bridges_c20160811.shp,2.701723;0.592520;-1.537733;-6.424739;-11.321091;-16.224911;-21.132078;-19.454973;-16.614069;-11.826628;-7.007390;-2.161976,98.595314;112.244095;125.823792;124.798187;123.864281;123.023224;122.264351;107.621338;93.259468;94.789581;96.172417;97.426979,npp_d20140716_t1803247_e1809051_b14079,153.899,52.3679,11.8635,-82.3221,36.6087,81.6311
965,VBD_npp_d20140716_t1804433_x1125857E_y043069S_l0717_s2240_v23,2017-05-23 13:08:46,-4.306864,112.585701,15.1441,2014-07-16 18:04:43,2014-07-17 01:04:43,717,2240,0.414885,1,2529,0.606228,0.225533,0.853234,0.4,0.894428,0.75,0.0454928,0.0001,0.0136693,999999,-5.492577e-02,3,Indonesian Exclusive Economic Zone,WPP712,,SVDNB_npp_d20140716_t1803247_e1809051_b14079_c20140717000905445784_noaa_ops.h5,GDNBO_npp_d20140716_t1803247_e1809051_b14079_c20140717000905445471_noaa_ops.h5,SVI04_npp_d20140716_t1803247_e1809051_b14079_c20140717000905432367_noaa_ops.dspace_rad,VNFF_npp_d20140716_t1803247_e1809051_b14079_v21.csv,World_EEZ_v8_2014.shp,WPP_BFAR_merge.shp,KKP_IDN_merge_20161208.shp,VNF-VBD_npp_20120301-20151231_global_asia-enhanced_c201607211230.bitmask,NCEI_NGA.union.nga_lead2.add_2015ntl.mask,timezone.shp,VBD_platforms-recurring_2015_r20170330.shp,999999,VBD_bridges_c20160811.shp,2.701723;0.592520;-1.537733;-6.424739;-11.321091;-16.224911;-21.132078;-19.454973;-16.614069;-11.826628;-7.007390;-2.161976,98.595314;112.244095;125.823792;124.798187;123.864281;123.023224;122.264351;107.621338;93.259468;94.789581;96.172417;97.426979,npp_d20140716_t1803247_e1809051_b14079,152.536,49.8863,11.9201,-79.7833,36.0889,84.0658
966,VBD_npp_d20140716_t1804451_x1125735E_y043370S_l0722_s2240_v23,2017-05-23 13:08:46,-4.337032,112.573502,54.1674,2014-07-16 18:04:45,2014-07-17 01:04:45,722,2240,0.410962,1,2529,0.870827,0.231765,0.861794,0.4,0.779303,0.75,0.0454848,0.0001,0.0139918,999999,-9.697138e-02,3,Indonesian Exclusive Economic Zone,WPP712,,SVDNB_npp_d20140716_t1803247_e1809051_b14079_c20140717000905445784_noaa_ops.h5,GDNBO_npp_d20140716_t1803247_e1809051_b14079_c20140717000905445471_noaa_ops.h5,SVI04_npp_d20140716_t1803247_e1809051_b14079_c20140717000905432367_noaa_ops.dspace_rad,VNFF_npp_d20140716_t1803247_e1809051_b14079_v21.csv,World_EEZ_v8_2014.shp,WPP_BFAR_merge.shp,KKP_IDN_merge_20161208.shp,VNF-VBD_npp_20120301-20151231_global_asia-enhanced_c201607211230.bitmask,NCEI_NGA.union.nga_lead2.add_2015ntl.mask,timezone.shp,VBD_platforms-recurring_2015_r20170330.shp,999999,VBD_bridges_c20160811.shp,2.701723;0.592520;-1.537733;-6.424739;-11.321091;-16.224911;-21.132078;-19.454973;-16.614069;-11.826628;-7.007390;-2.161976,98.595314;112.244095;125.823792;124.798187;123.864281;123.023224;122.264351;107.621338;93.259468;94.789581;96.172417;97.426979,npp_d20140716_t1803247_e1809051_b14079,152.559,49.9251,11.9188,-82.8661,36.0972,84.0247
967,VBD_npp_d20140716_t1804433_x1125903E_y043214S_l0719_s2241_v23,2017-05-23 13:08:46,-4.321392,112.590286,31.8204,2014-07-16 18:04:43,2014-07-17 01:04:43,719,2241,0.414829,1,2529,0.840573,0.254003,0.861794,0.4,0.942351,0.75,0.0454944,0.0001,0.0136774,999999,-2.470068e-01,3,Indonesian Exclusive Economic Zone,WPP712,,SVDNB_npp_d20140716_t1803247_e1809051_b14079_c20140717000905445784_noaa_ops.h5,GDNBO_npp_d20140716_t1803247_e1809051_b14079_c20140717000905445471_noaa_ops.h5,SVI04_npp_d20140716_t1803247_e1809051_b14079_c20140717000905432367_noaa_ops.dspace_rad,VNFF_npp_d20140716_t1803247_e1809051_b14079_v21.csv,World_EEZ_v8_2014.shp,WPP_BFAR_merge.shp,KKP_IDN_merge_20161208.shp,VNF-VBD_npp_20120301-20151231_global_asia-enhanced_c201607211230.bitmask,NCEI_NGA.union.nga_lead2.add_2015ntl.mask,timezone.shp,VBD_platforms-recurring_2015_r20170330.shp,999999,VBD_bridges_c20160811.shp,2.701723;0.592520;-1.537733;-6.424739;-11.321091;-16.224911;-21.132078;-19.454973;-16.614069;-11.826628;-7.007390;-2.161976,98.595314;112.244095;125.823792;124.798187;123.864281;123.023224;122.264351;107.621338;93.259468;94.789581;96.172417;97.426979,npp_d20140716_t1803247_e1809051_b14079,152.542,49.913,11.9797,-79.2346,36.0858,84.0445
968,VBD_npp_d20140716_t1804451_x1125770E_y043583S_l0725_s2241_v23,2017-05-23 13:08:46,-4.358284,112.577034,17.046,2014-07-16 18:04:45,2014-07-17 01:04:45,725,2241,0.414222,7,2209,0.248659,0.204151,0.865326,0.4,0.637003,0.75,0.0454849,0.0001,0.0139713,999999,8.933162e-02,3,,,,SVDNB_npp_d20140716_t1803247_e1809051_b14079_c20140717000905445784_noaa_ops.h5,GDNBO_npp_d20140716_t1803247_e1809051_b14079_c20140717000905445471_noaa_ops.h5,SVI04_npp_d20140716_t1803247_e1809051_b14079_c20140717000905432367_noaa_ops.dspace_rad,VNFF_npp_d20140716_t1803247_e1809051_b14079_v21.csv,World_EEZ_v8_2014.shp,WPP_BFAR_merge.shp,KKP_IDN_merge_20161208.shp,VNF-VBD_npp_20120301-20151231_global_asia-enhanced_c201607211230.bitmask,NCEI_NGA.union.nga_lead2.add_2015ntl.mask,timezone.shp,VBD_platforms-recurring_2015_r20170330.shp,999999,VBD_bridges_c20160811.shp,2.701723;0.592520;-1.537733;-6.424739;-11.321091;-16.224911;-21.132078;-19.454973;-16.614069;-11.826628;-7.007390;-2.161976,98.595314;112.244095;125.823792;124.798187;123.864281;123.023224;122.264351;107.621338;93.259468;94.789581;96.172417;97.426979,npp_d20140716_t1803247_e1809051_b14079,152.57,49.9606,11.9713,-82.0249,36.0959,83.9943
969,VBD_npp_d20140716_t1804451_x1125718E_y043920S_l0730_s2241_v23,2017-05-23 13:08:46,-4.391978,112.571785,35.2248,2014-07-16 18:04:45,2014-07-17 01:04:45,730,2241,0.41052,1,2529,0.74671,0.229561,0.86213,0.4,0.879176,0.75,0.0454769,0.0001,0.0137985,999999,-8.209990e-02,3,Indonesian Exclusive Economic Zone,WPP712,,SVDNB_npp_d20140716_t1803247_e1809051_b14079_c20140717000905445784_noaa_ops.h5,GDNBO_npp_d20140716_t1803247_e1809051_b14079_c20140717000905445471_noaa_ops.h5,SVI04_npp_d20140716_t1803247_e1809051_b14079_c20140717000905432367_noaa_ops.dspace_rad,VNFF_npp_d20140716_t1803247_e1809051_b14079_v21.csv,World_EEZ_v8_2014.shp,WPP_BFAR_merge.shp,KKP_IDN_merge_20161208.shp,VNF-VBD_npp_20120301-20151231_global_asia-enhanced_c201607211230.bitmask,NCEI_NGA.union.nga_lead2.add_2015ntl.mask,timezone.shp,VBD_platforms-recurring_2015_r20170330.shp,999999,VBD_bridges_c20160811.shp,2.701723;0.592520;-1.537733;-6.424739;-11.321091;-16.224911;-21.132078;-19.454973;-16.614069;-11.826628;-7.007390;-2.161976,98.595314;112.244095;125.823792;124.798187;123.864281;123.023224;122.264351;107.621338;93.259468;94.789581;96.172417;97.426979,npp_d20140716_t1803247_e1809051_b14079,152.596,50.0042,11.9702,-80.6343,36.1047,83.9485
970,VBD_npp_d20140716_t1805047_x1123129E_y055557S_l0908_s2241_v23,2017-05-23 13:08:46,-5.555704,112.312935,7.71966,2014-07-16 18:05:04,2014-07-17 01:05:04,908,2241,0.417094,1,2529,0.438734,0.23679,0.807573,0.4,0.879553,0.75,0.045184,0.0001,0.0131424,999999,-1.308717e-01,3,Indonesian Exclusive Economic Zone,WPP712,,SVDNB_npp_d20140716_t1803247_e1809051_b14079_c20140717000905445784_noaa_ops.h5,GDNBO_npp_d20140716_t1803247_e1809051_b14079_c20140717000905445471_noaa_ops.h5,SVI04_npp_d20140716_t1803247_e1809051_b14079_c20140717000905432367_noaa_ops.dspace_rad,VNFF_npp_d20140716_t1803247_e1809051_b14079_v21.csv,World_EEZ_v8_2014.shp,WPP_BFAR_merge.shp,KKP_IDN_merge_20161208.shp,VNF-VBD_npp_20120301-20151231_global_asia-enhanced_c201607211230.bitmask,NCEI_NGA.union.nga_lead2.add_2015ntl.mask,timezone.shp,VBD_platforms-recurring_2015_r20170330.shp,999999,VBD_bridges_c20160811.shp,2.701723;0.592520;-1.537733;-6.424739;-11.321091;-16.224911;-21.132078;-19.454973;-16.614069;-11.826628;-7.007390;-2.161976,98.595314;112.244095;125.823792;124.798187;123.864281;123.023224;122.264351;107.621338;93.259468;94.789581;96.172417;97.426979,npp_d20140716_t1803247_e1809051_b14079,153.468,51.5723,11.9738,-80.0831,36.4261,82.3829
971,VBD_npp_d20140716_t1804451_x1125858E_y043458S_l0723_s2242_v23,2017-05-23 13:08:46,-4.345846,112.585823,23.6674,2014-07-16 18:04:45,2014-07-17 01:04:45,723,2242,0.415327,1,2529,0.614706,0.210417,0.865326,0.4,0.870174,0.75,0.0454929,0.0001,0.0141202,999999,4.705409e-02,3,Indonesian Exclusive Economic Zone,WPP712,,SVDNB_npp_d20140716_t1803247_e1809051_b14079_c20140717000905445784_noaa_ops.h5,GDNBO_npp_d20140716_t1803247_e1809051_b14079_c20140717000905445471_noaa_ops.h5,SVI04_npp_d20140716_t1803247_e1809051_b14079_c20140717000905432367_noaa_ops.dspace_rad,VNFF_npp_d20140716_t1803247_e1809051_b14079_v21.csv,World_EEZ_v8_2014.shp,WPP_BFAR_merge.shp,KKP_IDN_merge_20161208.shp,VNF-VBD_npp_20120301-20151231_global_asia-enhanced_c201607211230.bitmask,NCEI_NGA.union.nga_lead2.add_2015ntl.mask,timezone.shp,VBD_platforms-recurring_2015_r20170330.shp,999999,VBD_bridges_c20160811.shp,2.701723;0.592520;-1.537733;-6.424739;-11.321091;-16.224911;-21.132078;-19.454973;-16.614069;-11.826628;-7.007390;-2.161976,98.595314;112.244095;125.823792;124.798187;123.864281;123.023224;122.264351;107.621338;93.259468;94.789581;96.172417;97.426979,npp_d20140716_t1803247_e1809051_b14079,152.555,49.9524,12.0301,-82.5756,36.0857,84.0096
972,VBD_npp_d20140716_t1804451_x1125827E_y043661S_l0726_s2242_v23,2017-05-23 13:08:46,-4.366065,112.582672,21.6582,2014-07-16 18:04:45,2014-07-17 01:04:45,726,2242,0.414443,1,2529,0.478783,0.200637,0.865326,0.4,0.814333,0.75,0.0454881,0.0001,0.0140176,999999,1.130407e-01,3,Indonesian Exclusive Economic Zone,WPP712,,SVDNB_npp_d20140716_t1803247_e1809051_b14079_c20140717000905445784_noaa_ops.h5,GDNBO_npp_d20140716_t1803247_e1809051_b14079_c20140717000905445471_noaa_ops.h5,SVI04_npp_d20140716_t1803247_e1809051_b14079_c20140717000905432367_noaa_ops.dspace_rad,VNFF_npp_d20140716_t1803247_e1809051_b14079_v21.csv,World_EEZ_v8_2014.shp,WPP_BFAR_merge.shp,KKP_IDN_merge_20161208.shp,VNF-VBD_npp_20120301-20151231_global_asia-enhanced_c201607211230.bitmask,NCEI_NGA.union.nga_lead2.add_2015ntl.mask,timezone.shp,VBD_platforms-recurring_2015_r20170330.shp,999999,VBD_bridges_c20160811.shp,2.701723;0.592520;-1.537733;-6.424739;-11.321091;-16.224911;-21.132078;-19.454973;-16.614069;-11.826628;-7.007390;-2.161976,98.595314;112.244095;125.823792;124.798187;123.864281;123.023224;122.264351;107.621338;93.259468;94.789581;96.172417;97.426979,npp_d20140716_t1803247_e1809051_b14079,152.571,49.9786,12.0269,-81.7451,36.091,83.9822
973,VBD_npp_d20140716_t1804451_x1125904E_y043604S_l0725_s2243_v23,2017-05-23 13:08:46,-4.360367,112.590408,27.0202,2014-07-16 18:04:45,2014-07-17 01:04:45,725,2243,0.411349,1,2529,0.66661,0.209049,0.868582,0.4,0.891272,0.75,0.0454945,0.0001,0.0141329,999999,5.628786e-02,3,Indonesian Exclusive Economic Zone,WPP712,,SVDNB_npp_d20140716_t1803247_e1809051_b14079_c20140717000905445784_noaa_ops.h5,GDNBO_npp_d20140716_t1803247_e1809051_b14079_c20140717000905445471_noaa_ops.h5,SVI04_npp_d20140716_t1803247_e1809051_b14079_c20140717000905432367_noaa_ops.dspace_rad,VNFF_npp_d20140716_t1803247_e1809051_b14079_v21.csv,World_EEZ_v8_2014.shp,WPP_BFAR_merge.shp,KKP_IDN_merge_20161208.shp,VNF-VBD_npp_20120301-20151231_global_asia-enhanced_c201607211230.bitmask,NCEI_NGA.union.nga_lead2.add_2015ntl.mask,timezone.shp,VBD_platforms-recurring_2015_r20170330.shp,999999,VBD_bridges_c20160811.shp,2.701723;0.592520;-1.537733;-6.424739;-11.321091;-16.224911;-21.132078;-19.454973;-16.614069;-11.826628;-7.007390;-2.161976,98.595314;112.244095;125.823792;124.798187;123.864281;123.023224;122.264351;107.621338;93.259468;94.789581;96.172417;97.426979,npp_d20140716_t1803247_e1809051_b14079,152.561,49.9792,12.0842,-82.019,36.0826,83.9884
974,VBD_npp_d20140716_t1804451_x1125873E_y043806S_l0728_s2243_v23,2017-05-23 13:08:46,-4.380590,112.587257,31.0538,2014-07-16 18:04:45,2014-07-17 01:04:45,728,2243,0.40936,1,2529,0.752732,0.190621,0.863396,0.4,0.889195,0.75,0.0454898,0.0001,0.0140286,999999,1.806135e-01,3,Indonesian Exclusive Economic Zone,WPP712,,SVDNB_npp_d20140716_t1803247_e1809051_b14079_c20140717000905445784_noaa_ops.h5,GDNBO_npp_d20140716_t1803247_e1809051_b14079_c20140717000905445471_noaa_ops.h5,SVI04_npp_d20140716_t1803247_e1809051_b14079_c20140717000905432367_noaa_ops.dspace_rad,VNFF_npp_d20140716_t1803247_e1809051_b14079_v21.csv,World_EEZ_v8_2014.shp,WPP_BFAR_merge.shp,KKP_IDN_merge_20161208.shp,VNF-VBD_npp_20120301-20151231_global_asia-enhanced_c201607211230.bitmask,NCEI_NGA.union.nga_lead2.add_2015ntl.mask,timezone.shp,VBD_platforms-recurring_2015_r20170330.shp,999999,VBD_bridges_c20160811.shp,2.701723;0.592520;-1.537733;-6.424739;-11.321091;-16.224911;-21.132078;-19.454973;-16.614069;-11.826628;-7.007390;-2.161976,98.595314;112.244095;125.823792;124.798187;123.864281;123.023224;122.264351;107.621338;93.259468;94.789581;96.172417;97.426979,npp_d20140716_t1803247_e1809051_b14079,152.576,50.0053,12.0827,-81.1923,36.088,83.9609
975,VBD_npp_d20140716_t1804451_x1126003E_y043412S_l0722_s2244_v23,2017-05-23 13:08:46,-4.341182,112.600258,22.7311,2014-07-16 18:04:45,2014-07-17 01:04:45,722,2244,0.41273,1,2529,0.678621,0.21613,0.863522,0.4,0.888904,0.75,0.0455041,0.0001,0.0143174,999999,8.512487e-03,3,Indonesian Exclusive Economic Zone,WPP712,,SVDNB_npp_d20140716_t1803247_e1809051_b14079_c20140717000905445784_noaa_ops.h5,GDNBO_npp_d20140716_t1803247_e1809051_b14079_c20140717000905445471_noaa_ops.h5,SVI04_npp_d20140716_t1803247_e1809051_b14079_c20140717000905432367_noaa_ops.dspace_rad,VNFF_npp_d20140716_t1803247_e1809051_b14079_v21.csv,World_EEZ_v8_2014.shp,WPP_BFAR_merge.shp,KKP_IDN_merge_20161208.shp,VNF-VBD_npp_20120301-20151231_global_asia-enhanced_c201607211230.bitmask,NCEI_NGA.union.nga_lead2.add_2015ntl.mask,timezone.shp,VBD_platforms-recurring_2015_r20170330.shp,999999,VBD_bridges_c20160811.shp,2.701723;0.592520;-1.537733;-6.424739;-11.321091;-16.224911;-21.132078;-19.454973;-16.614069;-11.826628;-7.007390;-2.161976,98.595314;112.244095;125.823792;124.798187;123.864281;123.023224;122.264351;107.621338;93.259468;94.789581;96.172417;97.426979,npp_d20140716_t1803247_e1809051_b14079,152.541,49.9623,12.1445,-82.839,36.0707,84.0129
976,VBD_npp_d20140716_t1804415_x1126478E_y041736S_l0696_s2245_v23,2017-05-23 13:08:46,-4.173617,112.647751,33.2443,2014-07-16 18:04:41,2014-07-17 01:04:41,696,2245,0.414553,1,2529,0.93103,0.221673,0.902895,0.4,0.957942,0.75,0.0455503,0.0001,0.014298,999999,-2.888337e-02,3,Indonesian Exclusive Economic Zone,WPP712,,SVDNB_npp_d20140716_t1803247_e1809051_b14079_c20140717000905445784_noaa_ops.h5,GDNBO_npp_d20140716_t1803247_e1809051_b14079_c20140717000905445471_noaa_ops.h5,SVI04_npp_d20140716_t1803247_e1809051_b14079_c20140717000905432367_noaa_ops.dspace_rad,VNFF_npp_d20140716_t1803247_e1809051_b14079_v21.csv,World_EEZ_v8_2014.shp,WPP_BFAR_merge.shp,KKP_IDN_merge_20161208.shp,VNF-VBD_npp_20120301-20151231_global_asia-enhanced_c201607211230.bitmask,NCEI_NGA.union.nga_lead2.add_2015ntl.mask,timezone.shp,VBD_platforms-recurring_2015_r20170330.shp,999999,VBD_bridges_c20160811.shp,2.701723;0.592520;-1.537733;-6.424739;-11.321091;-16.224911;-21.132078;-19.454973;-16.614069;-11.826628;-7.007390;-2.161976,98.595314;112.244095;125.823792;124.798187;123.864281;123.023224;122.264351;107.621338;93.259468;94.789581;96.172417;97.426979,npp_d20140716_t1803247_e1809051_b14079,152.408,49.7543,12.1988,-81.1925,36.0199,84.2401
977,VBD_npp_d20140716_t1805136_x1122278E_y060969S_l0990_s2246_v23,2017-05-23 13:08:46,-6.096947,112.227791,3.93385,2014-07-16 18:05:13,2014-07-17 01:05:13,990,2246,0.421293,1,2273,0.24897,0.206795,0.786204,0.4,0.776729,0.75,0.0450654,0.0001,0.0131633,999999,7.149493e-02,3,Indonesian Exclusive Economic Zone,WPP712,,SVDNB_npp_d20140716_t1803247_e1809051_b14079_c20140717000905445784_noaa_ops.h5,GDNBO_npp_d20140716_t1803247_e1809051_b14079_c20140717000905445471_noaa_ops.h5,SVI04_npp_d20140716_t1803247_e1809051_b14079_c20140717000905432367_noaa_ops.dspace_rad,VNFF_npp_d20140716_t1803247_e1809051_b14079_v21.csv,World_EEZ_v8_2014.shp,WPP_BFAR_merge.shp,KKP_IDN_merge_20161208.shp,VNF-VBD_npp_20120301-20151231_global_asia-enhanced_c201607211230.bitmask,NCEI_NGA.union.nga_lead2.add_2015ntl.mask,timezone.shp,VBD_platforms-recurring_2015_r20170330.shp,999999,VBD_bridges_c20160811.shp,2.701723;0.592520;-1.537733;-6.424739;-11.321091;-16.224911;-21.132078;-19.454973;-16.614069;-11.826628;-7.007390;-2.161976,98.595314;112.244095;125.823792;124.798187;123.864281;123.023224;122.264351;107.621338;93.259468;94.789581;96.172417;97.426979,npp_d20140716_t1803247_e1809051_b14079,153.839,52.3786,12.26,-79.5848,36.5517,81.6561
978,VBD_npp_d20140716_t1804415_x1126548E_y042162S_l0702_s2247_v23,2017-05-23 13:08:46,-4.216187,112.654831,23.6321,2014-07-16 18:04:41,2014-07-17 01:04:41,702,2247,0.419028,1,2529,0.798153,0.210261,0.900497,0.4,0.93514,0.75,0.0455504,0.0001,0.0142456,999999,4.810528e-02,3,Indonesian Exclusive Economic Zone,WPP712,,SVDNB_npp_d20140716_t1803247_e1809051_b14079_c20140717000905445784_noaa_ops.h5,GDNBO_npp_d20140716_t1803247_e1809051_b14079_c20140717000905445471_noaa_ops.h5,SVI04_npp_d20140716_t1803247_e1809051_b14079_c20140717000905432367_noaa_ops.dspace_rad,VNFF_npp_d20140716_t1803247_e1809051_b14079_v21.csv,World_EEZ_v8_2014.shp,WPP_BFAR_merge.shp,KKP_IDN_merge_20161208.shp,VNF-VBD_npp_20120301-20151231_global_asia-enhanced_c201607211230.bitmask,NCEI_NGA.union.nga_lead2.add_2015ntl.mask,timezone.shp,VBD_platforms-recurring_2015_r20170330.shp,999999,VBD_bridges_c20160811.shp,2.701723;0.592520;-1.537733;-6.424739;-11.321091;-16.224911;-21.132078;-19.454973;-16.614069;-11.826628;-7.007390;-2.161976,98.595314;112.244095;125.823792;124.798187;123.864281;123.023224;122.264351;107.621338;93.259468;94.789581;96.172417;97.426979,npp_d20140716_t1803247_e1809051_b14079,152.43,49.8248,12.3161,-79.5711,36.0171,84.179
979,VBD_npp_d20140716_t1804469_x1125949E_y044626S_l0740_s2247_v23,2017-05-23 13:08:46,-4.462565,112.594887,15.0242,2014-07-16 18:04:46,2014-07-17 01:04:46,740,2247,0.416542,1,2529,0.633746,0.225974,0.910607,0.4,0.913841,0.75,0.04549,0.0001,0.0144419,999999,-5.790265e-02,3,Indonesian Exclusive Economic Zone,WPP712,,SVDNB_npp_d20140716_t1803247_e1809051_b14079_c20140717000905445784_noaa_ops.h5,GDNBO_npp_d20140716_t1803247_e1809051_b14079_c20140717000905445471_noaa_ops.h5,SVI04_npp_d20140716_t1803247_e1809051_b14079_c20140717000905432367_noaa_ops.dspace_rad,VNFF_npp_d20140716_t1803247_e1809051_b14079_v21.csv,World_EEZ_v8_2014.shp,WPP_BFAR_merge.shp,KKP_IDN_merge_20161208.shp,VNF-VBD_npp_20120301-20151231_global_asia-enhanced_c201607211230.bitmask,NCEI_NGA.union.nga_lead2.add_2015ntl.mask,timezone.shp,VBD_platforms-recurring_2015_r20170330.shp,999999,VBD_bridges_c20160811.shp,2.701723;0.592520;-1.537733;-6.424739;-11.321091;-16.224911;-21.132078;-19.454973;-16.614069;-11.826628;-7.007390;-2.161976,98.595314;112.244095;125.823792;124.798187;123.864281;123.023224;122.264351;107.621338;93.259468;94.789581;96.172417;97.426979,npp_d20140716_t1803247_e1809051_b14079,152.618,50.144,12.3112,-82.2705,36.0819,83.8431
980,VBD_npp_d20140716_t1804469_x1125917E_y044828S_l0743_s2247_v23,2017-05-23 13:08:46,-4.482804,112.591736,42.0301,2014-07-16 18:04:46,2014-07-17 01:04:46,743,2247,0.414553,1,2529,1.00414,0.226004,0.914965,0.4,0.963788,0.75,0.0454852,0.0001,0.0143349,999999,-5.810433e-02,3,Indonesian Exclusive Economic Zone,WPP712,,SVDNB_npp_d20140716_t1803247_e1809051_b14079_c20140717000905445784_noaa_ops.h5,GDNBO_npp_d20140716_t1803247_e1809051_b14079_c20140717000905445471_noaa_ops.h5,SVI04_npp_d20140716_t1803247_e1809051_b14079_c20140717000905432367_noaa_ops.dspace_rad,VNFF_npp_d20140716_t1803247_e1809051_b14079_v21.csv,World_EEZ_v8_2014.shp,WPP_BFAR_merge.shp,KKP_IDN_merge_20161208.shp,VNF-VBD_npp_20120301-20151231_global_asia-enhanced_c201607211230.bitmask,NCEI_NGA.union.nga_lead2.add_2015ntl.mask,timezone.shp,VBD_platforms-recurring_2015_r20170330.shp,999999,VBD_bridges_c20160811.shp,2.701723;0.592520;-1.537733;-6.424739;-11.321091;-16.224911;-21.132078;-19.454973;-16.614069;-11.826628;-7.007390;-2.161976,98.595314;112.244095;125.823792;124.798187;123.864281;123.023224;122.264351;107.621338;93.259468;94.789581;96.172417;97.426979,npp_d20140716_t1803247_e1809051_b14079,152.633,50.1704,12.309,-81.4588,36.0873,83.8156
981,VBD_npp_d20140716_t1804487_x1125728E_y045602S_l0755_s2247_v23,2017-05-23 13:08:46,-4.560169,112.572845,20.5742,2014-07-16 18:04:48,2014-07-17 01:04:48,755,2247,0.415216,8,18913,0.757176,0.217703,0.869636,0.4,0.942605,0.75,0.0454662,0.0001,0.0144293,999999,-2.097294e-03,3,Indonesian Exclusive Economic Zone,WPP712,,SVDNB_npp_d20140716_t1803247_e1809051_b14079_c20140717000905445784_noaa_ops.h5,GDNBO_npp_d20140716_t1803247_e1809051_b14079_c20140717000905445471_noaa_ops.h5,SVI04_npp_d20140716_t1803247_e1809051_b14079_c20140717000905432367_noaa_ops.dspace_rad,VNFF_npp_d20140716_t1803247_e1809051_b14079_v21.csv,World_EEZ_v8_2014.shp,WPP_BFAR_merge.shp,KKP_IDN_merge_20161208.shp,VNF-VBD_npp_20120301-20151231_global_asia-enhanced_c201607211230.bitmask,NCEI_NGA.union.nga_lead2.add_2015ntl.mask,timezone.shp,VBD_platforms-recurring_2015_r20170330.shp,0.967635,VBD_bridges_c20160811.shp,2.701723;0.592520;-1.537733;-6.424739;-11.321091;-16.224911;-21.132078;-19.454973;-16.614069;-11.826628;-7.007390;-2.161976,98.595314;112.244095;125.823792;124.798187;123.864281;123.023224;122.264351;107.621338;93.259468;94.789581;96.172417;97.426979,npp_d20140716_t1803247_e1809051_b14079,152.691,50.2721,12.3144,-82.5516,36.1076,83.7104
982,VBD_npp_d20140716_t1805153_x1122352E_y061374S_l0996_s2249_v23,2017-05-23 13:08:46,-6.137363,112.235153,13.5951,2014-07-16 18:05:15,2014-07-17 01:05:15,996,2249,0.417757,1,2529,0.610474,0.227579,0.822271,0.4,0.921014,0.75,0.0450756,0.0001,0.0137301,999999,-6.873100e-02,3,Indonesian Exclusive Economic Zone,WPP712,,SVDNB_npp_d20140716_t1803247_e1809051_b14079_c20140717000905445784_noaa_ops.h5,GDNBO_npp_d20140716_t1803247_e1809051_b14079_c20140717000905445471_noaa_ops.h5,SVI04_npp_d20140716_t1803247_e1809051_b14079_c20140717000905432367_noaa_ops.dspace_rad,VNFF_npp_d20140716_t1803247_e1809051_b14079_v21.csv,World_EEZ_v8_2014.shp,WPP_BFAR_merge.shp,KKP_IDN_merge_20161208.shp,VNF-VBD_npp_20120301-20151231_global_asia-enhanced_c201607211230.bitmask,NCEI_NGA.union.nga_lead2.add_2015ntl.mask,timezone.shp,VBD_platforms-recurring_2015_r20170330.shp,999999,VBD_bridges_c20160811.shp,2.701723;0.592520;-1.537733;-6.424739;-11.321091;-16.224911;-21.132078;-19.454973;-16.614069;-11.826628;-7.007390;-2.161976,98.595314;112.244095;125.823792;124.798187;123.864281;123.023224;122.264351;107.621338;93.259468;94.789581;96.172417;97.426979,npp_d20140716_t1803247_e1809051_b14079,153.852,52.4605,12.4279,-82.2831,36.5432,81.5963
983,VBD_npp_d20140716_t1804415_x1126728E_y042329S_l0704_s2250_v23,2017-05-23 13:08:46,-4.232853,112.672821,17.2883,2014-07-16 18:04:41,2014-07-17 01:04:41,704,2250,0.414111,8,18913,0.691462,0.205646,0.890605,0.4,0.934596,0.75,0.0455617,0.0001,0.0144141,999999,7.924555e-02,3,Indonesian Exclusive Economic Zone,WPP712,,SVDNB_npp_d20140716_t1803247_e1809051_b14079_c20140717000905445784_noaa_ops.h5,GDNBO_npp_d20140716_t1803247_e1809051_b14079_c20140717000905445471_noaa_ops.h5,SVI04_npp_d20140716_t1803247_e1809051_b14079_c20140717000905432367_noaa_ops.dspace_rad,VNFF_npp_d20140716_t1803247_e1809051_b14079_v21.csv,World_EEZ_v8_2014.shp,WPP_BFAR_merge.shp,KKP_IDN_merge_20161208.shp,VNF-VBD_npp_20120301-20151231_global_asia-enhanced_c201607211230.bitmask,NCEI_NGA.union.nga_lead2.add_2015ntl.mask,timezone.shp,VBD_platforms-recurring_2015_r20170330.shp,0.814376,VBD_bridges_c20160811.shp,2.701723;0.592520;-1.537733;-6.424739;-11.321091;-16.224911;-21.132078;-19.454973;-16.614069;-11.826628;-7.007390;-2.161976,98.595314;112.244095;125.823792;124.798187;123.864281;123.023224;122.264351;107.621338;93.259468;94.789581;96.172417;97.426979,npp_d20140716_t1803247_e1809051_b14079,152.427,49.87,12.4889,-79.0614,36.0007,84.1518
984,VBD_npp_d20140716_t1804469_x1126076E_y045129S_l0747_s2250_v23,2017-05-23 13:08:46,-4.512943,112.607643,13.02,2014-07-16 18:04:46,2014-07-17 01:04:46,747,2250,0.414222,1,2529,0.593928,0.232365,0.897322,0.4,0.911449,0.75,0.0454934,0.0001,0.0144322,999999,-1.010179e-01,3,Indonesian Exclusive Economic Zone,WPP712,,SVDNB_npp_d20140716_t1803247_e1809051_b14079_c20140717000905445784_noaa_ops.h5,GDNBO_npp_d20140716_t1803247_e1809051_b14079_c20140717000905445471_noaa_ops.h5,SVI04_npp_d20140716_t1803247_e1809051_b14079_c20140717000905432367_noaa_ops.dspace_rad,VNFF_npp_d20140716_t1803247_e1809051_b14079_v21.csv,World_EEZ_v8_2014.shp,WPP_BFAR_merge.shp,KKP_IDN_merge_20161208.shp,VNF-VBD_npp_20120301-20151231_global_asia-enhanced_c201607211230.bitmask,NCEI_NGA.union.nga_lead2.add_2015ntl.mask,timezone.shp,VBD_platforms-recurring_2015_r20170330.shp,999999,VBD_bridges_c20160811.shp,2.701723;0.592520;-1.537733;-6.424739;-11.321091;-16.224911;-21.132078;-19.454973;-16.614069;-11.826628;-7.007390;-2.161976,98.595314;112.244095;125.823792;124.798187;123.864281;123.023224;122.264351;107.621338;93.259468;94.789581;96.172417;97.426979,npp_d20140716_t1803247_e1809051_b14079,152.64,50.2335,12.4791,-80.39,36.0746,83.77
985,VBD_npp_d20140716_t1804433_x1126720E_y042374S_l0705_s2251_v23,2017-05-23 13:08:46,-4.237426,112.671951,14.8257,2014-07-16 18:04:43,2014-07-17 01:04:43,705,2251,0.417813,1,2529,0.640224,0.216536,0.870287,0.4,0.92657,0.75,0.0455649,0.0001,0.0149881,999999,5.773766e-03,3,Indonesian Exclusive Economic Zone,WPP712,,SVDNB_npp_d20140716_t1803247_e1809051_b14079_c20140717000905445784_noaa_ops.h5,GDNBO_npp_d20140716_t1803247_e1809051_b14079_c20140717000905445471_noaa_ops.h5,SVI04_npp_d20140716_t1803247_e1809051_b14079_c20140717000905432367_noaa_ops.dspace_rad,VNFF_npp_d20140716_t1803247_e1809051_b14079_v21.csv,World_EEZ_v8_2014.shp,WPP_BFAR_merge.shp,KKP_IDN_merge_20161208.shp,VNF-VBD_npp_20120301-20151231_global_asia-enhanced_c201607211230.bitmask,NCEI_NGA.union.nga_lead2.add_2015ntl.mask,timezone.shp,VBD_platforms-recurring_2015_r20170330.shp,999999,VBD_bridges_c20160811.shp,2.701723;0.592520;-1.537733;-6.424739;-11.321091;-16.224911;-21.132078;-19.454973;-16.614069;-11.826628;-7.007390;-2.161976,98.595314;112.244095;125.823792;124.798187;123.864281;123.023224;122.264351;107.621338;93.259468;94.789581;96.172417;97.426979,npp_d20140716_t1803247_e1809051_b14079,152.425,49.8843,12.5447,-83.0498,35.9949,84.1439
986,VBD_npp_d20140716_t1804469_x1126207E_y044735S_l0741_s2251_v23,2017-05-23 13:08:46,-4.473485,112.620659,12.0158,2014-07-16 18:04:46,2014-07-17 01:04:46,741,2251,0.415658,1,2529,0.570496,0.216641,0.901485,0.4,0.915165,0.75,0.0455077,0.0001,0.0147353,999999,5.065343e-03,3,Indonesian Exclusive Economic Zone,WPP712,,SVDNB_npp_d20140716_t1803247_e1809051_b14079_c20140717000905445784_noaa_ops.h5,GDNBO_npp_d20140716_t1803247_e1809051_b14079_c20140717000905445471_noaa_ops.h5,SVI04_npp_d20140716_t1803247_e1809051_b14079_c20140717000905432367_noaa_ops.dspace_rad,VNFF_npp_d20140716_t1803247_e1809051_b14079_v21.csv,World_EEZ_v8_2014.shp,WPP_BFAR_merge.shp,KKP_IDN_merge_20161208.shp,VNF-VBD_npp_20120301-20151231_global_asia-enhanced_c201607211230.bitmask,NCEI_NGA.union.nga_lead2.add_2015ntl.mask,timezone.shp,VBD_platforms-recurring_2015_r20170330.shp,999999,VBD_bridges_c20160811.shp,2.701723;0.592520;-1.537733;-6.424739;-11.321091;-16.224911;-21.132078;-19.454973;-16.614069;-11.826628;-7.007390;-2.161976,98.595314;112.244095;125.823792;124.798187;123.864281;123.023224;122.264351;107.621338;93.259468;94.789581;96.172417;97.426979,npp_d20140716_t1803247_e1809051_b14079,152.605,50.19,12.536,-81.9892,36.0572,83.822
987,VBD_npp_d20140716_t1804433_x1126763E_y043419S_l0720_s2254_v23,2017-05-23 13:08:46,-4.341876,112.676315,4.01356,2014-07-16 18:04:43,2014-07-17 01:04:43,720,2254,0.416597,1,2273,0.241046,0.20141,0.799978,0.4,0.754146,0.75,0.0455556,0.0001,0.0146833,999999,1.078216e-01,3,Indonesian Exclusive Economic Zone,WPP712,,SVDNB_npp_d20140716_t1803247_e1809051_b14079_c20140717000905445784_noaa_ops.h5,GDNBO_npp_d20140716_t1803247_e1809051_b14079_c20140717000905445471_noaa_ops.h5,SVI04_npp_d20140716_t1803247_e1809051_b14079_c20140717000905432367_noaa_ops.dspace_rad,VNFF_npp_d20140716_t1803247_e1809051_b14079_v21.csv,World_EEZ_v8_2014.shp,WPP_BFAR_merge.shp,KKP_IDN_merge_20161208.shp,VNF-VBD_npp_20120301-20151231_global_asia-enhanced_c201607211230.bitmask,NCEI_NGA.union.nga_lead2.add_2015ntl.mask,timezone.shp,VBD_platforms-recurring_2015_r20170330.shp,999999,VBD_bridges_c20160811.shp,2.701723;0.592520;-1.537733;-6.424739;-11.321091;-16.224911;-21.132078;-19.454973;-16.614069;-11.826628;-7.007390;-2.161976,98.595314;112.244095;125.823792;124.798187;123.864281;123.023224;122.264351;107.621338;93.259468;94.789581;96.172417;97.426979,npp_d20140716_t1803247_e1809051_b14079,152.489,50.0427,12.7149,-79.0946,36.0014,83.9968
988,VBD_npp_d20140716_t1804451_x1126862E_y044515S_l0736_s2259_v23,2017-05-23 13:08:46,-4.451459,112.686211,31.5561,2014-07-16 18:04:45,2014-07-17 01:04:45,736,2259,0.414443,1,2529,0.888581,0.20831,0.890587,0.4,0.950621,0.75,0.0455543,0.0001,0.0150328,999999,6.127296e-02,3,Indonesian Exclusive Economic Zone,WPP712,,SVDNB_npp_d20140716_t1803247_e1809051_b14079_c20140717000905445784_noaa_ops.h5,GDNBO_npp_d20140716_t1803247_e1809051_b14079_c20140717000905445471_noaa_ops.h5,SVI04_npp_d20140716_t1803247_e1809051_b14079_c20140717000905432367_noaa_ops.dspace_rad,VNFF_npp_d20140716_t1803247_e1809051_b14079_v21.csv,World_EEZ_v8_2014.shp,WPP_BFAR_merge.shp,KKP_IDN_merge_20161208.shp,VNF-VBD_npp_20120301-20151231_global_asia-enhanced_c201607211230.bitmask,NCEI_NGA.union.nga_lead2.add_2015ntl.mask,timezone.shp,VBD_platforms-recurring_2015_r20170330.shp,999999,VBD_bridges_c20160811.shp,2.701723;0.592520;-1.537733;-6.424739;-11.321091;-16.224911;-21.132078;-19.454973;-16.614069;-11.826628;-7.007390;-2.161976,98.595314;112.244095;125.823792;124.798187;123.864281;123.023224;122.264351;107.621338;93.259468;94.789581;96.172417;97.426979,npp_d20140716_t1803247_e1809051_b14079,152.546,50.2243,12.9936,-79.1523,35.9961,83.8396
989,VBD_npp_d20140716_t1804451_x1126972E_y044255S_l0732_s2260_v23,2017-05-23 13:08:46,-4.425466,112.697151,15.9246,2014-07-16 18:04:45,2014-07-17 01:04:45,732,2260,0.414387,8,18913,0.628204,0.211294,0.898444,0.4,0.913244,0.75,0.0455655,0.0001,0.0152747,999999,4.113897e-02,3,Indonesian Exclusive Economic Zone,WPP712,,SVDNB_npp_d20140716_t1803247_e1809051_b14079_c20140717000905445784_noaa_ops.h5,GDNBO_npp_d20140716_t1803247_e1809051_b14079_c20140717000905445471_noaa_ops.h5,SVI04_npp_d20140716_t1803247_e1809051_b14079_c20140717000905432367_noaa_ops.dspace_rad,VNFF_npp_d20140716_t1803247_e1809051_b14079_v21.csv,World_EEZ_v8_2014.shp,WPP_BFAR_merge.shp,KKP_IDN_merge_20161208.shp,VNF-VBD_npp_20120301-20151231_global_asia-enhanced_c201607211230.bitmask,NCEI_NGA.union.nga_lead2.add_2015ntl.mask,timezone.shp,VBD_platforms-recurring_2015_r20170330.shp,0.154985,VBD_bridges_c20160811.shp,2.701723;0.592520;-1.537733;-6.424739;-11.321091;-16.224911;-21.132078;-19.454973;-16.614069;-11.826628;-7.007390;-2.161976,98.595314;112.244095;125.823792;124.798187;123.864281;123.023224;122.264351;107.621338;93.259468;94.789581;96.172417;97.426979,npp_d20140716_t1803247_e1809051_b14079,152.521,50.1985,13.0443,-80.1843,35.9823,83.8735
990,VBD_npp_d20140716_t1804469_x1126843E_y044626S_l0738_s2260_v23,2017-05-23 13:08:46,-4.462605,112.684341,11.5946,2014-07-16 18:04:46,2014-07-17 01:04:46,738,2260,0.41599,8,18913,0.524287,0.222427,0.890587,0.4,0.891584,0.75,0.0455559,0.0001,0.0156035,999999,-3.397472e-02,3,Indonesian Exclusive Economic Zone,WPP712,,SVDNB_npp_d20140716_t1803247_e1809051_b14079_c20140717000905445784_noaa_ops.h5,GDNBO_npp_d20140716_t1803247_e1809051_b14079_c20140717000905445471_noaa_ops.h5,SVI04_npp_d20140716_t1803247_e1809051_b14079_c20140717000905432367_noaa_ops.dspace_rad,VNFF_npp_d20140716_t1803247_e1809051_b14079_v21.csv,World_EEZ_v8_2014.shp,WPP_BFAR_merge.shp,KKP_IDN_merge_20161208.shp,VNF-VBD_npp_20120301-20151231_global_asia-enhanced_c201607211230.bitmask,NCEI_NGA.union.nga_lead2.add_2015ntl.mask,timezone.shp,VBD_platforms-recurring_2015_r20170330.shp,0.112344,VBD_bridges_c20160811.shp,2.701723;0.592520;-1.537733;-6.424739;-11.321091;-16.224911;-21.132078;-19.454973;-16.614069;-11.826628;-7.007390;-2.161976,98.595314;112.244095;125.823792;124.798187;123.864281;123.023224;122.264351;107.621338;93.259468;94.789581;96.172417;97.426979,npp_d20140716_t1803247_e1809051_b14079,152.549,50.2472,13.0478,-82.7335,35.992,83.8226
991,VBD_npp_d20140716_t1804451_x1127081E_y043995S_l0728_s2261_v23,2017-05-23 13:08:46,-4.399463,112.708099,14.6346,2014-07-16 18:04:45,2014-07-17 01:04:45,728,2261,0.413172,1,2529,0.621779,0.210909,0.88481,0.4,0.918952,0.75,0.0455766,0.0001,0.0155154,999999,4.373407e-02,3,Indonesian Exclusive Economic Zone,WPP712,,SVDNB_npp_d20140716_t1803247_e1809051_b14079_c20140717000905445784_noaa_ops.h5,GDNBO_npp_d20140716_t1803247_e1809051_b14079_c20140717000905445471_noaa_ops.h5,SVI04_npp_d20140716_t1803247_e1809051_b14079_c20140717000905432367_noaa_ops.dspace_rad,VNFF_npp_d20140716_t1803247_e1809051_b14079_v21.csv,World_EEZ_v8_2014.shp,WPP_BFAR_merge.shp,KKP_IDN_merge_20161208.shp,VNF-VBD_npp_20120301-20151231_global_asia-enhanced_c201607211230.bitmask,NCEI_NGA.union.nga_lead2.add_2015ntl.mask,timezone.shp,VBD_platforms-recurring_2015_r20170330.shp,999999,VBD_bridges_c20160811.shp,2.701723;0.592520;-1.537733;-6.424739;-11.321091;-16.224911;-21.132078;-19.454973;-16.614069;-11.826628;-7.007390;-2.161976,98.595314;112.244095;125.823792;124.798187;123.864281;123.023224;122.264351;107.621338;93.259468;94.789581;96.172417;97.426979,npp_d20140716_t1803247_e1809051_b14079,152.496,50.1727,13.099,-81.2076,35.9684,83.9074
992,VBD_npp_d20140716_t1804433_x1127322E_y043368S_l0718_s2262_v23,2017-05-23 13:08:46,-4.336837,112.732246,32.8761,2014-07-16 18:04:43,2014-07-17 01:04:43,718,2262,0.413725,1,2529,0.931167,0.226098,0.892961,0.4,0.954112,0.75,0.0455973,0.0001,0.0154243,999999,-5.873727e-02,3,Indonesian Exclusive Economic Zone,WPP712,,SVDNB_npp_d20140716_t1803247_e1809051_b14079_c20140717000905445784_noaa_ops.h5,GDNBO_npp_d20140716_t1803247_e1809051_b14079_c20140717000905445471_noaa_ops.h5,SVI04_npp_d20140716_t1803247_e1809051_b14079_c20140717000905432367_noaa_ops.dspace_rad,VNFF_npp_d20140716_t1803247_e1809051_b14079_v21.csv,World_EEZ_v8_2014.shp,WPP_BFAR_merge.shp,KKP_IDN_merge_20161208.shp,VNF-VBD_npp_20120301-20151231_global_asia-enhanced_c201607211230.bitmask,NCEI_NGA.union.nga_lead2.add_2015ntl.mask,timezone.shp,VBD_platforms-recurring_2015_r20170330.shp,999999,VBD_bridges_c20160811.shp,2.701723;0.592520;-1.537733;-6.424739;-11.321091;-16.224911;-21.132078;-19.454973;-16.614069;-11.826628;-7.007390;-2.161976,98.595314;112.244095;125.823792;124.798187;123.864281;123.023224;122.264351;107.621338;93.259468;94.789581;96.172417;97.426979,npp_d20140716_t1803247_e1809051_b14079,152.443,50.0997,13.1631,-79.679,35.9446,83.9914
993,VBD_npp_d20140716_t1805011_x1125062E_y053765S_l0877_s2263_v23,2017-05-23 13:08:46,-5.376508,112.506210,6.15633,2014-07-16 18:05:01,2014-07-17 01:05:01,877,2263,0.418918,8,18913,0.368489,0.193963,0.861874,0.4,0.835719,0.75,0.045343,0.0001,0.0149449,999999,1.580655e-01,3,Indonesian Exclusive Economic Zone,WPP712,,SVDNB_npp_d20140716_t1803247_e1809051_b14079_c20140717000905445784_noaa_ops.h5,GDNBO_npp_d20140716_t1803247_e1809051_b14079_c20140717000905445471_noaa_ops.h5,SVI04_npp_d20140716_t1803247_e1809051_b14079_c20140717000905432367_noaa_ops.dspace_rad,VNFF_npp_d20140716_t1803247_e1809051_b14079_v21.csv,World_EEZ_v8_2014.shp,WPP_BFAR_merge.shp,KKP_IDN_merge_20161208.shp,VNF-VBD_npp_20120301-20151231_global_asia-enhanced_c201607211230.bitmask,NCEI_NGA.union.nga_lead2.add_2015ntl.mask,timezone.shp,VBD_platforms-recurring_2015_r20170330.shp,0.377702,VBD_bridges_c20160811.shp,2.701723;0.592520;-1.537733;-6.424739;-11.321091;-16.224911;-21.132078;-19.454973;-16.614069;-11.826628;-7.007390;-2.161976,98.595314;112.244095;125.823792;124.798187;123.864281;123.023224;122.264351;107.621338;93.259468;94.789581;96.172417;97.426979,npp_d20140716_t1803247_e1809051_b14079,153.218,51.4959,13.2141,-79.9525,36.2231,82.5806
994,VBD_npp_d20140716_t1804415_x1127775E_y041800S_l0694_s2264_v23,2017-05-23 13:08:46,-4.180026,112.777504,21.213,2014-07-16 18:04:41,2014-07-17 01:04:41,694,2264,0.416818,8,18913,0.763589,0.217313,0.871086,0.4,0.942995,0.75,0.0456451,0.0001,0.0159673,999999,5.293360e-04,3,Indonesian Exclusive Economic Zone,WPP712,,SVDNB_npp_d20140716_t1803247_e1809051_b14079_c20140717000905445784_noaa_ops.h5,GDNBO_npp_d20140716_t1803247_e1809051_b14079_c20140717000905445471_noaa_ops.h5,SVI04_npp_d20140716_t1803247_e1809051_b14079_c20140717000905432367_noaa_ops.dspace_rad,VNFF_npp_d20140716_t1803247_e1809051_b14079_v21.csv,World_EEZ_v8_2014.shp,WPP_BFAR_merge.shp,KKP_IDN_merge_20161208.shp,VNF-VBD_npp_20120301-20151231_global_asia-enhanced_c201607211230.bitmask,NCEI_NGA.union.nga_lead2.add_2015ntl.mask,timezone.shp,VBD_platforms-recurring_2015_r20170330.shp,0.460843,VBD_bridges_c20160811.shp,2.701723;0.592520;-1.537733;-6.424739;-11.321091;-16.224911;-21.132078;-19.454973;-16.614069;-11.826628;-7.007390;-2.161976,98.595314;112.244095;125.823792;124.798187;123.864281;123.023224;122.264351;107.621338;93.259468;94.789581;96.172417;97.426979,npp_d20140716_t1803247_e1809051_b14079,152.313,49.9137,13.2724,-81.7104,35.8899,84.2033
995,VBD_npp_d20140716_t1804593_x1125631E_y051937S_l0849_s2266_v23,2017-05-23 13:08:46,-5.193732,112.563065,14.6446,2014-07-16 18:04:59,2014-07-17 01:04:59,849,2266,0.418365,1,2529,0.641087,0.222575,0.880097,0.4,0.928021,0.75,0.0454042,0.0001,0.0157616,999999,-3.496914e-02,3,Indonesian Exclusive Economic Zone,WPP712,,SVDNB_npp_d20140716_t1803247_e1809051_b14079_c20140717000905445784_noaa_ops.h5,GDNBO_npp_d20140716_t1803247_e1809051_b14079_c20140717000905445471_noaa_ops.h5,SVI04_npp_d20140716_t1803247_e1809051_b14079_c20140717000905432367_noaa_ops.dspace_rad,VNFF_npp_d20140716_t1803247_e1809051_b14079_v21.csv,World_EEZ_v8_2014.shp,WPP_BFAR_merge.shp,KKP_IDN_merge_20161208.shp,VNF-VBD_npp_20120301-20151231_global_asia-enhanced_c201607211230.bitmask,NCEI_NGA.union.nga_lead2.add_2015ntl.mask,timezone.shp,VBD_platforms-recurring_2015_r20170330.shp,999999,VBD_bridges_c20160811.shp,2.701723;0.592520;-1.537733;-6.424739;-11.321091;-16.224911;-21.132078;-19.454973;-16.614069;-11.826628;-7.007390;-2.161976,98.595314;112.244095;125.823792;124.798187;123.864281;123.023224;122.264351;107.621338;93.259468;94.789581;96.172417;97.426979,npp_d20140716_t1803247_e1809051_b14079,153.065,51.2701,13.3923,-82.9687,36.1498,82.8206
996,VBD_npp_d20140716_t1805011_x1125333E_y053807S_l0877_s2267_v23,2017-05-23 13:08:46,-5.380745,112.533257,14.8019,2014-07-16 18:05:01,2014-07-17 01:05:01,877,2267,0.419801,1,2529,0.654352,0.221649,0.857381,0.4,0.93484,0.75,0.0453623,0.0001,0.0152718,999999,-2.872322e-02,3,Indonesian Exclusive Economic Zone,WPP712,,SVDNB_npp_d20140716_t1803247_e1809051_b14079_c20140717000905445784_noaa_ops.h5,GDNBO_npp_d20140716_t1803247_e1809051_b14079_c20140717000905445471_noaa_ops.h5,SVI04_npp_d20140716_t1803247_e1809051_b14079_c20140717000905432367_noaa_ops.dspace_rad,VNFF_npp_d20140716_t1803247_e1809051_b14079_v21.csv,World_EEZ_v8_2014.shp,WPP_BFAR_merge.shp,KKP_IDN_merge_20161208.shp,VNF-VBD_npp_20120301-20151231_global_asia-enhanced_c201607211230.bitmask,NCEI_NGA.union.nga_lead2.add_2015ntl.mask,timezone.shp,VBD_platforms-recurring_2015_r20170330.shp,999999,VBD_bridges_c20160811.shp,2.701723;0.592520;-1.537733;-6.424739;-11.321091;-16.224911;-21.132078;-19.454973;-16.614069;-11.826628;-7.007390;-2.161976,98.595314;112.244095;125.823792;124.798187;123.864281;123.023224;122.264351;107.621338;93.259468;94.789581;96.172417;97.426979,npp_d20140716_t1803247_e1809051_b14079,153.199,51.5332,13.4401,-79.9772,36.1966,82.5673
997,VBD_npp_d20140716_t1804504_x1126877E_y047071S_l0774_s2268_v23,2017-05-23 13:08:46,-4.707150,112.687706,11.1647,2014-07-16 18:04:50,2014-07-17 01:04:50,774,2268,0.412343,8,18913,0.561001,0.275939,0.85788,0.4,0.924323,0.75,0.0455374,0.0001,0.0160207,999999,-3.949970e-01,3,Indonesian Exclusive Economic Zone,WPP712,,SVDNB_npp_d20140716_t1803247_e1809051_b14079_c20140717000905445784_noaa_ops.h5,GDNBO_npp_d20140716_t1803247_e1809051_b14079_c20140717000905445471_noaa_ops.h5,SVI04_npp_d20140716_t1803247_e1809051_b14079_c20140717000905432367_noaa_ops.dspace_rad,VNFF_npp_d20140716_t1803247_e1809051_b14079_v21.csv,World_EEZ_v8_2014.shp,WPP_BFAR_merge.shp,KKP_IDN_merge_20161208.shp,VNF-VBD_npp_20120301-20151231_global_asia-enhanced_c201607211230.bitmask,NCEI_NGA.union.nga_lead2.add_2015ntl.mask,timezone.shp,VBD_platforms-recurring_2015_r20170330.shp,0.587204,VBD_bridges_c20160811.shp,2.701723;0.592520;-1.537733;-6.424739;-11.321091;-16.224911;-21.132078;-19.454973;-16.614069;-11.826628;-7.007390;-2.161976,98.595314;112.244095;125.823792;124.798187;123.864281;123.023224;122.264351;107.621338;93.259468;94.789581;96.172417;97.426979,npp_d20140716_t1803247_e1809051_b14079,152.691,50.6321,13.4974,-81.7057,36.0017,83.4764
998,VBD_npp_d20140716_t1804576_x1125871E_y051728S_l0845_s2268_v23,2017-05-23 13:08:46,-5.172780,112.587051,16.882,2014-07-16 18:04:57,2014-07-17 01:04:57,845,2268,0.421845,1,2529,0.707579,0.176447,0.88696,0.4,0.943589,0.75,0.0454205,0.0001,0.0154839,999999,2.762368e-01,3,Indonesian Exclusive Economic Zone,WPP712,,SVDNB_npp_d20140716_t1803247_e1809051_b14079_c20140717000905445784_noaa_ops.h5,GDNBO_npp_d20140716_t1803247_e1809051_b14079_c20140717000905445471_noaa_ops.h5,SVI04_npp_d20140716_t1803247_e1809051_b14079_c20140717000905432367_noaa_ops.dspace_rad,VNFF_npp_d20140716_t1803247_e1809051_b14079_v21.csv,World_EEZ_v8_2014.shp,WPP_BFAR_merge.shp,KKP_IDN_merge_20161208.shp,VNF-VBD_npp_20120301-20151231_global_asia-enhanced_c201607211230.bitmask,NCEI_NGA.union.nga_lead2.add_2015ntl.mask,timezone.shp,VBD_platforms-recurring_2015_r20170330.shp,999999,VBD_bridges_c20160811.shp,2.701723;0.592520;-1.537733;-6.424739;-11.321091;-16.224911;-21.132078;-19.454973;-16.614069;-11.826628;-7.007390;-2.161976,98.595314;112.244095;125.823792;124.798187;123.864281;123.023224;122.264351;107.621338;93.259468;94.789581;96.172417;97.426979,npp_d20140716_t1803247_e1809051_b14079,153.039,51.2567,13.4997,-79.9807,36.1303,82.8454
999,VBD_npp_d20140716_t1805225_x1122681E_y065889S_l1062_s2268_v23,2017-05-23 13:08:46,-6.588872,112.268059,9.80072,2014-07-16 18:05:22,2014-07-17 01:05:22,1062,2268,0.42179,1,2529,0.520158,0.228955,0.774064,0.4,0.905093,0.75,0.0451533,0.0001,0.0149019,999999,-7.801547e-02,3,Indonesian Exclusive Economic Zone,WPP712,,SVDNB_npp_d20140716_t1803247_e1809051_b14079_c20140717000905445784_noaa_ops.h5,GDNBO_npp_d20140716_t1803247_e1809051_b14079_c20140717000905445471_noaa_ops.h5,SVI04_npp_d20140716_t1803247_e1809051_b14079_c20140717000905432367_noaa_ops.dspace_rad,VNFF_npp_d20140716_t1803247_e1809051_b14079_v21.csv,World_EEZ_v8_2014.shp,WPP_BFAR_merge.shp,KKP_IDN_merge_20161208.shp,VNF-VBD_npp_20120301-20151231_global_asia-enhanced_c201607211230.bitmask,NCEI_NGA.union.nga_lead2.add_2015ntl.mask,timezone.shp,VBD_platforms-recurring_2015_r20170330.shp,999999,VBD_bridges_c20160811.shp,2.701723;0.592520;-1.537733;-6.424739;-11.321091;-16.224911;-21.132078;-19.454973;-16.614069;-11.826628;-7.007390;-2.161976,98.595314;112.244095;125.823792;124.798187;123.864281;123.023224;122.264351;107.621338;93.259468;94.789581;96.172417;97.426979,npp_d20140716_t1803247_e1809051_b14079,154.075,53.2673,13.4992,-81.7302,36.5514,80.9609
1000,VBD_npp_d20140716_t1805100_x1124372E_y059064S_l0957_s2270_v23,2017-05-23 13:08:46,-5.906409,112.437202,7.39206,2014-07-16 18:05:10,2014-07-17 01:05:10,957,2270,0.420851,1,2529,0.415829,0.204095,0.782971,0.4,0.866655,0.75,0.0452387,0.0001,0.0152013,999999,8.970461e-02,3,Indonesian Exclusive Economic Zone,WPP712,,SVDNB_npp_d20140716_t1803247_e1809051_b14079_c20140717000905445784_noaa_ops.h5,GDNBO_npp_d20140716_t1803247_e1809051_b14079_c20140717000905445471_noaa_ops.h5,SVI04_npp_d20140716_t1803247_e1809051_b14079_c20140717000905432367_noaa_ops.dspace_rad,VNFF_npp_d20140716_t1803247_e1809051_b14079_v21.csv,World_EEZ_v8_2014.shp,WPP_BFAR_merge.shp,KKP_IDN_merge_20161208.shp,VNF-VBD_npp_20120301-20151231_global_asia-enhanced_c201607211230.bitmask,NCEI_NGA.union.nga_lead2.add_2015ntl.mask,timezone.shp,VBD_platforms-recurring_2015_r20170330.shp,999999,VBD_bridges_c20160811.shp,2.701723;0.592520;-1.537733;-6.424739;-11.321091;-16.224911;-21.132078;-19.454973;-16.614069;-11.826628;-7.007390;-2.161976,98.595314;112.244095;125.823792;124.798187;123.864281;123.023224;122.264351;107.621338;93.259468;94.789581;96.172417;97.426979,npp_d20140716_t1803247_e1809051_b14079,153.57,52.2924,13.6113,-80.0113,36.3292,81.8584
1001,VBD_npp_d20140716_t1804433_x1127920E_y043532S_l0719_s2271_v23,2017-05-23 13:08:46,-4.353180,112.791969,27.7923,2014-07-16 18:04:43,2014-07-17 01:04:43,719,2271,0.413946,1,2529,0.845708,0.215416,0.883005,0.4,0.950188,0.75,0.0456392,0.0001,0.0161463,999999,1.332571e-02,3,Indonesian Exclusive Economic Zone,WPP712,,SVDNB_npp_d20140716_t1803247_e1809051_b14079_c20140717000905445784_noaa_ops.h5,GDNBO_npp_d20140716_t1803247_e1809051_b14079_c20140717000905445471_noaa_ops.h5,SVI04_npp_d20140716_t1803247_e1809051_b14079_c20140717000905432367_noaa_ops.dspace_rad,VNFF_npp_d20140716_t1803247_e1809051_b14079_v21.csv,World_EEZ_v8_2014.shp,WPP_BFAR_merge.shp,KKP_IDN_merge_20161208.shp,VNF-VBD_npp_20120301-20151231_global_asia-enhanced_c201607211230.bitmask,NCEI_NGA.union.nga_lead2.add_2015ntl.mask,timezone.shp,VBD_platforms-recurring_2015_r20170330.shp,999999,VBD_bridges_c20160811.shp,2.701723;0.592520;-1.537733;-6.424739;-11.321091;-16.224911;-21.132078;-19.454973;-16.614069;-11.826628;-7.007390;-2.161976,98.595314;112.244095;125.823792;124.798187;123.864281;123.023224;122.264351;107.621338;93.259468;94.789581;96.172417;97.426979,npp_d20140716_t1803247_e1809051_b14079,152.408,50.1923,13.6729,-79.4979,35.8863,83.9552
1002,VBD_npp_d20140716_t1804433_x1128286E_y042964S_l0710_s2275_v23,2017-05-23 13:08:46,-4.296385,112.828552,19.6743,2014-07-16 18:04:43,2014-07-17 01:04:43,710,2275,0.414222,1,2529,0.709713,0.214473,0.88352,0.4,0.928927,0.75,0.0456728,0.0001,0.0168708,999999,1.969445e-02,3,Indonesian Exclusive Economic Zone,WPP712,,SVDNB_npp_d20140716_t1803247_e1809051_b14079_c20140717000905445784_noaa_ops.h5,GDNBO_npp_d20140716_t1803247_e1809051_b14079_c20140717000905445471_noaa_ops.h5,SVI04_npp_d20140716_t1803247_e1809051_b14079_c20140717000905432367_noaa_ops.dspace_rad,VNFF_npp_d20140716_t1803247_e1809051_b14079_v21.csv,World_EEZ_v8_2014.shp,WPP_BFAR_merge.shp,KKP_IDN_merge_20161208.shp,VNF-VBD_npp_20120301-20151231_global_asia-enhanced_c201607211230.bitmask,NCEI_NGA.union.nga_lead2.add_2015ntl.mask,timezone.shp,VBD_platforms-recurring_2015_r20170330.shp,999999,VBD_bridges_c20160811.shp,2.701723;0.592520;-1.537733;-6.424739;-11.321091;-16.224911;-21.132078;-19.454973;-16.614069;-11.826628;-7.007390;-2.161976,98.595314;112.244095;125.823792;124.798187;123.864281;123.023224;122.264351;107.621338;93.259468;94.789581;96.172417;97.426979,npp_d20140716_t1803247_e1809051_b14079,152.344,50.1509,13.8942,-81.6905,35.8435,84.0268
1003,VBD_npp_d20140716_t1804433_x1128374E_y042839S_l0708_s2276_v23,2017-05-23 13:08:46,-4.283868,112.837440,21.0001,2014-07-16 18:04:43,2014-07-17 01:04:43,708,2276,0.413117,1,2529,0.749881,0.218583,0.88352,0.4,0.94,0.75,0.0456808,0.0001,0.017042,999999,-8.040191e-03,3,Indonesian Exclusive Economic Zone,WPP712,,SVDNB_npp_d20140716_t1803247_e1809051_b14079_c20140717000905445784_noaa_ops.h5,GDNBO_npp_d20140716_t1803247_e1809051_b14079_c20140717000905445471_noaa_ops.h5,SVI04_npp_d20140716_t1803247_e1809051_b14079_c20140717000905432367_noaa_ops.dspace_rad,VNFF_npp_d20140716_t1803247_e1809051_b14079_v21.csv,World_EEZ_v8_2014.shp,WPP_BFAR_merge.shp,KKP_IDN_merge_20161208.shp,VNF-VBD_npp_20120301-20151231_global_asia-enhanced_c201607211230.bitmask,NCEI_NGA.union.nga_lead2.add_2015ntl.mask,timezone.shp,VBD_platforms-recurring_2015_r20170330.shp,999999,VBD_bridges_c20160811.shp,2.701723;0.592520;-1.537733;-6.424739;-11.321091;-16.224911;-21.132078;-19.454973;-16.614069;-11.826628;-7.007390;-2.161976,98.595314;112.244095;125.823792;124.798187;123.864281;123.023224;122.264351;107.621338;93.259468;94.789581;96.172417;97.426979,npp_d20140716_t1803247_e1809051_b14079,152.329,50.1427,13.9523,-82.168,35.8332,84.0425
1004,VBD_npp_d20140716_t1804504_x1127653E_y047888S_l0784_s2281_v23,2017-05-23 13:08:46,-4.788794,112.765335,21.0593,2014-07-16 18:04:50,2014-07-17 01:04:50,784,2281,0.416653,8,18913,0.779862,0.209263,0.879838,0.4,0.950745,0.75,0.0455842,0.0001,0.0167063,999999,5.484266e-02,3,Indonesian Exclusive Economic Zone,WPP712,,SVDNB_npp_d20140716_t1803247_e1809051_b14079_c20140717000905445784_noaa_ops.h5,GDNBO_npp_d20140716_t1803247_e1809051_b14079_c20140717000905445471_noaa_ops.h5,SVI04_npp_d20140716_t1803247_e1809051_b14079_c20140717000905432367_noaa_ops.dspace_rad,VNFF_npp_d20140716_t1803247_e1809051_b14079_v21.csv,World_EEZ_v8_2014.shp,WPP_BFAR_merge.shp,KKP_IDN_merge_20161208.shp,VNF-VBD_npp_20120301-20151231_global_asia-enhanced_c201607211230.bitmask,NCEI_NGA.union.nga_lead2.add_2015ntl.mask,timezone.shp,VBD_platforms-recurring_2015_r20170330.shp,0.206075,VBD_bridges_c20160811.shp,2.701723;0.592520;-1.537733;-6.424739;-11.321091;-16.224911;-21.132078;-19.454973;-16.614069;-11.826628;-7.007390;-2.161976,98.595314;112.244095;125.823792;124.798187;123.864281;123.023224;122.264351;107.621338;93.259468;94.789581;96.172417;97.426979,npp_d20140716_t1803247_e1809051_b14079,152.683,50.8429,14.2385,-79.3454,35.9332,83.3433
1005,VBD_npp_d20140716_t1805260_x1123064E_y068319S_l1097_s2281_v23,2017-05-23 13:08:46,-6.831943,112.306396,3.96506,2014-07-16 18:05:26,2014-07-17 01:05:26,1097,2281,0.425989,1,2273,0.24289,0.205154,0.747247,0.4,0.763034,0.75,0.0451984,0.0001,0.01567,999999,8.256388e-02,3,Indonesian Exclusive Economic Zone,WPP712,,SVDNB_npp_d20140716_t1803247_e1809051_b14079_c20140717000905445784_noaa_ops.h5,GDNBO_npp_d20140716_t1803247_e1809051_b14079_c20140717000905445471_noaa_ops.h5,SVI04_npp_d20140716_t1803247_e1809051_b14079_c20140717000905432367_noaa_ops.dspace_rad,VNFF_npp_d20140716_t1803247_e1809051_b14079_v21.csv,World_EEZ_v8_2014.shp,WPP_BFAR_merge.shp,KKP_IDN_merge_20161208.shp,VNF-VBD_npp_20120301-20151231_global_asia-enhanced_c201607211230.bitmask,NCEI_NGA.union.nga_lead2.add_2015ntl.mask,timezone.shp,VBD_platforms-recurring_2015_r20170330.shp,999999,VBD_bridges_c20160811.shp,2.701723;0.592520;-1.537733;-6.424739;-11.321091;-16.224911;-21.132078;-19.454973;-16.614069;-11.826628;-7.007390;-2.161976,98.595314;112.244095;125.823792;124.798187;123.864281;123.023224;122.264351;107.621338;93.259468;94.789581;96.172417;97.426979,npp_d20140716_t1803247_e1809051_b14079,154.177,53.7287,14.2303,-81.0173,36.5385,80.6121
1006,VBD_npp_d20140716_t1805136_x1124694E_y061487S_l0992_s2282_v23,2017-05-23 13:08:46,-6.148674,112.469360,8.43956,2014-07-16 18:05:13,2014-07-17 01:05:13,992,2282,0.418255,1,2529,0.392641,0.213591,0.753878,0.4,0.851398,0.75,0.0452358,0.0001,0.0159075,999999,2.564385e-02,3,Indonesian Exclusive Economic Zone,WPP712,,SVDNB_npp_d20140716_t1803247_e1809051_b14079_c20140717000905445784_noaa_ops.h5,GDNBO_npp_d20140716_t1803247_e1809051_b14079_c20140717000905445471_noaa_ops.h5,SVI04_npp_d20140716_t1803247_e1809051_b14079_c20140717000905432367_noaa_ops.dspace_rad,VNFF_npp_d20140716_t1803247_e1809051_b14079_v21.csv,World_EEZ_v8_2014.shp,WPP_BFAR_merge.shp,KKP_IDN_merge_20161208.shp,VNF-VBD_npp_20120301-20151231_global_asia-enhanced_c201607211230.bitmask,NCEI_NGA.union.nga_lead2.add_2015ntl.mask,timezone.shp,VBD_platforms-recurring_2015_r20170330.shp,999999,VBD_bridges_c20160811.shp,2.701723;0.592520;-1.537733;-6.424739;-11.321091;-16.224911;-21.132078;-19.454973;-16.614069;-11.826628;-7.007390;-2.161976,98.595314;112.244095;125.823792;124.798187;123.864281;123.023224;122.264351;107.621338;93.259468;94.789581;96.172417;97.426979,npp_d20140716_t1803247_e1809051_b14079,153.68,52.7325,14.2963,-79.3821,36.3184,81.5108
1007,VBD_npp_d20140716_t1804398_x1129413E_y040627S_l0673_s2284_v23,2017-05-23 13:08:46,-4.062730,112.941299,3.58861,2014-07-16 18:04:39,2014-07-17 01:04:39,673,2284,0.415603,1,2273,0.222199,0.220332,0.905068,0.4,0.752117,0.75,0.0457731,0.0001,0.0180065,999999,-1.983528e-02,3,Indonesian Exclusive Economic Zone,WPP712,,SVDNB_npp_d20140716_t1803247_e1809051_b14079_c20140717000905445784_noaa_ops.h5,GDNBO_npp_d20140716_t1803247_e1809051_b14079_c20140717000905445471_noaa_ops.h5,SVI04_npp_d20140716_t1803247_e1809051_b14079_c20140717000905432367_noaa_ops.dspace_rad,VNFF_npp_d20140716_t1803247_e1809051_b14079_v21.csv,World_EEZ_v8_2014.shp,WPP_BFAR_merge.shp,KKP_IDN_merge_20161208.shp,VNF-VBD_npp_20120301-20151231_global_asia-enhanced_c201607211230.bitmask,NCEI_NGA.union.nga_lead2.add_2015ntl.mask,timezone.shp,VBD_platforms-recurring_2015_r20170330.shp,999999,VBD_bridges_c20160811.shp,2.701723;0.592520;-1.537733;-6.424739;-11.321091;-16.224911;-21.132078;-19.454973;-16.614069;-11.826628;-7.007390;-2.161976,98.595314;112.244095;125.823792;124.798187;123.864281;123.023224;122.264351;107.621338;93.259468;94.789581;96.172417;97.426979,npp_d20140716_t1803247_e1809051_b14079,152.119,49.9227,14.4059,-82.8386,35.7203,84.3353
1008,VBD_npp_d20140716_t1804415_x1129024E_y042691S_l0704_s2284_v23,2017-05-23 13:08:46,-4.269096,112.902443,52.5523,2014-07-16 18:04:41,2014-07-17 01:04:41,704,2284,0.396212,1,2529,1.09588,0.232603,0.902728,0.4,0.968196,0.75,0.0457256,0.0001,0.0172978,999999,-1.026287e-01,3,Indonesian Exclusive Economic Zone,WPP712,,SVDNB_npp_d20140716_t1803247_e1809051_b14079_c20140717000905445784_noaa_ops.h5,GDNBO_npp_d20140716_t1803247_e1809051_b14079_c20140717000905445471_noaa_ops.h5,SVI04_npp_d20140716_t1803247_e1809051_b14079_c20140717000905432367_noaa_ops.dspace_rad,VNFF_npp_d20140716_t1803247_e1809051_b14079_v21.csv,World_EEZ_v8_2014.shp,WPP_BFAR_merge.shp,KKP_IDN_merge_20161208.shp,VNF-VBD_npp_20120301-20151231_global_asia-enhanced_c201607211230.bitmask,NCEI_NGA.union.nga_lead2.add_2015ntl.mask,timezone.shp,VBD_platforms-recurring_2015_r20170330.shp,999999,VBD_bridges_c20160811.shp,2.701723;0.592520;-1.537733;-6.424739;-11.321091;-16.224911;-21.132078;-19.454973;-16.614069;-11.826628;-7.007390;-2.161976,98.595314;112.244095;125.823792;124.798187;123.864281;123.023224;122.264351;107.621338;93.259468;94.789581;96.172417;97.426979,npp_d20140716_t1803247_e1809051_b14079,152.275,50.1869,14.4088,-79.368,35.7734,84.0506
1009,VBD_npp_d20140716_t1805136_x1124851E_y061372S_l0990_s2284_v23,2017-05-23 13:08:46,-6.137211,112.485123,11.35,2014-07-16 18:05:13,2014-07-17 01:05:13,990,2284,0.416653,1,2529,0.53363,0.219427,0.808208,0.4,0.873187,0.75,0.0452488,0.0001,0.0161707,999999,-1.373304e-02,3,Indonesian Exclusive Economic Zone,WPP712,,SVDNB_npp_d20140716_t1803247_e1809051_b14079_c20140717000905445784_noaa_ops.h5,GDNBO_npp_d20140716_t1803247_e1809051_b14079_c20140717000905445471_noaa_ops.h5,SVI04_npp_d20140716_t1803247_e1809051_b14079_c20140717000905432367_noaa_ops.dspace_rad,VNFF_npp_d20140716_t1803247_e1809051_b14079_v21.csv,World_EEZ_v8_2014.shp,WPP_BFAR_merge.shp,KKP_IDN_merge_20161208.shp,VNF-VBD_npp_20120301-20151231_global_asia-enhanced_c201607211230.bitmask,NCEI_NGA.union.nga_lead2.add_2015ntl.mask,timezone.shp,VBD_platforms-recurring_2015_r20170330.shp,999999,VBD_bridges_c20160811.shp,2.701723;0.592520;-1.537733;-6.424739;-11.321091;-16.224911;-21.132078;-19.454973;-16.614069;-11.826628;-7.007390;-2.161976,98.595314;112.244095;125.823792;124.798187;123.864281;123.023224;122.264351;107.621338;93.259468;94.789581;96.172417;97.426979,npp_d20140716_t1803247_e1809051_b14079,153.661,52.7315,14.4063,-79.8623,36.3009,81.5216
1010,VBD_npp_d20140716_t1804380_x1129576E_y040474S_l0670_s2285_v23,2017-05-23 13:08:46,-4.047372,112.957603,29.814,2014-07-16 18:04:38,2014-07-17 01:04:38,670,2285,0.416542,1,2529,0.884969,0.233452,0.915258,0.4,0.956869,0.75,0.0457824,0.0001,0.0176002,999999,-1.083549e-01,3,Indonesian Exclusive Economic Zone,WPP712,,SVDNB_npp_d20140716_t1803247_e1809051_b14079_c20140717000905445784_noaa_ops.h5,GDNBO_npp_d20140716_t1803247_e1809051_b14079_c20140717000905445471_noaa_ops.h5,SVI04_npp_d20140716_t1803247_e1809051_b14079_c20140717000905432367_noaa_ops.dspace_rad,VNFF_npp_d20140716_t1803247_e1809051_b14079_v21.csv,World_EEZ_v8_2014.shp,WPP_BFAR_merge.shp,KKP_IDN_merge_20161208.shp,VNF-VBD_npp_20120301-20151231_global_asia-enhanced_c201607211230.bitmask,NCEI_NGA.union.nga_lead2.add_2015ntl.mask,timezone.shp,VBD_platforms-recurring_2015_r20170330.shp,999999,VBD_bridges_c20160811.shp,2.701723;0.592520;-1.537733;-6.424739;-11.321091;-16.224911;-21.132078;-19.454973;-16.614069;-11.826628;-7.007390;-2.161976,98.595314;112.244095;125.823792;124.798187;123.864281;123.023224;122.264351;107.621338;93.259468;94.789581;96.172417;97.426979,npp_d20140716_t1803247_e1809051_b14079,152.102,49.9107,14.4589,-79.8353,35.7096,84.3553
1011,VBD_npp_d20140716_t1804291_x1131120E_y035028S_l0586_s2290_v23,2017-05-23 13:08:46,-3.502756,113.112007,13.8,2014-07-16 18:04:29,2014-07-17 01:04:29,586,2290,0.410078,8,18913,0.618481,0.220873,0.837633,0.4,0.926676,0.75,0.0459168,0.0001,0.0185397,999999,-2.349042e-02,3,Indonesian Exclusive Economic Zone,WPP712,,SVDNB_npp_d20140716_t1803247_e1809051_b14079_c20140717000905445784_noaa_ops.h5,GDNBO_npp_d20140716_t1803247_e1809051_b14079_c20140717000905445471_noaa_ops.h5,SVI04_npp_d20140716_t1803247_e1809051_b14079_c20140717000905432367_noaa_ops.dspace_rad,VNFF_npp_d20140716_t1803247_e1809051_b14079_v21.csv,World_EEZ_v8_2014.shp,WPP_BFAR_merge.shp,KKP_IDN_merge_20161208.shp,VNF-VBD_npp_20120301-20151231_global_asia-enhanced_c201607211230.bitmask,NCEI_NGA.union.nga_lead2.add_2015ntl.mask,timezone.shp,VBD_platforms-recurring_2015_r20170330.shp,0.311292,VBD_bridges_c20160811.shp,2.701723;0.592520;-1.537733;-6.424739;-11.321091;-16.224911;-21.132078;-19.454973;-16.614069;-11.826628;-7.007390;-2.161976,98.595314;112.244095;125.823792;124.798187;123.864281;123.023224;122.264351;107.621338;93.259468;94.789581;96.172417;97.426979,npp_d20140716_t1803247_e1809051_b14079,151.66,49.269,14.7344,-80.76,35.5392,85.1059
1012,VBD_npp_d20140716_t1804362_x1130151E_y039475S_l0654_s2290_v23,2017-05-23 13:08:46,-3.947516,113.015114,31.3261,2014-07-16 18:04:36,2014-07-17 01:04:36,654,2290,0.417592,1,2529,0.79225,0.199298,0.8821,0.4,0.909449,0.75,0.0458304,0.0001,0.0181207,999999,1.220713e-01,3,Indonesian Exclusive Economic Zone,WPP712,,SVDNB_npp_d20140716_t1803247_e1809051_b14079_c20140717000905445784_noaa_ops.h5,GDNBO_npp_d20140716_t1803247_e1809051_b14079_c20140717000905445471_noaa_ops.h5,SVI04_npp_d20140716_t1803247_e1809051_b14079_c20140717000905432367_noaa_ops.dspace_rad,VNFF_npp_d20140716_t1803247_e1809051_b14079_v21.csv,World_EEZ_v8_2014.shp,WPP_BFAR_merge.shp,KKP_IDN_merge_20161208.shp,VNF-VBD_npp_20120301-20151231_global_asia-enhanced_c201607211230.bitmask,NCEI_NGA.union.nga_lead2.add_2015ntl.mask,timezone.shp,VBD_platforms-recurring_2015_r20170330.shp,999999,VBD_bridges_c20160811.shp,2.701723;0.592520;-1.537733;-6.424739;-11.321091;-16.224911;-21.132078;-19.454973;-16.614069;-11.826628;-7.007390;-2.161976,98.595314;112.244095;125.823792;124.798187;123.864281;123.023224;122.264351;107.621338;93.259468;94.789581;96.172417;97.426979,npp_d20140716_t1803247_e1809051_b14079,151.999,49.824,14.7416,-79.8855,35.649,84.4864
1013,VBD_npp_d20140716_t1804380_x1129998E_y039986S_l0662_s2290_v23,2017-05-23 13:08:46,-3.998634,112.999763,36.2758,2014-07-16 18:04:38,2014-07-17 01:04:38,662,2290,0.416321,1,2529,0.923687,0.210125,0.898387,0.4,0.954059,0.75,0.0458183,0.0001,0.0184016,999999,4.902333e-02,3,Indonesian Exclusive Economic Zone,WPP712,,SVDNB_npp_d20140716_t1803247_e1809051_b14079_c20140717000905445784_noaa_ops.h5,GDNBO_npp_d20140716_t1803247_e1809051_b14079_c20140717000905445471_noaa_ops.h5,SVI04_npp_d20140716_t1803247_e1809051_b14079_c20140717000905432367_noaa_ops.dspace_rad,VNFF_npp_d20140716_t1803247_e1809051_b14079_v21.csv,World_EEZ_v8_2014.shp,WPP_BFAR_merge.shp,KKP_IDN_merge_20161208.shp,VNF-VBD_npp_20120301-20151231_global_asia-enhanced_c201607211230.bitmask,NCEI_NGA.union.nga_lead2.add_2015ntl.mask,timezone.shp,VBD_platforms-recurring_2015_r20170330.shp,999999,VBD_bridges_c20160811.shp,2.701723;0.592520;-1.537733;-6.424739;-11.321091;-16.224911;-21.132078;-19.454973;-16.614069;-11.826628;-7.007390;-2.161976,98.595314;112.244095;125.823792;124.798187;123.864281;123.023224;122.264351;107.621338;93.259468;94.789581;96.172417;97.426979,npp_d20140716_t1803247_e1809051_b14079,152.038,49.8885,14.7362,-81.6655,35.6623,84.4155
1014,VBD_npp_d20140716_t1804380_x1129936E_y040385S_l0668_s2290_v23,2017-05-23 13:08:46,-4.038510,112.993568,54.6663,2014-07-16 18:04:38,2014-07-17 01:04:38,668,2290,0.413725,1,2529,1.11899,0.233812,0.931537,0.4,0.971522,0.75,0.0458092,0.0001,0.0181413,999999,-1.107851e-01,3,Indonesian Exclusive Economic Zone,WPP712,,SVDNB_npp_d20140716_t1803247_e1809051_b14079_c20140717000905445784_noaa_ops.h5,GDNBO_npp_d20140716_t1803247_e1809051_b14079_c20140717000905445471_noaa_ops.h5,SVI04_npp_d20140716_t1803247_e1809051_b14079_c20140717000905432367_noaa_ops.dspace_rad,VNFF_npp_d20140716_t1803247_e1809051_b14079_v21.csv,World_EEZ_v8_2014.shp,WPP_BFAR_merge.shp,KKP_IDN_merge_20161208.shp,VNF-VBD_npp_20120301-20151231_global_asia-enhanced_c201607211230.bitmask,NCEI_NGA.union.nga_lead2.add_2015ntl.mask,timezone.shp,VBD_platforms-recurring_2015_r20170330.shp,999999,VBD_bridges_c20160811.shp,2.701723;0.592520;-1.537733;-6.424739;-11.321091;-16.224911;-21.132078;-19.454973;-16.614069;-11.826628;-7.007390;-2.161976,98.595314;112.244095;125.823792;124.798187;123.864281;123.023224;122.264351;107.621338;93.259468;94.789581;96.172417;97.426979,npp_d20140716_t1803247_e1809051_b14079,152.069,49.939,14.7369,-80.3369,35.6725,84.3603
1015,VBD_npp_d20140716_t1804362_x1130331E_y038754S_l0643_s2291_v23,2017-05-23 13:08:46,-3.875436,113.033089,26.3411,2014-07-16 18:04:36,2014-07-17 01:04:36,643,2291,0.41715,1,2529,0.824871,0.223919,0.850328,0.4,0.946277,0.75,0.0458517,0.0001,0.018684,999999,-4.403643e-02,3,Indonesian Exclusive Economic Zone,WPP712,,SVDNB_npp_d20140716_t1803247_e1809051_b14079_c20140717000905445784_noaa_ops.h5,GDNBO_npp_d20140716_t1803247_e1809051_b14079_c20140717000905445471_noaa_ops.h5,SVI04_npp_d20140716_t1803247_e1809051_b14079_c20140717000905432367_noaa_ops.dspace_rad,VNFF_npp_d20140716_t1803247_e1809051_b14079_v21.csv,World_EEZ_v8_2014.shp,WPP_BFAR_merge.shp,KKP_IDN_merge_20161208.shp,VNF-VBD_npp_20120301-20151231_global_asia-enhanced_c201607211230.bitmask,NCEI_NGA.union.nga_lead2.add_2015ntl.mask,timezone.shp,VBD_platforms-recurring_2015_r20170330.shp,999999,VBD_bridges_c20160811.shp,2.701723;0.592520;-1.537733;-6.424739;-11.321091;-16.224911;-21.132078;-19.454973;-16.614069;-11.826628;-7.007390;-2.161976,98.595314;112.244095;125.823792;124.798187;123.864281;123.023224;122.264351;107.621338;93.259468;94.789581;96.172417;97.426979,npp_d20140716_t1803247_e1809051_b14079,151.939,49.7412,14.7961,-82.3174,35.6239,84.585
1016,VBD_npp_d20140716_t1804362_x1130238E_y039353S_l0652_s2291_v23,2017-05-23 13:08:46,-3.935262,113.023788,81.0441,2014-07-16 18:04:36,2014-07-17 01:04:36,652,2291,0.413006,1,2529,1.10088,0.205615,0.880768,0.4,0.925732,0.75,0.0458381,0.0001,0.0182973,999999,7.945070e-02,3,Indonesian Exclusive Economic Zone,WPP712,,SVDNB_npp_d20140716_t1803247_e1809051_b14079_c20140717000905445784_noaa_ops.h5,GDNBO_npp_d20140716_t1803247_e1809051_b14079_c20140717000905445471_noaa_ops.h5,SVI04_npp_d20140716_t1803247_e1809051_b14079_c20140717000905432367_noaa_ops.dspace_rad,VNFF_npp_d20140716_t1803247_e1809051_b14079_v21.csv,World_EEZ_v8_2014.shp,WPP_BFAR_merge.shp,KKP_IDN_merge_20161208.shp,VNF-VBD_npp_20120301-20151231_global_asia-enhanced_c201607211230.bitmask,NCEI_NGA.union.nga_lead2.add_2015ntl.mask,timezone.shp,VBD_platforms-recurring_2015_r20170330.shp,999999,VBD_bridges_c20160811.shp,2.701723;0.592520;-1.537733;-6.424739;-11.321091;-16.224911;-21.132078;-19.454973;-16.614069;-11.826628;-7.007390;-2.161976,98.595314;112.244095;125.823792;124.798187;123.864281;123.023224;122.264351;107.621338;93.259468;94.789581;96.172417;97.426979,npp_d20140716_t1803247_e1809051_b14079,151.985,49.8163,14.7944,-80.3322,35.6391,84.502
1017,VBD_npp_d20140716_t1804433_x1129466E_y042947S_l0707_s2292_v23,2017-05-23 13:08:46,-4.294714,112.946579,66.3889,2014-07-16 18:04:43,2014-07-17 01:04:43,707,2292,0.413338,8,18913,1.17941,0.197263,0.913699,0.4,0.970379,0.75,0.045759,0.0001,0.0185241,999999,1.357989e-01,3,Indonesian Exclusive Economic Zone,WPP712,,SVDNB_npp_d20140716_t1803247_e1809051_b14079_c20140717000905445784_noaa_ops.h5,GDNBO_npp_d20140716_t1803247_e1809051_b14079_c20140717000905445471_noaa_ops.h5,SVI04_npp_d20140716_t1803247_e1809051_b14079_c20140717000905432367_noaa_ops.dspace_rad,VNFF_npp_d20140716_t1803247_e1809051_b14079_v21.csv,World_EEZ_v8_2014.shp,WPP_BFAR_merge.shp,KKP_IDN_merge_20161208.shp,VNF-VBD_npp_20120301-20151231_global_asia-enhanced_c201607211230.bitmask,NCEI_NGA.union.nga_lead2.add_2015ntl.mask,timezone.shp,VBD_platforms-recurring_2015_r20170330.shp,0.399265,VBD_bridges_c20160811.shp,2.701723;0.592520;-1.537733;-6.424739;-11.321091;-16.224911;-21.132078;-19.454973;-16.614069;-11.826628;-7.007390;-2.161976,98.595314;112.244095;125.823792;124.798187;123.864281;123.023224;122.264351;107.621338;93.259468;94.789581;96.172417;97.426979,npp_d20140716_t1803247_e1809051_b14079,152.252,50.283,14.8519,-82.3198,35.7246,84.0029
1018,VBD_npp_d20140716_t1804380_x1130231E_y040227S_l0665_s2294_v23,2017-05-23 13:08:46,-4.022707,113.023132,12.871,2014-07-16 18:04:38,2014-07-17 01:04:38,665,2294,0.414167,1,2529,0.581205,0.236708,0.922445,0.4,0.908976,0.75,0.0458328,0.0001,0.0186295,999999,-1.303222e-01,3,Indonesian Exclusive Economic Zone,WPP712,,SVDNB_npp_d20140716_t1803247_e1809051_b14079_c20140717000905445784_noaa_ops.h5,GDNBO_npp_d20140716_t1803247_e1809051_b14079_c20140717000905445471_noaa_ops.h5,SVI04_npp_d20140716_t1803247_e1809051_b14079_c20140717000905432367_noaa_ops.dspace_rad,VNFF_npp_d20140716_t1803247_e1809051_b14079_v21.csv,World_EEZ_v8_2014.shp,WPP_BFAR_merge.shp,KKP_IDN_merge_20161208.shp,VNF-VBD_npp_20120301-20151231_global_asia-enhanced_c201607211230.bitmask,NCEI_NGA.union.nga_lead2.add_2015ntl.mask,timezone.shp,VBD_platforms-recurring_2015_r20170330.shp,999999,VBD_bridges_c20160811.shp,2.701723;0.592520;-1.537733;-6.424739;-11.321091;-16.224911;-21.132078;-19.454973;-16.614069;-11.826628;-7.007390;-2.161976,98.595314;112.244095;125.823792;124.798187;123.864281;123.023224;122.264351;107.621338;93.259468;94.789581;96.172417;97.426979,npp_d20140716_t1803247_e1809051_b14079,152.036,49.9499,14.9548,-81.0072,35.6411,84.3765
1019,VBD_npp_d20140716_t1804380_x1130180E_y040560S_l0670_s2294_v23,2017-05-23 13:08:46,-4.055967,113.017967,27.0422,2014-07-16 18:04:38,2014-07-17 01:04:38,670,2294,0.417426,8,18913,0.804186,0.216571,0.927924,0.4,0.947863,0.75,0.0458253,0.0001,0.0184053,999999,5.533754e-03,3,Indonesian Exclusive Economic Zone,WPP712,,SVDNB_npp_d20140716_t1803247_e1809051_b14079_c20140717000905445784_noaa_ops.h5,GDNBO_npp_d20140716_t1803247_e1809051_b14079_c20140717000905445471_noaa_ops.h5,SVI04_npp_d20140716_t1803247_e1809051_b14079_c20140717000905432367_noaa_ops.dspace_rad,VNFF_npp_d20140716_t1803247_e1809051_b14079_v21.csv,World_EEZ_v8_2014.shp,WPP_BFAR_merge.shp,KKP_IDN_merge_20161208.shp,VNF-VBD_npp_20120301-20151231_global_asia-enhanced_c201607211230.bitmask,NCEI_NGA.union.nga_lead2.add_2015ntl.mask,timezone.shp,VBD_platforms-recurring_2015_r20170330.shp,0.94631,VBD_bridges_c20160811.shp,2.701723;0.592520;-1.537733;-6.424739;-11.321091;-16.224911;-21.132078;-19.454973;-16.614069;-11.826628;-7.007390;-2.161976,98.595314;112.244095;125.823792;124.798187;123.864281;123.023224;122.264351;107.621338;93.259468;94.789581;96.172417;97.426979,npp_d20140716_t1803247_e1809051_b14079,152.061,49.992,14.9581,-79.9159,35.6497,84.3304
1020,VBD_npp_d20140716_t1804433_x1129526E_y043433S_l0714_s2294_v23,2017-05-23 13:08:46,-4.343330,112.952583,35.6473,2014-07-16 18:04:43,2014-07-17 01:04:43,714,2294,0.415603,8,18913,0.912577,0.206202,0.907156,0.4,0.94569,0.75,0.0457574,0.0001,0.0183913,999999,7.549422e-02,3,Indonesian Exclusive Economic Zone,WPP712,,SVDNB_npp_d20140716_t1803247_e1809051_b14079_c20140717000905445784_noaa_ops.h5,GDNBO_npp_d20140716_t1803247_e1809051_b14079_c20140717000905445471_noaa_ops.h5,SVI04_npp_d20140716_t1803247_e1809051_b14079_c20140717000905432367_noaa_ops.dspace_rad,VNFF_npp_d20140716_t1803247_e1809051_b14079_v21.csv,World_EEZ_v8_2014.shp,WPP_BFAR_merge.shp,KKP_IDN_merge_20161208.shp,VNF-VBD_npp_20120301-20151231_global_asia-enhanced_c201607211230.bitmask,NCEI_NGA.union.nga_lead2.add_2015ntl.mask,timezone.shp,VBD_platforms-recurring_2015_r20170330.shp,0.671616,VBD_bridges_c20160811.shp,2.701723;0.592520;-1.537733;-6.424739;-11.321091;-16.224911;-21.132078;-19.454973;-16.614069;-11.826628;-7.007390;-2.161976,98.595314;112.244095;125.823792;124.798187;123.864281;123.023224;122.264351;107.621338;93.259468;94.789581;96.172417;97.426979,npp_d20140716_t1803247_e1809051_b14079,152.278,50.361,14.9588,-80.7861,35.7237,83.9329
1021,VBD_npp_d20140716_t1804380_x1130323E_y040514S_l0669_s2296_v23,2017-05-23 13:08:46,-4.051397,113.032257,20.3248,2014-07-16 18:04:38,2014-07-17 01:04:38,669,2296,0.416653,1,2529,0.728764,0.216499,0.915586,0.4,0.924636,0.75,0.0458364,0.0001,0.0186284,999999,6.021443e-03,3,Indonesian Exclusive Economic Zone,WPP712,,SVDNB_npp_d20140716_t1803247_e1809051_b14079_c20140717000905445784_noaa_ops.h5,GDNBO_npp_d20140716_t1803247_e1809051_b14079_c20140717000905445471_noaa_ops.h5,SVI04_npp_d20140716_t1803247_e1809051_b14079_c20140717000905432367_noaa_ops.dspace_rad,VNFF_npp_d20140716_t1803247_e1809051_b14079_v21.csv,World_EEZ_v8_2014.shp,WPP_BFAR_merge.shp,KKP_IDN_merge_20161208.shp,VNF-VBD_npp_20120301-20151231_global_asia-enhanced_c201607211230.bitmask,NCEI_NGA.union.nga_lead2.add_2015ntl.mask,timezone.shp,VBD_platforms-recurring_2015_r20170330.shp,999999,VBD_bridges_c20160811.shp,2.701723;0.592520;-1.537733;-6.424739;-11.321091;-16.224911;-21.132078;-19.454973;-16.614069;-11.826628;-7.007390;-2.161976,98.595314;112.244095;125.823792;124.798187;123.864281;123.023224;122.264351;107.621338;93.259468;94.789581;96.172417;97.426979,npp_d20140716_t1803247_e1809051_b14079,152.048,50.0017,15.0667,-80.1433,35.6348,84.3339
1022,VBD_npp_d20140716_t1804433_x1129669E_y043387S_l0713_s2296_v23,2017-05-23 13:08:46,-4.338747,112.966888,39.9288,2014-07-16 18:04:43,2014-07-17 01:04:43,713,2296,0.414111,1,2529,0.914923,0.206635,0.902719,0.4,0.908204,0.75,0.0457686,0.0001,0.0186145,999999,7.257203e-02,3,Indonesian Exclusive Economic Zone,WPP712,,SVDNB_npp_d20140716_t1803247_e1809051_b14079_c20140717000905445784_noaa_ops.h5,GDNBO_npp_d20140716_t1803247_e1809051_b14079_c20140717000905445471_noaa_ops.h5,SVI04_npp_d20140716_t1803247_e1809051_b14079_c20140717000905432367_noaa_ops.dspace_rad,VNFF_npp_d20140716_t1803247_e1809051_b14079_v21.csv,World_EEZ_v8_2014.shp,WPP_BFAR_merge.shp,KKP_IDN_merge_20161208.shp,VNF-VBD_npp_20120301-20151231_global_asia-enhanced_c201607211230.bitmask,NCEI_NGA.union.nga_lead2.add_2015ntl.mask,timezone.shp,VBD_platforms-recurring_2015_r20170330.shp,999999,VBD_bridges_c20160811.shp,2.701723;0.592520;-1.537733;-6.424739;-11.321091;-16.224911;-21.132078;-19.454973;-16.614069;-11.826628;-7.007390;-2.161976,98.595314;112.244095;125.823792;124.798187;123.864281;123.023224;122.264351;107.621338;93.259468;94.789581;96.172417;97.426979,npp_d20140716_t1803247_e1809051_b14079,152.265,50.3705,15.0682,-81.0074,35.7088,83.9362
1023,VBD_npp_d20140716_t1804380_x1130756E_y040787S_l0672_s2303_v23,2017-05-23 13:08:46,-4.078697,113.075638,53.5753,2014-07-16 18:04:38,2014-07-17 01:04:38,672,2303,0.376766,1,2529,1.03583,0.257764,0.92075,0.4,0.964572,0.75,0.0458652,0.0001,0.0191131,999999,-2.723794e-01,3,Indonesian Exclusive Economic Zone,WPP712,,SVDNB_npp_d20140716_t1803247_e1809051_b14079_c20140717000905445784_noaa_ops.h5,GDNBO_npp_d20140716_t1803247_e1809051_b14079_c20140717000905445471_noaa_ops.h5,SVI04_npp_d20140716_t1803247_e1809051_b14079_c20140717000905432367_noaa_ops.dspace_rad,VNFF_npp_d20140716_t1803247_e1809051_b14079_v21.csv,World_EEZ_v8_2014.shp,WPP_BFAR_merge.shp,KKP_IDN_merge_20161208.shp,VNF-VBD_npp_20120301-20151231_global_asia-enhanced_c201607211230.bitmask,NCEI_NGA.union.nga_lead2.add_2015ntl.mask,timezone.shp,VBD_platforms-recurring_2015_r20170330.shp,999999,VBD_bridges_c20160811.shp,2.701723;0.592520;-1.537733;-6.424739;-11.321091;-16.224911;-21.132078;-19.454973;-16.614069;-11.826628;-7.007390;-2.161976,98.595314;112.244095;125.823792;124.798187;123.864281;123.023224;122.264351;107.621338;93.259468;94.789581;96.172417;97.426979,npp_d20140716_t1803247_e1809051_b14079,152.032,50.0904,15.4541,-79.5402,35.5939,84.2859
1024,VBD_npp_d20140716_t1804522_x1128919E_y049018S_l0798_s2303_v23,2017-05-23 13:08:46,-4.901794,112.891899,5.97514,2014-07-16 18:04:52,2014-07-17 01:04:52,798,2303,0.416597,1,2529,0.350394,0.234833,0.900585,0.4,0.768151,0.75,0.0456667,0.0001,0.0186467,999999,-1.176737e-01,3,Indonesian Exclusive Economic Zone,WPP712,,SVDNB_npp_d20140716_t1803247_e1809051_b14079_c20140717000905445784_noaa_ops.h5,GDNBO_npp_d20140716_t1803247_e1809051_b14079_c20140717000905445471_noaa_ops.h5,SVI04_npp_d20140716_t1803247_e1809051_b14079_c20140717000905432367_noaa_ops.dspace_rad,VNFF_npp_d20140716_t1803247_e1809051_b14079_v21.csv,World_EEZ_v8_2014.shp,WPP_BFAR_merge.shp,KKP_IDN_merge_20161208.shp,VNF-VBD_npp_20120301-20151231_global_asia-enhanced_c201607211230.bitmask,NCEI_NGA.union.nga_lead2.add_2015ntl.mask,timezone.shp,VBD_platforms-recurring_2015_r20170330.shp,999999,VBD_bridges_c20160811.shp,2.701723;0.592520;-1.537733;-6.424739;-11.321091;-16.224911;-21.132078;-19.454973;-16.614069;-11.826628;-7.007390;-2.161976,98.595314;112.244095;125.823792;124.798187;123.864281;123.023224;122.264351;107.621338;93.259468;94.789581;96.172417;97.426979,npp_d20140716_t1803247_e1809051_b14079,152.65,51.164,15.4558,-79.9789,35.8125,83.1511
1025,VBD_npp_d20140716_t1804540_x1128805E_y049265S_l0802_s2303_v23,2017-05-23 13:08:46,-4.926467,112.880455,46.5342,2014-07-16 18:04:54,2014-07-17 01:04:54,802,2303,0.418862,8,18913,1.05075,0.207327,0.911553,0.4,0.969321,0.75,0.0456601,0.0001,0.019151,999999,6.790222e-02,3,Indonesian Exclusive Economic Zone,WPP712,,SVDNB_npp_d20140716_t1803247_e1809051_b14079_c20140717000905445784_noaa_ops.h5,GDNBO_npp_d20140716_t1803247_e1809051_b14079_c20140717000905445471_noaa_ops.h5,SVI04_npp_d20140716_t1803247_e1809051_b14079_c20140717000905432367_noaa_ops.dspace_rad,VNFF_npp_d20140716_t1803247_e1809051_b14079_v21.csv,World_EEZ_v8_2014.shp,WPP_BFAR_merge.shp,KKP_IDN_merge_20161208.shp,VNF-VBD_npp_20120301-20151231_global_asia-enhanced_c201607211230.bitmask,NCEI_NGA.union.nga_lead2.add_2015ntl.mask,timezone.shp,VBD_platforms-recurring_2015_r20170330.shp,0.332434,VBD_bridges_c20160811.shp,2.701723;0.592520;-1.537733;-6.424739;-11.321091;-16.224911;-21.132078;-19.454973;-16.614069;-11.826628;-7.007390;-2.161976,98.595314;112.244095;125.823792;124.798187;123.864281;123.023224;122.264351;107.621338;93.259468;94.789581;96.172417;97.426979,npp_d20140716_t1803247_e1809051_b14079,152.669,51.1967,15.4523,-82.5107,35.8198,83.1174
1026,VBD_npp_d20140716_t1804398_x1130746E_y040845S_l0673_s2304_v23,2017-05-23 13:08:46,-4.084533,113.074608,60.0195,2014-07-16 18:04:39,2014-07-17 01:04:39,673,2304,0.414719,1,2529,1.08265,0.259412,0.92075,0.4,0.970425,0.75,0.0458685,0.0001,0.0198329,999999,-2.834996e-01,3,Indonesian Exclusive Economic Zone,WPP712,,SVDNB_npp_d20140716_t1803247_e1809051_b14079_c20140717000905445784_noaa_ops.h5,GDNBO_npp_d20140716_t1803247_e1809051_b14079_c20140717000905445471_noaa_ops.h5,SVI04_npp_d20140716_t1803247_e1809051_b14079_c20140717000905432367_noaa_ops.dspace_rad,VNFF_npp_d20140716_t1803247_e1809051_b14079_v21.csv,World_EEZ_v8_2014.shp,WPP_BFAR_merge.shp,KKP_IDN_merge_20161208.shp,VNF-VBD_npp_20120301-20151231_global_asia-enhanced_c201607211230.bitmask,NCEI_NGA.union.nga_lead2.add_2015ntl.mask,timezone.shp,VBD_platforms-recurring_2015_r20170330.shp,999999,VBD_bridges_c20160811.shp,2.701723;0.592520;-1.537733;-6.424739;-11.321091;-16.224911;-21.132078;-19.454973;-16.614069;-11.826628;-7.007390;-2.161976,98.595314;112.244095;125.823792;124.798187;123.864281;123.023224;122.264351;107.621338;93.259468;94.789581;96.172417;97.426979,npp_d20140716_t1803247_e1809051_b14079,152.031,50.106,15.5097,-82.7019,35.5883,84.2762
1027,VBD_npp_d20140716_t1804398_x1130761E_y041189S_l0678_s2305_v23,2017-05-23 13:08:46,-4.118903,113.076088,56.2742,2014-07-16 18:04:39,2014-07-17 01:04:39,678,2305,0.413172,1,2529,1.12371,0.213359,0.918727,0.4,0.953391,0.75,0.0458657,0.0001,0.0196971,999999,2.720679e-02,3,Indonesian Exclusive Economic Zone,WPP712,,SVDNB_npp_d20140716_t1803247_e1809051_b14079_c20140717000905445784_noaa_ops.h5,GDNBO_npp_d20140716_t1803247_e1809051_b14079_c20140717000905445471_noaa_ops.h5,SVI04_npp_d20140716_t1803247_e1809051_b14079_c20140717000905432367_noaa_ops.dspace_rad,VNFF_npp_d20140716_t1803247_e1809051_b14079_v21.csv,World_EEZ_v8_2014.shp,WPP_BFAR_merge.shp,KKP_IDN_merge_20161208.shp,VNF-VBD_npp_20120301-20151231_global_asia-enhanced_c201607211230.bitmask,NCEI_NGA.union.nga_lead2.add_2015ntl.mask,timezone.shp,VBD_platforms-recurring_2015_r20170330.shp,999999,VBD_bridges_c20160811.shp,2.701723;0.592520;-1.537733;-6.424739;-11.321091;-16.224911;-21.132078;-19.454973;-16.614069;-11.826628;-7.007390;-2.161976,98.595314;112.244095;125.823792;124.798187;123.864281;123.023224;122.264351;107.621338;93.259468;94.789581;96.172417;97.426979,npp_d20140716_t1803247_e1809051_b14079,152.052,50.1574,15.5596,-81.6477,35.5903,84.227
1028,VBD_npp_d20140716_t1804469_x1129972E_y045325S_l0741_s2307_v23,2017-05-23 13:08:46,-4.532499,112.997231,21.8753,2014-07-16 18:04:46,2014-07-17 01:04:46,741,2307,0.413006,1,2529,0.792814,0.24246,0.891158,0.4,0.951228,0.75,0.0457766,0.0001,0.0196503,999999,-1.691246e-01,3,Indonesian Exclusive Economic Zone,WPP712,,SVDNB_npp_d20140716_t1803247_e1809051_b14079_c20140717000905445784_noaa_ops.h5,GDNBO_npp_d20140716_t1803247_e1809051_b14079_c20140717000905445471_noaa_ops.h5,SVI04_npp_d20140716_t1803247_e1809051_b14079_c20140717000905432367_noaa_ops.dspace_rad,VNFF_npp_d20140716_t1803247_e1809051_b14079_v21.csv,World_EEZ_v8_2014.shp,WPP_BFAR_merge.shp,KKP_IDN_merge_20161208.shp,VNF-VBD_npp_20120301-20151231_global_asia-enhanced_c201607211230.bitmask,NCEI_NGA.union.nga_lead2.add_2015ntl.mask,timezone.shp,VBD_platforms-recurring_2015_r20170330.shp,999999,VBD_bridges_c20160811.shp,2.701723;0.592520;-1.537733;-6.424739;-11.321091;-16.224911;-21.132078;-19.454973;-16.614069;-11.826628;-7.007390;-2.161976,98.595314;112.244095;125.823792;124.798187;123.864281;123.023224;122.264351;107.621338;93.259468;94.789581;96.172417;97.426979,npp_d20140716_t1803247_e1809051_b14079,152.353,50.7066,15.6694,-81.8616,35.6852,83.6517
1029,VBD_npp_d20140716_t1804522_x1129242E_y049137S_l0799_s2308_v23,2017-05-23 13:08:46,-4.913698,112.924217,22.448,2014-07-16 18:04:52,2014-07-17 01:04:52,799,2308,0.416818,8,18913,0.789332,0.215773,0.905135,0.4,0.946713,0.75,0.045689,0.0001,0.0190345,999999,1.092244e-02,3,Indonesian Exclusive Economic Zone,WPP712,,SVDNB_npp_d20140716_t1803247_e1809051_b14079_c20140717000905445784_noaa_ops.h5,GDNBO_npp_d20140716_t1803247_e1809051_b14079_c20140717000905445471_noaa_ops.h5,SVI04_npp_d20140716_t1803247_e1809051_b14079_c20140717000905432367_noaa_ops.dspace_rad,VNFF_npp_d20140716_t1803247_e1809051_b14079_v21.csv,World_EEZ_v8_2014.shp,WPP_BFAR_merge.shp,KKP_IDN_merge_20161208.shp,VNF-VBD_npp_20120301-20151231_global_asia-enhanced_c201607211230.bitmask,NCEI_NGA.union.nga_lead2.add_2015ntl.mask,timezone.shp,VBD_platforms-recurring_2015_r20170330.shp,0.564281,VBD_bridges_c20160811.shp,2.701723;0.592520;-1.537733;-6.424739;-11.321091;-16.224911;-21.132078;-19.454973;-16.614069;-11.826628;-7.007390;-2.161976,98.595314;112.244095;125.823792;124.798187;123.864281;123.023224;122.264351;107.621338;93.259468;94.789581;96.172417;97.426979,npp_d20140716_t1803247_e1809051_b14079,152.632,51.2182,15.7312,-79.7967,35.7815,83.1262
1030,VBD_npp_d20140716_t1805189_x1125846E_y064629S_l1036_s2309_v23,2017-05-23 13:08:46,-6.462896,112.584648,10.8253,2014-07-16 18:05:18,2014-07-17 01:05:18,1036,2309,0.372402,1,2529,0.439252,0.295903,0.651425,0.4,0.780904,0.75,0.0453551,0.0001,0.0181138,999999,-5.296885e-01,3,Indonesian Exclusive Economic Zone,WPP712,,SVDNB_npp_d20140716_t1803247_e1809051_b14079_c20140717000905445784_noaa_ops.h5,GDNBO_npp_d20140716_t1803247_e1809051_b14079_c20140717000905445471_noaa_ops.h5,SVI04_npp_d20140716_t1803247_e1809051_b14079_c20140717000905432367_noaa_ops.dspace_rad,VNFF_npp_d20140716_t1803247_e1809051_b14079_v21.csv,World_EEZ_v8_2014.shp,WPP_BFAR_merge.shp,KKP_IDN_merge_20161208.shp,VNF-VBD_npp_20120301-20151231_global_asia-enhanced_c201607211230.bitmask,NCEI_NGA.union.nga_lead2.add_2015ntl.mask,timezone.shp,VBD_platforms-recurring_2015_r20170330.shp,999999,VBD_bridges_c20160811.shp,2.701723;0.592520;-1.537733;-6.424739;-11.321091;-16.224911;-21.132078;-19.454973;-16.614069;-11.826628;-7.007390;-2.161976,98.595314;112.244095;125.823792;124.798187;123.864281;123.023224;122.264351;107.621338;93.259468;94.789581;96.172417;97.426979,npp_d20140716_t1803247_e1809051_b14079,153.76,53.3924,15.7808,-80.4442,36.2305,81.0342
1031,VBD_npp_d20140716_t1804398_x1131089E_y041719S_l0685_s2311_v23,2017-05-23 13:08:46,-4.171868,113.108864,47.8315,2014-07-16 18:04:39,2014-07-17 01:04:39,685,2311,0.397759,1,2529,0.86569,0.220608,0.911338,0.4,0.916637,0.75,0.0458838,0.0001,0.0199107,999999,-2.169772e-02,3,Indonesian Exclusive Economic Zone,WPP712,,SVDNB_npp_d20140716_t1803247_e1809051_b14079_c20140717000905445784_noaa_ops.h5,GDNBO_npp_d20140716_t1803247_e1809051_b14079_c20140717000905445471_noaa_ops.h5,SVI04_npp_d20140716_t1803247_e1809051_b14079_c20140717000905432367_noaa_ops.dspace_rad,VNFF_npp_d20140716_t1803247_e1809051_b14079_v21.csv,World_EEZ_v8_2014.shp,WPP_BFAR_merge.shp,KKP_IDN_merge_20161208.shp,VNF-VBD_npp_20120301-20151231_global_asia-enhanced_c201607211230.bitmask,NCEI_NGA.union.nga_lead2.add_2015ntl.mask,timezone.shp,VBD_platforms-recurring_2015_r20170330.shp,999999,VBD_bridges_c20160811.shp,2.701723;0.592520;-1.537733;-6.424739;-11.321091;-16.224911;-21.132078;-19.454973;-16.614069;-11.826628;-7.007390;-2.161976,98.595314;112.244095;125.823792;124.798187;123.864281;123.023224;122.264351;107.621338;93.259468;94.789581;96.172417;97.426979,npp_d20140716_t1803247_e1809051_b14079,152.06,50.2712,15.8902,-80.2035,35.5628,84.1447
1032,VBD_npp_d20140716_t1804398_x1131186E_y041529S_l0682_s2312_v23,2017-05-23 13:08:46,-4.152877,113.118645,39.4345,2014-07-16 18:04:39,2014-07-17 01:04:39,682,2312,0.414443,1,2529,0.949486,0.211289,0.905522,0.4,0.954499,0.75,0.0458931,0.0001,0.0201498,999999,4.117145e-02,3,Indonesian Exclusive Economic Zone,WPP712,,SVDNB_npp_d20140716_t1803247_e1809051_b14079_c20140717000905445784_noaa_ops.h5,GDNBO_npp_d20140716_t1803247_e1809051_b14079_c20140717000905445471_noaa_ops.h5,SVI04_npp_d20140716_t1803247_e1809051_b14079_c20140717000905432367_noaa_ops.dspace_rad,VNFF_npp_d20140716_t1803247_e1809051_b14079_v21.csv,World_EEZ_v8_2014.shp,WPP_BFAR_merge.shp,KKP_IDN_merge_20161208.shp,VNF-VBD_npp_20120301-20151231_global_asia-enhanced_c201607211230.bitmask,NCEI_NGA.union.nga_lead2.add_2015ntl.mask,timezone.shp,VBD_platforms-recurring_2015_r20170330.shp,999999,VBD_bridges_c20160811.shp,2.701723;0.592520;-1.537733;-6.424739;-11.321091;-16.224911;-21.132078;-19.454973;-16.614069;-11.826628;-7.007390;-2.161976,98.595314;112.244095;125.823792;124.798187;123.864281;123.023224;122.264351;107.621338;93.259468;94.789581;96.172417;97.426979,npp_d20140716_t1803247_e1809051_b14079,152.041,50.2547,15.9433,-80.8228,35.551,84.1696
1033,VBD_npp_d20140716_t1804522_x1129659E_y048655S_l0791_s2313_v23,2017-05-23 13:08:46,-4.865481,112.965935,51.2636,2014-07-16 18:04:52,2014-07-17 01:04:52,791,2313,0.417371,8,18913,1.08372,0.194328,0.906871,0.4,0.968897,0.75,0.0457259,0.0001,0.0198892,999999,1.556011e-01,3,Indonesian Exclusive Economic Zone,WPP712,,SVDNB_npp_d20140716_t1803247_e1809051_b14079_c20140717000905445784_noaa_ops.h5,GDNBO_npp_d20140716_t1803247_e1809051_b14079_c20140717000905445471_noaa_ops.h5,SVI04_npp_d20140716_t1803247_e1809051_b14079_c20140717000905432367_noaa_ops.dspace_rad,VNFF_npp_d20140716_t1803247_e1809051_b14079_v21.csv,World_EEZ_v8_2014.shp,WPP_BFAR_merge.shp,KKP_IDN_merge_20161208.shp,VNF-VBD_npp_20120301-20151231_global_asia-enhanced_c201607211230.bitmask,NCEI_NGA.union.nga_lead2.add_2015ntl.mask,timezone.shp,VBD_platforms-recurring_2015_r20170330.shp,0.154845,VBD_bridges_c20160811.shp,2.701723;0.592520;-1.537733;-6.424739;-11.321091;-16.224911;-21.132078;-19.454973;-16.614069;-11.826628;-7.007390;-2.161976,98.595314;112.244095;125.823792;124.798187;123.864281;123.023224;122.264351;107.621338;93.259468;94.789581;96.172417;97.426979,npp_d20140716_t1803247_e1809051_b14079,152.57,51.1924,16.0015,-81.4595,35.7338,83.1835
1034,VBD_npp_d20140716_t1804398_x1131366E_y041694S_l0684_s2315_v23,2017-05-23 13:08:46,-4.169383,113.136642,44.6637,2014-07-16 18:04:39,2014-07-17 01:04:39,684,2315,0.414829,1,2529,0.996468,0.200532,0.921354,0.4,0.954994,0.75,0.0459044,0.0001,0.0203265,999999,1.137433e-01,3,Indonesian Exclusive Economic Zone,WPP712,,SVDNB_npp_d20140716_t1803247_e1809051_b14079_c20140717000905445784_noaa_ops.h5,GDNBO_npp_d20140716_t1803247_e1809051_b14079_c20140717000905445471_noaa_ops.h5,SVI04_npp_d20140716_t1803247_e1809051_b14079_c20140717000905432367_noaa_ops.dspace_rad,VNFF_npp_d20140716_t1803247_e1809051_b14079_v21.csv,World_EEZ_v8_2014.shp,WPP_BFAR_merge.shp,KKP_IDN_merge_20161208.shp,VNF-VBD_npp_20120301-20151231_global_asia-enhanced_c201607211230.bitmask,NCEI_NGA.union.nga_lead2.add_2015ntl.mask,timezone.shp,VBD_platforms-recurring_2015_r20170330.shp,999999,VBD_bridges_c20160811.shp,2.701723;0.592520;-1.537733;-6.424739;-11.321091;-16.224911;-21.132078;-19.454973;-16.614069;-11.826628;-7.007390;-2.161976,98.595314;112.244095;125.823792;124.798187;123.864281;123.023224;122.264351;107.621338;93.259468;94.789581;96.172417;97.426979,npp_d20140716_t1803247_e1809051_b14079,152.037,50.299,16.1089,-80.423,35.5345,84.1422
1035,VBD_npp_d20140716_t1804415_x1131162E_y043016S_l0704_s2316_v23,2017-05-23 13:08:46,-4.301569,113.116234,53.9998,2014-07-16 18:04:41,2014-07-17 01:04:41,704,2316,0.413006,1,2529,1.09451,0.223494,0.902345,0.4,0.965984,0.75,0.0458783,0.0001,0.0201456,999999,-4.117089e-02,3,Indonesian Exclusive Economic Zone,WPP712,,SVDNB_npp_d20140716_t1803247_e1809051_b14079_c20140717000905445784_noaa_ops.h5,GDNBO_npp_d20140716_t1803247_e1809051_b14079_c20140717000905445471_noaa_ops.h5,SVI04_npp_d20140716_t1803247_e1809051_b14079_c20140717000905432367_noaa_ops.dspace_rad,VNFF_npp_d20140716_t1803247_e1809051_b14079_v21.csv,World_EEZ_v8_2014.shp,WPP_BFAR_merge.shp,KKP_IDN_merge_20161208.shp,VNF-VBD_npp_20120301-20151231_global_asia-enhanced_c201607211230.bitmask,NCEI_NGA.union.nga_lead2.add_2015ntl.mask,timezone.shp,VBD_platforms-recurring_2015_r20170330.shp,999999,VBD_bridges_c20160811.shp,2.701723;0.592520;-1.537733;-6.424739;-11.321091;-16.224911;-21.132078;-19.454973;-16.614069;-11.826628;-7.007390;-2.161976,98.595314;112.244095;125.823792;124.798187;123.864281;123.023224;122.264351;107.621338;93.259468;94.789581;96.172417;97.426979,npp_d20140716_t1803247_e1809051_b14079,152.132,50.4765,16.1704,-79.6254,35.5618,83.957
1036,VBD_npp_d20140716_t1805207_x1126128E_y065478S_l1048_s2316_v23,2017-05-23 13:08:46,-6.547793,112.612831,19.7007,2014-07-16 18:05:20,2014-07-17 01:05:20,1048,2316,0.418144,1,2529,0.715459,0.195483,0.876034,0.4,0.92294,0.75,0.0453858,0.0001,0.0188514,999999,1.478073e-01,3,Indonesian Exclusive Economic Zone,WPP712,,SVDNB_npp_d20140716_t1803247_e1809051_b14079_c20140717000905445784_noaa_ops.h5,GDNBO_npp_d20140716_t1803247_e1809051_b14079_c20140717000905445471_noaa_ops.h5,SVI04_npp_d20140716_t1803247_e1809051_b14079_c20140717000905432367_noaa_ops.dspace_rad,VNFF_npp_d20140716_t1803247_e1809051_b14079_v21.csv,World_EEZ_v8_2014.shp,WPP_BFAR_merge.shp,KKP_IDN_merge_20161208.shp,VNF-VBD_npp_20120301-20151231_global_asia-enhanced_c201607211230.bitmask,NCEI_NGA.union.nga_lead2.add_2015ntl.mask,timezone.shp,VBD_platforms-recurring_2015_r20170330.shp,999999,VBD_bridges_c20160811.shp,2.701723;0.592520;-1.537733;-6.424739;-11.321091;-16.224911;-21.132078;-19.454973;-16.614069;-11.826628;-7.007390;-2.161976,98.595314;112.244095;125.823792;124.798187;123.864281;123.023224;122.264351;107.621338;93.259468;94.789581;96.172417;97.426979,npp_d20140716_t1803247_e1809051_b14079,153.782,53.5695,16.1657,-81.2879,36.2089,80.9053
1037,VBD_npp_d20140716_t1804398_x1131459E_y041982S_l0688_s2317_v23,2017-05-23 13:08:46,-4.198236,113.145889,59.1148,2014-07-16 18:04:39,2014-07-17 01:04:39,688,2317,0.412896,1,2529,1.07196,0.210127,0.917711,0.4,0.965979,0.75,0.0459079,0.0001,0.0203062,999999,4.900934e-02,3,Indonesian Exclusive Economic Zone,WPP712,,SVDNB_npp_d20140716_t1803247_e1809051_b14079_c20140717000905445784_noaa_ops.h5,GDNBO_npp_d20140716_t1803247_e1809051_b14079_c20140717000905445471_noaa_ops.h5,SVI04_npp_d20140716_t1803247_e1809051_b14079_c20140717000905432367_noaa_ops.dspace_rad,VNFF_npp_d20140716_t1803247_e1809051_b14079_v21.csv,World_EEZ_v8_2014.shp,WPP_BFAR_merge.shp,KKP_IDN_merge_20161208.shp,VNF-VBD_npp_20120301-20151231_global_asia-enhanced_c201607211230.bitmask,NCEI_NGA.union.nga_lead2.add_2015ntl.mask,timezone.shp,VBD_platforms-recurring_2015_r20170330.shp,999999,VBD_bridges_c20160811.shp,2.701723;0.592520;-1.537733;-6.424739;-11.321091;-16.224911;-21.132078;-19.454973;-16.614069;-11.826628;-7.007390;-2.161976,98.595314;112.244095;125.823792;124.798187;123.864281;123.023224;122.264351;107.621338;93.259468;94.789581;96.172417;97.426979,npp_d20140716_t1803247_e1809051_b14079,152.049,50.3512,16.223,-79.6231,35.5282,84.0991
1038,VBD_npp_d20140716_t1804433_x1131152E_y043071S_l0705_s2317_v23,2017-05-23 13:08:46,-4.307074,113.115250,60.0141,2014-07-16 18:04:43,2014-07-17 01:04:43,705,2317,0.41157,1,2529,1.13805,0.221747,0.902345,0.4,0.975106,0.75,0.0458815,0.0001,0.0209162,999999,-2.938343e-02,3,Indonesian Exclusive Economic Zone,WPP712,,SVDNB_npp_d20140716_t1803247_e1809051_b14079_c20140717000905445784_noaa_ops.h5,GDNBO_npp_d20140716_t1803247_e1809051_b14079_c20140717000905445471_noaa_ops.h5,SVI04_npp_d20140716_t1803247_e1809051_b14079_c20140717000905432367_noaa_ops.dspace_rad,VNFF_npp_d20140716_t1803247_e1809051_b14079_v21.csv,World_EEZ_v8_2014.shp,WPP_BFAR_merge.shp,KKP_IDN_merge_20161208.shp,VNF-VBD_npp_20120301-20151231_global_asia-enhanced_c201607211230.bitmask,NCEI_NGA.union.nga_lead2.add_2015ntl.mask,timezone.shp,VBD_platforms-recurring_2015_r20170330.shp,999999,VBD_bridges_c20160811.shp,2.701723;0.592520;-1.537733;-6.424739;-11.321091;-16.224911;-21.132078;-19.454973;-16.614069;-11.826628;-7.007390;-2.161976,98.595314;112.244095;125.823792;124.798187;123.864281;123.023224;122.264351;107.621338;93.259468;94.789581;96.172417;97.426979,npp_d20140716_t1803247_e1809051_b14079,152.13,50.4918,16.2257,-82.6512,35.5562,83.9476
1039,VBD_npp_d20140716_t1804487_x1130370E_y046739S_l0761_s2317_v23,2017-05-23 13:08:46,-4.673941,113.036972,22.0773,2014-07-16 18:04:48,2014-07-17 01:04:48,761,2317,0.416155,1,2529,0.803377,0.18894,0.899677,0.4,0.949407,0.75,0.0457926,0.0001,0.0202963,999999,1.919533e-01,3,Indonesian Exclusive Economic Zone,WPP712,,SVDNB_npp_d20140716_t1803247_e1809051_b14079_c20140717000905445784_noaa_ops.h5,GDNBO_npp_d20140716_t1803247_e1809051_b14079_c20140717000905445471_noaa_ops.h5,SVI04_npp_d20140716_t1803247_e1809051_b14079_c20140717000905432367_noaa_ops.dspace_rad,VNFF_npp_d20140716_t1803247_e1809051_b14079_v21.csv,World_EEZ_v8_2014.shp,WPP_BFAR_merge.shp,KKP_IDN_merge_20161208.shp,VNF-VBD_npp_20120301-20151231_global_asia-enhanced_c201607211230.bitmask,NCEI_NGA.union.nga_lead2.add_2015ntl.mask,timezone.shp,VBD_platforms-recurring_2015_r20170330.shp,999999,VBD_bridges_c20160811.shp,2.701723;0.592520;-1.537733;-6.424739;-11.321091;-16.224911;-21.132078;-19.454973;-16.614069;-11.826628;-7.007390;-2.161976,98.595314;112.244095;125.823792;124.798187;123.864281;123.023224;122.264351;107.621338;93.259468;94.789581;96.172417;97.426979,npp_d20140716_t1803247_e1809051_b14079,152.406,50.9691,16.2189,-81.0514,35.6542,83.4402
1040,VBD_npp_d20140716_t1804415_x1131452E_y042033S_l0689_s2318_v23,2017-05-23 13:08:46,-4.203329,113.145195,11.865,2014-07-16 18:04:41,2014-07-17 01:04:41,689,2318,0.412841,1,2529,0.465705,0.205854,0.917711,0.4,0.823762,0.75,0.0459112,0.0001,0.0210819,999999,7.784269e-02,3,Indonesian Exclusive Economic Zone,WPP712,,SVDNB_npp_d20140716_t1803247_e1809051_b14079_c20140717000905445784_noaa_ops.h5,GDNBO_npp_d20140716_t1803247_e1809051_b14079_c20140717000905445471_noaa_ops.h5,SVI04_npp_d20140716_t1803247_e1809051_b14079_c20140717000905432367_noaa_ops.dspace_rad,VNFF_npp_d20140716_t1803247_e1809051_b14079_v21.csv,World_EEZ_v8_2014.shp,WPP_BFAR_merge.shp,KKP_IDN_merge_20161208.shp,VNF-VBD_npp_20120301-20151231_global_asia-enhanced_c201607211230.bitmask,NCEI_NGA.union.nga_lead2.add_2015ntl.mask,timezone.shp,VBD_platforms-recurring_2015_r20170330.shp,999999,VBD_bridges_c20160811.shp,2.701723;0.592520;-1.537733;-6.424739;-11.321091;-16.224911;-21.132078;-19.454973;-16.614069;-11.826628;-7.007390;-2.161976,98.595314;112.244095;125.823792;124.798187;123.864281;123.023224;122.264351;107.621338;93.259468;94.789581;96.172417;97.426979,npp_d20140716_t1803247_e1809051_b14079,152.047,50.3662,16.2801,-82.652,35.5223,84.0902
1041,VBD_npp_d20140716_t1805207_x1126330E_y065509S_l1048_s2319_v23,2017-05-23 13:08:46,-6.550909,112.633034,14.0036,2014-07-16 18:05:20,2014-07-17 01:05:20,1048,2319,0.42168,1,2529,0.601797,0.207653,0.873744,0.4,0.905406,0.75,0.0454001,0.0001,0.0191079,999999,6.570587e-02,3,Indonesian Exclusive Economic Zone,WPP712,,SVDNB_npp_d20140716_t1803247_e1809051_b14079_c20140717000905445784_noaa_ops.h5,GDNBO_npp_d20140716_t1803247_e1809051_b14079_c20140717000905445471_noaa_ops.h5,SVI04_npp_d20140716_t1803247_e1809051_b14079_c20140717000905432367_noaa_ops.dspace_rad,VNFF_npp_d20140716_t1803247_e1809051_b14079_v21.csv,World_EEZ_v8_2014.shp,WPP_BFAR_merge.shp,KKP_IDN_merge_20161208.shp,VNF-VBD_npp_20120301-20151231_global_asia-enhanced_c201607211230.bitmask,NCEI_NGA.union.nga_lead2.add_2015ntl.mask,timezone.shp,VBD_platforms-recurring_2015_r20170330.shp,999999,VBD_bridges_c20160811.shp,2.701723;0.592520;-1.537733;-6.424739;-11.321091;-16.224911;-21.132078;-19.454973;-16.614069;-11.826628;-7.007390;-2.161976,98.595314;112.244095;125.823792;124.798187;123.864281;123.023224;122.264351;107.621338;93.259468;94.789581;96.172417;97.426979,npp_d20140716_t1803247_e1809051_b14079,153.767,53.5965,16.3304,-81.2909,36.1893,80.8943
1042,VBD_npp_d20140716_t1804398_x1131748E_y041891S_l0686_s2321_v23,2017-05-23 13:08:46,-4.189076,113.174797,53.1522,2014-07-16 18:04:39,2014-07-17 01:04:39,686,2321,0.41273,1,2529,1.09131,0.208918,0.926402,0.4,0.964203,0.75,0.04593,0.0001,0.0207769,999999,5.716905e-02,3,Indonesian Exclusive Economic Zone,WPP712,,SVDNB_npp_d20140716_t1803247_e1809051_b14079_c20140717000905445784_noaa_ops.h5,GDNBO_npp_d20140716_t1803247_e1809051_b14079_c20140717000905445471_noaa_ops.h5,SVI04_npp_d20140716_t1803247_e1809051_b14079_c20140717000905432367_noaa_ops.dspace_rad,VNFF_npp_d20140716_t1803247_e1809051_b14079_v21.csv,World_EEZ_v8_2014.shp,WPP_BFAR_merge.shp,KKP_IDN_merge_20161208.shp,VNF-VBD_npp_20120301-20151231_global_asia-enhanced_c201607211230.bitmask,NCEI_NGA.union.nga_lead2.add_2015ntl.mask,timezone.shp,VBD_platforms-recurring_2015_r20170330.shp,999999,VBD_bridges_c20160811.shp,2.701723;0.592520;-1.537733;-6.424739;-11.321091;-16.224911;-21.132078;-19.454973;-16.614069;-11.826628;-7.007390;-2.161976,98.595314;112.244095;125.823792;124.798187;123.864281;123.023224;122.264351;107.621338;93.259468;94.789581;96.172417;97.426979,npp_d20140716_t1803247_e1809051_b14079,152.021,50.3705,16.4401,-80.045,35.4982,84.1058
1043,VBD_npp_d20140716_t1804433_x1131400E_y043246S_l0707_s2321_v23,2017-05-23 13:08:46,-4.324594,113.140022,27.3984,2014-07-16 18:04:43,2014-07-17 01:04:43,707,2321,0.412122,1,2529,0.816809,0.228934,0.894194,0.4,0.921088,0.75,0.0458974,0.0001,0.0211945,999999,-7.787081e-02,3,Indonesian Exclusive Economic Zone,WPP712,,SVDNB_npp_d20140716_t1803247_e1809051_b14079_c20140717000905445784_noaa_ops.h5,GDNBO_npp_d20140716_t1803247_e1809051_b14079_c20140717000905445471_noaa_ops.h5,SVI04_npp_d20140716_t1803247_e1809051_b14079_c20140717000905432367_noaa_ops.dspace_rad,VNFF_npp_d20140716_t1803247_e1809051_b14079_v21.csv,World_EEZ_v8_2014.shp,WPP_BFAR_merge.shp,KKP_IDN_merge_20161208.shp,VNF-VBD_npp_20120301-20151231_global_asia-enhanced_c201607211230.bitmask,NCEI_NGA.union.nga_lead2.add_2015ntl.mask,timezone.shp,VBD_platforms-recurring_2015_r20170330.shp,999999,VBD_bridges_c20160811.shp,2.701723;0.592520;-1.537733;-6.424739;-11.321091;-16.224911;-21.132078;-19.454973;-16.614069;-11.826628;-7.007390;-2.161976,98.595314;112.244095;125.823792;124.798187;123.864281;123.023224;122.264351;107.621338;93.259468;94.789581;96.172417;97.426979,npp_d20140716_t1803247_e1809051_b14079,152.122,50.5452,16.4428,-82.2378,35.5331,83.9171
1044,VBD_npp_d20140716_t1805189_x1126716E_y064352S_l1030_s2321_v23,2017-05-23 13:08:46,-6.435234,112.671562,12.1342,2014-07-16 18:05:18,2014-07-17 01:05:18,1030,2321,0.418586,1,2529,0.536861,0.290652,0.747415,0.4,0.890605,0.75,0.0454137,0.0001,0.019472,999999,-4.942640e-01,3,Indonesian Exclusive Economic Zone,WPP712,,SVDNB_npp_d20140716_t1803247_e1809051_b14079_c20140717000905445784_noaa_ops.h5,GDNBO_npp_d20140716_t1803247_e1809051_b14079_c20140717000905445471_noaa_ops.h5,SVI04_npp_d20140716_t1803247_e1809051_b14079_c20140717000905432367_noaa_ops.dspace_rad,VNFF_npp_d20140716_t1803247_e1809051_b14079_v21.csv,World_EEZ_v8_2014.shp,WPP_BFAR_merge.shp,KKP_IDN_merge_20161208.shp,VNF-VBD_npp_20120301-20151231_global_asia-enhanced_c201607211230.bitmask,NCEI_NGA.union.nga_lead2.add_2015ntl.mask,timezone.shp,VBD_platforms-recurring_2015_r20170330.shp,999999,VBD_bridges_c20160811.shp,2.701723;0.592520;-1.537733;-6.424739;-11.321091;-16.224911;-21.132078;-19.454973;-16.614069;-11.826628;-7.007390;-2.161976,98.595314;112.244095;125.823792;124.798187;123.864281;123.023224;122.264351;107.621338;93.259468;94.789581;96.172417;97.426979,npp_d20140716_t1803247_e1809051_b14079,153.674,53.4419,16.4388,-81.6829,36.1396,81.0438
1045,VBD_npp_d20140716_t1805189_x1126622E_y064955S_l1039_s2321_v23,2017-05-23 13:08:46,-6.495525,112.662231,10.3828,2014-07-16 18:05:18,2014-07-17 01:05:18,1039,2321,0.42063,1,2529,0.514819,0.212356,0.834818,0.4,0.883599,0.75,0.0454117,0.0001,0.0189526,999999,3.397623e-02,3,Indonesian Exclusive Economic Zone,WPP712,,SVDNB_npp_d20140716_t1803247_e1809051_b14079_c20140717000905445784_noaa_ops.h5,GDNBO_npp_d20140716_t1803247_e1809051_b14079_c20140717000905445471_noaa_ops.h5,SVI04_npp_d20140716_t1803247_e1809051_b14079_c20140717000905432367_noaa_ops.dspace_rad,VNFF_npp_d20140716_t1803247_e1809051_b14079_v21.csv,World_EEZ_v8_2014.shp,WPP_BFAR_merge.shp,KKP_IDN_merge_20161208.shp,VNF-VBD_npp_20120301-20151231_global_asia-enhanced_c201607211230.bitmask,NCEI_NGA.union.nga_lead2.add_2015ntl.mask,timezone.shp,VBD_platforms-recurring_2015_r20170330.shp,999999,VBD_bridges_c20160811.shp,2.701723;0.592520;-1.537733;-6.424739;-11.321091;-16.224911;-21.132078;-19.454973;-16.614069;-11.826628;-7.007390;-2.161976,98.595314;112.244095;125.823792;124.798187;123.864281;123.023224;122.264351;107.621338;93.259468;94.789581;96.172417;97.426979,npp_d20140716_t1803247_e1809051_b14079,153.717,53.5298,16.4423,-79.8912,36.1585,80.9636
1046,VBD_npp_d20140716_t1804398_x1131939E_y041989S_l0687_s2324_v23,2017-05-23 13:08:46,-4.198945,113.193924,36.8363,2014-07-16 18:04:39,2014-07-17 01:04:39,687,2324,0.412288,1,2529,0.930437,0.214272,0.9213,0.4,0.946375,0.75,0.0459428,0.0001,0.0210012,999999,2.104608e-02,3,Indonesian Exclusive Economic Zone,WPP712,,SVDNB_npp_d20140716_t1803247_e1809051_b14079_c20140717000905445784_noaa_ops.h5,GDNBO_npp_d20140716_t1803247_e1809051_b14079_c20140717000905445471_noaa_ops.h5,SVI04_npp_d20140716_t1803247_e1809051_b14079_c20140717000905432367_noaa_ops.dspace_rad,VNFF_npp_d20140716_t1803247_e1809051_b14079_v21.csv,World_EEZ_v8_2014.shp,WPP_BFAR_merge.shp,KKP_IDN_merge_20161208.shp,VNF-VBD_npp_20120301-20151231_global_asia-enhanced_c201607211230.bitmask,NCEI_NGA.union.nga_lead2.add_2015ntl.mask,timezone.shp,VBD_platforms-recurring_2015_r20170330.shp,999999,VBD_bridges_c20160811.shp,2.701723;0.592520;-1.537733;-6.424739;-11.321091;-16.224911;-21.132078;-19.454973;-16.614069;-11.826628;-7.007390;-2.161976,98.595314;112.244095;125.823792;124.798187;123.864281;123.023224;122.264351;107.621338;93.259468;94.789581;96.172417;97.426979,npp_d20140716_t1803247_e1809051_b14079,152.012,50.4063,16.6059,-79.8615,35.48,84.0875
1047,VBD_npp_d20140716_t1804398_x1132126E_y041675S_l0682_s2326_v23,2017-05-23 13:08:46,-4.167546,113.212578,39.8944,2014-07-16 18:04:39,2014-07-17 01:04:39,682,2326,0.413614,1,2529,0.953312,0.221255,0.912125,0.4,0.954098,0.75,0.0459599,0.0001,0.0214507,999999,-2.606308e-02,3,Indonesian Exclusive Economic Zone,WPP712,,SVDNB_npp_d20140716_t1803247_e1809051_b14079_c20140717000905445784_noaa_ops.h5,GDNBO_npp_d20140716_t1803247_e1809051_b14079_c20140717000905445471_noaa_ops.h5,SVI04_npp_d20140716_t1803247_e1809051_b14079_c20140717000905432367_noaa_ops.dspace_rad,VNFF_npp_d20140716_t1803247_e1809051_b14079_v21.csv,World_EEZ_v8_2014.shp,WPP_BFAR_merge.shp,KKP_IDN_merge_20161208.shp,VNF-VBD_npp_20120301-20151231_global_asia-enhanced_c201607211230.bitmask,NCEI_NGA.union.nga_lead2.add_2015ntl.mask,timezone.shp,VBD_platforms-recurring_2015_r20170330.shp,999999,VBD_bridges_c20160811.shp,2.701723;0.592520;-1.537733;-6.424739;-11.321091;-16.224911;-21.132078;-19.454973;-16.614069;-11.826628;-7.007390;-2.161976,98.595314;112.244095;125.823792;124.798187;123.864281;123.023224;122.264351;107.621338;93.259468;94.789581;96.172417;97.426979,npp_d20140716_t1803247_e1809051_b14079,151.978,50.3817,16.7119,-80.851,35.4579,84.1282
1048,VBD_npp_d20140716_t1805207_x1126829E_y065861S_l1052_s2327_v23,2017-05-23 13:08:46,-6.586074,112.682922,13.3849,2014-07-16 18:05:20,2014-07-17 01:05:20,1052,2327,0.420464,1,2529,0.598852,0.24095,0.84273,0.4,0.90553,0.75,0.0454373,0.0001,0.0195591,999999,-1.589373e-01,3,Indonesian Exclusive Economic Zone,WPP712,,SVDNB_npp_d20140716_t1803247_e1809051_b14079_c20140717000905445784_noaa_ops.h5,GDNBO_npp_d20140716_t1803247_e1809051_b14079_c20140717000905445471_noaa_ops.h5,SVI04_npp_d20140716_t1803247_e1809051_b14079_c20140717000905432367_noaa_ops.dspace_rad,VNFF_npp_d20140716_t1803247_e1809051_b14079_v21.csv,World_EEZ_v8_2014.shp,WPP_BFAR_merge.shp,KKP_IDN_merge_20161208.shp,VNF-VBD_npp_20120301-20151231_global_asia-enhanced_c201607211230.bitmask,NCEI_NGA.union.nga_lead2.add_2015ntl.mask,timezone.shp,VBD_platforms-recurring_2015_r20170330.shp,999999,VBD_bridges_c20160811.shp,2.701723;0.592520;-1.537733;-6.424739;-11.321091;-16.224911;-21.132078;-19.454973;-16.614069;-11.826628;-7.007390;-2.161976,98.595314;112.244095;125.823792;124.798187;123.864281;123.023224;122.264351;107.621338;93.259468;94.789581;96.172417;97.426979,npp_d20140716_t1803247_e1809051_b14079,153.748,53.7078,16.7709,-80.5176,36.1453,80.8291
1049,VBD_npp_d20140716_t1804415_x1132182E_y043108S_l0703_s2331_v23,2017-05-23 13:08:46,-4.310754,113.218155,38.568,2014-07-16 18:04:41,2014-07-17 01:04:41,703,2331,0.413504,1,2529,0.854367,0.254192,0.857018,0.4,0.917053,0.75,0.0459515,0.0001,0.0215768,999999,-2.482767e-01,3,Indonesian Exclusive Economic Zone,WPP712,,SVDNB_npp_d20140716_t1803247_e1809051_b14079_c20140717000905445784_noaa_ops.h5,GDNBO_npp_d20140716_t1803247_e1809051_b14079_c20140717000905445471_noaa_ops.h5,SVI04_npp_d20140716_t1803247_e1809051_b14079_c20140717000905432367_noaa_ops.dspace_rad,VNFF_npp_d20140716_t1803247_e1809051_b14079_v21.csv,World_EEZ_v8_2014.shp,WPP_BFAR_merge.shp,KKP_IDN_merge_20161208.shp,VNF-VBD_npp_20120301-20151231_global_asia-enhanced_c201607211230.bitmask,NCEI_NGA.union.nga_lead2.add_2015ntl.mask,timezone.shp,VBD_platforms-recurring_2015_r20170330.shp,999999,VBD_bridges_c20160811.shp,2.701723;0.592520;-1.537733;-6.424739;-11.321091;-16.224911;-21.132078;-19.454973;-16.614069;-11.826628;-7.007390;-2.161976,98.595314;112.244095;125.823792;124.798187;123.864281;123.023224;122.264351;107.621338;93.259468;94.789581;96.172417;97.426979,npp_d20140716_t1803247_e1809051_b14079,152.059,50.6042,16.9926,-79.905,35.4602,83.9209
1050,VBD_npp_d20140716_t1804398_x1132478E_y042074S_l0687_s2332_v23,2017-05-23 13:08:46,-4.207432,113.247849,39.237,2014-07-16 18:04:39,2014-07-17 01:04:39,687,2332,0.381683,1,2529,0.902206,0.254341,0.903891,0.4,0.948636,0.75,0.045981,0.0001,0.0217439,999999,-2.492879e-01,3,Indonesian Exclusive Economic Zone,WPP712,,SVDNB_npp_d20140716_t1803247_e1809051_b14079_c20140717000905445784_noaa_ops.h5,GDNBO_npp_d20140716_t1803247_e1809051_b14079_c20140717000905445471_noaa_ops.h5,SVI04_npp_d20140716_t1803247_e1809051_b14079_c20140717000905432367_noaa_ops.dspace_rad,VNFF_npp_d20140716_t1803247_e1809051_b14079_v21.csv,World_EEZ_v8_2014.shp,WPP_BFAR_merge.shp,KKP_IDN_merge_20161208.shp,VNF-VBD_npp_20120301-20151231_global_asia-enhanced_c201607211230.bitmask,NCEI_NGA.union.nga_lead2.add_2015ntl.mask,timezone.shp,VBD_platforms-recurring_2015_r20170330.shp,999999,VBD_bridges_c20160811.shp,2.701723;0.592520;-1.537733;-6.424739;-11.321091;-16.224911;-21.132078;-19.454973;-16.614069;-11.826628;-7.007390;-2.161976,98.595314;112.244095;125.823792;124.798187;123.864281;123.023224;122.264351;107.621338;93.259468;94.789581;96.172417;97.426979,npp_d20140716_t1803247_e1809051_b14079,151.976,50.479,17.0453,-79.9017,35.4266,84.0635
1051,VBD_npp_d20140716_t1804415_x1132327E_y043062S_l0702_s2333_v23,2017-05-23 13:08:46,-4.306164,113.232697,45.3976,2014-07-16 18:04:41,2014-07-17 01:04:41,702,2333,0.408366,1,2529,0.806244,0.208807,0.857237,0.4,0.903876,0.75,0.0459626,0.0001,0.0218183,999999,5.791963e-02,3,Indonesian Exclusive Economic Zone,WPP712,,SVDNB_npp_d20140716_t1803247_e1809051_b14079_c20140717000905445784_noaa_ops.h5,GDNBO_npp_d20140716_t1803247_e1809051_b14079_c20140717000905445471_noaa_ops.h5,SVI04_npp_d20140716_t1803247_e1809051_b14079_c20140717000905432367_noaa_ops.dspace_rad,VNFF_npp_d20140716_t1803247_e1809051_b14079_v21.csv,World_EEZ_v8_2014.shp,WPP_BFAR_merge.shp,KKP_IDN_merge_20161208.shp,VNF-VBD_npp_20120301-20151231_global_asia-enhanced_c201607211230.bitmask,NCEI_NGA.union.nga_lead2.add_2015ntl.mask,timezone.shp,VBD_platforms-recurring_2015_r20170330.shp,999999,VBD_bridges_c20160811.shp,2.701723;0.592520;-1.537733;-6.424739;-11.321091;-16.224911;-21.132078;-19.454973;-16.614069;-11.826628;-7.007390;-2.161976,98.595314;112.244095;125.823792;124.798187;123.864281;123.023224;122.264351;107.621338;93.259468;94.789581;96.172417;97.426979,npp_d20140716_t1803247_e1809051_b14079,152.045,50.6138,17.1014,-80.1064,35.4451,83.9241
1052,VBD_npp_d20140716_t1804540_x1130799E_y049709S_l0804_s2333_v23,2017-05-23 13:08:46,-4.970864,113.079887,28.723,2014-07-16 18:04:54,2014-07-17 01:04:54,804,2333,0.41599,1,2529,0.877645,0.207878,0.896887,0.4,0.958318,0.75,0.0458,0.0001,0.0218042,999999,6.418763e-02,3,Indonesian Exclusive Economic Zone,WPP712,,SVDNB_npp_d20140716_t1803247_e1809051_b14079_c20140717000905445784_noaa_ops.h5,GDNBO_npp_d20140716_t1803247_e1809051_b14079_c20140717000905445471_noaa_ops.h5,SVI04_npp_d20140716_t1803247_e1809051_b14079_c20140717000905432367_noaa_ops.dspace_rad,VNFF_npp_d20140716_t1803247_e1809051_b14079_v21.csv,World_EEZ_v8_2014.shp,WPP_BFAR_merge.shp,KKP_IDN_merge_20161208.shp,VNF-VBD_npp_20120301-20151231_global_asia-enhanced_c201607211230.bitmask,NCEI_NGA.union.nga_lead2.add_2015ntl.mask,timezone.shp,VBD_platforms-recurring_2015_r20170330.shp,999999,VBD_bridges_c20160811.shp,2.701723;0.592520;-1.537733;-6.424739;-11.321091;-16.224911;-21.132078;-19.454973;-16.614069;-11.826628;-7.007390;-2.161976,98.595314;112.244095;125.823792;124.798187;123.864281;123.023224;122.264351;107.621338;93.259468;94.789581;96.172417;97.426979,npp_d20140716_t1803247_e1809051_b14079,152.541,51.4859,17.0971,-82.0328,35.6252,83.0035
1053,VBD_npp_d20140716_t1805171_x1127791E_y063228S_l1011_s2333_v23,2017-05-23 13:08:46,-6.322781,112.779083,11.6392,2014-07-16 18:05:17,2014-07-17 01:05:17,1011,2333,0.416597,1,2529,0.52968,0.222172,0.796984,0.4,0.86628,0.75,0.0454754,0.0001,0.0207881,999999,-3.225070e-02,3,Indonesian Exclusive Economic Zone,WPP712,,SVDNB_npp_d20140716_t1803247_e1809051_b14079_c20140717000905445784_noaa_ops.h5,GDNBO_npp_d20140716_t1803247_e1809051_b14079_c20140717000905445471_noaa_ops.h5,SVI04_npp_d20140716_t1803247_e1809051_b14079_c20140717000905432367_noaa_ops.dspace_rad,VNFF_npp_d20140716_t1803247_e1809051_b14079_v21.csv,World_EEZ_v8_2014.shp,WPP_BFAR_merge.shp,KKP_IDN_merge_20161208.shp,VNF-VBD_npp_20120301-20151231_global_asia-enhanced_c201607211230.bitmask,NCEI_NGA.union.nga_lead2.add_2015ntl.mask,timezone.shp,VBD_platforms-recurring_2015_r20170330.shp,999999,VBD_bridges_c20160811.shp,2.701723;0.592520;-1.537733;-6.424739;-11.321091;-16.224911;-21.132078;-19.454973;-16.614069;-11.826628;-7.007390;-2.161976,98.595314;112.244095;125.823792;124.798187;123.864281;123.023224;122.264351;107.621338;93.259468;94.789581;96.172417;97.426979,npp_d20140716_t1803247_e1809051_b14079,153.527,53.3683,17.0995,-82.2592,36.022,81.1669
1054,VBD_npp_d20140716_t1804433_x1132215E_y043784S_l0713_s2334_v23,2017-05-23 13:08:46,-4.378414,113.221451,46.6235,2014-07-16 18:04:43,2014-07-17 01:04:43,713,2334,0.414056,1,2529,1.03828,0.215862,0.842032,0.4,0.957171,0.75,0.0459499,0.0001,0.0221068,999999,1.031696e-02,3,Indonesian Exclusive Economic Zone,WPP712,,SVDNB_npp_d20140716_t1803247_e1809051_b14079_c20140717000905445784_noaa_ops.h5,GDNBO_npp_d20140716_t1803247_e1809051_b14079_c20140717000905445471_noaa_ops.h5,SVI04_npp_d20140716_t1803247_e1809051_b14079_c20140717000905432367_noaa_ops.dspace_rad,VNFF_npp_d20140716_t1803247_e1809051_b14079_v21.csv,World_EEZ_v8_2014.shp,WPP_BFAR_merge.shp,KKP_IDN_merge_20161208.shp,VNF-VBD_npp_20120301-20151231_global_asia-enhanced_c201607211230.bitmask,NCEI_NGA.union.nga_lead2.add_2015ntl.mask,timezone.shp,VBD_platforms-recurring_2015_r20170330.shp,999999,VBD_bridges_c20160811.shp,2.701723;0.592520;-1.537733;-6.424739;-11.321091;-16.224911;-21.132078;-19.454973;-16.614069;-11.826628;-7.007390;-2.161976,98.595314;112.244095;125.823792;124.798187;123.864281;123.023224;122.264351;107.621338;93.259468;94.789581;96.172417;97.426979,npp_d20140716_t1803247_e1809051_b14079,152.094,50.7149,17.1542,-81.0613,35.4571,83.8219
1055,VBD_npp_d20140716_t1804451_x1131998E_y044692S_l0727_s2334_v23,2017-05-23 13:08:46,-4.469225,113.199844,38.981,2014-07-16 18:04:45,2014-07-17 01:04:45,727,2334,0.414277,1,2529,0.986277,0.206556,0.892559,0.4,0.960678,0.75,0.0459277,0.0001,0.0221324,999999,7.310290e-02,3,Indonesian Exclusive Economic Zone,WPP712,,SVDNB_npp_d20140716_t1803247_e1809051_b14079_c20140717000905445784_noaa_ops.h5,GDNBO_npp_d20140716_t1803247_e1809051_b14079_c20140717000905445471_noaa_ops.h5,SVI04_npp_d20140716_t1803247_e1809051_b14079_c20140717000905432367_noaa_ops.dspace_rad,VNFF_npp_d20140716_t1803247_e1809051_b14079_v21.csv,World_EEZ_v8_2014.shp,WPP_BFAR_merge.shp,KKP_IDN_merge_20161208.shp,VNF-VBD_npp_20120301-20151231_global_asia-enhanced_c201607211230.bitmask,NCEI_NGA.union.nga_lead2.add_2015ntl.mask,timezone.shp,VBD_platforms-recurring_2015_r20170330.shp,999999,VBD_bridges_c20160811.shp,2.701723;0.592520;-1.537733;-6.424739;-11.321091;-16.224911;-21.132078;-19.454973;-16.614069;-11.826628;-7.007390;-2.161976,98.595314;112.244095;125.823792;124.798187;123.864281;123.023224;122.264351;107.621338;93.259468;94.789581;96.172417;97.426979,npp_d20140716_t1803247_e1809051_b14079,152.162,50.8321,17.1507,-81.4516,35.4816,83.6956
1056,VBD_npp_d20140716_t1805207_x1127445E_y065474S_l1045_s2335_v23,2017-05-23 13:08:46,-6.547425,112.744469,11.7287,2014-07-16 18:05:20,2014-07-17 01:05:20,1045,2335,0.42389,1,2529,0.566487,0.191927,0.83349,0.4,0.915793,0.75,0.0454771,0.0001,0.0206765,999999,1.718005e-01,3,Indonesian Exclusive Economic Zone,WPP712,,SVDNB_npp_d20140716_t1803247_e1809051_b14079_c20140717000905445784_noaa_ops.h5,GDNBO_npp_d20140716_t1803247_e1809051_b14079_c20140717000905445471_noaa_ops.h5,SVI04_npp_d20140716_t1803247_e1809051_b14079_c20140717000905432367_noaa_ops.dspace_rad,VNFF_npp_d20140716_t1803247_e1809051_b14079_v21.csv,World_EEZ_v8_2014.shp,WPP_BFAR_merge.shp,KKP_IDN_merge_20161208.shp,VNF-VBD_npp_20120301-20151231_global_asia-enhanced_c201607211230.bitmask,NCEI_NGA.union.nga_lead2.add_2015ntl.mask,timezone.shp,VBD_platforms-recurring_2015_r20170330.shp,999999,VBD_bridges_c20160811.shp,2.701723;0.592520;-1.537733;-6.424739;-11.321091;-16.224911;-21.132078;-19.454973;-16.614069;-11.826628;-7.007390;-2.161976,98.595314;112.244095;125.823792;124.798187;123.864281;123.023224;122.264351;107.621338;93.259468;94.789581;96.172417;97.426979,npp_d20140716_t1803247_e1809051_b14079,153.676,53.711,17.2105,-81.8776,36.0778,80.8618
1057,VBD_npp_d20140716_t1804415_x1132520E_y043161S_l0703_s2336_v23,2017-05-23 13:08:46,-4.316072,113.251961,238.913,2014-07-16 18:04:41,2014-07-17 01:04:41,703,2336,0.415161,2,2465,0.545859,0.209185,0.861522,0.4,0.685322,0.75,0.0459753,0.0001,0.0220425,999999,5.537024e-02,3,Indonesian Exclusive Economic Zone,WPP712,,SVDNB_npp_d20140716_t1803247_e1809051_b14079_c20140717000905445784_noaa_ops.h5,GDNBO_npp_d20140716_t1803247_e1809051_b14079_c20140717000905445471_noaa_ops.h5,SVI04_npp_d20140716_t1803247_e1809051_b14079_c20140717000905432367_noaa_ops.dspace_rad,VNFF_npp_d20140716_t1803247_e1809051_b14079_v21.csv,World_EEZ_v8_2014.shp,WPP_BFAR_merge.shp,KKP_IDN_merge_20161208.shp,VNF-VBD_npp_20120301-20151231_global_asia-enhanced_c201607211230.bitmask,NCEI_NGA.union.nga_lead2.add_2015ntl.mask,timezone.shp,VBD_platforms-recurring_2015_r20170330.shp,999999,VBD_bridges_c20160811.shp,2.701723;0.592520;-1.537733;-6.424739;-11.321091;-16.224911;-21.132078;-19.454973;-16.614069;-11.826628;-7.007390;-2.161976,98.595314;112.244095;125.823792;124.798187;123.864281;123.023224;122.264351;107.621338;93.259468;94.789581;96.172417;97.426979,npp_d20140716_t1803247_e1809051_b14079,152.036,50.6498,17.2674,-79.9293,35.4268,83.9056
1058,VBD_npp_d20140716_t1804415_x1132723E_y042297S_l0690_s2337_v23,2017-05-23 13:08:46,-4.229744,113.272285,33.5598,2014-07-16 18:04:41,2014-07-17 01:04:41,690,2337,0.405935,1,2529,0.843618,0.193361,0.891854,0.4,0.920411,0.75,0.0460003,0.0001,0.0228494,999999,-6.307687e-02,3,Indonesian Exclusive Economic Zone,WPP712,,SVDNB_npp_d20140716_t1803247_e1809051_b14079_c20140717000905445784_noaa_ops.h5,GDNBO_npp_d20140716_t1803247_e1809051_b14079_c20140717000905445471_noaa_ops.h5,SVI04_npp_d20140716_t1803247_e1809051_b14079_c20140717000905432367_noaa_ops.dspace_rad,VNFF_npp_d20140716_t1803247_e1809051_b14079_v21.csv,World_EEZ_v8_2014.shp,WPP_BFAR_merge.shp,KKP_IDN_merge_20161208.shp,VNF-VBD_npp_20120301-20151231_global_asia-enhanced_c201607211230.bitmask,NCEI_NGA.union.nga_lead2.add_2015ntl.mask,timezone.shp,VBD_platforms-recurring_2015_r20170330.shp,999999,VBD_bridges_c20160811.shp,2.701723;0.592520;-1.537733;-6.424739;-11.321091;-16.224911;-21.132078;-19.454973;-16.614069;-11.826628;-7.007390;-2.161976,98.595314;112.244095;125.823792;124.798187;123.864281;123.023224;122.264351;107.621338;93.259468;94.789581;96.172417;97.426979,npp_d20140716_t1803247_e1809051_b14079,151.966,50.547,17.3224,-82.3936,35.3971,84.0244
1059,VBD_npp_d20140716_t1804504_x1131424E_y048400S_l0783_s2337_v23,2017-05-23 13:08:46,-4.839991,113.142365,5.54822,2014-07-16 18:04:50,2014-07-17 01:04:50,783,2337,0.415492,8,18913,0.335014,0.195438,0.856253,0.4,0.832915,0.75,0.0458532,0.0001,0.0217184,999999,1.481118e-01,3,Indonesian Exclusive Economic Zone,WPP712,,SVDNB_npp_d20140716_t1803247_e1809051_b14079_c20140717000905445784_noaa_ops.h5,GDNBO_npp_d20140716_t1803247_e1809051_b14079_c20140717000905445471_noaa_ops.h5,SVI04_npp_d20140716_t1803247_e1809051_b14079_c20140717000905432367_noaa_ops.dspace_rad,VNFF_npp_d20140716_t1803247_e1809051_b14079_v21.csv,World_EEZ_v8_2014.shp,WPP_BFAR_merge.shp,KKP_IDN_merge_20161208.shp,VNF-VBD_npp_20120301-20151231_global_asia-enhanced_c201607211230.bitmask,NCEI_NGA.union.nga_lead2.add_2015ntl.mask,timezone.shp,VBD_platforms-recurring_2015_r20170330.shp,0.605951,VBD_bridges_c20160811.shp,2.701723;0.592520;-1.537733;-6.424739;-11.321091;-16.224911;-21.132078;-19.454973;-16.614069;-11.826628;-7.007390;-2.161976,98.595314;112.244095;125.823792;124.798187;123.864281;123.023224;122.264351;107.621338;93.259468;94.789581;96.172417;97.426979,npp_d20140716_t1803247_e1809051_b14079,152.422,51.3423,17.3216,-79.9403,35.5608,83.1768
1060,VBD_npp_d20140716_t1804522_x1131277E_y048905S_l0791_s2337_v23,2017-05-23 13:08:46,-4.890532,113.127693,18.107,2014-07-16 18:04:52,2014-07-17 01:04:52,791,2337,0.416432,8,18913,0.718687,0.197529,0.888072,0.4,0.93908,0.75,0.0458406,0.0001,0.0221005,999999,1.340079e-01,3,Indonesian Exclusive Economic Zone,WPP712,,SVDNB_npp_d20140716_t1803247_e1809051_b14079_c20140717000905445784_noaa_ops.h5,GDNBO_npp_d20140716_t1803247_e1809051_b14079_c20140717000905445471_noaa_ops.h5,SVI04_npp_d20140716_t1803247_e1809051_b14079_c20140717000905432367_noaa_ops.dspace_rad,VNFF_npp_d20140716_t1803247_e1809051_b14079_v21.csv,World_EEZ_v8_2014.shp,WPP_BFAR_merge.shp,KKP_IDN_merge_20161208.shp,VNF-VBD_npp_20120301-20151231_global_asia-enhanced_c201607211230.bitmask,NCEI_NGA.union.nga_lead2.add_2015ntl.mask,timezone.shp,VBD_platforms-recurring_2015_r20170330.shp,0.323935,VBD_bridges_c20160811.shp,2.701723;0.592520;-1.537733;-6.424739;-11.321091;-16.224911;-21.132078;-19.454973;-16.614069;-11.826628;-7.007390;-2.161976,98.595314;112.244095;125.823792;124.798187;123.864281;123.023224;122.264351;107.621338;93.259468;94.789581;96.172417;97.426979,npp_d20140716_t1803247_e1809051_b14079,152.46,51.4099,17.3197,-81.463,35.5745,83.1069
1061,VBD_npp_d20140716_t1804433_x1132569E_y043288S_l0705_s2338_v23,2017-05-23 13:08:46,-4.328835,113.256882,97.526,2014-07-16 18:04:43,2014-07-17 01:04:43,705,2338,0.411294,1,2529,0.817507,0.188778,0.861522,0.4,0.897245,0.75,0.0459817,0.0001,0.0229215,999999,1.930483e-01,3,Indonesian Exclusive Economic Zone,WPP712,,SVDNB_npp_d20140716_t1803247_e1809051_b14079_c20140717000905445784_noaa_ops.h5,GDNBO_npp_d20140716_t1803247_e1809051_b14079_c20140717000905445471_noaa_ops.h5,SVI04_npp_d20140716_t1803247_e1809051_b14079_c20140717000905432367_noaa_ops.dspace_rad,VNFF_npp_d20140716_t1803247_e1809051_b14079_v21.csv,World_EEZ_v8_2014.shp,WPP_BFAR_merge.shp,KKP_IDN_merge_20161208.shp,VNF-VBD_npp_20120301-20151231_global_asia-enhanced_c201607211230.bitmask,NCEI_NGA.union.nga_lead2.add_2015ntl.mask,timezone.shp,VBD_platforms-recurring_2015_r20170330.shp,999999,VBD_bridges_c20160811.shp,2.701723;0.592520;-1.537733;-6.424739;-11.321091;-16.224911;-21.132078;-19.454973;-16.614069;-11.826628;-7.007390;-2.161976,98.595314;112.244095;125.823792;124.798187;123.864281;123.023224;122.264351;107.621338;93.259468;94.789581;96.172417;97.426979,npp_d20140716_t1803247_e1809051_b14079,152.035,50.6821,17.3791,-82.5753,35.416,83.8845
1062,VBD_npp_d20140716_t1804415_x1132775E_y042856S_l0698_s2339_v23,2017-05-23 13:08:46,-4.285638,113.277504,52.5969,2014-07-16 18:04:41,2014-07-17 01:04:41,698,2339,0.409968,1,2529,1.042,0.183693,0.87548,0.4,0.95593,0.75,0.0459976,0.0001,0.0226055,999999,1.341552e-02,3,Indonesian Exclusive Economic Zone,WPP712,,SVDNB_npp_d20140716_t1803247_e1809051_b14079_c20140717000905445784_noaa_ops.h5,GDNBO_npp_d20140716_t1803247_e1809051_b14079_c20140717000905445471_noaa_ops.h5,SVI04_npp_d20140716_t1803247_e1809051_b14079_c20140717000905432367_noaa_ops.dspace_rad,VNFF_npp_d20140716_t1803247_e1809051_b14079_v21.csv,World_EEZ_v8_2014.shp,WPP_BFAR_merge.shp,KKP_IDN_merge_20161208.shp,VNF-VBD_npp_20120301-20151231_global_asia-enhanced_c201607211230.bitmask,NCEI_NGA.union.nga_lead2.add_2015ntl.mask,timezone.shp,VBD_platforms-recurring_2015_r20170330.shp,999999,VBD_bridges_c20160811.shp,2.701723;0.592520;-1.537733;-6.424739;-11.321091;-16.224911;-21.132078;-19.454973;-16.614069;-11.826628;-7.007390;-2.161976,98.595314;112.244095;125.823792;124.798187;123.864281;123.023224;122.264351;107.621338;93.259468;94.789581;96.172417;97.426979,npp_d20140716_t1803247_e1809051_b14079,151.997,50.634,17.4287,-80.8838,35.3978,83.9433
1063,VBD_npp_d20140716_t1804344_x1133845E_y038214S_l0627_s2340_v23,2017-05-23 13:08:46,-3.821414,113.384521,9.3665,2014-07-16 18:04:34,2014-07-17 01:04:34,627,2340,0.412564,1,2529,0.481846,0.190504,0.841647,0.4,0.889053,0.75,0.0461095,0.0001,0.0233919,999999,-4.047299e-02,3,Indonesian Exclusive Economic Zone,WPP712,,SVDNB_npp_d20140716_t1803247_e1809051_b14079_c20140717000905445784_noaa_ops.h5,GDNBO_npp_d20140716_t1803247_e1809051_b14079_c20140717000905445471_noaa_ops.h5,SVI04_npp_d20140716_t1803247_e1809051_b14079_c20140717000905432367_noaa_ops.dspace_rad,VNFF_npp_d20140716_t1803247_e1809051_b14079_v21.csv,World_EEZ_v8_2014.shp,WPP_BFAR_merge.shp,KKP_IDN_merge_20161208.shp,VNF-VBD_npp_20120301-20151231_global_asia-enhanced_c201607211230.bitmask,NCEI_NGA.union.nga_lead2.add_2015ntl.mask,timezone.shp,VBD_platforms-recurring_2015_r20170330.shp,999999,VBD_bridges_c20160811.shp,2.701723;0.592520;-1.537733;-6.424739;-11.321091;-16.224911;-21.132078;-19.454973;-16.614069;-11.826628;-7.007390;-2.161976,98.595314;112.244095;125.823792;124.798187;123.864281;123.023224;122.264351;107.621338;93.259468;94.789581;96.172417;97.426979,npp_d20140716_t1803247_e1809051_b14079,151.642,50.0533,17.4851,-82.1888,35.2718,84.5927
1064,VBD_npp_d20140716_t1805278_x1126877E_y069572S_l1107_s2340_v23,2017-05-23 13:08:46,-6.957219,112.687653,13.0696,2014-07-16 18:05:27,2014-07-17 01:05:27,1107,2340,0.417868,1,2529,0.551276,0.226059,0.754894,0.4,0.883432,0.75,0.0454601,0.0001,0.0208822,999999,-5.847268e-02,3,Indonesian Exclusive Economic Zone,WPP712,,SVDNB_npp_d20140716_t1803247_e1809051_b14079_c20140717000905445784_noaa_ops.h5,GDNBO_npp_d20140716_t1803247_e1809051_b14079_c20140717000905445471_noaa_ops.h5,SVI04_npp_d20140716_t1803247_e1809051_b14079_c20140717000905432367_noaa_ops.dspace_rad,VNFF_npp_d20140716_t1803247_e1809051_b14079_v21.csv,World_EEZ_v8_2014.shp,WPP_BFAR_merge.shp,KKP_IDN_merge_20161208.shp,VNF-VBD_npp_20120301-20151231_global_asia-enhanced_c201607211230.bitmask,NCEI_NGA.union.nga_lead2.add_2015ntl.mask,timezone.shp,VBD_platforms-recurring_2015_r20170330.shp,999999,VBD_bridges_c20160811.shp,2.701723;0.592520;-1.537733;-6.424739;-11.321091;-16.224911;-21.132078;-19.454973;-16.614069;-11.826628;-7.007390;-2.161976,98.595314;112.244095;125.823792;124.798187;123.864281;123.023224;122.264351;107.621338;93.259468;94.789581;96.172417;97.426979,npp_d20140716_t1803247_e1809051_b14079,153.939,54.3563,17.486,-82.2572,36.1739,80.3051
1065,VBD_npp_d20140716_t1804433_x1132846E_y043744S_l0711_s2343_v23,2017-05-23 13:08:46,-4.374447,113.284599,18.7763,2014-07-16 18:04:43,2014-07-17 01:04:43,711,2343,0.412399,1,2529,0.681579,0.179242,0.807421,0.4,0.919116,0.75,0.045996,0.0001,0.0230732,999999,4.862704e-02,3,Indonesian Exclusive Economic Zone,WPP712,,SVDNB_npp_d20140716_t1803247_e1809051_b14079_c20140717000905445784_noaa_ops.h5,GDNBO_npp_d20140716_t1803247_e1809051_b14079_c20140717000905445471_noaa_ops.h5,SVI04_npp_d20140716_t1803247_e1809051_b14079_c20140717000905432367_noaa_ops.dspace_rad,VNFF_npp_d20140716_t1803247_e1809051_b14079_v21.csv,World_EEZ_v8_2014.shp,WPP_BFAR_merge.shp,KKP_IDN_merge_20161208.shp,VNF-VBD_npp_20120301-20151231_global_asia-enhanced_c201607211230.bitmask,NCEI_NGA.union.nga_lead2.add_2015ntl.mask,timezone.shp,VBD_platforms-recurring_2015_r20170330.shp,999999,VBD_bridges_c20160811.shp,2.701723;0.592520;-1.537733;-6.424739;-11.321091;-16.224911;-21.132078;-19.454973;-16.614069;-11.826628;-7.007390;-2.161976,98.595314;112.244095;125.823792;124.798187;123.864281;123.023224;122.264351;107.621338;93.259468;94.789581;96.172417;97.426979,npp_d20140716_t1803247_e1809051_b14079,152.042,50.7795,17.6492,-81.4445,35.3931,83.813
1066,VBD_npp_d20140716_t1804415_x1133104E_y042977S_l0699_s2344_v23,2017-05-23 13:08:46,-4.297670,113.310440,64.9708,2014-07-16 18:04:41,2014-07-17 01:04:41,699,2344,0.412951,1,2529,1.04471,0.17908,0.879432,0.4,0.934495,0.75,0.0460198,0.0001,0.0230241,999999,4.990862e-02,3,Indonesian Exclusive Economic Zone,WPP712,,SVDNB_npp_d20140716_t1803247_e1809051_b14079_c20140717000905445784_noaa_ops.h5,GDNBO_npp_d20140716_t1803247_e1809051_b14079_c20140717000905445471_noaa_ops.h5,SVI04_npp_d20140716_t1803247_e1809051_b14079_c20140717000905432367_noaa_ops.dspace_rad,VNFF_npp_d20140716_t1803247_e1809051_b14079_v21.csv,World_EEZ_v8_2014.shp,WPP_BFAR_merge.shp,KKP_IDN_merge_20161208.shp,VNF-VBD_npp_20120301-20151231_global_asia-enhanced_c201607211230.bitmask,NCEI_NGA.union.nga_lead2.add_2015ntl.mask,timezone.shp,VBD_platforms-recurring_2015_r20170330.shp,999999,VBD_bridges_c20160811.shp,2.701723;0.592520;-1.537733;-6.424739;-11.321091;-16.224911;-21.132078;-19.454973;-16.614069;-11.826628;-7.007390;-2.161976,98.595314;112.244095;125.823792;124.798187;123.864281;123.023224;122.264351;107.621338;93.259468;94.789581;96.172417;97.426979,npp_d20140716_t1803247_e1809051_b14079,151.98,50.6881,17.704,-80.7076,35.366,83.9186
1067,VBD_npp_d20140716_t1805242_x1127507E_y068197S_l1085_s2344_v23,2017-05-23 13:08:46,-6.819701,112.750717,4.52943,2014-07-16 18:05:24,2014-07-17 01:05:24,1085,2344,0.423945,1,2529,0.277281,0.191565,0.796887,0.4,0.820948,0.75,0.0455106,0.0001,0.0207706,999999,1.742425e-01,3,Indonesian Exclusive Economic Zone,WPP712,,SVDNB_npp_d20140716_t1803247_e1809051_b14079_c20140717000905445784_noaa_ops.h5,GDNBO_npp_d20140716_t1803247_e1809051_b14079_c20140717000905445471_noaa_ops.h5,SVI04_npp_d20140716_t1803247_e1809051_b14079_c20140717000905432367_noaa_ops.dspace_rad,VNFF_npp_d20140716_t1803247_e1809051_b14079_v21.csv,World_EEZ_v8_2014.shp,WPP_BFAR_merge.shp,KKP_IDN_merge_20161208.shp,VNF-VBD_npp_20120301-20151231_global_asia-enhanced_c201607211230.bitmask,NCEI_NGA.union.nga_lead2.add_2015ntl.mask,timezone.shp,VBD_platforms-recurring_2015_r20170330.shp,999999,VBD_bridges_c20160811.shp,2.701723;0.592520;-1.537733;-6.424739;-11.321091;-16.224911;-21.132078;-19.454973;-16.614069;-11.826628;-7.007390;-2.161976,98.595314;112.244095;125.823792;124.798187;123.864281;123.023224;122.264351;107.621338;93.259468;94.789581;96.172417;97.426979,npp_d20140716_t1803247_e1809051_b14079,153.819,54.1799,17.703,-80.3931,36.1022,80.4779
1068,VBD_npp_d20140716_t1804522_x1131821E_y048989S_l0791_s2345_v23,2017-05-23 13:08:46,-4.898946,113.182098,31.3827,2014-07-16 18:04:52,2014-07-17 01:04:52,791,2345,0.412896,1,2529,0.911,0.246336,0.901389,0.4,0.956326,0.75,0.0458788,0.0001,0.0228514,999999,-1.952779e-01,3,Indonesian Exclusive Economic Zone,WPP712,,SVDNB_npp_d20140716_t1803247_e1809051_b14079_c20140717000905445784_noaa_ops.h5,GDNBO_npp_d20140716_t1803247_e1809051_b14079_c20140717000905445471_noaa_ops.h5,SVI04_npp_d20140716_t1803247_e1809051_b14079_c20140717000905432367_noaa_ops.dspace_rad,VNFF_npp_d20140716_t1803247_e1809051_b14079_v21.csv,World_EEZ_v8_2014.shp,WPP_BFAR_merge.shp,KKP_IDN_merge_20161208.shp,VNF-VBD_npp_20120301-20151231_global_asia-enhanced_c201607211230.bitmask,NCEI_NGA.union.nga_lead2.add_2015ntl.mask,timezone.shp,VBD_platforms-recurring_2015_r20170330.shp,999999,VBD_bridges_c20160811.shp,2.701723;0.592520;-1.537733;-6.424739;-11.321091;-16.224911;-21.132078;-19.454973;-16.614069;-11.826628;-7.007390;-2.161976,98.595314;112.244095;125.823792;124.798187;123.864281;123.023224;122.264351;107.621338;93.259468;94.789581;96.172417;97.426979,npp_d20140716_t1803247_e1809051_b14079,152.422,51.4826,17.7596,-81.4645,35.5209,83.081
1069,VBD_npp_d20140716_t1804344_x1134180E_y038749S_l0634_s2346_v23,2017-05-23 13:08:46,-3.874870,113.417992,31.2543,2014-07-16 18:04:34,2014-07-17 01:04:34,634,2346,0.413227,1,2529,0.802018,0.190085,0.876641,0.4,0.911468,0.75,0.0461276,0.0001,0.0235973,999999,-3.715434e-02,3,Indonesian Exclusive Economic Zone,WPP712,,SVDNB_npp_d20140716_t1803247_e1809051_b14079_c20140717000905445784_noaa_ops.h5,GDNBO_npp_d20140716_t1803247_e1809051_b14079_c20140717000905445471_noaa_ops.h5,SVI04_npp_d20140716_t1803247_e1809051_b14079_c20140717000905432367_noaa_ops.dspace_rad,VNFF_npp_d20140716_t1803247_e1809051_b14079_v21.csv,World_EEZ_v8_2014.shp,WPP_BFAR_merge.shp,KKP_IDN_merge_20161208.shp,VNF-VBD_npp_20120301-20151231_global_asia-enhanced_c201607211230.bitmask,NCEI_NGA.union.nga_lead2.add_2015ntl.mask,timezone.shp,VBD_platforms-recurring_2015_r20170330.shp,999999,VBD_bridges_c20160811.shp,2.701723;0.592520;-1.537733;-6.424739;-11.321091;-16.224911;-21.132078;-19.454973;-16.614069;-11.826628;-7.007390;-2.161976,98.595314;112.244095;125.823792;124.798187;123.864281;123.023224;122.264351;107.621338;93.259468;94.789581;96.172417;97.426979,npp_d20140716_t1803247_e1809051_b14079,151.65,50.1668,17.8125,-80.887,35.2433,84.509
1070,VBD_npp_d20140716_t1804415_x1133309E_y043009S_l0699_s2347_v23,2017-05-23 13:08:46,-4.300859,113.330872,24.6691,2014-07-16 18:04:41,2014-07-17 01:04:41,699,2347,0.410355,1,2529,0.763843,0.17243,0.86785,0.4,0.93243,0.75,0.0460342,0.0001,0.0233099,999999,1.025185e-01,3,Indonesian Exclusive Economic Zone,WPP712,,SVDNB_npp_d20140716_t1803247_e1809051_b14079_c20140717000905445784_noaa_ops.h5,GDNBO_npp_d20140716_t1803247_e1809051_b14079_c20140717000905445471_noaa_ops.h5,SVI04_npp_d20140716_t1803247_e1809051_b14079_c20140717000905432367_noaa_ops.dspace_rad,VNFF_npp_d20140716_t1803247_e1809051_b14079_v21.csv,World_EEZ_v8_2014.shp,WPP_BFAR_merge.shp,KKP_IDN_merge_20161208.shp,VNF-VBD_npp_20120301-20151231_global_asia-enhanced_c201607211230.bitmask,NCEI_NGA.union.nga_lead2.add_2015ntl.mask,timezone.shp,VBD_platforms-recurring_2015_r20170330.shp,999999,VBD_bridges_c20160811.shp,2.701723;0.592520;-1.537733;-6.424739;-11.321091;-16.224911;-21.132078;-19.454973;-16.614069;-11.826628;-7.007390;-2.161976,98.595314;112.244095;125.823792;124.798187;123.864281;123.023224;122.264351;107.621338;93.259468;94.789581;96.172417;97.426979,npp_d20140716_t1803247_e1809051_b14079,151.966,50.7155,17.869,-80.7147,35.3458,83.9094
1071,VBD_npp_d20140716_t1805242_x1127692E_y068364S_l1087_s2347_v23,2017-05-23 13:08:46,-6.836373,112.769173,7.37685,2014-07-16 18:05:24,2014-07-17 01:05:24,1087,2347,0.424497,1,2529,0.402023,0.17973,0.777277,0.4,0.829801,0.75,0.0455244,0.0001,0.0208963,999999,2.540873e-01,3,Indonesian Exclusive Economic Zone,WPP712,,SVDNB_npp_d20140716_t1803247_e1809051_b14079_c20140717000905445784_noaa_ops.h5,GDNBO_npp_d20140716_t1803247_e1809051_b14079_c20140717000905445471_noaa_ops.h5,SVI04_npp_d20140716_t1803247_e1809051_b14079_c20140717000905432367_noaa_ops.dspace_rad,VNFF_npp_d20140716_t1803247_e1809051_b14079_v21.csv,World_EEZ_v8_2014.shp,WPP_BFAR_merge.shp,KKP_IDN_merge_20161208.shp,VNF-VBD_npp_20120301-20151231_global_asia-enhanced_c201607211230.bitmask,NCEI_NGA.union.nga_lead2.add_2015ntl.mask,timezone.shp,VBD_platforms-recurring_2015_r20170330.shp,999999,VBD_bridges_c20160811.shp,2.701723;0.592520;-1.537733;-6.424739;-11.321091;-16.224911;-21.132078;-19.454973;-16.614069;-11.826628;-7.007390;-2.161976,98.595314;112.244095;125.823792;124.798187;123.864281;123.023224;122.264351;107.621338;93.259468;94.789581;96.172417;97.426979,npp_d20140716_t1803247_e1809051_b14079,153.814,54.227,17.87,-80.0371,36.0867,80.4484
1072,VBD_npp_d20140716_t1805189_x1128588E_y064847S_l1033_s2349_v23,2017-05-23 13:08:46,-6.484697,112.858818,33.5321,2014-07-16 18:05:18,2014-07-17 01:05:18,1033,2349,0.424994,4,51685,0.872539,0.213825,0.859209,0.4,0.940649,0.75,0.0455466,0.0001,0.021749,999999,2.406410e-02,3,Indonesian Exclusive Economic Zone,WPP712,,SVDNB_npp_d20140716_t1803247_e1809051_b14079_c20140717000905445784_noaa_ops.h5,GDNBO_npp_d20140716_t1803247_e1809051_b14079_c20140717000905445471_noaa_ops.h5,SVI04_npp_d20140716_t1803247_e1809051_b14079_c20140717000905432367_noaa_ops.dspace_rad,VNFF_npp_d20140716_t1803247_e1809051_b14079_v21.csv,World_EEZ_v8_2014.shp,WPP_BFAR_merge.shp,KKP_IDN_merge_20161208.shp,VNF-VBD_npp_20120301-20151231_global_asia-enhanced_c201607211230.bitmask,NCEI_NGA.union.nga_lead2.add_2015ntl.mask,timezone.shp,VBD_platforms-recurring_2015_r20170330.shp,0.316308,VBD_bridges_c20160811.shp,2.701723;0.592520;-1.537733;-6.424739;-11.321091;-16.224911;-21.132078;-19.454973;-16.614069;-11.826628;-7.007390;-2.161976,98.595314;112.244095;125.823792;124.798187;123.864281;123.023224;122.264351;107.621338;93.259468;94.789581;96.172417;97.426979,npp_d20140716_t1803247_e1809051_b14079,153.553,53.7237,17.9774,-81.1295,35.9611,80.9132
1073,VBD_npp_d20140716_t1805242_x1127891E_y067980S_l1081_s2349_v23,2017-05-23 13:08:46,-6.798010,112.789124,4.32647,2014-07-16 18:05:24,2014-07-17 01:05:24,1081,2349,0.425878,1,2273,0.272092,0.205391,0.768637,0.4,0.789632,0.75,0.0455354,0.0001,0.021467,999999,8.096628e-02,3,Indonesian Exclusive Economic Zone,WPP712,,SVDNB_npp_d20140716_t1803247_e1809051_b14079_c20140717000905445784_noaa_ops.h5,GDNBO_npp_d20140716_t1803247_e1809051_b14079_c20140717000905445471_noaa_ops.h5,SVI04_npp_d20140716_t1803247_e1809051_b14079_c20140717000905432367_noaa_ops.dspace_rad,VNFF_npp_d20140716_t1803247_e1809051_b14079_v21.csv,World_EEZ_v8_2014.shp,WPP_BFAR_merge.shp,KKP_IDN_merge_20161208.shp,VNF-VBD_npp_20120301-20151231_global_asia-enhanced_c201607211230.bitmask,NCEI_NGA.union.nga_lead2.add_2015ntl.mask,timezone.shp,VBD_platforms-recurring_2015_r20170330.shp,999999,VBD_bridges_c20160811.shp,2.701723;0.592520;-1.537733;-6.424739;-11.321091;-16.224911;-21.132078;-19.454973;-16.614069;-11.826628;-7.007390;-2.161976,98.595314;112.244095;125.823792;124.798187;123.864281;123.023224;122.264351;107.621338;93.259468;94.789581;96.172417;97.426979,npp_d20140716_t1803247_e1809051_b14079,153.776,54.1849,17.9763,-81.1419,36.0604,80.4945
1074,VBD_npp_d20140716_t1805225_x1128258E_y066543S_l1059_s2350_v23,2017-05-23 13:08:46,-6.654328,112.825836,12.274,2014-07-16 18:05:22,2014-07-17 01:05:22,1059,2350,0.425492,4,51685,0.578547,0.186563,0.84461,0.4,0.912646,0.75,0.0455453,0.0001,0.0220453,999999,2.079881e-01,3,Indonesian Exclusive Economic Zone,WPP712,,SVDNB_npp_d20140716_t1803247_e1809051_b14079_c20140717000905445784_noaa_ops.h5,GDNBO_npp_d20140716_t1803247_e1809051_b14079_c20140717000905445471_noaa_ops.h5,SVI04_npp_d20140716_t1803247_e1809051_b14079_c20140717000905432367_noaa_ops.dspace_rad,VNFF_npp_d20140716_t1803247_e1809051_b14079_v21.csv,World_EEZ_v8_2014.shp,WPP_BFAR_merge.shp,KKP_IDN_merge_20161208.shp,VNF-VBD_npp_20120301-20151231_global_asia-enhanced_c201607211230.bitmask,NCEI_NGA.union.nga_lead2.add_2015ntl.mask,timezone.shp,VBD_platforms-recurring_2015_r20170330.shp,0.490017,VBD_bridges_c20160811.shp,2.701723;0.592520;-1.537733;-6.424739;-11.321091;-16.224911;-21.132078;-19.454973;-16.614069;-11.826628;-7.007390;-2.161976,98.595314;112.244095;125.823792;124.798187;123.864281;123.023224;122.264351;107.621338;93.259468;94.789581;96.172417;97.426979,npp_d20140716_t1803247_e1809051_b14079,153.668,53.9804,18.0374,-82.2273,36.0072,80.6836
1075,VBD_npp_d20140716_t1805171_x1129021E_y064314S_l1024_s2353_v23,2017-05-23 13:08:46,-6.431444,112.902107,4.11519,2014-07-16 18:05:17,2014-07-17 01:05:17,1024,2353,0.418973,8,18593,0.22939,0.21792,0.734375,0.4,0.690746,0.75,0.0455679,0.0001,0.0217331,999999,-3.564400e-03,3,Indonesian Exclusive Economic Zone,WPP712,,SVDNB_npp_d20140716_t1803247_e1809051_b14079_c20140717000905445784_noaa_ops.h5,GDNBO_npp_d20140716_t1803247_e1809051_b14079_c20140717000905445471_noaa_ops.h5,SVI04_npp_d20140716_t1803247_e1809051_b14079_c20140717000905432367_noaa_ops.dspace_rad,VNFF_npp_d20140716_t1803247_e1809051_b14079_v21.csv,World_EEZ_v8_2014.shp,WPP_BFAR_merge.shp,KKP_IDN_merge_20161208.shp,VNF-VBD_npp_20120301-20151231_global_asia-enhanced_c201607211230.bitmask,NCEI_NGA.union.nga_lead2.add_2015ntl.mask,timezone.shp,VBD_platforms-recurring_2015_r20170330.shp,0.340401,VBD_bridges_c20160811.shp,2.701723;0.592520;-1.537733;-6.424739;-11.321091;-16.224911;-21.132078;-19.454973;-16.614069;-11.826628;-7.007390;-2.161976,98.595314;112.244095;125.823792;124.798187;123.864281;123.023224;122.264351;107.621338;93.259468;94.789581;96.172417;97.426979,npp_d20140716_t1803247_e1809051_b14079,153.493,53.6759,18.2016,-79.8767,35.9166,80.9754
1076,VBD_npp_d20140716_t1804487_x1133020E_y047567S_l0767_s2357_v23,2017-05-23 13:08:46,-4.756663,113.302032,26.4133,2014-07-16 18:04:48,2014-07-17 01:04:48,767,2357,0.412841,8,18913,0.843415,0.236074,0.886858,0.4,0.952814,0.75,0.0459741,0.0001,0.0236629,999999,-1.260426e-01,3,Indonesian Exclusive Economic Zone,WPP712,,SVDNB_npp_d20140716_t1803247_e1809051_b14079_c20140717000905445784_noaa_ops.h5,GDNBO_npp_d20140716_t1803247_e1809051_b14079_c20140717000905445471_noaa_ops.h5,SVI04_npp_d20140716_t1803247_e1809051_b14079_c20140717000905432367_noaa_ops.dspace_rad,VNFF_npp_d20140716_t1803247_e1809051_b14079_v21.csv,World_EEZ_v8_2014.shp,WPP_BFAR_merge.shp,KKP_IDN_merge_20161208.shp,VNF-VBD_npp_20120301-20151231_global_asia-enhanced_c201607211230.bitmask,NCEI_NGA.union.nga_lead2.add_2015ntl.mask,timezone.shp,VBD_platforms-recurring_2015_r20170330.shp,0.300734,VBD_bridges_c20160811.shp,2.701723;0.592520;-1.537733;-6.424739;-11.321091;-16.224911;-21.132078;-19.454973;-16.614069;-11.826628;-7.007390;-2.161976,98.595314;112.244095;125.823792;124.798187;123.864281;123.023224;122.264351;107.621338;93.259468;94.789581;96.172417;97.426979,npp_d20140716_t1803247_e1809051_b14079,152.252,51.3861,18.4215,-80.0349,35.3977,83.2571
1077,VBD_npp_d20140716_t1804522_x1132711E_y049127S_l0791_s2358_v23,2017-05-23 13:08:46,-4.912693,113.271057,11.1847,2014-07-16 18:04:52,2014-07-17 01:04:52,791,2358,0.417371,1,2529,0.525962,0.198472,0.8218,0.4,0.774941,0.75,0.0459409,0.0001,0.0240827,999999,1.276466e-01,3,Indonesian Exclusive Economic Zone,WPP712,,SVDNB_npp_d20140716_t1803247_e1809051_b14079_c20140717000905445784_noaa_ops.h5,GDNBO_npp_d20140716_t1803247_e1809051_b14079_c20140717000905445471_noaa_ops.h5,SVI04_npp_d20140716_t1803247_e1809051_b14079_c20140717000905432367_noaa_ops.dspace_rad,VNFF_npp_d20140716_t1803247_e1809051_b14079_v21.csv,World_EEZ_v8_2014.shp,WPP_BFAR_merge.shp,KKP_IDN_merge_20161208.shp,VNF-VBD_npp_20120301-20151231_global_asia-enhanced_c201607211230.bitmask,NCEI_NGA.union.nga_lead2.add_2015ntl.mask,timezone.shp,VBD_platforms-recurring_2015_r20170330.shp,999999,VBD_bridges_c20160811.shp,2.701723;0.592520;-1.537733;-6.424739;-11.321091;-16.224911;-21.132078;-19.454973;-16.614069;-11.826628;-7.007390;-2.161976,98.595314;112.244095;125.823792;124.798187;123.864281;123.023224;122.264351;107.621338;93.259468;94.789581;96.172417;97.426979,npp_d20140716_t1803247_e1809051_b14079,152.362,51.601,18.4752,-81.4674,35.4333,83.0385
1078,VBD_npp_d20140716_t1804504_x1133015E_y048511S_l0781_s2360_v23,2017-05-23 13:08:46,-4.851089,113.301483,36.4031,2014-07-16 18:04:50,2014-07-17 01:04:50,781,2360,0.41726,1,2529,0.94009,0.17165,0.924472,0.4,0.957207,0.75,0.0459663,0.0001,0.0239788,999999,3.086020e-01,3,Indonesian Exclusive Economic Zone,WPP712,,SVDNB_npp_d20140716_t1803247_e1809051_b14079_c20140717000905445784_noaa_ops.h5,GDNBO_npp_d20140716_t1803247_e1809051_b14079_c20140717000905445471_noaa_ops.h5,SVI04_npp_d20140716_t1803247_e1809051_b14079_c20140717000905432367_noaa_ops.dspace_rad,VNFF_npp_d20140716_t1803247_e1809051_b14079_v21.csv,World_EEZ_v8_2014.shp,WPP_BFAR_merge.shp,KKP_IDN_merge_20161208.shp,VNF-VBD_npp_20120301-20151231_global_asia-enhanced_c201607211230.bitmask,NCEI_NGA.union.nga_lead2.add_2015ntl.mask,timezone.shp,VBD_platforms-recurring_2015_r20170330.shp,999999,VBD_bridges_c20160811.shp,2.701723;0.592520;-1.537733;-6.424739;-11.321091;-16.224911;-21.132078;-19.454973;-16.614069;-11.826628;-7.007390;-2.161976,98.595314;112.244095;125.823792;124.798187;123.864281;123.023224;122.264351;107.621338;93.259468;94.789581;96.172417;97.426979,npp_d20140716_t1803247_e1809051_b14079,152.305,51.5342,18.585,-80.3987,35.4025,83.1205
1079,VBD_npp_d20140716_t1805100_x1130556E_y059397S_l0948_s2360_v23,2017-05-23 13:08:46,-5.939659,113.055557,23.4739,2014-07-16 18:05:10,2014-07-17 01:05:10,948,2360,0.411957,1,2529,0.770212,0.241607,0.863957,0.4,0.936543,0.75,0.0456853,0.0001,0.0235426,999999,-1.633744e-01,3,Indonesian Exclusive Economic Zone,WPP712,,SVDNB_npp_d20140716_t1803247_e1809051_b14079_c20140717000905445784_noaa_ops.h5,GDNBO_npp_d20140716_t1803247_e1809051_b14079_c20140717000905445471_noaa_ops.h5,SVI04_npp_d20140716_t1803247_e1809051_b14079_c20140717000905432367_noaa_ops.dspace_rad,VNFF_npp_d20140716_t1803247_e1809051_b14079_v21.csv,World_EEZ_v8_2014.shp,WPP_BFAR_merge.shp,KKP_IDN_merge_20161208.shp,VNF-VBD_npp_20120301-20151231_global_asia-enhanced_c201607211230.bitmask,NCEI_NGA.union.nga_lead2.add_2015ntl.mask,timezone.shp,VBD_platforms-recurring_2015_r20170330.shp,999999,VBD_bridges_c20160811.shp,2.701723;0.592520;-1.537733;-6.424739;-11.321091;-16.224911;-21.132078;-19.454973;-16.614069;-11.826628;-7.007390;-2.161976,98.595314;112.244095;125.823792;124.798187;123.864281;123.023224;122.264351;107.621338;93.259468;94.789581;96.172417;97.426979,npp_d20140716_t1803247_e1809051_b14079,153.101,53.0242,18.5839,-82.0239,35.7166,81.6242
1080,VBD_npp_d20140716_t1804504_x1133194E_y048262S_l0777_s2362_v23,2017-05-23 13:08:46,-4.826158,113.319427,47.5816,2014-07-16 18:04:50,2014-07-17 01:04:50,777,2362,0.415824,1,2529,1.03628,0.178683,0.920059,0.4,0.962769,0.75,0.0459821,0.0001,0.0244223,999999,2.611508e-01,3,Indonesian Exclusive Economic Zone,WPP712,,SVDNB_npp_d20140716_t1803247_e1809051_b14079_c20140717000905445784_noaa_ops.h5,GDNBO_npp_d20140716_t1803247_e1809051_b14079_c20140717000905445471_noaa_ops.h5,SVI04_npp_d20140716_t1803247_e1809051_b14079_c20140717000905432367_noaa_ops.dspace_rad,VNFF_npp_d20140716_t1803247_e1809051_b14079_v21.csv,World_EEZ_v8_2014.shp,WPP_BFAR_merge.shp,KKP_IDN_merge_20161208.shp,VNF-VBD_npp_20120301-20151231_global_asia-enhanced_c201607211230.bitmask,NCEI_NGA.union.nga_lead2.add_2015ntl.mask,timezone.shp,VBD_platforms-recurring_2015_r20170330.shp,999999,VBD_bridges_c20160811.shp,2.701723;0.592520;-1.537733;-6.424739;-11.321091;-16.224911;-21.132078;-19.454973;-16.614069;-11.826628;-7.007390;-2.161976,98.595314;112.244095;125.823792;124.798187;123.864281;123.023224;122.264351;107.621338;93.259468;94.789581;96.172417;97.426979,npp_d20140716_t1803247_e1809051_b14079,152.276,51.5167,18.6935,-81.1082,35.3814,83.1515
1081,VBD_npp_d20140716_t1805011_x1131909E_y054272S_l0869_s2363_v23,2017-05-23 13:08:46,-5.427223,113.190918,14.9429,2014-07-16 18:05:01,2014-07-17 01:05:01,869,2363,0.413283,1,2529,0.6451,0.223668,0.864172,0.4,0.928158,0.75,0.0458351,0.0001,0.0242184,999999,-4.234235e-02,3,Indonesian Exclusive Economic Zone,WPP712,,SVDNB_npp_d20140716_t1803247_e1809051_b14079_c20140717000905445784_noaa_ops.h5,GDNBO_npp_d20140716_t1803247_e1809051_b14079_c20140717000905445471_noaa_ops.h5,SVI04_npp_d20140716_t1803247_e1809051_b14079_c20140717000905432367_noaa_ops.dspace_rad,VNFF_npp_d20140716_t1803247_e1809051_b14079_v21.csv,World_EEZ_v8_2014.shp,WPP_BFAR_merge.shp,KKP_IDN_merge_20161208.shp,VNF-VBD_npp_20120301-20151231_global_asia-enhanced_c201607211230.bitmask,NCEI_NGA.union.nga_lead2.add_2015ntl.mask,timezone.shp,VBD_platforms-recurring_2015_r20170330.shp,999999,VBD_bridges_c20160811.shp,2.701723;0.592520;-1.537733;-6.424739;-11.321091;-16.224911;-21.132078;-19.454973;-16.614069;-11.826628;-7.007390;-2.161976,98.595314;112.244095;125.823792;124.798187;123.864281;123.023224;122.264351;107.621338;93.259468;94.789581;96.172417;97.426979,npp_d20140716_t1803247_e1809051_b14079,152.712,52.3338,18.7468,-81.826,35.5444,82.3186
1082,VBD_npp_d20140716_t1805225_x1129165E_y066612S_l1058_s2363_v23,2017-05-23 13:08:46,-6.661179,112.916466,502.884,2014-07-16 18:05:22,2014-07-17 01:05:22,1058,2363,0.427812,4,100845,1.63633,0.158943,0.868894,0.4,0.978412,0.75,0.0456075,0.0001,0.0232844,999999,3.943321e-01,3,Indonesian Exclusive Economic Zone,WPP712,,SVDNB_npp_d20140716_t1803247_e1809051_b14079_c20140717000905445784_noaa_ops.h5,GDNBO_npp_d20140716_t1803247_e1809051_b14079_c20140717000905445471_noaa_ops.h5,SVI04_npp_d20140716_t1803247_e1809051_b14079_c20140717000905432367_noaa_ops.dspace_rad,VNFF_npp_d20140716_t1803247_e1809051_b14079_v21.csv,World_EEZ_v8_2014.shp,WPP_BFAR_merge.shp,KKP_IDN_merge_20161208.shp,VNF-VBD_npp_20120301-20151231_global_asia-enhanced_c201607211230.bitmask,NCEI_NGA.union.nga_lead2.add_2015ntl.mask,timezone.shp,VBD_platforms-recurring_2015_r20170330.shp,999999,VBD_bridges_c20160811.shp,2.701723;0.592520;-1.537733;-6.424739;-11.321091;-16.224911;-21.132078;-19.454973;-16.614069;-11.826628;-7.007390;-2.161976,98.595314;112.244095;125.823792;124.798187;123.864281;123.023224;122.264351;107.621338;93.259468;94.789581;96.172417;97.426979,npp_d20140716_t1803247_e1809051_b14079,153.599,54.0877,18.7542,-82.3818,35.9182,80.643
1083,VBD_npp_d20140716_t1804504_x1133259E_y048757S_l0784_s2364_v23,2017-05-23 13:08:46,-4.875711,113.325874,8.48989,2014-07-16 18:04:50,2014-07-17 01:04:50,784,2364,0.414829,2,2465,0.399452,0.174228,0.919437,0.4,0.74205,0.75,0.0459806,0.0001,0.0241589,999999,2.912111e-01,3,Indonesian Exclusive Economic Zone,WPP712,,SVDNB_npp_d20140716_t1803247_e1809051_b14079_c20140717000905445784_noaa_ops.h5,GDNBO_npp_d20140716_t1803247_e1809051_b14079_c20140717000905445471_noaa_ops.h5,SVI04_npp_d20140716_t1803247_e1809051_b14079_c20140717000905432367_noaa_ops.dspace_rad,VNFF_npp_d20140716_t1803247_e1809051_b14079_v21.csv,World_EEZ_v8_2014.shp,WPP_BFAR_merge.shp,KKP_IDN_merge_20161208.shp,VNF-VBD_npp_20120301-20151231_global_asia-enhanced_c201607211230.bitmask,NCEI_NGA.union.nga_lead2.add_2015ntl.mask,timezone.shp,VBD_platforms-recurring_2015_r20170330.shp,999999,VBD_bridges_c20160811.shp,2.701723;0.592520;-1.537733;-6.424739;-11.321091;-16.224911;-21.132078;-19.454973;-16.614069;-11.826628;-7.007390;-2.161976,98.595314;112.244095;125.823792;124.798187;123.864281;123.023224;122.264351;107.621338;93.259468;94.789581;96.172417;97.426979,npp_d20140716_t1803247_e1809051_b14079,152.302,51.5977,18.8082,-79.8875,35.381,83.0791
1084,VBD_npp_d20140716_t1804540_x1132865E_y050373S_l0809_s2364_v23,2017-05-23 13:08:46,-5.037283,113.286453,18.4179,2014-07-16 18:04:54,2014-07-17 01:04:54,809,2364,0.41262,1,2529,0.717728,0.248946,0.88104,0.4,0.938979,0.75,0.0459398,0.0001,0.0244244,999999,-2.128849e-01,3,Indonesian Exclusive Economic Zone,WPP712,,SVDNB_npp_d20140716_t1803247_e1809051_b14079_c20140717000905445784_noaa_ops.h5,GDNBO_npp_d20140716_t1803247_e1809051_b14079_c20140717000905445471_noaa_ops.h5,SVI04_npp_d20140716_t1803247_e1809051_b14079_c20140717000905432367_noaa_ops.dspace_rad,VNFF_npp_d20140716_t1803247_e1809051_b14079_v21.csv,World_EEZ_v8_2014.shp,WPP_BFAR_merge.shp,KKP_IDN_merge_20161208.shp,VNF-VBD_npp_20120301-20151231_global_asia-enhanced_c201607211230.bitmask,NCEI_NGA.union.nga_lead2.add_2015ntl.mask,timezone.shp,VBD_platforms-recurring_2015_r20170330.shp,999999,VBD_bridges_c20160811.shp,2.701723;0.592520;-1.537733;-6.424739;-11.321091;-16.224911;-21.132078;-19.454973;-16.614069;-11.826628;-7.007390;-2.161976,98.595314;112.244095;125.823792;124.798187;123.864281;123.023224;122.264351;107.621338;93.259468;94.789581;96.172417;97.426979,npp_d20140716_t1803247_e1809051_b14079,152.421,51.813,18.8009,-81.1161,35.4263,82.8549
1085,VBD_npp_d20140716_t1805153_x1130046E_y063187S_l1005_s2364_v23,2017-05-23 13:08:46,-6.318708,113.004570,481.008,2014-07-16 18:05:15,2014-07-17 01:05:15,1005,2364,0.422122,4,35309,1.49059,0.19952,0.847216,0.4,0.966786,0.75,0.0456249,0.0001,0.0230097,999999,1.205737e-01,3,Indonesian Exclusive Economic Zone,WPP712,,SVDNB_npp_d20140716_t1803247_e1809051_b14079_c20140717000905445784_noaa_ops.h5,GDNBO_npp_d20140716_t1803247_e1809051_b14079_c20140717000905445471_noaa_ops.h5,SVI04_npp_d20140716_t1803247_e1809051_b14079_c20140717000905432367_noaa_ops.dspace_rad,VNFF_npp_d20140716_t1803247_e1809051_b14079_v21.csv,World_EEZ_v8_2014.shp,WPP_BFAR_merge.shp,KKP_IDN_merge_20161208.shp,VNF-VBD_npp_20120301-20151231_global_asia-enhanced_c201607211230.bitmask,NCEI_NGA.union.nga_lead2.add_2015ntl.mask,timezone.shp,VBD_platforms-recurring_2015_r20170330.shp,999999,VBD_bridges_c20160811.shp,2.701723;0.592520;-1.537733;-6.424739;-11.321091;-16.224911;-21.132078;-19.454973;-16.614069;-11.826628;-7.007390;-2.161976,98.595314;112.244095;125.823792;124.798187;123.864281;123.023224;122.264351;107.621338;93.259468;94.789581;96.172417;97.426979,npp_d20140716_t1803247_e1809051_b14079,153.35,53.5958,18.8074,-80.4481,35.8038,81.1015
1086,VBD_npp_d20140716_t1804504_x1133370E_y048497S_l0780_s2365_v23,2017-05-23 13:08:46,-4.849689,113.336952,12.302,2014-07-16 18:04:50,2014-07-17 01:04:50,780,2365,0.414829,1,2529,0.553838,0.158282,0.93067,0.4,0.898245,0.75,0.0459917,0.0001,0.0245143,999999,2.144451e-01,3,Indonesian Exclusive Economic Zone,WPP712,,SVDNB_npp_d20140716_t1803247_e1809051_b14079_c20140717000905445784_noaa_ops.h5,GDNBO_npp_d20140716_t1803247_e1809051_b14079_c20140717000905445471_noaa_ops.h5,SVI04_npp_d20140716_t1803247_e1809051_b14079_c20140717000905432367_noaa_ops.dspace_rad,VNFF_npp_d20140716_t1803247_e1809051_b14079_v21.csv,World_EEZ_v8_2014.shp,WPP_BFAR_merge.shp,KKP_IDN_merge_20161208.shp,VNF-VBD_npp_20120301-20151231_global_asia-enhanced_c201607211230.bitmask,NCEI_NGA.union.nga_lead2.add_2015ntl.mask,timezone.shp,VBD_platforms-recurring_2015_r20170330.shp,999999,VBD_bridges_c20160811.shp,2.701723;0.592520;-1.537733;-6.424739;-11.321091;-16.224911;-21.132078;-19.454973;-16.614069;-11.826628;-7.007390;-2.161976,98.595314;112.244095;125.823792;124.798187;123.864281;123.023224;122.264351;107.621338;93.259468;94.789581;96.172417;97.426979,npp_d20140716_t1803247_e1809051_b14079,152.277,51.571,18.8597,-80.5892,35.3667,83.1134
1087,VBD_npp_d20140716_t1804380_x1135061E_y041188S_l0668_s2366_v23,2017-05-23 13:08:46,-4.118800,113.506096,38.5091,2014-07-16 18:04:38,2014-07-17 01:04:38,668,2366,0.38439,1,2529,0.830923,0.200844,0.865597,0.4,0.927872,0.75,0.0461718,0.0001,0.0252446,999999,-1.222733e-01,3,Indonesian Exclusive Economic Zone,WPP712,,SVDNB_npp_d20140716_t1803247_e1809051_b14079_c20140717000905445784_noaa_ops.h5,GDNBO_npp_d20140716_t1803247_e1809051_b14079_c20140717000905445471_noaa_ops.h5,SVI04_npp_d20140716_t1803247_e1809051_b14079_c20140717000905432367_noaa_ops.dspace_rad,VNFF_npp_d20140716_t1803247_e1809051_b14079_v21.csv,World_EEZ_v8_2014.shp,WPP_BFAR_merge.shp,KKP_IDN_merge_20161208.shp,VNF-VBD_npp_20120301-20151231_global_asia-enhanced_c201607211230.bitmask,NCEI_NGA.union.nga_lead2.add_2015ntl.mask,timezone.shp,VBD_platforms-recurring_2015_r20170330.shp,999999,VBD_bridges_c20160811.shp,2.701723;0.592520;-1.537733;-6.424739;-11.321091;-16.224911;-21.132078;-19.454973;-16.614069;-11.826628;-7.007390;-2.161976,98.595314;112.244095;125.823792;124.798187;123.864281;123.023224;122.264351;107.621338;93.259468;94.789581;96.172417;97.426979,npp_d20140716_t1803247_e1809051_b14079,151.727,50.63,18.9121,-80.5784,35.1646,84.1354
1088,VBD_npp_d20140716_t1804504_x1133466E_y048790S_l0784_s2367_v23,2017-05-23 13:08:46,-4.878961,113.346573,14.1613,2014-07-16 18:04:50,2014-07-17 01:04:50,784,2367,0.416487,1,2529,0.547838,0.182959,0.923563,0.4,0.883576,0.75,0.0459949,0.0001,0.0244391,999999,1.921956e-02,3,Indonesian Exclusive Economic Zone,WPP712,,SVDNB_npp_d20140716_t1803247_e1809051_b14079_c20140717000905445784_noaa_ops.h5,GDNBO_npp_d20140716_t1803247_e1809051_b14079_c20140717000905445471_noaa_ops.h5,SVI04_npp_d20140716_t1803247_e1809051_b14079_c20140717000905432367_noaa_ops.dspace_rad,VNFF_npp_d20140716_t1803247_e1809051_b14079_v21.csv,World_EEZ_v8_2014.shp,WPP_BFAR_merge.shp,KKP_IDN_merge_20161208.shp,VNF-VBD_npp_20120301-20151231_global_asia-enhanced_c201607211230.bitmask,NCEI_NGA.union.nga_lead2.add_2015ntl.mask,timezone.shp,VBD_platforms-recurring_2015_r20170330.shp,999999,VBD_bridges_c20160811.shp,2.701723;0.592520;-1.537733;-6.424739;-11.321091;-16.224911;-21.132078;-19.454973;-16.614069;-11.826628;-7.007390;-2.161976,98.595314;112.244095;125.823792;124.798187;123.864281;123.023224;122.264351;107.621338;93.259468;94.789581;96.172417;97.426979,npp_d20140716_t1803247_e1809051_b14079,152.287,51.6252,18.9735,-79.9016,35.3606,83.0691
1089,VBD_npp_d20140716_t1804522_x1133452E_y048894S_l0786_s2368_v23,2017-05-23 13:08:46,-4.889421,113.345207,35.0915,2014-07-16 18:04:52,2014-07-17 01:04:52,786,2368,0.414498,1,2529,0.864029,0.19078,0.923563,0.4,0.925836,0.75,0.0459965,0.0001,0.0253564,999999,-4.265218e-02,3,Indonesian Exclusive Economic Zone,WPP712,,SVDNB_npp_d20140716_t1803247_e1809051_b14079_c20140717000905445784_noaa_ops.h5,GDNBO_npp_d20140716_t1803247_e1809051_b14079_c20140717000905445471_noaa_ops.h5,SVI04_npp_d20140716_t1803247_e1809051_b14079_c20140717000905432367_noaa_ops.dspace_rad,VNFF_npp_d20140716_t1803247_e1809051_b14079_v21.csv,World_EEZ_v8_2014.shp,WPP_BFAR_merge.shp,KKP_IDN_merge_20161208.shp,VNF-VBD_npp_20120301-20151231_global_asia-enhanced_c201607211230.bitmask,NCEI_NGA.union.nga_lead2.add_2015ntl.mask,timezone.shp,VBD_platforms-recurring_2015_r20170330.shp,999999,VBD_bridges_c20160811.shp,2.701723;0.592520;-1.537733;-6.424739;-11.321091;-16.224911;-21.132078;-19.454973;-16.614069;-11.826628;-7.007390;-2.161976,98.595314;112.244095;125.823792;124.798187;123.864281;123.023224;122.264351;107.621338;93.259468;94.789581;96.172417;97.426979,npp_d20140716_t1803247_e1809051_b14079,152.289,51.6474,19.0293,-82.3338,35.3561,83.0525
1090,VBD_npp_d20140716_t1804522_x1133410E_y049165S_l0790_s2368_v23,2017-05-23 13:08:46,-4.916548,113.341003,23.272,2014-07-16 18:04:52,2014-07-17 01:04:52,790,2368,0.413062,1,2529,0.76209,0.233239,0.909998,0.4,0.933293,0.75,0.0459902,0.0001,0.0251009,999999,-1.069161e-01,3,Indonesian Exclusive Economic Zone,WPP712,,SVDNB_npp_d20140716_t1803247_e1809051_b14079_c20140717000905445784_noaa_ops.h5,GDNBO_npp_d20140716_t1803247_e1809051_b14079_c20140717000905445471_noaa_ops.h5,SVI04_npp_d20140716_t1803247_e1809051_b14079_c20140717000905432367_noaa_ops.dspace_rad,VNFF_npp_d20140716_t1803247_e1809051_b14079_v21.csv,World_EEZ_v8_2014.shp,WPP_BFAR_merge.shp,KKP_IDN_merge_20161208.shp,VNF-VBD_npp_20120301-20151231_global_asia-enhanced_c201607211230.bitmask,NCEI_NGA.union.nga_lead2.add_2015ntl.mask,timezone.shp,VBD_platforms-recurring_2015_r20170330.shp,999999,VBD_bridges_c20160811.shp,2.701723;0.592520;-1.537733;-6.424739;-11.321091;-16.224911;-21.132078;-19.454973;-16.614069;-11.826628;-7.007390;-2.161976,98.595314;112.244095;125.823792;124.798187;123.864281;123.023224;122.264351;107.621338;93.259468;94.789581;96.172417;97.426979,npp_d20140716_t1803247_e1809051_b14079,152.309,51.6833,19.0263,-81.6427,35.3636,83.0148
1091,VBD_npp_d20140716_t1804380_x1135279E_y041153S_l0667_s2369_v23,2017-05-23 13:08:46,-4.115254,113.527855,30.3602,2014-07-16 18:04:38,2014-07-17 01:04:38,667,2369,0.409526,1,2529,0.767044,0.198925,0.886428,0.4,0.935151,0.75,0.0461877,0.0001,0.0255986,999999,-1.070958e-01,3,Indonesian Exclusive Economic Zone,WPP712,,SVDNB_npp_d20140716_t1803247_e1809051_b14079_c20140717000905445784_noaa_ops.h5,GDNBO_npp_d20140716_t1803247_e1809051_b14079_c20140717000905445471_noaa_ops.h5,SVI04_npp_d20140716_t1803247_e1809051_b14079_c20140717000905432367_noaa_ops.dspace_rad,VNFF_npp_d20140716_t1803247_e1809051_b14079_v21.csv,World_EEZ_v8_2014.shp,WPP_BFAR_merge.shp,KKP_IDN_merge_20161208.shp,VNF-VBD_npp_20120301-20151231_global_asia-enhanced_c201607211230.bitmask,NCEI_NGA.union.nga_lead2.add_2015ntl.mask,timezone.shp,VBD_platforms-recurring_2015_r20170330.shp,999999,VBD_bridges_c20160811.shp,2.701723;0.592520;-1.537733;-6.424739;-11.321091;-16.224911;-21.132078;-19.454973;-16.614069;-11.826628;-7.007390;-2.161976,98.595314;112.244095;125.823792;124.798187;123.864281;123.023224;122.264351;107.621338;93.259468;94.789581;96.172417;97.426979,npp_d20140716_t1803247_e1809051_b14079,151.708,50.6489,19.0769,-80.7585,35.1423,84.1358
1092,VBD_npp_d20140716_t1804522_x1133500E_y049040S_l0788_s2369_v23,2017-05-23 13:08:46,-4.904045,113.350021,26.5498,2014-07-16 18:04:52,2014-07-17 01:04:52,788,2369,0.411681,1,2529,0.7555,0.196078,0.909998,0.4,0.929226,0.75,0.0459981,0.0001,0.0253256,999999,-8.457225e-02,3,Indonesian Exclusive Economic Zone,WPP712,,SVDNB_npp_d20140716_t1803247_e1809051_b14079_c20140717000905445784_noaa_ops.h5,GDNBO_npp_d20140716_t1803247_e1809051_b14079_c20140717000905445471_noaa_ops.h5,SVI04_npp_d20140716_t1803247_e1809051_b14079_c20140717000905432367_noaa_ops.dspace_rad,VNFF_npp_d20140716_t1803247_e1809051_b14079_v21.csv,World_EEZ_v8_2014.shp,WPP_BFAR_merge.shp,KKP_IDN_merge_20161208.shp,VNF-VBD_npp_20120301-20151231_global_asia-enhanced_c201607211230.bitmask,NCEI_NGA.union.nga_lead2.add_2015ntl.mask,timezone.shp,VBD_platforms-recurring_2015_r20170330.shp,999999,VBD_bridges_c20160811.shp,2.701723;0.592520;-1.537733;-6.424739;-11.321091;-16.224911;-21.132078;-19.454973;-16.614069;-11.826628;-7.007390;-2.161976,98.595314;112.244095;125.823792;124.798187;123.864281;123.023224;122.264351;107.621338;93.259468;94.789581;96.172417;97.426979,npp_d20140716_t1803247_e1809051_b14079,152.294,51.6745,19.0826,-81.9871,35.3531,83.0303
1093,VBD_npp_d20140716_t1804504_x1133715E_y048551S_l0780_s2370_v23,2017-05-23 13:08:46,-4.855073,113.371506,83.4046,2014-07-16 18:04:50,2014-07-17 01:04:50,780,2370,0.411239,1,2529,1.23239,0.199553,0.93101,0.4,0.968702,0.75,0.0460156,0.0001,0.0249871,999999,-1.120603e-01,3,Indonesian Exclusive Economic Zone,WPP712,,SVDNB_npp_d20140716_t1803247_e1809051_b14079_c20140717000905445784_noaa_ops.h5,GDNBO_npp_d20140716_t1803247_e1809051_b14079_c20140717000905445471_noaa_ops.h5,SVI04_npp_d20140716_t1803247_e1809051_b14079_c20140717000905432367_noaa_ops.dspace_rad,VNFF_npp_d20140716_t1803247_e1809051_b14079_v21.csv,World_EEZ_v8_2014.shp,WPP_BFAR_merge.shp,KKP_IDN_merge_20161208.shp,VNF-VBD_npp_20120301-20151231_global_asia-enhanced_c201607211230.bitmask,NCEI_NGA.union.nga_lead2.add_2015ntl.mask,timezone.shp,VBD_platforms-recurring_2015_r20170330.shp,999999,VBD_bridges_c20160811.shp,2.701723;0.592520;-1.537733;-6.424739;-11.321091;-16.224911;-21.132078;-19.454973;-16.614069;-11.826628;-7.007390;-2.161976,98.595314;112.244095;125.823792;124.798187;123.864281;123.023224;122.264351;107.621338;93.259468;94.789581;96.172417;97.426979,npp_d20140716_t1803247_e1809051_b14079,152.253,51.6168,19.1352,-80.6027,35.3327,83.0968
1094,VBD_npp_d20140716_t1804522_x1133590E_y048915S_l0786_s2370_v23,2017-05-23 13:08:46,-4.891536,113.359039,39.7108,2014-07-16 18:04:52,2014-07-17 01:04:52,786,2370,0.413835,8,18913,0.896983,0.18772,0.923563,0.4,0.945341,0.75,0.0460061,0.0001,0.0255502,999999,-1.844848e-02,3,Indonesian Exclusive Economic Zone,WPP712,,SVDNB_npp_d20140716_t1803247_e1809051_b14079_c20140717000905445784_noaa_ops.h5,GDNBO_npp_d20140716_t1803247_e1809051_b14079_c20140717000905445471_noaa_ops.h5,SVI04_npp_d20140716_t1803247_e1809051_b14079_c20140717000905432367_noaa_ops.dspace_rad,VNFF_npp_d20140716_t1803247_e1809051_b14079_v21.csv,World_EEZ_v8_2014.shp,WPP_BFAR_merge.shp,KKP_IDN_merge_20161208.shp,VNF-VBD_npp_20120301-20151231_global_asia-enhanced_c201607211230.bitmask,NCEI_NGA.union.nga_lead2.add_2015ntl.mask,timezone.shp,VBD_platforms-recurring_2015_r20170330.shp,0.612718,VBD_bridges_c20160811.shp,2.701723;0.592520;-1.537733;-6.424739;-11.321091;-16.224911;-21.132078;-19.454973;-16.614069;-11.826628;-7.007390;-2.161976,98.595314;112.244095;125.823792;124.798187;123.864281;123.023224;122.264351;107.621338;93.259468;94.789581;96.172417;97.426979,npp_d20140716_t1803247_e1809051_b14079,152.28,51.6656,19.1395,-82.3295,35.3425,83.0459
1095,VBD_npp_d20140716_t1804522_x1133559E_y049119S_l0789_s2370_v23,2017-05-23 13:08:46,-4.911891,113.355888,15.1047,2014-07-16 18:04:52,2014-07-17 01:04:52,789,2370,0.413338,1,2529,0.581537,0.187863,0.909998,0.4,0.883124,0.75,0.0460013,0.0001,0.0253574,999999,-1.957554e-02,3,Indonesian Exclusive Economic Zone,WPP712,,SVDNB_npp_d20140716_t1803247_e1809051_b14079_c20140717000905445784_noaa_ops.h5,GDNBO_npp_d20140716_t1803247_e1809051_b14079_c20140717000905445471_noaa_ops.h5,SVI04_npp_d20140716_t1803247_e1809051_b14079_c20140717000905432367_noaa_ops.dspace_rad,VNFF_npp_d20140716_t1803247_e1809051_b14079_v21.csv,World_EEZ_v8_2014.shp,WPP_BFAR_merge.shp,KKP_IDN_merge_20161208.shp,VNF-VBD_npp_20120301-20151231_global_asia-enhanced_c201607211230.bitmask,NCEI_NGA.union.nga_lead2.add_2015ntl.mask,timezone.shp,VBD_platforms-recurring_2015_r20170330.shp,999999,VBD_bridges_c20160811.shp,2.701723;0.592520;-1.537733;-6.424739;-11.321091;-16.224911;-21.132078;-19.454973;-16.614069;-11.826628;-7.007390;-2.161976,98.595314;112.244095;125.823792;124.798187;123.864281;123.023224;122.264351;107.621338;93.259468;94.789581;96.172417;97.426979,npp_d20140716_t1803247_e1809051_b14079,152.295,51.6926,19.137,-81.8141,35.3481,83.0176
1096,VBD_npp_d20140716_t1804558_x1133040E_y051548S_l0826_s2370_v23,2017-05-23 13:08:46,-5.154842,113.303978,15.2785,2014-07-16 18:04:55,2014-07-17 01:04:55,826,2370,0.412067,8,18913,0.651148,0.229706,0.864224,0.4,0.92822,0.75,0.0459401,0.0001,0.0248368,999999,-8.308092e-02,3,Indonesian Exclusive Economic Zone,WPP712,,SVDNB_npp_d20140716_t1803247_e1809051_b14079_c20140717000905445784_noaa_ops.h5,GDNBO_npp_d20140716_t1803247_e1809051_b14079_c20140717000905445471_noaa_ops.h5,SVI04_npp_d20140716_t1803247_e1809051_b14079_c20140717000905432367_noaa_ops.dspace_rad,VNFF_npp_d20140716_t1803247_e1809051_b14079_v21.csv,World_EEZ_v8_2014.shp,WPP_BFAR_merge.shp,KKP_IDN_merge_20161208.shp,VNF-VBD_npp_20120301-20151231_global_asia-enhanced_c201607211230.bitmask,NCEI_NGA.union.nga_lead2.add_2015ntl.mask,timezone.shp,VBD_platforms-recurring_2015_r20170330.shp,0.722832,VBD_bridges_c20160811.shp,2.701723;0.592520;-1.537733;-6.424739;-11.321091;-16.224911;-21.132078;-19.454973;-16.614069;-11.826628;-7.007390;-2.161976,98.595314;112.244095;125.823792;124.798187;123.864281;123.023224;122.264351;107.621338;93.259468;94.789581;96.172417;97.426979,npp_d20140716_t1803247_e1809051_b14079,152.474,52.0175,19.1341,-80.96,35.4165,82.6806
1097,VBD_npp_d20140716_t1805011_x1132299E_y054957S_l0878_s2370_v23,2017-05-23 13:08:46,-5.495726,113.229889,5.76619,2014-07-16 18:05:01,2014-07-17 01:05:01,878,2370,0.410189,1,2529,0.31268,0.263731,0.84934,0.4,0.750942,0.75,0.0458536,0.0001,0.0242675,999999,-3.126338e-01,3,Indonesian Exclusive Economic Zone,WPP712,,SVDNB_npp_d20140716_t1803247_e1809051_b14079_c20140717000905445784_noaa_ops.h5,GDNBO_npp_d20140716_t1803247_e1809051_b14079_c20140717000905445471_noaa_ops.h5,SVI04_npp_d20140716_t1803247_e1809051_b14079_c20140717000905432367_noaa_ops.dspace_rad,VNFF_npp_d20140716_t1803247_e1809051_b14079_v21.csv,World_EEZ_v8_2014.shp,WPP_BFAR_merge.shp,KKP_IDN_merge_20161208.shp,VNF-VBD_npp_20120301-20151231_global_asia-enhanced_c201607211230.bitmask,NCEI_NGA.union.nga_lead2.add_2015ntl.mask,timezone.shp,VBD_platforms-recurring_2015_r20170330.shp,999999,VBD_bridges_c20160811.shp,2.701723;0.592520;-1.537733;-6.424739;-11.321091;-16.224911;-21.132078;-19.454973;-16.614069;-11.826628;-7.007390;-2.161976,98.595314;112.244095;125.823792;124.798187;123.864281;123.023224;122.264351;107.621338;93.259468;94.789581;96.172417;97.426979,npp_d20140716_t1803247_e1809051_b14079,152.723,52.4812,19.1339,-80.2748,35.5147,82.2103
1098,VBD_npp_d20140716_t1804522_x1133649E_y048994S_l0787_s2371_v23,2017-05-23 13:08:46,-4.899381,113.364914,30.3702,2014-07-16 18:04:52,2014-07-17 01:04:52,787,2371,0.41378,8,18913,0.80872,0.188444,0.914055,0.4,0.931621,0.75,0.0460093,0.0001,0.0255829,999999,-2.417539e-02,3,Indonesian Exclusive Economic Zone,WPP712,,SVDNB_npp_d20140716_t1803247_e1809051_b14079_c20140717000905445784_noaa_ops.h5,GDNBO_npp_d20140716_t1803247_e1809051_b14079_c20140717000905445471_noaa_ops.h5,SVI04_npp_d20140716_t1803247_e1809051_b14079_c20140717000905432367_noaa_ops.dspace_rad,VNFF_npp_d20140716_t1803247_e1809051_b14079_v21.csv,World_EEZ_v8_2014.shp,WPP_BFAR_merge.shp,KKP_IDN_merge_20161208.shp,VNF-VBD_npp_20120301-20151231_global_asia-enhanced_c201607211230.bitmask,NCEI_NGA.union.nga_lead2.add_2015ntl.mask,timezone.shp,VBD_platforms-recurring_2015_r20170330.shp,0.476554,VBD_bridges_c20160811.shp,2.701723;0.592520;-1.537733;-6.424739;-11.321091;-16.224911;-21.132078;-19.454973;-16.614069;-11.826628;-7.007390;-2.161976,98.595314;112.244095;125.823792;124.798187;123.864281;123.023224;122.264351;107.621338;93.259468;94.789581;96.172417;97.426979,npp_d20140716_t1803247_e1809051_b14079,152.28,51.6838,19.1937,-82.1561,35.3375,83.0332
1099,VBD_npp_d20140716_t1804415_x1135099E_y042801S_l0692_s2372_v23,2017-05-23 13:08:46,-4.280125,113.509918,7.3523,2014-07-16 18:04:41,2014-07-17 01:04:41,692,2372,0.267935,7,2465,0.276726,0.180362,0.878549,0.4,0.612655,0.75,0.0461643,0.0001,0.0261571,999999,3.976095e-02,3,,,,SVDNB_npp_d20140716_t1803247_e1809051_b14079_c20140717000905445784_noaa_ops.h5,GDNBO_npp_d20140716_t1803247_e1809051_b14079_c20140717000905445471_noaa_ops.h5,SVI04_npp_d20140716_t1803247_e1809051_b14079_c20140717000905432367_noaa_ops.dspace_rad,VNFF_npp_d20140716_t1803247_e1809051_b14079_v21.csv,World_EEZ_v8_2014.shp,WPP_BFAR_merge.shp,KKP_IDN_merge_20161208.shp,VNF-VBD_npp_20120301-20151231_global_asia-enhanced_c201607211230.bitmask,NCEI_NGA.union.nga_lead2.add_2015ntl.mask,timezone.shp,VBD_platforms-recurring_2015_r20170330.shp,999999,VBD_bridges_c20160811.shp,2.701723;0.592520;-1.537733;-6.424739;-11.321091;-16.224911;-21.132078;-19.454973;-16.614069;-11.826628;-7.007390;-2.161976,98.595314;112.244095;125.823792;124.798187;123.864281;123.023224;122.264351;107.621338;93.259468;94.789581;96.172417;97.426979,npp_d20140716_t1803247_e1809051_b14079,151.814,50.8833,19.2469,-81.9656,35.1634,83.8984
1100,VBD_npp_d20140716_t1805011_x1132500E_y054571S_l0872_s2372_v23,2017-05-23 13:08:46,-5.457142,113.250031,16.4632,2014-07-16 18:05:01,2014-07-17 01:05:01,872,2372,0.41262,1,2529,0.663786,0.223117,0.894995,0.4,0.919188,0.75,0.0458731,0.0001,0.0248644,999999,-3.862414e-02,3,Indonesian Exclusive Economic Zone,WPP712,,SVDNB_npp_d20140716_t1803247_e1809051_b14079_c20140717000905445784_noaa_ops.h5,GDNBO_npp_d20140716_t1803247_e1809051_b14079_c20140717000905445471_noaa_ops.h5,SVI04_npp_d20140716_t1803247_e1809051_b14079_c20140717000905432367_noaa_ops.dspace_rad,VNFF_npp_d20140716_t1803247_e1809051_b14079_v21.csv,World_EEZ_v8_2014.shp,WPP_BFAR_merge.shp,KKP_IDN_merge_20161208.shp,VNF-VBD_npp_20120301-20151231_global_asia-enhanced_c201607211230.bitmask,NCEI_NGA.union.nga_lead2.add_2015ntl.mask,timezone.shp,VBD_platforms-recurring_2015_r20170330.shp,999999,VBD_bridges_c20160811.shp,2.701723;0.592520;-1.537733;-6.424739;-11.321091;-16.224911;-21.132078;-19.454973;-16.614069;-11.826628;-7.007390;-2.161976,98.595314;112.244095;125.823792;124.798187;123.864281;123.023224;122.264351;107.621338;93.259468;94.789581;96.172417;97.426979,npp_d20140716_t1803247_e1809051_b14079,152.684,52.4437,19.2417,-81.3077,35.4893,82.2592
1101,VBD_npp_d20140716_t1804380_x1135545E_y041264S_l0668_s2373_v23,2017-05-23 13:08:46,-4.126360,113.554459,54.8448,2014-07-16 18:04:38,2014-07-17 01:04:38,668,2373,0.399361,1,2529,0.918809,0.186925,0.893379,0.4,0.919597,0.75,0.0462052,0.0001,0.0259239,999999,-1.215849e-02,3,Indonesian Exclusive Economic Zone,WPP712,,SVDNB_npp_d20140716_t1803247_e1809051_b14079_c20140717000905445784_noaa_ops.h5,GDNBO_npp_d20140716_t1803247_e1809051_b14079_c20140717000905445471_noaa_ops.h5,SVI04_npp_d20140716_t1803247_e1809051_b14079_c20140717000905432367_noaa_ops.dspace_rad,VNFF_npp_d20140716_t1803247_e1809051_b14079_v21.csv,World_EEZ_v8_2014.shp,WPP_BFAR_merge.shp,KKP_IDN_merge_20161208.shp,VNF-VBD_npp_20120301-20151231_global_asia-enhanced_c201607211230.bitmask,NCEI_NGA.union.nga_lead2.add_2015ntl.mask,timezone.shp,VBD_platforms-recurring_2015_r20170330.shp,999999,VBD_bridges_c20160811.shp,2.701723;0.592520;-1.537733;-6.424739;-11.321091;-16.224911;-21.132078;-19.454973;-16.614069;-11.826628;-7.007390;-2.161976,98.595314;112.244095;125.823792;124.798187;123.864281;123.023224;122.264351;107.621338;93.259468;94.789581;96.172417;97.426979,npp_d20140716_t1803247_e1809051_b14079,151.694,50.6942,19.2978,-80.5963,35.1167,84.1139
1102,VBD_npp_d20140716_t1804415_x1135179E_y042744S_l0691_s2373_v23,2017-05-23 13:08:46,-4.274401,113.517891,81.6668,2014-07-16 18:04:41,2014-07-17 01:04:41,691,2373,0.411515,1,2529,1.14871,0.180996,0.878549,0.4,0.962051,0.75,0.0461706,0.0001,0.026318,999999,3.474646e-02,3,Indonesian Exclusive Economic Zone,WPP712,,SVDNB_npp_d20140716_t1803247_e1809051_b14079_c20140717000905445784_noaa_ops.h5,GDNBO_npp_d20140716_t1803247_e1809051_b14079_c20140717000905445471_noaa_ops.h5,SVI04_npp_d20140716_t1803247_e1809051_b14079_c20140717000905432367_noaa_ops.dspace_rad,VNFF_npp_d20140716_t1803247_e1809051_b14079_v21.csv,World_EEZ_v8_2014.shp,WPP_BFAR_merge.shp,KKP_IDN_merge_20161208.shp,VNF-VBD_npp_20120301-20151231_global_asia-enhanced_c201607211230.bitmask,NCEI_NGA.union.nga_lead2.add_2015ntl.mask,timezone.shp,VBD_platforms-recurring_2015_r20170330.shp,999999,VBD_bridges_c20160811.shp,2.701723;0.592520;-1.537733;-6.424739;-11.321091;-16.224911;-21.132078;-19.454973;-16.614069;-11.826628;-7.007390;-2.161976,98.595314;112.244095;125.823792;124.798187;123.864281;123.023224;122.264351;107.621338;93.259468;94.789581;96.172417;97.426979,npp_d20140716_t1803247_e1809051_b14079,151.805,50.8838,19.3029,-82.1348,35.1548,83.9049
1103,VBD_npp_d20140716_t1804504_x1133975E_y048244S_l0775_s2373_v23,2017-05-23 13:08:46,-4.824352,113.397522,7.69993,2014-07-16 18:04:50,2014-07-17 01:04:50,775,2373,0.414885,1,2529,0.406954,0.167007,0.924912,0.4,0.853446,0.75,0.0460378,0.0001,0.0256031,999999,1.454192e-01,3,Indonesian Exclusive Economic Zone,WPP712,,SVDNB_npp_d20140716_t1803247_e1809051_b14079_c20140717000905445784_noaa_ops.h5,GDNBO_npp_d20140716_t1803247_e1809051_b14079_c20140717000905445471_noaa_ops.h5,SVI04_npp_d20140716_t1803247_e1809051_b14079_c20140717000905432367_noaa_ops.dspace_rad,VNFF_npp_d20140716_t1803247_e1809051_b14079_v21.csv,World_EEZ_v8_2014.shp,WPP_BFAR_merge.shp,KKP_IDN_merge_20161208.shp,VNF-VBD_npp_20120301-20151231_global_asia-enhanced_c201607211230.bitmask,NCEI_NGA.union.nga_lead2.add_2015ntl.mask,timezone.shp,VBD_platforms-recurring_2015_r20170330.shp,999999,VBD_bridges_c20160811.shp,2.701723;0.592520;-1.537733;-6.424739;-11.321091;-16.224911;-21.132078;-19.454973;-16.614069;-11.826628;-7.007390;-2.161976,98.595314;112.244095;125.823792;124.798187;123.864281;123.023224;122.264351;107.621338;93.259468;94.789581;96.172417;97.426979,npp_d20140716_t1803247_e1809051_b14079,152.214,51.5994,19.2998,-81.4626,35.3028,83.1341
1104,VBD_npp_d20140716_t1805082_x1131569E_y059238S_l0943_s2373_v23,2017-05-23 13:08:46,-5.923798,113.156883,7.18563,2014-07-16 18:05:08,2014-07-17 01:05:08,943,2373,0.414664,8,18913,0.398945,0.218693,0.774513,0.4,0.840887,0.75,0.0457561,0.0001,0.0240696,999999,-8.780689e-03,3,Indonesian Exclusive Economic Zone,WPP712,,SVDNB_npp_d20140716_t1803247_e1809051_b14079_c20140717000905445784_noaa_ops.h5,GDNBO_npp_d20140716_t1803247_e1809051_b14079_c20140717000905445471_noaa_ops.h5,SVI04_npp_d20140716_t1803247_e1809051_b14079_c20140717000905432367_noaa_ops.dspace_rad,VNFF_npp_d20140716_t1803247_e1809051_b14079_v21.csv,World_EEZ_v8_2014.shp,WPP_BFAR_merge.shp,KKP_IDN_merge_20161208.shp,VNF-VBD_npp_20120301-20151231_global_asia-enhanced_c201607211230.bitmask,NCEI_NGA.union.nga_lead2.add_2015ntl.mask,timezone.shp,VBD_platforms-recurring_2015_r20170330.shp,0.366572,VBD_bridges_c20160811.shp,2.701723;0.592520;-1.537733;-6.424739;-11.321091;-16.224911;-21.132078;-19.454973;-16.614069;-11.826628;-7.007390;-2.161976,98.595314;112.244095;125.823792;124.798187;123.864281;123.023224;122.264351;107.621338;93.259468;94.789581;96.172417;97.426979,npp_d20140716_t1803247_e1809051_b14079,153.017,53.1,19.2999,-80.1267,35.6202,81.6175
1105,VBD_npp_d20140716_t1804504_x1134072E_y048537S_l0779_s2375_v23,2017-05-23 13:08:46,-4.853675,113.407196,23.1965,2014-07-16 18:04:50,2014-07-17 01:04:50,779,2375,0.413172,1,2529,0.780854,0.181098,0.923139,0.4,0.941788,0.75,0.0460411,0.0001,0.025528,999999,3.394009e-02,3,Indonesian Exclusive Economic Zone,WPP712,,SVDNB_npp_d20140716_t1803247_e1809051_b14079_c20140717000905445784_noaa_ops.h5,GDNBO_npp_d20140716_t1803247_e1809051_b14079_c20140717000905445471_noaa_ops.h5,SVI04_npp_d20140716_t1803247_e1809051_b14079_c20140717000905432367_noaa_ops.dspace_rad,VNFF_npp_d20140716_t1803247_e1809051_b14079_v21.csv,World_EEZ_v8_2014.shp,WPP_BFAR_merge.shp,KKP_IDN_merge_20161208.shp,VNF-VBD_npp_20120301-20151231_global_asia-enhanced_c201607211230.bitmask,NCEI_NGA.union.nga_lead2.add_2015ntl.mask,timezone.shp,VBD_platforms-recurring_2015_r20170330.shp,999999,VBD_bridges_c20160811.shp,2.701723;0.592520;-1.537733;-6.424739;-11.321091;-16.224911;-21.132078;-19.454973;-16.614069;-11.826628;-7.007390;-2.161976,98.595314;112.244095;125.823792;124.798187;123.864281;123.023224;122.264351;107.621338;93.259468;94.789581;96.172417;97.426979,npp_d20140716_t1803247_e1809051_b14079,152.224,51.6536,19.4103,-80.7853,35.2967,83.0896
1106,VBD_npp_d20140716_t1804522_x1133937E_y048968S_l0786_s2375_v23,2017-05-23 13:08:46,-4.896832,113.393700,20.762,2014-07-16 18:04:52,2014-07-17 01:04:52,786,2375,0.414443,1,2529,0.714395,0.20146,0.920598,0.4,0.925032,0.75,0.04603,0.0001,0.0260353,999999,-1.271516e-01,3,Indonesian Exclusive Economic Zone,WPP712,,SVDNB_npp_d20140716_t1803247_e1809051_b14079_c20140717000905445784_noaa_ops.h5,GDNBO_npp_d20140716_t1803247_e1809051_b14079_c20140717000905445471_noaa_ops.h5,SVI04_npp_d20140716_t1803247_e1809051_b14079_c20140717000905432367_noaa_ops.dspace_rad,VNFF_npp_d20140716_t1803247_e1809051_b14079_v21.csv,World_EEZ_v8_2014.shp,WPP_BFAR_merge.shp,KKP_IDN_merge_20161208.shp,VNF-VBD_npp_20120301-20151231_global_asia-enhanced_c201607211230.bitmask,NCEI_NGA.union.nga_lead2.add_2015ntl.mask,timezone.shp,VBD_platforms-recurring_2015_r20170330.shp,999999,VBD_bridges_c20160811.shp,2.701723;0.592520;-1.537733;-6.424739;-11.321091;-16.224911;-21.132078;-19.454973;-16.614069;-11.826628;-7.007390;-2.161976,98.595314;112.244095;125.823792;124.798187;123.864281;123.023224;122.264351;107.621338;93.259468;94.789581;96.172417;97.426979,npp_d20140716_t1803247_e1809051_b14079,152.256,51.7113,19.4152,-82.3192,35.3083,83.0293
1107,VBD_npp_d20140716_t1805011_x1132761E_y054264S_l0867_s2375_v23,2017-05-23 13:08:46,-5.426371,113.276100,20.6009,2014-07-16 18:05:01,2014-07-17 01:05:01,867,2375,0.41378,8,18913,0.741347,0.211722,0.893583,0.4,0.939428,0.75,0.0458958,0.0001,0.0254864,999999,3.824810e-02,3,Indonesian Exclusive Economic Zone,WPP712,,SVDNB_npp_d20140716_t1803247_e1809051_b14079_c20140717000905445784_noaa_ops.h5,GDNBO_npp_d20140716_t1803247_e1809051_b14079_c20140717000905445471_noaa_ops.h5,SVI04_npp_d20140716_t1803247_e1809051_b14079_c20140717000905432367_noaa_ops.dspace_rad,VNFF_npp_d20140716_t1803247_e1809051_b14079_v21.csv,World_EEZ_v8_2014.shp,WPP_BFAR_merge.shp,KKP_IDN_merge_20161208.shp,VNF-VBD_npp_20120301-20151231_global_asia-enhanced_c201607211230.bitmask,NCEI_NGA.union.nga_lead2.add_2015ntl.mask,timezone.shp,VBD_platforms-recurring_2015_r20170330.shp,0.195077,VBD_bridges_c20160811.shp,2.701723;0.592520;-1.537733;-6.424739;-11.321091;-16.224911;-21.132078;-19.454973;-16.614069;-11.826628;-7.007390;-2.161976,98.595314;112.244095;125.823792;124.798187;123.864281;123.023224;122.264351;107.621338;93.259468;94.789581;96.172417;97.426979,npp_d20140716_t1803247_e1809051_b14079,152.645,52.4247,19.4096,-82.1577,35.459,82.2955
1108,VBD_npp_d20140716_t1804380_x1135784E_y041092S_l0665_s2376_v23,2017-05-23 13:08:46,-4.109221,113.578400,13.2397,2014-07-16 18:04:38,2014-07-17 01:04:38,665,2376,0.415161,1,2529,0.582956,0.203271,0.887101,0.4,0.908305,0.75,0.0462241,0.0001,0.0264087,999999,-1.414751e-01,3,Indonesian Exclusive Economic Zone,WPP712,,SVDNB_npp_d20140716_t1803247_e1809051_b14079_c20140717000905445784_noaa_ops.h5,GDNBO_npp_d20140716_t1803247_e1809051_b14079_c20140717000905445471_noaa_ops.h5,SVI04_npp_d20140716_t1803247_e1809051_b14079_c20140717000905432367_noaa_ops.dspace_rad,VNFF_npp_d20140716_t1803247_e1809051_b14079_v21.csv,World_EEZ_v8_2014.shp,WPP_BFAR_merge.shp,KKP_IDN_merge_20161208.shp,VNF-VBD_npp_20120301-20151231_global_asia-enhanced_c201607211230.bitmask,NCEI_NGA.union.nga_lead2.add_2015ntl.mask,timezone.shp,VBD_platforms-recurring_2015_r20170330.shp,999999,VBD_bridges_c20160811.shp,2.701723;0.592520;-1.537733;-6.424739;-11.321091;-16.224911;-21.132078;-19.454973;-16.614069;-11.826628;-7.007390;-2.161976,98.595314;112.244095;125.823792;124.798187;123.864281;123.023224;122.264351;107.621338;93.259468;94.789581;96.172417;97.426979,npp_d20140716_t1803247_e1809051_b14079,151.665,50.696,19.4623,-81.1109,35.0908,84.1334
1109,VBD_npp_d20140716_t1804522_x1133902E_y049659S_l0796_s2376_v23,2017-05-23 13:08:46,-4.965871,113.390160,20.3168,2014-07-16 18:04:52,2014-07-17 01:04:52,796,2376,0.412178,1,2529,0.725605,0.181275,0.874961,0.4,0.899428,0.75,0.0460187,0.0001,0.0254637,999999,3.253798e-02,3,Indonesian Exclusive Economic Zone,WPP712,,SVDNB_npp_d20140716_t1803247_e1809051_b14079_c20140717000905445784_noaa_ops.h5,GDNBO_npp_d20140716_t1803247_e1809051_b14079_c20140717000905445471_noaa_ops.h5,SVI04_npp_d20140716_t1803247_e1809051_b14079_c20140717000905432367_noaa_ops.dspace_rad,VNFF_npp_d20140716_t1803247_e1809051_b14079_v21.csv,World_EEZ_v8_2014.shp,WPP_BFAR_merge.shp,KKP_IDN_merge_20161208.shp,VNF-VBD_npp_20120301-20151231_global_asia-enhanced_c201607211230.bitmask,NCEI_NGA.union.nga_lead2.add_2015ntl.mask,timezone.shp,VBD_platforms-recurring_2015_r20170330.shp,999999,VBD_bridges_c20160811.shp,2.701723;0.592520;-1.537733;-6.424739;-11.321091;-16.224911;-21.132078;-19.454973;-16.614069;-11.826628;-7.007390;-2.161976,98.595314;112.244095;125.823792;124.798187;123.864281;123.023224;122.264351;107.621338;93.259468;94.789581;96.172417;97.426979,npp_d20140716_t1803247_e1809051_b14079,152.301,51.8106,19.4677,-80.6272,35.3205,82.9314
1110,VBD_npp_d20140716_t1804522_x1134042E_y049199S_l0789_s2377_v23,2017-05-23 13:08:46,-4.919903,113.404182,17.8039,2014-07-16 18:04:52,2014-07-17 01:04:52,789,2377,0.409471,1,2529,0.685587,0.196212,0.91051,0.4,0.92589,0.75,0.0460348,0.0001,0.0260232,999999,-8.563004e-02,3,Indonesian Exclusive Economic Zone,WPP712,,SVDNB_npp_d20140716_t1803247_e1809051_b14079_c20140717000905445784_noaa_ops.h5,GDNBO_npp_d20140716_t1803247_e1809051_b14079_c20140717000905445471_noaa_ops.h5,SVI04_npp_d20140716_t1803247_e1809051_b14079_c20140717000905432367_noaa_ops.dspace_rad,VNFF_npp_d20140716_t1803247_e1809051_b14079_v21.csv,World_EEZ_v8_2014.shp,WPP_BFAR_merge.shp,KKP_IDN_merge_20161208.shp,VNF-VBD_npp_20120301-20151231_global_asia-enhanced_c201607211230.bitmask,NCEI_NGA.union.nga_lead2.add_2015ntl.mask,timezone.shp,VBD_platforms-recurring_2015_r20170330.shp,999999,VBD_bridges_c20160811.shp,2.701723;0.592520;-1.537733;-6.424739;-11.321091;-16.224911;-21.132078;-19.454973;-16.614069;-11.826628;-7.007390;-2.161976,98.595314;112.244095;125.823792;124.798187;123.864281;123.023224;122.264351;107.621338;93.259468;94.789581;96.172417;97.426979,npp_d20140716_t1803247_e1809051_b14079,152.262,51.7572,19.5216,-81.7953,35.3007,82.9936
1111,VBD_npp_d20140716_t1804380_x1135908E_y041179S_l0666_s2378_v23,2017-05-23 13:08:46,-4.117853,113.590759,24.1506,2014-07-16 18:04:38,2014-07-17 01:04:38,666,2378,0.410741,1,2529,0.791449,0.187909,0.887101,0.4,0.941025,0.75,0.0462321,0.0001,0.0265353,999999,-1.994115e-02,3,Indonesian Exclusive Economic Zone,WPP712,,SVDNB_npp_d20140716_t1803247_e1809051_b14079_c20140717000905445784_noaa_ops.h5,GDNBO_npp_d20140716_t1803247_e1809051_b14079_c20140717000905445471_noaa_ops.h5,SVI04_npp_d20140716_t1803247_e1809051_b14079_c20140717000905432367_noaa_ops.dspace_rad,VNFF_npp_d20140716_t1803247_e1809051_b14079_v21.csv,World_EEZ_v8_2014.shp,WPP_BFAR_merge.shp,KKP_IDN_merge_20161208.shp,VNF-VBD_npp_20120301-20151231_global_asia-enhanced_c201607211230.bitmask,NCEI_NGA.union.nga_lead2.add_2015ntl.mask,timezone.shp,VBD_platforms-recurring_2015_r20170330.shp,999999,VBD_bridges_c20160811.shp,2.701723;0.592520;-1.537733;-6.424739;-11.321091;-16.224911;-21.132078;-19.454973;-16.614069;-11.826628;-7.007390;-2.161976,98.595314;112.244095;125.823792;124.798187;123.864281;123.023224;122.264351;107.621338;93.259468;94.789581;96.172417;97.426979,npp_d20140716_t1803247_e1809051_b14079,151.661,50.7219,19.5687,-80.951,35.0793,84.1182
1112,VBD_npp_d20140716_t1804398_x1135881E_y041782S_l0675_s2380_v23,2017-05-23 13:08:46,-4.178221,113.588058,73.0152,2014-07-16 18:04:39,2014-07-17 01:04:39,675,2380,0.410962,1,2529,1.17446,0.177099,0.888463,0.4,0.973932,0.75,0.0462281,0.0001,0.0270692,999999,6.557792e-02,3,Indonesian Exclusive Economic Zone,WPP712,,SVDNB_npp_d20140716_t1803247_e1809051_b14079_c20140717000905445784_noaa_ops.h5,GDNBO_npp_d20140716_t1803247_e1809051_b14079_c20140717000905445471_noaa_ops.h5,SVI04_npp_d20140716_t1803247_e1809051_b14079_c20140717000905432367_noaa_ops.dspace_rad,VNFF_npp_d20140716_t1803247_e1809051_b14079_v21.csv,World_EEZ_v8_2014.shp,WPP_BFAR_merge.shp,KKP_IDN_merge_20161208.shp,VNF-VBD_npp_20120301-20151231_global_asia-enhanced_c201607211230.bitmask,NCEI_NGA.union.nga_lead2.add_2015ntl.mask,timezone.shp,VBD_platforms-recurring_2015_r20170330.shp,999999,VBD_bridges_c20160811.shp,2.701723;0.592520;-1.537733;-6.424739;-11.321091;-16.224911;-21.132078;-19.454973;-16.614069;-11.826628;-7.007390;-2.161976,98.595314;112.244095;125.823792;124.798187;123.864281;123.023224;122.264351;107.621338;93.259468;94.789581;96.172417;97.426979,npp_d20140716_t1803247_e1809051_b14079,151.695,50.8139,19.677,-82.0935,35.0811,84.0297
1113,VBD_npp_d20140716_t1804504_x1134357E_y048917S_l0784_s2380_v23,2017-05-23 13:08:46,-4.891689,113.435707,17.2529,2014-07-16 18:04:50,2014-07-17 01:04:50,784,2380,0.413227,1,2529,0.677338,0.178664,0.905292,0.4,0.929755,0.75,0.046057,0.0001,0.0256529,999999,5.319645e-02,3,Indonesian Exclusive Economic Zone,WPP712,,SVDNB_npp_d20140716_t1803247_e1809051_b14079_c20140717000905445784_noaa_ops.h5,GDNBO_npp_d20140716_t1803247_e1809051_b14079_c20140717000905445471_noaa_ops.h5,SVI04_npp_d20140716_t1803247_e1809051_b14079_c20140717000905432367_noaa_ops.dspace_rad,VNFF_npp_d20140716_t1803247_e1809051_b14079_v21.csv,World_EEZ_v8_2014.shp,WPP_BFAR_merge.shp,KKP_IDN_merge_20161208.shp,VNF-VBD_npp_20120301-20151231_global_asia-enhanced_c201607211230.bitmask,NCEI_NGA.union.nga_lead2.add_2015ntl.mask,timezone.shp,VBD_platforms-recurring_2015_r20170330.shp,999999,VBD_bridges_c20160811.shp,2.701723;0.592520;-1.537733;-6.424739;-11.321091;-16.224911;-21.132078;-19.454973;-16.614069;-11.826628;-7.007390;-2.161976,98.595314;112.244095;125.823792;124.798187;123.864281;123.023224;122.264351;107.621338;93.259468;94.789581;96.172417;97.426979,npp_d20140716_t1803247_e1809051_b14079,152.226,51.7413,19.6805,-79.9895,35.2727,83.0278
1114,VBD_npp_d20140716_t1805011_x1133233E_y054753S_l0873_s2383_v23,2017-05-23 13:08:46,-5.475332,113.323349,37.0223,2014-07-16 18:05:01,2014-07-17 01:05:01,873,2383,0.415603,1,2529,0.958683,0.171929,0.894833,0.4,0.959094,0.75,0.0459238,0.0001,0.0257955,999999,3.067229e-01,3,Indonesian Exclusive Economic Zone,WPP712,,SVDNB_npp_d20140716_t1803247_e1809051_b14079_c20140717000905445784_noaa_ops.h5,GDNBO_npp_d20140716_t1803247_e1809051_b14079_c20140717000905445471_noaa_ops.h5,SVI04_npp_d20140716_t1803247_e1809051_b14079_c20140717000905432367_noaa_ops.dspace_rad,VNFF_npp_d20140716_t1803247_e1809051_b14079_v21.csv,World_EEZ_v8_2014.shp,WPP_BFAR_merge.shp,KKP_IDN_merge_20161208.shp,VNF-VBD_npp_20120301-20151231_global_asia-enhanced_c201607211230.bitmask,NCEI_NGA.union.nga_lead2.add_2015ntl.mask,timezone.shp,VBD_platforms-recurring_2015_r20170330.shp,999999,VBD_bridges_c20160811.shp,2.701723;0.592520;-1.537733;-6.424739;-11.321091;-16.224911;-21.132078;-19.454973;-16.614069;-11.826628;-7.007390;-2.161976,98.595314;112.244095;125.823792;124.798187;123.864281;123.023224;122.264351;107.621338;93.259468;94.789581;96.172417;97.426979,npp_d20140716_t1803247_e1809051_b14079,152.637,52.5506,19.831,-81.1525,35.4184,82.2123
1115,VBD_npp_d20140716_t1805082_x1132635E_y058575S_l0931_s2387_v23,2017-05-23 13:08:46,-5.857520,113.263474,29.823,2014-07-16 18:05:08,2014-07-17 01:05:08,931,2387,0.412343,1,2529,0.884283,0.224728,0.88633,0.4,0.949466,0.75,0.0458434,0.0001,0.0261644,999999,-4.949506e-02,3,Indonesian Exclusive Economic Zone,WPP712,,SVDNB_npp_d20140716_t1803247_e1809051_b14079_c20140717000905445784_noaa_ops.h5,GDNBO_npp_d20140716_t1803247_e1809051_b14079_c20140717000905445471_noaa_ops.h5,SVI04_npp_d20140716_t1803247_e1809051_b14079_c20140717000905432367_noaa_ops.dspace_rad,VNFF_npp_d20140716_t1803247_e1809051_b14079_v21.csv,World_EEZ_v8_2014.shp,WPP_BFAR_merge.shp,KKP_IDN_merge_20161208.shp,VNF-VBD_npp_20120301-20151231_global_asia-enhanced_c201607211230.bitmask,NCEI_NGA.union.nga_lead2.add_2015ntl.mask,timezone.shp,VBD_platforms-recurring_2015_r20170330.shp,999999,VBD_bridges_c20160811.shp,2.701723;0.592520;-1.537733;-6.424739;-11.321091;-16.224911;-21.132078;-19.454973;-16.614069;-11.826628;-7.007390;-2.161976,98.595314;112.244095;125.823792;124.798187;123.864281;123.023224;122.264351;107.621338;93.259468;94.789581;96.172417;97.426979,npp_d20140716_t1803247_e1809051_b14079,152.892,53.11,20.0432,-82.1317,35.504,81.6782
1116,VBD_npp_d20140716_t1804380_x1136693E_y041369S_l0667_s2390_v23,2017-05-23 13:08:46,-4.136900,113.669334,47.0915,2014-07-16 18:04:38,2014-07-17 01:04:38,667,2390,0.413448,1,2529,1.05316,0.177607,0.892064,0.4,0.966836,0.75,0.0462871,0.0001,0.0275853,999999,6.155681e-02,3,Indonesian Exclusive Economic Zone,WPP712,,SVDNB_npp_d20140716_t1803247_e1809051_b14079_c20140717000905445784_noaa_ops.h5,GDNBO_npp_d20140716_t1803247_e1809051_b14079_c20140717000905445471_noaa_ops.h5,SVI04_npp_d20140716_t1803247_e1809051_b14079_c20140717000905432367_noaa_ops.dspace_rad,VNFF_npp_d20140716_t1803247_e1809051_b14079_v21.csv,World_EEZ_v8_2014.shp,WPP_BFAR_merge.shp,KKP_IDN_merge_20161208.shp,VNF-VBD_npp_20120301-20151231_global_asia-enhanced_c201607211230.bitmask,NCEI_NGA.union.nga_lead2.add_2015ntl.mask,timezone.shp,VBD_platforms-recurring_2015_r20170330.shp,999999,VBD_bridges_c20160811.shp,2.701723;0.592520;-1.537733;-6.424739;-11.321091;-16.224911;-21.132078;-19.454973;-16.614069;-11.826628;-7.007390;-2.161976,98.595314;112.244095;125.823792;124.798187;123.864281;123.023224;122.264351;107.621338;93.259468;94.789581;96.172417;97.426979,npp_d20140716_t1803247_e1809051_b14079,151.612,50.8354,20.1991,-80.809,35.0022,84.0732
1117,VBD_npp_d20140716_t1804540_x1134724E_y050455S_l0806_s2391_v23,2017-05-23 13:08:46,-5.045507,113.472420,14.7574,2014-07-16 18:04:54,2014-07-17 01:04:54,806,2391,0.412951,1,2529,0.630032,0.179071,0.873298,0.4,0.924544,0.75,0.0460729,0.0001,0.0271274,999999,4.997952e-02,3,Indonesian Exclusive Economic Zone,WPP712,,SVDNB_npp_d20140716_t1803247_e1809051_b14079_c20140717000905445784_noaa_ops.h5,GDNBO_npp_d20140716_t1803247_e1809051_b14079_c20140717000905445471_noaa_ops.h5,SVI04_npp_d20140716_t1803247_e1809051_b14079_c20140717000905432367_noaa_ops.dspace_rad,VNFF_npp_d20140716_t1803247_e1809051_b14079_v21.csv,World_EEZ_v8_2014.shp,WPP_BFAR_merge.shp,KKP_IDN_merge_20161208.shp,VNF-VBD_npp_20120301-20151231_global_asia-enhanced_c201607211230.bitmask,NCEI_NGA.union.nga_lead2.add_2015ntl.mask,timezone.shp,VBD_platforms-recurring_2015_r20170330.shp,999999,VBD_bridges_c20160811.shp,2.701723;0.592520;-1.537733;-6.424739;-11.321091;-16.224911;-21.132078;-19.454973;-16.614069;-11.826628;-7.007390;-2.161976,98.595314;112.244095;125.823792;124.798187;123.864281;123.023224;122.264351;107.621338;93.259468;94.789581;96.172417;97.426979,npp_d20140716_t1803247_e1809051_b14079,152.28,52.0271,20.2518,-81.6268,35.2408,82.7934
1118,VBD_npp_d20140716_t1804362_x1137052E_y040414S_l0652_s2392_v23,2017-05-23 13:08:46,-4.041397,113.705154,20.9481,2014-07-16 18:04:36,2014-07-17 01:04:36,652,2392,0.411239,1,2529,0.592911,0.176132,0.8989,0.4,0.820446,0.75,0.0463191,0.0001,0.0278038,999999,7.323237e-02,3,Indonesian Exclusive Economic Zone,WPP712,,SVDNB_npp_d20140716_t1803247_e1809051_b14079_c20140717000905445784_noaa_ops.h5,GDNBO_npp_d20140716_t1803247_e1809051_b14079_c20140717000905445471_noaa_ops.h5,SVI04_npp_d20140716_t1803247_e1809051_b14079_c20140717000905432367_noaa_ops.dspace_rad,VNFF_npp_d20140716_t1803247_e1809051_b14079_v21.csv,World_EEZ_v8_2014.shp,WPP_BFAR_merge.shp,KKP_IDN_merge_20161208.shp,VNF-VBD_npp_20120301-20151231_global_asia-enhanced_c201607211230.bitmask,NCEI_NGA.union.nga_lead2.add_2015ntl.mask,timezone.shp,VBD_platforms-recurring_2015_r20170330.shp,999999,VBD_bridges_c20160811.shp,2.701723;0.592520;-1.537733;-6.424739;-11.321091;-16.224911;-21.132078;-19.454973;-16.614069;-11.826628;-7.007390;-2.161976,98.595314;112.244095;125.823792;124.798187;123.864281;123.023224;122.264351;107.621338;93.259468;94.789581;96.172417;97.426979,npp_d20140716_t1803247_e1809051_b14079,151.53,50.7298,20.3074,-80.6461,34.9634,84.2057
1119,VBD_npp_d20140716_t1804362_x1137087E_y040624S_l0655_s2393_v23,2017-05-23 13:08:46,-4.062432,113.708740,73.7226,2014-07-16 18:04:36,2014-07-17 01:04:36,655,2393,0.409857,1,2529,1.11351,0.1868,0.891503,0.4,0.964801,0.75,0.0463193,0.0001,0.027694,999999,-1.117043e-02,3,Indonesian Exclusive Economic Zone,WPP712,,SVDNB_npp_d20140716_t1803247_e1809051_b14079_c20140717000905445784_noaa_ops.h5,GDNBO_npp_d20140716_t1803247_e1809051_b14079_c20140717000905445471_noaa_ops.h5,SVI04_npp_d20140716_t1803247_e1809051_b14079_c20140717000905432367_noaa_ops.dspace_rad,VNFF_npp_d20140716_t1803247_e1809051_b14079_v21.csv,World_EEZ_v8_2014.shp,WPP_BFAR_merge.shp,KKP_IDN_merge_20161208.shp,VNF-VBD_npp_20120301-20151231_global_asia-enhanced_c201607211230.bitmask,NCEI_NGA.union.nga_lead2.add_2015ntl.mask,timezone.shp,VBD_platforms-recurring_2015_r20170330.shp,999999,VBD_bridges_c20160811.shp,2.701723;0.592520;-1.537733;-6.424739;-11.321091;-16.224911;-21.132078;-19.454973;-16.614069;-11.826628;-7.007390;-2.161976,98.595314;112.244095;125.823792;124.798187;123.864281;123.023224;122.264351;107.621338;93.259468;94.789581;96.172417;97.426979,npp_d20140716_t1803247_e1809051_b14079,151.54,50.7638,20.3621,-80.1744,34.962,84.1743
1120,VBD_npp_d20140716_t1804362_x1137298E_y039702S_l0641_s2394_v23,2017-05-23 13:08:46,-3.970151,113.729843,29.075,2014-07-16 18:04:36,2014-07-17 01:04:36,641,2394,0.415216,1,2529,0.856463,0.180286,0.879598,0.4,0.955393,0.75,0.046345,0.0001,0.0287089,999999,4.036520e-02,3,Indonesian Exclusive Economic Zone,WPP712,,SVDNB_npp_d20140716_t1803247_e1809051_b14079_c20140717000905445784_noaa_ops.h5,GDNBO_npp_d20140716_t1803247_e1809051_b14079_c20140717000905445471_noaa_ops.h5,SVI04_npp_d20140716_t1803247_e1809051_b14079_c20140717000905432367_noaa_ops.dspace_rad,VNFF_npp_d20140716_t1803247_e1809051_b14079_v21.csv,World_EEZ_v8_2014.shp,WPP_BFAR_merge.shp,KKP_IDN_merge_20161208.shp,VNF-VBD_npp_20120301-20151231_global_asia-enhanced_c201607211230.bitmask,NCEI_NGA.union.nga_lead2.add_2015ntl.mask,timezone.shp,VBD_platforms-recurring_2015_r20170330.shp,999999,VBD_bridges_c20160811.shp,2.701723;0.592520;-1.537733;-6.424739;-11.321091;-16.224911;-21.132078;-19.454973;-16.614069;-11.826628;-7.007390;-2.161976,98.595314;112.244095;125.823792;124.798187;123.864281;123.023224;122.264351;107.621338;93.259468;94.789581;96.172417;97.426979,npp_d20140716_t1803247_e1809051_b14079,151.466,50.6553,20.4159,-82.3834,34.9313,84.304
1121,VBD_npp_d20140716_t1804522_x1135111E_y049773S_l0795_s2394_v23,2017-05-23 13:08:46,-4.977266,113.511078,79.1161,2014-07-16 18:04:52,2014-07-17 01:04:52,795,2394,0.411846,1,2529,1.22649,0.180165,0.906023,0.4,0.973296,0.75,0.0461053,0.0001,0.0271604,999999,4.132114e-02,3,Indonesian Exclusive Economic Zone,WPP712,,SVDNB_npp_d20140716_t1803247_e1809051_b14079_c20140717000905445784_noaa_ops.h5,GDNBO_npp_d20140716_t1803247_e1809051_b14079_c20140717000905445471_noaa_ops.h5,SVI04_npp_d20140716_t1803247_e1809051_b14079_c20140717000905432367_noaa_ops.dspace_rad,VNFF_npp_d20140716_t1803247_e1809051_b14079_v21.csv,World_EEZ_v8_2014.shp,WPP_BFAR_merge.shp,KKP_IDN_merge_20161208.shp,VNF-VBD_npp_20120301-20151231_global_asia-enhanced_c201607211230.bitmask,NCEI_NGA.union.nga_lead2.add_2015ntl.mask,timezone.shp,VBD_platforms-recurring_2015_r20170330.shp,999999,VBD_bridges_c20160811.shp,2.701723;0.592520;-1.537733;-6.424739;-11.321091;-16.224911;-21.132078;-19.454973;-16.614069;-11.826628;-7.007390;-2.161976,98.595314;112.244095;125.823792;124.798187;123.864281;123.023224;122.264351;107.621338;93.259468;94.789581;96.172417;97.426979,npp_d20140716_t1803247_e1809051_b14079,152.214,51.9586,20.4137,-80.8414,35.2006,82.8831
1122,VBD_npp_d20140716_t1804593_x1134211E_y054231S_l0863_s2395_v23,2017-05-23 13:08:46,-5.423064,113.421051,19.9459,2014-07-16 18:04:59,2014-07-17 01:04:59,863,2395,0.412233,1,2529,0.743356,0.190303,0.881768,0.4,0.937829,0.75,0.0459969,0.0001,0.0265393,999999,-3.888080e-02,3,Indonesian Exclusive Economic Zone,WPP712,,SVDNB_npp_d20140716_t1803247_e1809051_b14079_c20140717000905445784_noaa_ops.h5,GDNBO_npp_d20140716_t1803247_e1809051_b14079_c20140717000905445471_noaa_ops.h5,SVI04_npp_d20140716_t1803247_e1809051_b14079_c20140717000905432367_noaa_ops.dspace_rad,VNFF_npp_d20140716_t1803247_e1809051_b14079_v21.csv,World_EEZ_v8_2014.shp,WPP_BFAR_merge.shp,KKP_IDN_merge_20161208.shp,VNF-VBD_npp_20120301-20151231_global_asia-enhanced_c201607211230.bitmask,NCEI_NGA.union.nga_lead2.add_2015ntl.mask,timezone.shp,VBD_platforms-recurring_2015_r20170330.shp,999999,VBD_bridges_c20160811.shp,2.701723;0.592520;-1.537733;-6.424739;-11.321091;-16.224911;-21.132078;-19.454973;-16.614069;-11.826628;-7.007390;-2.161976,98.595314;112.244095;125.823792;124.798187;123.864281;123.023224;122.264351;107.621338;93.259468;94.789581;96.172417;97.426979,npp_d20140716_t1803247_e1809051_b14079,152.534,52.5674,20.4691,-80.2262,35.3206,82.2608
1123,VBD_npp_d20140716_t1805064_x1133428E_y057477S_l0913_s2395_v23,2017-05-23 13:08:46,-5.747663,113.342804,9.72667,2014-07-16 18:05:06,2014-07-17 01:05:06,913,2395,0.41052,8,18913,0.490777,0.231098,0.812087,0.4,0.87732,0.75,0.0459123,0.0001,0.0271363,999999,-9.247226e-02,3,Indonesian Exclusive Economic Zone,WPP712,,SVDNB_npp_d20140716_t1803247_e1809051_b14079_c20140717000905445784_noaa_ops.h5,GDNBO_npp_d20140716_t1803247_e1809051_b14079_c20140717000905445471_noaa_ops.h5,SVI04_npp_d20140716_t1803247_e1809051_b14079_c20140717000905432367_noaa_ops.dspace_rad,VNFF_npp_d20140716_t1803247_e1809051_b14079_v21.csv,World_EEZ_v8_2014.shp,WPP_BFAR_merge.shp,KKP_IDN_merge_20161208.shp,VNF-VBD_npp_20120301-20151231_global_asia-enhanced_c201607211230.bitmask,NCEI_NGA.union.nga_lead2.add_2015ntl.mask,timezone.shp,VBD_platforms-recurring_2015_r20170330.shp,0.239163,VBD_bridges_c20160811.shp,2.701723;0.592520;-1.537733;-6.424739;-11.321091;-16.224911;-21.132078;-19.454973;-16.614069;-11.826628;-7.007390;-2.161976,98.595314;112.244095;125.823792;124.798187;123.864281;123.023224;122.264351;107.621338;93.259468;94.789581;96.172417;97.426979,npp_d20140716_t1803247_e1809051_b14079,152.769,53.0154,20.4701,-82.4394,35.4159,81.8122
1124,VBD_npp_d20140716_t1804362_x1137349E_y040256S_l0649_s2396_v23,2017-05-23 13:08:46,-4.025556,113.734947,34.4026,2014-07-16 18:04:36,2014-07-17 01:04:36,649,2396,0.411902,1,2529,0.816084,0.188384,0.897945,0.4,0.950043,0.75,0.0463424,0.0001,0.0283764,999999,-2.370345e-02,3,Indonesian Exclusive Economic Zone,WPP712,,SVDNB_npp_d20140716_t1803247_e1809051_b14079_c20140717000905445784_noaa_ops.h5,GDNBO_npp_d20140716_t1803247_e1809051_b14079_c20140717000905445471_noaa_ops.h5,SVI04_npp_d20140716_t1803247_e1809051_b14079_c20140717000905432367_noaa_ops.dspace_rad,VNFF_npp_d20140716_t1803247_e1809051_b14079_v21.csv,World_EEZ_v8_2014.shp,WPP_BFAR_merge.shp,KKP_IDN_merge_20161208.shp,VNF-VBD_npp_20120301-20151231_global_asia-enhanced_c201607211230.bitmask,NCEI_NGA.union.nga_lead2.add_2015ntl.mask,timezone.shp,VBD_platforms-recurring_2015_r20170330.shp,999999,VBD_bridges_c20160811.shp,2.701723;0.592520;-1.537733;-6.424739;-11.321091;-16.224911;-21.132078;-19.454973;-16.614069;-11.826628;-7.007390;-2.161976,98.595314;112.244095;125.823792;124.798187;123.864281;123.023224;122.264351;107.621338;93.259468;94.789581;96.172417;97.426979,npp_d20140716_t1803247_e1809051_b14079,151.497,50.7398,20.5168,-81.1251,34.9318,84.2223
1125,VBD_npp_d20140716_t1804362_x1137298E_y040589S_l0654_s2396_v23,2017-05-23 13:08:46,-4.058909,113.729797,9.0726,2014-07-16 18:04:36,2014-07-17 01:04:36,654,2396,0.313732,7,18849,0.351235,0.185015,0.904045,0.4,0.717363,0.75,0.0463348,0.0001,0.0280385,999999,2.949879e-03,3,,,,SVDNB_npp_d20140716_t1803247_e1809051_b14079_c20140717000905445784_noaa_ops.h5,GDNBO_npp_d20140716_t1803247_e1809051_b14079_c20140717000905445471_noaa_ops.h5,SVI04_npp_d20140716_t1803247_e1809051_b14079_c20140717000905432367_noaa_ops.dspace_rad,VNFF_npp_d20140716_t1803247_e1809051_b14079_v21.csv,World_EEZ_v8_2014.shp,WPP_BFAR_merge.shp,KKP_IDN_merge_20161208.shp,VNF-VBD_npp_20120301-20151231_global_asia-enhanced_c201607211230.bitmask,NCEI_NGA.union.nga_lead2.add_2015ntl.mask,timezone.shp,VBD_platforms-recurring_2015_r20170330.shp,0.405433,VBD_bridges_c20160811.shp,2.701723;0.592520;-1.537733;-6.424739;-11.321091;-16.224911;-21.132078;-19.454973;-16.614069;-11.826628;-7.007390;-2.161976,98.595314;112.244095;125.823792;124.798187;123.864281;123.023224;122.264351;107.621338;93.259468;94.789581;96.172417;97.426979,npp_d20140716_t1803247_e1809051_b14079,151.522,50.7818,20.5188,-80.3412,34.9404,84.1749
1126,VBD_npp_d20140716_t1804362_x1137406E_y040333S_l0650_s2397_v23,2017-05-23 13:08:46,-4.033267,113.740608,5.57957,2014-07-16 18:04:36,2014-07-17 01:04:36,650,2397,0.410355,7,2465,0.236656,0.18827,0.897945,0.4,0.685627,0.75,0.0463456,0.0001,0.0284026,999999,-2.279504e-02,3,,,,SVDNB_npp_d20140716_t1803247_e1809051_b14079_c20140717000905445784_noaa_ops.h5,GDNBO_npp_d20140716_t1803247_e1809051_b14079_c20140717000905445471_noaa_ops.h5,SVI04_npp_d20140716_t1803247_e1809051_b14079_c20140717000905432367_noaa_ops.dspace_rad,VNFF_npp_d20140716_t1803247_e1809051_b14079_v21.csv,World_EEZ_v8_2014.shp,WPP_BFAR_merge.shp,KKP_IDN_merge_20161208.shp,VNF-VBD_npp_20120301-20151231_global_asia-enhanced_c201607211230.bitmask,NCEI_NGA.union.nga_lead2.add_2015ntl.mask,timezone.shp,VBD_platforms-recurring_2015_r20170330.shp,999999,VBD_bridges_c20160811.shp,2.701723;0.592520;-1.537733;-6.424739;-11.321091;-16.224911;-21.132078;-19.454973;-16.614069;-11.826628;-7.007390;-2.161976,98.595314;112.244095;125.823792;124.798187;123.864281;123.023224;122.264351;107.621338;93.259468;94.789581;96.172417;97.426979,npp_d20140716_t1803247_e1809051_b14079,151.497,50.757,20.5694,-80.9697,34.9269,84.2098
1127,VBD_npp_d20140716_t1805082_x1133283E_y058810S_l0933_s2397_v23,2017-05-23 13:08:46,-5.881048,113.328331,17.762,2014-07-16 18:05:08,2014-07-17 01:05:08,933,2397,0.412896,8,18913,0.683607,0.203621,0.858455,0.4,0.922169,0.75,0.0458869,0.0001,0.0269079,999999,9.290472e-02,3,Indonesian Exclusive Economic Zone,WPP712,,SVDNB_npp_d20140716_t1803247_e1809051_b14079_c20140717000905445784_noaa_ops.h5,GDNBO_npp_d20140716_t1803247_e1809051_b14079_c20140717000905445471_noaa_ops.h5,SVI04_npp_d20140716_t1803247_e1809051_b14079_c20140717000905432367_noaa_ops.dspace_rad,VNFF_npp_d20140716_t1803247_e1809051_b14079_v21.csv,World_EEZ_v8_2014.shp,WPP_BFAR_merge.shp,KKP_IDN_merge_20161208.shp,VNF-VBD_npp_20120301-20151231_global_asia-enhanced_c201607211230.bitmask,NCEI_NGA.union.nga_lead2.add_2015ntl.mask,timezone.shp,VBD_platforms-recurring_2015_r20170330.shp,0.591544,VBD_bridges_c20160811.shp,2.701723;0.592520;-1.537733;-6.424739;-11.321091;-16.224911;-21.132078;-19.454973;-16.614069;-11.826628;-7.007390;-2.161976,98.595314;112.244095;125.823792;124.798187;123.864281;123.023224;122.264351;107.621338;93.259468;94.789581;96.172417;97.426979,npp_d20140716_t1803247_e1809051_b14079,152.854,53.2156,20.5673,-81.8075,35.4427,81.6248
1128,VBD_npp_d20140716_t1804362_x1137494E_y040210S_l0648_s2398_v23,2017-05-23 13:08:46,-4.020958,113.749359,13.1773,2014-07-16 18:04:36,2014-07-17 01:04:36,648,2398,0.378368,1,2529,0.469999,0.193306,0.897945,0.4,0.824803,0.75,0.0463533,0.0001,0.0286302,999999,-6.263799e-02,3,Indonesian Exclusive Economic Zone,WPP712,,SVDNB_npp_d20140716_t1803247_e1809051_b14079_c20140717000905445784_noaa_ops.h5,GDNBO_npp_d20140716_t1803247_e1809051_b14079_c20140717000905445471_noaa_ops.h5,SVI04_npp_d20140716_t1803247_e1809051_b14079_c20140717000905432367_noaa_ops.dspace_rad,VNFF_npp_d20140716_t1803247_e1809051_b14079_v21.csv,World_EEZ_v8_2014.shp,WPP_BFAR_merge.shp,KKP_IDN_merge_20161208.shp,VNF-VBD_npp_20120301-20151231_global_asia-enhanced_c201607211230.bitmask,NCEI_NGA.union.nga_lead2.add_2015ntl.mask,timezone.shp,VBD_platforms-recurring_2015_r20170330.shp,999999,VBD_bridges_c20160811.shp,2.701723;0.592520;-1.537733;-6.424739;-11.321091;-16.224911;-21.132078;-19.454973;-16.614069;-11.826628;-7.007390;-2.161976,98.595314;112.244095;125.823792;124.798187;123.864281;123.023224;122.264351;107.621338;93.259468;94.789581;96.172417;97.426979,npp_d20140716_t1803247_e1809051_b14079,151.483,50.749,20.6219,-81.2831,34.9168,84.2258
1129,VBD_npp_d20140716_t1804362_x1137452E_y040477S_l0652_s2398_v23,2017-05-23 13:08:46,-4.047657,113.745232,21.9466,2014-07-16 18:04:36,2014-07-17 01:04:36,652,2398,0.412122,1,2529,0.748596,0.192895,0.904045,0.4,0.938707,0.75,0.0463473,0.0001,0.02836,999999,-5.939143e-02,3,Indonesian Exclusive Economic Zone,WPP712,,SVDNB_npp_d20140716_t1803247_e1809051_b14079_c20140717000905445784_noaa_ops.h5,GDNBO_npp_d20140716_t1803247_e1809051_b14079_c20140717000905445471_noaa_ops.h5,SVI04_npp_d20140716_t1803247_e1809051_b14079_c20140717000905432367_noaa_ops.dspace_rad,VNFF_npp_d20140716_t1803247_e1809051_b14079_v21.csv,World_EEZ_v8_2014.shp,WPP_BFAR_merge.shp,KKP_IDN_merge_20161208.shp,VNF-VBD_npp_20120301-20151231_global_asia-enhanced_c201607211230.bitmask,NCEI_NGA.union.nga_lead2.add_2015ntl.mask,timezone.shp,VBD_platforms-recurring_2015_r20170330.shp,999999,VBD_bridges_c20160811.shp,2.701723;0.592520;-1.537733;-6.424739;-11.321091;-16.224911;-21.132078;-19.454973;-16.614069;-11.826628;-7.007390;-2.161976,98.595314;112.244095;125.823792;124.798187;123.864281;123.023224;122.264351;107.621338;93.259468;94.789581;96.172417;97.426979,npp_d20140716_t1803247_e1809051_b14079,151.503,50.7825,20.6227,-80.659,34.9237,84.1879
1130,VBD_npp_d20140716_t1804380_x1137217E_y041519S_l0668_s2398_v23,2017-05-23 13:08:46,-4.151900,113.721710,51.6967,2014-07-16 18:04:38,2014-07-17 01:04:38,668,2398,0.411349,1,2529,1.06402,0.181713,0.889663,0.4,0.942855,0.75,0.0463232,0.0001,0.0282582,999999,2.907340e-02,3,Indonesian Exclusive Economic Zone,WPP712,,SVDNB_npp_d20140716_t1803247_e1809051_b14079_c20140717000905445784_noaa_ops.h5,GDNBO_npp_d20140716_t1803247_e1809051_b14079_c20140717000905445471_noaa_ops.h5,SVI04_npp_d20140716_t1803247_e1809051_b14079_c20140717000905432367_noaa_ops.dspace_rad,VNFF_npp_d20140716_t1803247_e1809051_b14079_v21.csv,World_EEZ_v8_2014.shp,WPP_BFAR_merge.shp,KKP_IDN_merge_20161208.shp,VNF-VBD_npp_20120301-20151231_global_asia-enhanced_c201607211230.bitmask,NCEI_NGA.union.nga_lead2.add_2015ntl.mask,timezone.shp,VBD_platforms-recurring_2015_r20170330.shp,999999,VBD_bridges_c20160811.shp,2.701723;0.592520;-1.537733;-6.424739;-11.321091;-16.224911;-21.132078;-19.454973;-16.614069;-11.826628;-7.007390;-2.161976,98.595314;112.244095;125.823792;124.798187;123.864281;123.023224;122.264351;107.621338;93.259468;94.789581;96.172417;97.426979,npp_d20140716_t1803247_e1809051_b14079,151.581,50.9141,20.62,-80.6672,34.951,84.0397
1131,VBD_npp_d20140716_t1804576_x1134651E_y053152S_l0846_s2398_v23,2017-05-23 13:08:46,-5.315217,113.465080,25.0044,2014-07-16 18:04:57,2014-07-17 01:04:57,846,2398,0.414332,8,18913,0.81932,0.171021,0.884505,0.4,0.946031,0.75,0.0460393,0.0001,0.0269786,999999,1.136636e-01,3,Indonesian Exclusive Economic Zone,WPP712,,SVDNB_npp_d20140716_t1803247_e1809051_b14079_c20140717000905445784_noaa_ops.h5,GDNBO_npp_d20140716_t1803247_e1809051_b14079_c20140717000905445471_noaa_ops.h5,SVI04_npp_d20140716_t1803247_e1809051_b14079_c20140717000905432367_noaa_ops.dspace_rad,VNFF_npp_d20140716_t1803247_e1809051_b14079_v21.csv,World_EEZ_v8_2014.shp,WPP_BFAR_merge.shp,KKP_IDN_merge_20161208.shp,VNF-VBD_npp_20120301-20151231_global_asia-enhanced_c201607211230.bitmask,NCEI_NGA.union.nga_lead2.add_2015ntl.mask,timezone.shp,VBD_platforms-recurring_2015_r20170330.shp,0.238482,VBD_bridges_c20160811.shp,2.701723;0.592520;-1.537733;-6.424739;-11.321091;-16.224911;-21.132078;-19.454973;-16.614069;-11.826628;-7.007390;-2.161976,98.595314;112.244095;125.823792;124.798187;123.864281;123.023224;122.264351;107.621338;93.259468;94.789581;96.172417;97.426979,npp_d20140716_t1803247_e1809051_b14079,152.439,52.4423,20.6243,-80.3839,35.2691,82.4047
1132,VBD_npp_d20140716_t1804540_x1135358E_y050347S_l0803_s2400_v23,2017-05-23 13:08:46,-5.034719,113.535759,16.0062,2014-07-16 18:04:54,2014-07-17 01:04:54,803,2400,0.41157,1,2529,0.655526,0.178229,0.862692,0.4,0.925465,0.75,0.0461202,0.0001,0.0281584,999999,5.663962e-02,3,Indonesian Exclusive Economic Zone,WPP712,,SVDNB_npp_d20140716_t1803247_e1809051_b14079_c20140717000905445784_noaa_ops.h5,GDNBO_npp_d20140716_t1803247_e1809051_b14079_c20140717000905445471_noaa_ops.h5,SVI04_npp_d20140716_t1803247_e1809051_b14079_c20140717000905432367_noaa_ops.dspace_rad,VNFF_npp_d20140716_t1803247_e1809051_b14079_v21.csv,World_EEZ_v8_2014.shp,WPP_BFAR_merge.shp,KKP_IDN_merge_20161208.shp,VNF-VBD_npp_20120301-20151231_global_asia-enhanced_c201607211230.bitmask,NCEI_NGA.union.nga_lead2.add_2015ntl.mask,timezone.shp,VBD_platforms-recurring_2015_r20170330.shp,999999,VBD_bridges_c20160811.shp,2.701723;0.592520;-1.537733;-6.424739;-11.321091;-16.224911;-21.132078;-19.454973;-16.614069;-11.826628;-7.007390;-2.161976,98.595314;112.244095;125.823792;124.798187;123.864281;123.023224;122.264351;107.621338;93.259468;94.789581;96.172417;97.426979,npp_d20140716_t1803247_e1809051_b14079,152.224,52.0791,20.7266,-82.0924,35.176,82.7919
1133,VBD_npp_d20140716_t1804362_x1137824E_y039850S_l0642_s2402_v23,2017-05-23 13:08:46,-3.985019,113.782372,35.6009,2014-07-16 18:04:36,2014-07-17 01:04:36,642,2402,0.402068,1,2529,0.906406,0.190839,0.89587,0.4,0.94556,0.75,0.0463811,0.0001,0.0294051,999999,-4.311885e-02,3,Indonesian Exclusive Economic Zone,WPP712,,SVDNB_npp_d20140716_t1803247_e1809051_b14079_c20140717000905445784_noaa_ops.h5,GDNBO_npp_d20140716_t1803247_e1809051_b14079_c20140717000905445471_noaa_ops.h5,SVI04_npp_d20140716_t1803247_e1809051_b14079_c20140717000905432367_noaa_ops.dspace_rad,VNFF_npp_d20140716_t1803247_e1809051_b14079_v21.csv,World_EEZ_v8_2014.shp,WPP_BFAR_merge.shp,KKP_IDN_merge_20161208.shp,VNF-VBD_npp_20120301-20151231_global_asia-enhanced_c201607211230.bitmask,NCEI_NGA.union.nga_lead2.add_2015ntl.mask,timezone.shp,VBD_platforms-recurring_2015_r20170330.shp,999999,VBD_bridges_c20160811.shp,2.701723;0.592520;-1.537733;-6.424739;-11.321091;-16.224911;-21.132078;-19.454973;-16.614069;-11.826628;-7.007390;-2.161976,98.595314;112.244095;125.823792;124.798187;123.864281;123.023224;122.264351;107.621338;93.259468;94.789581;96.172417;97.426979,npp_d20140716_t1803247_e1809051_b14079,151.434,50.7338,20.8354,-82.2125,34.8799,84.271
1134,VBD_npp_d20140716_t1805011_x1134566E_y054548S_l0867_s2402_v23,2017-05-23 13:08:46,-5.454812,113.456573,21.8192,2014-07-16 18:05:01,2014-07-17 01:05:01,867,2402,0.410631,1,2529,0.743082,0.189164,0.867483,0.4,0.930772,0.75,0.0460232,0.0001,0.027925,999999,-2.987309e-02,3,Indonesian Exclusive Economic Zone,WPP712,,SVDNB_npp_d20140716_t1803247_e1809051_b14079_c20140717000905445784_noaa_ops.h5,GDNBO_npp_d20140716_t1803247_e1809051_b14079_c20140717000905445471_noaa_ops.h5,SVI04_npp_d20140716_t1803247_e1809051_b14079_c20140717000905432367_noaa_ops.dspace_rad,VNFF_npp_d20140716_t1803247_e1809051_b14079_v21.csv,World_EEZ_v8_2014.shp,WPP_BFAR_merge.shp,KKP_IDN_merge_20161208.shp,VNF-VBD_npp_20120301-20151231_global_asia-enhanced_c201607211230.bitmask,NCEI_NGA.union.nga_lead2.add_2015ntl.mask,timezone.shp,VBD_platforms-recurring_2015_r20170330.shp,999999,VBD_bridges_c20160811.shp,2.701723;0.592520;-1.537733;-6.424739;-11.321091;-16.224911;-21.132078;-19.454973;-16.614069;-11.826628;-7.007390;-2.161976,98.595314;112.244095;125.823792;124.798187;123.864281;123.023224;122.264351;107.621338;93.259468;94.789581;96.172417;97.426979,npp_d20140716_t1803247_e1809051_b14079,152.519,52.6617,20.8317,-82.1023,35.2823,82.2029
1135,VBD_npp_d20140716_t1805064_x1133930E_y058237S_l0923_s2404_v23,2017-05-23 13:08:46,-5.823723,113.392998,8.47308,2014-07-16 18:05:06,2014-07-17 01:05:06,923,2404,0.409084,8,18913,0.440928,0.22757,0.797513,0.4,0.866779,0.75,0.0459372,0.0001,0.027189,999999,-6.867106e-02,3,Indonesian Exclusive Economic Zone,WPP712,,SVDNB_npp_d20140716_t1803247_e1809051_b14079_c20140717000905445784_noaa_ops.h5,GDNBO_npp_d20140716_t1803247_e1809051_b14079_c20140717000905445471_noaa_ops.h5,SVI04_npp_d20140716_t1803247_e1809051_b14079_c20140717000905432367_noaa_ops.dspace_rad,VNFF_npp_d20140716_t1803247_e1809051_b14079_v21.csv,World_EEZ_v8_2014.shp,WPP_BFAR_merge.shp,KKP_IDN_merge_20161208.shp,VNF-VBD_npp_20120301-20151231_global_asia-enhanced_c201607211230.bitmask,NCEI_NGA.union.nga_lead2.add_2015ntl.mask,timezone.shp,VBD_platforms-recurring_2015_r20170330.shp,0.344344,VBD_bridges_c20160811.shp,2.701723;0.592520;-1.537733;-6.424739;-11.321091;-16.224911;-21.132078;-19.454973;-16.614069;-11.826628;-7.007390;-2.161976,98.595314;112.244095;125.823792;124.798187;123.864281;123.023224;122.264351;107.621338;93.259468;94.789581;96.172417;97.426979,npp_d20140716_t1803247_e1809051_b14079,152.774,53.1868,20.9394,-80.8851,35.3769,81.6887
1136,VBD_npp_d20140716_t1804576_x1135209E_y053102S_l0844_s2406_v23,2017-05-23 13:08:46,-5.310210,113.520920,48.2709,2014-07-16 18:04:57,2014-07-17 01:04:57,844,2406,0.410465,1,2529,1.04636,0.193142,0.906124,0.4,0.9622,0.75,0.0460802,0.0001,0.0278336,999999,-6.134171e-02,3,Indonesian Exclusive Economic Zone,WPP712,,SVDNB_npp_d20140716_t1803247_e1809051_b14079_c20140717000905445784_noaa_ops.h5,GDNBO_npp_d20140716_t1803247_e1809051_b14079_c20140717000905445471_noaa_ops.h5,SVI04_npp_d20140716_t1803247_e1809051_b14079_c20140717000905432367_noaa_ops.dspace_rad,VNFF_npp_d20140716_t1803247_e1809051_b14079_v21.csv,World_EEZ_v8_2014.shp,WPP_BFAR_merge.shp,KKP_IDN_merge_20161208.shp,VNF-VBD_npp_20120301-20151231_global_asia-enhanced_c201607211230.bitmask,NCEI_NGA.union.nga_lead2.add_2015ntl.mask,timezone.shp,VBD_platforms-recurring_2015_r20170330.shp,999999,VBD_bridges_c20160811.shp,2.701723;0.592520;-1.537733;-6.424739;-11.321091;-16.224911;-21.132078;-19.454973;-16.614069;-11.826628;-7.007390;-2.161976,98.595314;112.244095;125.823792;124.798187;123.864281;123.023224;122.264351;107.621338;93.259468;94.789581;96.172417;97.426979,npp_d20140716_t1803247_e1809051_b14079,152.392,52.4944,21.0437,-80.714,35.2125,82.396
1137,VBD_npp_d20140716_t1805029_x1134566E_y055900S_l0887_s2406_v23,2017-05-23 13:08:46,-5.589994,113.456573,22.93,2014-07-16 18:05:02,2014-07-17 01:05:02,887,2406,0.409139,1,2529,0.792057,0.185743,0.876782,0.4,0.942212,0.75,0.0460087,0.0001,0.0278849,999999,-2.807065e-03,3,Indonesian Exclusive Economic Zone,WPP712,,SVDNB_npp_d20140716_t1803247_e1809051_b14079_c20140717000905445784_noaa_ops.h5,GDNBO_npp_d20140716_t1803247_e1809051_b14079_c20140717000905445471_noaa_ops.h5,SVI04_npp_d20140716_t1803247_e1809051_b14079_c20140717000905432367_noaa_ops.dspace_rad,VNFF_npp_d20140716_t1803247_e1809051_b14079_v21.csv,World_EEZ_v8_2014.shp,WPP_BFAR_merge.shp,KKP_IDN_merge_20161208.shp,VNF-VBD_npp_20120301-20151231_global_asia-enhanced_c201607211230.bitmask,NCEI_NGA.union.nga_lead2.add_2015ntl.mask,timezone.shp,VBD_platforms-recurring_2015_r20170330.shp,999999,VBD_bridges_c20160811.shp,2.701723;0.592520;-1.537733;-6.424739;-11.321091;-16.224911;-21.132078;-19.454973;-16.614069;-11.826628;-7.007390;-2.161976,98.595314;112.244095;125.823792;124.798187;123.864281;123.023224;122.264351;107.621338;93.259468;94.789581;96.172417;97.426979,npp_d20140716_t1803247_e1809051_b14079,152.595,52.8769,21.0421,-81.4944,35.294,82.0074
1138,VBD_npp_d20140716_t1804344_x1138386E_y039333S_l0633_s2408_v23,2017-05-23 13:08:46,-3.933318,113.838631,4.36792,2014-07-16 18:04:34,2014-07-17 01:04:34,633,2408,0.411349,1,2529,0.254038,0.213481,0.737812,0.4,0.768368,0.75,0.0464228,0.0001,0.0295962,999999,-2.222531e-01,3,Indonesian Exclusive Economic Zone,WPP712,,SVDNB_npp_d20140716_t1803247_e1809051_b14079_c20140717000905445784_noaa_ops.h5,GDNBO_npp_d20140716_t1803247_e1809051_b14079_c20140717000905445471_noaa_ops.h5,SVI04_npp_d20140716_t1803247_e1809051_b14079_c20140717000905432367_noaa_ops.dspace_rad,VNFF_npp_d20140716_t1803247_e1809051_b14079_v21.csv,World_EEZ_v8_2014.shp,WPP_BFAR_merge.shp,KKP_IDN_merge_20161208.shp,VNF-VBD_npp_20120301-20151231_global_asia-enhanced_c201607211230.bitmask,NCEI_NGA.union.nga_lead2.add_2015ntl.mask,timezone.shp,VBD_platforms-recurring_2015_r20170330.shp,999999,VBD_bridges_c20160811.shp,2.701723;0.592520;-1.537733;-6.424739;-11.321091;-16.224911;-21.132078;-19.454973;-16.614069;-11.826628;-7.007390;-2.161976,98.595314;112.244095;125.823792;124.798187;123.864281;123.023224;122.264351;107.621338;93.259468;94.789581;96.172417;97.426979,npp_d20140716_t1803247_e1809051_b14079,151.364,50.7136,21.1473,-81.1384,34.8252,84.3361
1139,VBD_npp_d20140716_t1804380_x1137847E_y041892S_l0672_s2408_v23,2017-05-23 13:08:46,-4.189161,113.784729,37.9342,2014-07-16 18:04:38,2014-07-17 01:04:38,672,2408,0.413559,1,2529,0.854788,0.184652,0.843721,0.4,0.946043,0.75,0.0463641,0.0001,0.028892,999999,5.824897e-03,3,Indonesian Exclusive Economic Zone,WPP712,,SVDNB_npp_d20140716_t1803247_e1809051_b14079_c20140717000905445784_noaa_ops.h5,GDNBO_npp_d20140716_t1803247_e1809051_b14079_c20140717000905445471_noaa_ops.h5,SVI04_npp_d20140716_t1803247_e1809051_b14079_c20140717000905432367_noaa_ops.dspace_rad,VNFF_npp_d20140716_t1803247_e1809051_b14079_v21.csv,World_EEZ_v8_2014.shp,WPP_BFAR_merge.shp,KKP_IDN_merge_20161208.shp,VNF-VBD_npp_20120301-20151231_global_asia-enhanced_c201607211230.bitmask,NCEI_NGA.union.nga_lead2.add_2015ntl.mask,timezone.shp,VBD_platforms-recurring_2015_r20170330.shp,999999,VBD_bridges_c20160811.shp,2.701723;0.592520;-1.537733;-6.424739;-11.321091;-16.224911;-21.132078;-19.454973;-16.614069;-11.826628;-7.007390;-2.161976,98.595314;112.244095;125.823792;124.798187;123.864281;123.023224;122.264351;107.621338;93.259468;94.789581;96.172417;97.426979,npp_d20140716_t1803247_e1809051_b14079,151.556,51.0361,21.1488,-80.0789,34.8915,83.9713
1140,VBD_npp_d20140716_t1804398_x1137637E_y042805S_l0686_s2408_v23,2017-05-23 13:08:46,-4.280549,113.763702,75.6521,2014-07-16 18:04:39,2014-07-17 01:04:39,686,2408,0.411791,1,2529,1.22252,0.177094,0.904543,0.4,0.977815,0.75,0.0463431,0.0001,0.0289313,999999,6.561643e-02,3,Indonesian Exclusive Economic Zone,WPP712,,SVDNB_npp_d20140716_t1803247_e1809051_b14079_c20140717000905445784_noaa_ops.h5,GDNBO_npp_d20140716_t1803247_e1809051_b14079_c20140717000905445471_noaa_ops.h5,SVI04_npp_d20140716_t1803247_e1809051_b14079_c20140717000905432367_noaa_ops.dspace_rad,VNFF_npp_d20140716_t1803247_e1809051_b14079_v21.csv,World_EEZ_v8_2014.shp,WPP_BFAR_merge.shp,KKP_IDN_merge_20161208.shp,VNF-VBD_npp_20120301-20151231_global_asia-enhanced_c201607211230.bitmask,NCEI_NGA.union.nga_lead2.add_2015ntl.mask,timezone.shp,VBD_platforms-recurring_2015_r20170330.shp,999999,VBD_bridges_c20160811.shp,2.701723;0.592520;-1.537733;-6.424739;-11.321091;-16.224911;-21.132078;-19.454973;-16.614069;-11.826628;-7.007390;-2.161976,98.595314;112.244095;125.823792;124.798187;123.864281;123.023224;122.264351;107.621338;93.259468;94.789581;96.172417;97.426979,npp_d20140716_t1803247_e1809051_b14079,151.624,51.1528,21.1481,-80.3814,34.9153,83.8413
1141,VBD_npp_d20140716_t1804398_x1137839E_y041945S_l0673_s2409_v23,2017-05-23 13:08:46,-4.194540,113.783897,11.2216,2014-07-16 18:04:39,2014-07-17 01:04:39,673,2409,0.412509,1,2529,0.486998,0.183949,0.843721,0.4,0.863569,0.75,0.0463673,0.0001,0.0299368,999999,1.138798e-02,3,Indonesian Exclusive Economic Zone,WPP712,,SVDNB_npp_d20140716_t1803247_e1809051_b14079_c20140717000905445784_noaa_ops.h5,GDNBO_npp_d20140716_t1803247_e1809051_b14079_c20140717000905445471_noaa_ops.h5,SVI04_npp_d20140716_t1803247_e1809051_b14079_c20140717000905432367_noaa_ops.dspace_rad,VNFF_npp_d20140716_t1803247_e1809051_b14079_v21.csv,World_EEZ_v8_2014.shp,WPP_BFAR_merge.shp,KKP_IDN_merge_20161208.shp,VNF-VBD_npp_20120301-20151231_global_asia-enhanced_c201607211230.bitmask,NCEI_NGA.union.nga_lead2.add_2015ntl.mask,timezone.shp,VBD_platforms-recurring_2015_r20170330.shp,999999,VBD_bridges_c20160811.shp,2.701723;0.592520;-1.537733;-6.424739;-11.321091;-16.224911;-21.132078;-19.454973;-16.614069;-11.826628;-7.007390;-2.161976,98.595314;112.244095;125.823792;124.798187;123.864281;123.023224;122.264351;107.621338;93.259468;94.789581;96.172417;97.426979,npp_d20140716_t1803247_e1809051_b14079,151.554,51.051,21.2029,-82.3596,34.8858,83.9619
1142,VBD_npp_d20140716_t1804469_x1136808E_y046796S_l0747_s2409_v23,2017-05-23 13:08:46,-4.679584,113.680794,28.0307,2014-07-16 18:04:46,2014-07-17 01:04:46,747,2409,0.410576,1,2529,0.850913,0.180554,0.886779,0.4,0.954409,0.75,0.0462519,0.0001,0.0288182,999999,3.824282e-02,3,Indonesian Exclusive Economic Zone,WPP712,,SVDNB_npp_d20140716_t1803247_e1809051_b14079_c20140717000905445784_noaa_ops.h5,GDNBO_npp_d20140716_t1803247_e1809051_b14079_c20140717000905445471_noaa_ops.h5,SVI04_npp_d20140716_t1803247_e1809051_b14079_c20140717000905432367_noaa_ops.dspace_rad,VNFF_npp_d20140716_t1803247_e1809051_b14079_v21.csv,World_EEZ_v8_2014.shp,WPP_BFAR_merge.shp,KKP_IDN_merge_20161208.shp,VNF-VBD_npp_20120301-20151231_global_asia-enhanced_c201607211230.bitmask,NCEI_NGA.union.nga_lead2.add_2015ntl.mask,timezone.shp,VBD_platforms-recurring_2015_r20170330.shp,999999,VBD_bridges_c20160811.shp,2.701723;0.592520;-1.537733;-6.424739;-11.321091;-16.224911;-21.132078;-19.454973;-16.614069;-11.826628;-7.007390;-2.161976,98.595314;112.244095;125.823792;124.798187;123.864281;123.023224;122.264351;107.621338;93.259468;94.789581;96.172417;97.426979,npp_d20140716_t1803247_e1809051_b14079,151.914,51.6763,21.1987,-80.8524,35.0154,83.2746
1143,VBD_npp_d20140716_t1804469_x1137411E_y046477S_l0741_s2417_v23,2017-05-23 13:08:46,-4.647697,113.741127,25.6658,2014-07-16 18:04:46,2014-07-17 01:04:46,741,2417,0.409581,1,2529,0.82947,0.174172,0.89461,0.4,0.947488,0.75,0.046299,0.0001,0.0299863,999999,8.873512e-02,3,Indonesian Exclusive Economic Zone,WPP712,,SVDNB_npp_d20140716_t1803247_e1809051_b14079_c20140717000905445784_noaa_ops.h5,GDNBO_npp_d20140716_t1803247_e1809051_b14079_c20140717000905445471_noaa_ops.h5,SVI04_npp_d20140716_t1803247_e1809051_b14079_c20140717000905432367_noaa_ops.dspace_rad,VNFF_npp_d20140716_t1803247_e1809051_b14079_v21.csv,World_EEZ_v8_2014.shp,WPP_BFAR_merge.shp,KKP_IDN_merge_20161208.shp,VNF-VBD_npp_20120301-20151231_global_asia-enhanced_c201607211230.bitmask,NCEI_NGA.union.nga_lead2.add_2015ntl.mask,timezone.shp,VBD_platforms-recurring_2015_r20170330.shp,999999,VBD_bridges_c20160811.shp,2.701723;0.592520;-1.537733;-6.424739;-11.321091;-16.224911;-21.132078;-19.454973;-16.614069;-11.826628;-7.007390;-2.161976,98.595314;112.244095;125.823792;124.798187;123.864281;123.023224;122.264351;107.621338;93.259468;94.789581;96.172417;97.426979,npp_d20140716_t1803247_e1809051_b14079,151.847,51.6943,21.6203,-81.7612,34.951,83.3057
1144,VBD_npp_d20140716_t1804558_x1136393E_y051721S_l0821_s2419_v23,2017-05-23 13:08:46,-5.172064,113.639275,64.344,2014-07-16 18:04:55,2014-07-17 01:04:55,821,2419,0.412343,1,2529,1.16502,0.178569,0.906114,0.4,0.971959,0.75,0.0461796,0.0001,0.0296337,999999,5.394915e-02,3,Indonesian Exclusive Economic Zone,WPP712,,SVDNB_npp_d20140716_t1803247_e1809051_b14079_c20140717000905445784_noaa_ops.h5,GDNBO_npp_d20140716_t1803247_e1809051_b14079_c20140717000905445471_noaa_ops.h5,SVI04_npp_d20140716_t1803247_e1809051_b14079_c20140717000905432367_noaa_ops.dspace_rad,VNFF_npp_d20140716_t1803247_e1809051_b14079_v21.csv,World_EEZ_v8_2014.shp,WPP_BFAR_merge.shp,KKP_IDN_merge_20161208.shp,VNF-VBD_npp_20120301-20151231_global_asia-enhanced_c201607211230.bitmask,NCEI_NGA.union.nga_lead2.add_2015ntl.mask,timezone.shp,VBD_platforms-recurring_2015_r20170330.shp,999999,VBD_bridges_c20160811.shp,2.701723;0.592520;-1.537733;-6.424739;-11.321091;-16.224911;-21.132078;-19.454973;-16.614069;-11.826628;-7.007390;-2.161976,98.595314;112.244095;125.823792;124.798187;123.864281;123.023224;122.264351;107.621338;93.259468;94.789581;96.172417;97.426979,npp_d20140716_t1803247_e1809051_b14079,152.22,52.4039,21.7275,-81.7834,35.0828,82.5637
1145,VBD_npp_d20140716_t1804576_x1136152E_y052835S_l0838_s2419_v23,2017-05-23 13:08:46,-5.283538,113.615173,23.9882,2014-07-16 18:04:57,2014-07-17 01:04:57,838,2419,0.413227,1,2529,0.790493,0.163815,0.874672,0.4,0.940334,0.75,0.0461513,0.0001,0.0294448,999999,1.706720e-01,3,Indonesian Exclusive Economic Zone,WPP712,,SVDNB_npp_d20140716_t1803247_e1809051_b14079_c20140717000905445784_noaa_ops.h5,GDNBO_npp_d20140716_t1803247_e1809051_b14079_c20140717000905445471_noaa_ops.h5,SVI04_npp_d20140716_t1803247_e1809051_b14079_c20140717000905432367_noaa_ops.dspace_rad,VNFF_npp_d20140716_t1803247_e1809051_b14079_v21.csv,World_EEZ_v8_2014.shp,WPP_BFAR_merge.shp,KKP_IDN_merge_20161208.shp,VNF-VBD_npp_20120301-20151231_global_asia-enhanced_c201607211230.bitmask,NCEI_NGA.union.nga_lead2.add_2015ntl.mask,timezone.shp,VBD_platforms-recurring_2015_r20170330.shp,999999,VBD_bridges_c20160811.shp,2.701723;0.592520;-1.537733;-6.424739;-11.321091;-16.224911;-21.132078;-19.454973;-16.614069;-11.826628;-7.007390;-2.161976,98.595314;112.244095;125.823792;124.798187;123.864281;123.023224;122.264351;107.621338;93.259468;94.789581;96.172417;97.426979,npp_d20140716_t1803247_e1809051_b14079,152.302,52.5542,21.7278,-81.6331,35.1146,82.4077
1146,VBD_npp_d20140716_t1804504_x1137254E_y048407S_l0770_s2421_v23,2017-05-23 13:08:46,-4.840694,113.725433,13.1854,2014-07-16 18:04:50,2014-07-17 01:04:50,770,2421,0.410631,8,18913,0.58944,0.194272,0.860593,0.4,0.915244,0.75,0.0462719,0.0001,0.0303648,999999,-7.027963e-02,3,Indonesian Exclusive Economic Zone,WPP712,,SVDNB_npp_d20140716_t1803247_e1809051_b14079_c20140717000905445784_noaa_ops.h5,GDNBO_npp_d20140716_t1803247_e1809051_b14079_c20140717000905445471_noaa_ops.h5,SVI04_npp_d20140716_t1803247_e1809051_b14079_c20140717000905432367_noaa_ops.dspace_rad,VNFF_npp_d20140716_t1803247_e1809051_b14079_v21.csv,World_EEZ_v8_2014.shp,WPP_BFAR_merge.shp,KKP_IDN_merge_20161208.shp,VNF-VBD_npp_20120301-20151231_global_asia-enhanced_c201607211230.bitmask,NCEI_NGA.union.nga_lead2.add_2015ntl.mask,timezone.shp,VBD_platforms-recurring_2015_r20170330.shp,0.118327,VBD_bridges_c20160811.shp,2.701723;0.592520;-1.537733;-6.424739;-11.321091;-16.224911;-21.132078;-19.454973;-16.614069;-11.826628;-7.007390;-2.161976,98.595314;112.244095;125.823792;124.798187;123.864281;123.023224;122.264351;107.621338;93.259468;94.789581;96.172417;97.426979,npp_d20140716_t1803247_e1809051_b14079,151.967,51.9777,21.8353,-82.2111,34.9757,83.0258
1147,VBD_npp_d20140716_t1804576_x1136420E_y053359S_l0845_s2424_v23,2017-05-23 13:08:46,-5.335875,113.641991,28.2256,2014-07-16 18:04:57,2014-07-17 01:04:57,845,2424,0.414222,1,2529,0.826131,0.140426,0.881192,0.4,0.945116,0.75,0.0461632,0.0001,0.0293315,999999,3.557096e-01,3,Indonesian Exclusive Economic Zone,WPP712,,SVDNB_npp_d20140716_t1803247_e1809051_b14079_c20140717000905445784_noaa_ops.h5,GDNBO_npp_d20140716_t1803247_e1809051_b14079_c20140717000905445471_noaa_ops.h5,SVI04_npp_d20140716_t1803247_e1809051_b14079_c20140717000905432367_noaa_ops.dspace_rad,VNFF_npp_d20140716_t1803247_e1809051_b14079_v21.csv,World_EEZ_v8_2014.shp,WPP_BFAR_merge.shp,KKP_IDN_merge_20161208.shp,VNF-VBD_npp_20120301-20151231_global_asia-enhanced_c201607211230.bitmask,NCEI_NGA.union.nga_lead2.add_2015ntl.mask,timezone.shp,VBD_platforms-recurring_2015_r20170330.shp,999999,VBD_bridges_c20160811.shp,2.701723;0.592520;-1.537733;-6.424739;-11.321091;-16.224911;-21.132078;-19.454973;-16.614069;-11.826628;-7.007390;-2.161976,98.595314;112.244095;125.823792;124.798187;123.864281;123.023224;122.264351;107.621338;93.259468;94.789581;96.172417;97.426979,npp_d20140716_t1803247_e1809051_b14079,152.312,52.6619,21.9919,-80.6062,35.0948,82.3247
1148,VBD_npp_d20140716_t1804504_x1137496E_y048650S_l0773_s2425_v23,2017-05-23 13:08:46,-4.865040,113.749580,13.0873,2014-07-16 18:04:50,2014-07-17 01:04:50,773,2425,0.410962,1,2529,0.584403,0.181376,0.877458,0.4,0.904881,0.75,0.046286,0.0001,0.0305008,999999,3.173993e-02,3,Indonesian Exclusive Economic Zone,WPP712,,SVDNB_npp_d20140716_t1803247_e1809051_b14079_c20140717000905445784_noaa_ops.h5,GDNBO_npp_d20140716_t1803247_e1809051_b14079_c20140717000905445471_noaa_ops.h5,SVI04_npp_d20140716_t1803247_e1809051_b14079_c20140717000905432367_noaa_ops.dspace_rad,VNFF_npp_d20140716_t1803247_e1809051_b14079_v21.csv,World_EEZ_v8_2014.shp,WPP_BFAR_merge.shp,KKP_IDN_merge_20161208.shp,VNF-VBD_npp_20120301-20151231_global_asia-enhanced_c201607211230.bitmask,NCEI_NGA.union.nga_lead2.add_2015ntl.mask,timezone.shp,VBD_platforms-recurring_2015_r20170330.shp,999999,VBD_bridges_c20160811.shp,2.701723;0.592520;-1.537733;-6.424739;-11.321091;-16.224911;-21.132078;-19.454973;-16.614069;-11.826628;-7.007390;-2.161976,98.595314;112.244095;125.823792;124.798187;123.864281;123.023224;122.264351;107.621338;93.259468;94.789581;96.172417;97.426979,npp_d20140716_t1803247_e1809051_b14079,151.963,52.0395,22.044,-81.7666,34.9545,82.9842
1149,VBD_npp_d20140716_t1804380_x1139608E_y041754S_l0666_s2433_v23,2017-05-23 13:08:46,-4.175374,113.960808,31.9485,2014-07-16 18:04:38,2014-07-17 01:04:38,666,2433,0.392787,1,2529,0.859374,0.194642,0.903517,0.4,0.942255,0.75,0.0464906,0.0001,0.0316069,999999,-7.321094e-02,3,Indonesian Exclusive Economic Zone,WPP712,,SVDNB_npp_d20140716_t1803247_e1809051_b14079_c20140717000905445784_noaa_ops.h5,GDNBO_npp_d20140716_t1803247_e1809051_b14079_c20140717000905445471_noaa_ops.h5,SVI04_npp_d20140716_t1803247_e1809051_b14079_c20140717000905432367_noaa_ops.dspace_rad,VNFF_npp_d20140716_t1803247_e1809051_b14079_v21.csv,World_EEZ_v8_2014.shp,WPP_BFAR_merge.shp,KKP_IDN_merge_20161208.shp,VNF-VBD_npp_20120301-20151231_global_asia-enhanced_c201607211230.bitmask,NCEI_NGA.union.nga_lead2.add_2015ntl.mask,timezone.shp,VBD_platforms-recurring_2015_r20170330.shp,999999,VBD_bridges_c20160811.shp,2.701723;0.592520;-1.537733;-6.424739;-11.321091;-16.224911;-21.132078;-19.454973;-16.614069;-11.826628;-7.007390;-2.161976,98.595314;112.244095;125.823792;124.798187;123.864281;123.023224;122.264351;107.621338;93.259468;94.789581;96.172417;97.426979,npp_d20140716_t1803247_e1809051_b14079,151.41,51.2064,22.462,-81.0251,34.7129,83.9514
1150,VBD_npp_d20140716_t1804380_x1139729E_y041427S_l0661_s2434_v23,2017-05-23 13:08:46,-4.142682,113.972878,39.5209,2014-07-16 18:04:38,2014-07-17 01:04:38,661,2434,0.410852,1,2529,0.935746,0.179981,0.898982,0.4,0.952152,0.75,0.0465028,0.0001,0.0320765,999999,4.277861e-02,3,Indonesian Exclusive Economic Zone,WPP712,,SVDNB_npp_d20140716_t1803247_e1809051_b14079_c20140717000905445784_noaa_ops.h5,GDNBO_npp_d20140716_t1803247_e1809051_b14079_c20140717000905445471_noaa_ops.h5,SVI04_npp_d20140716_t1803247_e1809051_b14079_c20140717000905432367_noaa_ops.dspace_rad,VNFF_npp_d20140716_t1803247_e1809051_b14079_v21.csv,World_EEZ_v8_2014.shp,WPP_BFAR_merge.shp,KKP_IDN_merge_20161208.shp,VNF-VBD_npp_20120301-20151231_global_asia-enhanced_c201607211230.bitmask,NCEI_NGA.union.nga_lead2.add_2015ntl.mask,timezone.shp,VBD_platforms-recurring_2015_r20170330.shp,999999,VBD_bridges_c20160811.shp,2.701723;0.592520;-1.537733;-6.424739;-11.321091;-16.224911;-21.132078;-19.454973;-16.614069;-11.826628;-7.007390;-2.161976,98.595314;112.244095;125.823792;124.798187;123.864281;123.023224;122.264351;107.621338;93.259468;94.789581;96.172417;97.426979,npp_d20140716_t1803247_e1809051_b14079,151.38,51.1727,22.5156,-81.7438,34.6972,83.9967
1151,VBD_npp_d20140716_t1804398_x1139446E_y042812S_l0682_s2434_v23,2017-05-23 13:08:46,-4.281208,113.944611,55.2583,2014-07-16 18:04:39,2014-07-17 01:04:39,682,2434,0.277934,1,2529,0.957156,0.208282,0.900093,0.4,0.949416,0.75,0.0464713,0.0001,0.0315854,999999,-1.811200e-01,3,Indonesian Exclusive Economic Zone,WPP712,,SVDNB_npp_d20140716_t1803247_e1809051_b14079_c20140717000905445784_noaa_ops.h5,GDNBO_npp_d20140716_t1803247_e1809051_b14079_c20140717000905445471_noaa_ops.h5,SVI04_npp_d20140716_t1803247_e1809051_b14079_c20140717000905432367_noaa_ops.dspace_rad,VNFF_npp_d20140716_t1803247_e1809051_b14079_v21.csv,World_EEZ_v8_2014.shp,WPP_BFAR_merge.shp,KKP_IDN_merge_20161208.shp,VNF-VBD_npp_20120301-20151231_global_asia-enhanced_c201607211230.bitmask,NCEI_NGA.union.nga_lead2.add_2015ntl.mask,timezone.shp,VBD_platforms-recurring_2015_r20170330.shp,999999,VBD_bridges_c20160811.shp,2.701723;0.592520;-1.537733;-6.424739;-11.321091;-16.224911;-21.132078;-19.454973;-16.614069;-11.826628;-7.007390;-2.161976,98.595314;112.244095;125.823792;124.798187;123.864281;123.023224;122.264351;107.621338;93.259468;94.789581;96.172417;97.426979,npp_d20140716_t1803247_e1809051_b14079,151.483,51.3487,22.5158,-81.0248,34.7334,83.7983
1152,VBD_npp_d20140716_t1804558_x1137439E_y051742S_l0819_s2434_v23,2017-05-23 13:08:46,-5.174223,113.743927,25.1459,2014-07-16 18:04:55,2014-07-17 01:04:55,819,2434,0.411625,8,18913,0.804955,0.182481,0.86779,0.4,0.936384,0.75,0.0462535,0.0001,0.0311274,999999,2.299874e-02,3,Indonesian Exclusive Economic Zone,WPP712,,SVDNB_npp_d20140716_t1803247_e1809051_b14079_c20140717000905445784_noaa_ops.h5,GDNBO_npp_d20140716_t1803247_e1809051_b14079_c20140717000905445471_noaa_ops.h5,SVI04_npp_d20140716_t1803247_e1809051_b14079_c20140717000905432367_noaa_ops.dspace_rad,VNFF_npp_d20140716_t1803247_e1809051_b14079_v21.csv,World_EEZ_v8_2014.shp,WPP_BFAR_merge.shp,KKP_IDN_merge_20161208.shp,VNF-VBD_npp_20120301-20151231_global_asia-enhanced_c201607211230.bitmask,NCEI_NGA.union.nga_lead2.add_2015ntl.mask,timezone.shp,VBD_platforms-recurring_2015_r20170330.shp,0.80536,VBD_bridges_c20160811.shp,2.701723;0.592520;-1.537733;-6.424739;-11.321091;-16.224911;-21.132078;-19.454973;-16.614069;-11.826628;-7.007390;-2.161976,98.595314;112.244095;125.823792;124.798187;123.864281;123.023224;122.264351;107.621338;93.259468;94.789581;96.172417;97.426979,npp_d20140716_t1803247_e1809051_b14079,152.139,52.518,22.5194,-82.0665,34.9782,82.5314
1153,VBD_npp_d20140716_t1804398_x1139567E_y042485S_l0677_s2435_v23,2017-05-23 13:08:46,-4.248504,113.956688,21.7229,2014-07-16 18:04:39,2014-07-17 01:04:39,677,2435,0.413227,1,2529,0.668421,0.18722,0.895418,0.4,0.886516,0.75,0.0464835,0.0001,0.0320587,999999,-1.448869e-02,3,Indonesian Exclusive Economic Zone,WPP712,,SVDNB_npp_d20140716_t1803247_e1809051_b14079_c20140717000905445784_noaa_ops.h5,GDNBO_npp_d20140716_t1803247_e1809051_b14079_c20140717000905445471_noaa_ops.h5,SVI04_npp_d20140716_t1803247_e1809051_b14079_c20140717000905432367_noaa_ops.dspace_rad,VNFF_npp_d20140716_t1803247_e1809051_b14079_v21.csv,World_EEZ_v8_2014.shp,WPP_BFAR_merge.shp,KKP_IDN_merge_20161208.shp,VNF-VBD_npp_20120301-20151231_global_asia-enhanced_c201607211230.bitmask,NCEI_NGA.union.nga_lead2.add_2015ntl.mask,timezone.shp,VBD_platforms-recurring_2015_r20170330.shp,999999,VBD_bridges_c20160811.shp,2.701723;0.592520;-1.537733;-6.424739;-11.321091;-16.224911;-21.132078;-19.454973;-16.614069;-11.826628;-7.007390;-2.161976,98.595314;112.244095;125.823792;124.798187;123.864281;123.023224;122.264351;107.621338;93.259468;94.789581;96.172417;97.426979,npp_d20140716_t1803247_e1809051_b14079,151.454,51.3147,22.5694,-81.7419,34.7177,83.8434
1154,VBD_npp_d20140716_t1804380_x1139914E_y041594S_l0663_s2437_v23,2017-05-23 13:08:46,-4.159360,113.991394,14.9418,2014-07-16 18:04:38,2014-07-17 01:04:38,663,2437,0.410962,1,2529,0.592863,0.177404,0.911924,0.4,0.895377,0.75,0.0465139,0.0001,0.032198,999999,6.316701e-02,3,Indonesian Exclusive Economic Zone,WPP712,,SVDNB_npp_d20140716_t1803247_e1809051_b14079_c20140717000905445784_noaa_ops.h5,GDNBO_npp_d20140716_t1803247_e1809051_b14079_c20140717000905445471_noaa_ops.h5,SVI04_npp_d20140716_t1803247_e1809051_b14079_c20140717000905432367_noaa_ops.dspace_rad,VNFF_npp_d20140716_t1803247_e1809051_b14079_v21.csv,World_EEZ_v8_2014.shp,WPP_BFAR_merge.shp,KKP_IDN_merge_20161208.shp,VNF-VBD_npp_20120301-20151231_global_asia-enhanced_c201607211230.bitmask,NCEI_NGA.union.nga_lead2.add_2015ntl.mask,timezone.shp,VBD_platforms-recurring_2015_r20170330.shp,999999,VBD_bridges_c20160811.shp,2.701723;0.592520;-1.537733;-6.424739;-11.321091;-16.224911;-21.132078;-19.454973;-16.614069;-11.826628;-7.007390;-2.161976,98.595314;112.244095;125.823792;124.798187;123.864281;123.023224;122.264351;107.621338;93.259468;94.789581;96.172417;97.426979,npp_d20140716_t1803247_e1809051_b14079,151.376,51.2164,22.6731,-81.4577,34.6804,83.968
1155,VBD_npp_d20140716_t1804398_x1139663E_y042776S_l0681_s2437_v23,2017-05-23 13:08:46,-4.277646,113.966263,101.313,2014-07-16 18:04:39,2014-07-17 01:04:39,681,2437,0.410355,1,2529,1.23009,0.207878,0.907245,0.4,0.960921,0.75,0.0464869,0.0001,0.0319323,999999,-1.779257e-01,3,Indonesian Exclusive Economic Zone,WPP712,,SVDNB_npp_d20140716_t1803247_e1809051_b14079_c20140717000905445784_noaa_ops.h5,GDNBO_npp_d20140716_t1803247_e1809051_b14079_c20140717000905445471_noaa_ops.h5,SVI04_npp_d20140716_t1803247_e1809051_b14079_c20140717000905432367_noaa_ops.dspace_rad,VNFF_npp_d20140716_t1803247_e1809051_b14079_v21.csv,World_EEZ_v8_2014.shp,WPP_BFAR_merge.shp,KKP_IDN_merge_20161208.shp,VNF-VBD_npp_20120301-20151231_global_asia-enhanced_c201607211230.bitmask,NCEI_NGA.union.nga_lead2.add_2015ntl.mask,timezone.shp,VBD_platforms-recurring_2015_r20170330.shp,999999,VBD_bridges_c20160811.shp,2.701723;0.592520;-1.537733;-6.424739;-11.321091;-16.224911;-21.132078;-19.454973;-16.614069;-11.826628;-7.007390;-2.161976,98.595314;112.244095;125.823792;124.798187;123.864281;123.023224;122.264351;107.621338;93.259468;94.789581;96.172417;97.426979,npp_d20140716_t1803247_e1809051_b14079,151.464,51.3668,22.674,-81.1711,34.7113,83.7985
1156,VBD_npp_d20140716_t1804576_x1137601E_y052988S_l0837_s2440_v23,2017-05-23 13:08:46,-5.298782,113.760124,22.2026,2014-07-16 18:04:57,2014-07-17 01:04:57,837,2440,0.408697,1,2529,0.760369,0.196892,0.917764,0.4,0.933434,0.75,0.0462518,0.0001,0.0313751,999999,-9.101239e-02,3,Indonesian Exclusive Economic Zone,WPP712,,SVDNB_npp_d20140716_t1803247_e1809051_b14079_c20140717000905445784_noaa_ops.h5,GDNBO_npp_d20140716_t1803247_e1809051_b14079_c20140717000905445471_noaa_ops.h5,SVI04_npp_d20140716_t1803247_e1809051_b14079_c20140717000905432367_noaa_ops.dspace_rad,VNFF_npp_d20140716_t1803247_e1809051_b14079_v21.csv,World_EEZ_v8_2014.shp,WPP_BFAR_merge.shp,KKP_IDN_merge_20161208.shp,VNF-VBD_npp_20120301-20151231_global_asia-enhanced_c201607211230.bitmask,NCEI_NGA.union.nga_lead2.add_2015ntl.mask,timezone.shp,VBD_platforms-recurring_2015_r20170330.shp,999999,VBD_bridges_c20160811.shp,2.701723;0.592520;-1.537733;-6.424739;-11.321091;-16.224911;-21.132078;-19.454973;-16.614069;-11.826628;-7.007390;-2.161976,98.595314;112.244095;125.823792;124.798187;123.864281;123.023224;122.264351;107.621338;93.259468;94.789581;96.172417;97.426979,npp_d20140716_t1803247_e1809051_b14079,152.196,52.7304,22.8353,-81.777,34.9715,82.3444
1157,VBD_npp_d20140716_t1804380_x1140189E_y041636S_l0663_s2441_v23,2017-05-23 13:08:46,-4.163605,114.018936,38.7561,2014-07-16 18:04:38,2014-07-17 01:04:38,663,2441,0.407371,1,2529,0.945891,0.185863,0.904183,0.4,0.952419,0.75,0.0465327,0.0001,0.0325591,999999,-3.753563e-03,3,Indonesian Exclusive Economic Zone,WPP712,,SVDNB_npp_d20140716_t1803247_e1809051_b14079_c20140717000905445784_noaa_ops.h5,GDNBO_npp_d20140716_t1803247_e1809051_b14079_c20140717000905445471_noaa_ops.h5,SVI04_npp_d20140716_t1803247_e1809051_b14079_c20140717000905432367_noaa_ops.dspace_rad,VNFF_npp_d20140716_t1803247_e1809051_b14079_v21.csv,World_EEZ_v8_2014.shp,WPP_BFAR_merge.shp,KKP_IDN_merge_20161208.shp,VNF-VBD_npp_20120301-20151231_global_asia-enhanced_c201607211230.bitmask,NCEI_NGA.union.nga_lead2.add_2015ntl.mask,timezone.shp,VBD_platforms-recurring_2015_r20170330.shp,999999,VBD_bridges_c20160811.shp,2.701723;0.592520;-1.537733;-6.424739;-11.321091;-16.224911;-21.132078;-19.454973;-16.614069;-11.826628;-7.007390;-2.161976,98.595314;112.244095;125.823792;124.798187;123.864281;123.023224;122.264351;107.621338;93.259468;94.789581;96.172417;97.426979,npp_d20140716_t1803247_e1809051_b14079,151.358,51.2519,22.8842,-81.4589,34.6531,83.9555
1158,VBD_npp_d20140716_t1804362_x1140441E_y040943S_l0652_s2442_v23,2017-05-23 13:08:46,-4.094298,114.044113,33.9888,2014-07-16 18:04:36,2014-07-17 01:04:36,652,2442,0.413172,8,18913,0.888085,0.172902,0.896979,0.4,0.950129,0.75,0.0465539,0.0001,0.0323719,999999,9.878415e-02,3,Indonesian Exclusive Economic Zone,WPP712,,SVDNB_npp_d20140716_t1803247_e1809051_b14079_c20140717000905445784_noaa_ops.h5,GDNBO_npp_d20140716_t1803247_e1809051_b14079_c20140717000905445471_noaa_ops.h5,SVI04_npp_d20140716_t1803247_e1809051_b14079_c20140717000905432367_noaa_ops.dspace_rad,VNFF_npp_d20140716_t1803247_e1809051_b14079_v21.csv,World_EEZ_v8_2014.shp,WPP_BFAR_merge.shp,KKP_IDN_merge_20161208.shp,VNF-VBD_npp_20120301-20151231_global_asia-enhanced_c201607211230.bitmask,NCEI_NGA.union.nga_lead2.add_2015ntl.mask,timezone.shp,VBD_platforms-recurring_2015_r20170330.shp,0.25604,VBD_bridges_c20160811.shp,2.701723;0.592520;-1.537733;-6.424739;-11.321091;-16.224911;-21.132078;-19.454973;-16.614069;-11.826628;-7.007390;-2.161976,98.595314;112.244095;125.823792;124.798187;123.864281;123.023224;122.264351;107.621338;93.259468;94.789581;96.172417;97.426979,npp_d20140716_t1803247_e1809051_b14079,151.3,51.1721,22.9403,-80.746,34.6276,84.0535
1159,VBD_npp_d20140716_t1805047_x1136815E_y057188S_l0901_s2442_v23,2017-05-23 13:08:46,-5.718827,113.681549,18.9102,2014-07-16 18:05:04,2014-07-17 01:05:04,901,2442,0.409636,1,2529,0.697819,0.177412,0.850267,0.4,0.918514,0.75,0.0461542,0.0001,0.0310696,999999,6.309999e-02,3,Indonesian Exclusive Economic Zone,WPP712,,SVDNB_npp_d20140716_t1803247_e1809051_b14079_c20140717000905445784_noaa_ops.h5,GDNBO_npp_d20140716_t1803247_e1809051_b14079_c20140717000905445471_noaa_ops.h5,SVI04_npp_d20140716_t1803247_e1809051_b14079_c20140717000905432367_noaa_ops.dspace_rad,VNFF_npp_d20140716_t1803247_e1809051_b14079_v21.csv,World_EEZ_v8_2014.shp,WPP_BFAR_merge.shp,KKP_IDN_merge_20161208.shp,VNF-VBD_npp_20120301-20151231_global_asia-enhanced_c201607211230.bitmask,NCEI_NGA.union.nga_lead2.add_2015ntl.mask,timezone.shp,VBD_platforms-recurring_2015_r20170330.shp,999999,VBD_bridges_c20160811.shp,2.701723;0.592520;-1.537733;-6.424739;-11.321091;-16.224911;-21.132078;-19.454973;-16.614069;-11.826628;-7.007390;-2.161976,98.595314;112.244095;125.823792;124.798187;123.864281;123.023224;122.264351;107.621338;93.259468;94.789581;96.172417;97.426979,npp_d20140716_t1803247_e1809051_b14079,152.488,53.3195,22.9405,-81.7915,35.0804,81.7523
1160,VBD_npp_d20140716_t1804362_x1140569E_y041032S_l0653_s2444_v23,2017-05-23 13:08:46,-4.103225,114.056877,51.0265,2014-07-16 18:04:36,2014-07-17 01:04:36,653,2444,0.411294,1,2529,0.980283,0.172583,0.915382,0.4,0.938796,0.75,0.0465618,0.0001,0.03247,999999,1.013097e-01,3,Indonesian Exclusive Economic Zone,WPP712,,SVDNB_npp_d20140716_t1803247_e1809051_b14079_c20140717000905445784_noaa_ops.h5,GDNBO_npp_d20140716_t1803247_e1809051_b14079_c20140717000905445471_noaa_ops.h5,SVI04_npp_d20140716_t1803247_e1809051_b14079_c20140717000905432367_noaa_ops.dspace_rad,VNFF_npp_d20140716_t1803247_e1809051_b14079_v21.csv,World_EEZ_v8_2014.shp,WPP_BFAR_merge.shp,KKP_IDN_merge_20161208.shp,VNF-VBD_npp_20120301-20151231_global_asia-enhanced_c201607211230.bitmask,NCEI_NGA.union.nga_lead2.add_2015ntl.mask,timezone.shp,VBD_platforms-recurring_2015_r20170330.shp,999999,VBD_bridges_c20160811.shp,2.701723;0.592520;-1.537733;-6.424739;-11.321091;-16.224911;-21.132078;-19.454973;-16.614069;-11.826628;-7.007390;-2.161976,98.595314;112.244095;125.823792;124.798187;123.864281;123.023224;122.264351;107.621338;93.259468;94.789581;96.172417;97.426979,npp_d20140716_t1803247_e1809051_b14079,151.296,51.1985,23.0463,-80.6093,34.6157,84.0375
1161,VBD_npp_d20140716_t1804576_x1137815E_y053437S_l0843_s2444_v23,2017-05-23 13:08:46,-5.343657,113.781548,76.8505,2014-07-16 18:04:57,2014-07-17 01:04:57,843,2444,0.405825,1,2529,1.22684,0.225981,0.928789,0.4,0.976061,0.75,0.0462606,0.0001,0.0312163,999999,-3.211454e-01,3,Indonesian Exclusive Economic Zone,WPP712,,SVDNB_npp_d20140716_t1803247_e1809051_b14079_c20140717000905445784_noaa_ops.h5,GDNBO_npp_d20140716_t1803247_e1809051_b14079_c20140717000905445471_noaa_ops.h5,SVI04_npp_d20140716_t1803247_e1809051_b14079_c20140717000905432367_noaa_ops.dspace_rad,VNFF_npp_d20140716_t1803247_e1809051_b14079_v21.csv,World_EEZ_v8_2014.shp,WPP_BFAR_merge.shp,KKP_IDN_merge_20161208.shp,VNF-VBD_npp_20120301-20151231_global_asia-enhanced_c201607211230.bitmask,NCEI_NGA.union.nga_lead2.add_2015ntl.mask,timezone.shp,VBD_platforms-recurring_2015_r20170330.shp,999999,VBD_bridges_c20160811.shp,2.701723;0.592520;-1.537733;-6.424739;-11.321091;-16.224911;-21.132078;-19.454973;-16.614069;-11.826628;-7.007390;-2.161976,98.595314;112.244095;125.823792;124.798187;123.864281;123.023224;122.264351;107.621338;93.259468;94.789581;96.172417;97.426979,npp_d20140716_t1803247_e1809051_b14079,152.206,52.8207,23.0459,-80.9341,34.9561,82.2733
1162,VBD_npp_d20140716_t1804398_x1140193E_y042997S_l0683_s2445_v23,2017-05-23 13:08:46,-4.299735,114.019348,39.3388,2014-07-16 18:04:39,2014-07-17 01:04:39,683,2445,0.407371,1,2529,0.86844,0.214648,0.881201,0.4,0.936501,0.75,0.0465214,0.0001,0.0324859,999999,-2.314854e-01,3,Indonesian Exclusive Economic Zone,WPP712,,SVDNB_npp_d20140716_t1803247_e1809051_b14079_c20140717000905445784_noaa_ops.h5,GDNBO_npp_d20140716_t1803247_e1809051_b14079_c20140717000905445471_noaa_ops.h5,SVI04_npp_d20140716_t1803247_e1809051_b14079_c20140717000905432367_noaa_ops.dspace_rad,VNFF_npp_d20140716_t1803247_e1809051_b14079_v21.csv,World_EEZ_v8_2014.shp,WPP_BFAR_merge.shp,KKP_IDN_merge_20161208.shp,VNF-VBD_npp_20120301-20151231_global_asia-enhanced_c201607211230.bitmask,NCEI_NGA.union.nga_lead2.add_2015ntl.mask,timezone.shp,VBD_platforms-recurring_2015_r20170330.shp,999999,VBD_bridges_c20160811.shp,2.701723;0.592520;-1.537733;-6.424739;-11.321091;-16.224911;-21.132078;-19.454973;-16.614069;-11.826628;-7.007390;-2.161976,98.595314;112.244095;125.823792;124.798187;123.864281;123.023224;122.264351;107.621338;93.259468;94.789581;96.172417;97.426979,npp_d20140716_t1803247_e1809051_b14079,151.437,51.4553,23.0965,-80.8986,34.6603,83.7536
1163,VBD_npp_d20140716_t1804558_x1138094E_y052535S_l0829_s2445_v23,2017-05-23 13:08:46,-5.253540,113.809441,13.4135,2014-07-16 18:04:55,2014-07-17 01:04:55,829,2445,0.405272,8,18913,0.577054,0.22969,0.915536,0.4,0.898368,0.75,0.0462886,0.0001,0.0312545,999999,-3.504877e-01,3,Indonesian Exclusive Economic Zone,WPP712,,SVDNB_npp_d20140716_t1803247_e1809051_b14079_c20140717000905445784_noaa_ops.h5,GDNBO_npp_d20140716_t1803247_e1809051_b14079_c20140717000905445471_noaa_ops.h5,SVI04_npp_d20140716_t1803247_e1809051_b14079_c20140717000905432367_noaa_ops.dspace_rad,VNFF_npp_d20140716_t1803247_e1809051_b14079_v21.csv,World_EEZ_v8_2014.shp,WPP_BFAR_merge.shp,KKP_IDN_merge_20161208.shp,VNF-VBD_npp_20120301-20151231_global_asia-enhanced_c201607211230.bitmask,NCEI_NGA.union.nga_lead2.add_2015ntl.mask,timezone.shp,VBD_platforms-recurring_2015_r20170330.shp,0.588105,VBD_bridges_c20160811.shp,2.701723;0.592520;-1.537733;-6.424739;-11.321091;-16.224911;-21.132078;-19.454973;-16.614069;-11.826628;-7.007390;-2.161976,98.595314;112.244095;125.823792;124.798187;123.864281;123.023224;122.264351;107.621338;93.259468;94.789581;96.172417;97.426979,npp_d20140716_t1803247_e1809051_b14079,152.135,52.7062,23.0989,-80.6569,34.9231,82.3981
1164,VBD_npp_d20140716_t1805314_x1133641E_y072902S_l1141_s2446_v23,2017-05-23 13:08:46,-7.290214,113.364128,79.9315,2014-07-16 18:05:31,2014-07-17 01:05:31,1141,2446,0.43201,4,100837,1.22567,0.119507,0.903421,0.4,0.968781,0.75,0.0458955,0.0001,0.0295123,999999,6.603966e-01,3,Indonesian Exclusive Economic Zone,WPP712,,SVDNB_npp_d20140716_t1803247_e1809051_b14079_c20140717000905445784_noaa_ops.h5,GDNBO_npp_d20140716_t1803247_e1809051_b14079_c20140717000905445471_noaa_ops.h5,SVI04_npp_d20140716_t1803247_e1809051_b14079_c20140717000905432367_noaa_ops.dspace_rad,VNFF_npp_d20140716_t1803247_e1809051_b14079_v21.csv,World_EEZ_v8_2014.shp,WPP_BFAR_merge.shp,KKP_IDN_merge_20161208.shp,VNF-VBD_npp_20120301-20151231_global_asia-enhanced_c201607211230.bitmask,NCEI_NGA.union.nga_lead2.add_2015ntl.mask,timezone.shp,VBD_platforms-recurring_2015_r20170330.shp,999999,VBD_bridges_c20160811.shp,2.701723;0.592520;-1.537733;-6.424739;-11.321091;-16.224911;-21.132078;-19.454973;-16.614069;-11.826628;-7.007390;-2.161976,98.595314;112.244095;125.823792;124.798187;123.864281;123.023224;122.264351;107.621338;93.259468;94.789581;96.172417;97.426979,npp_d20140716_t1803247_e1809051_b14079,153.568,55.622,23.1554,-81.8473,35.5482,79.5865
1165,VBD_npp_d20140716_t1804576_x1138086E_y053062S_l0837_s2447_v23,2017-05-23 13:08:46,-5.306168,113.808601,24.7475,2014-07-16 18:04:57,2014-07-17 01:04:57,837,2447,0.4082,1,2529,0.775302,0.201444,0.942799,0.4,0.929525,0.75,0.0462847,0.0001,0.0319815,999999,-1.270199e-01,3,Indonesian Exclusive Economic Zone,WPP712,,SVDNB_npp_d20140716_t1803247_e1809051_b14079_c20140717000905445784_noaa_ops.h5,GDNBO_npp_d20140716_t1803247_e1809051_b14079_c20140717000905445471_noaa_ops.h5,SVI04_npp_d20140716_t1803247_e1809051_b14079_c20140717000905432367_noaa_ops.dspace_rad,VNFF_npp_d20140716_t1803247_e1809051_b14079_v21.csv,World_EEZ_v8_2014.shp,WPP_BFAR_merge.shp,KKP_IDN_merge_20161208.shp,VNF-VBD_npp_20120301-20151231_global_asia-enhanced_c201607211230.bitmask,NCEI_NGA.union.nga_lead2.add_2015ntl.mask,timezone.shp,VBD_platforms-recurring_2015_r20170330.shp,999999,VBD_bridges_c20160811.shp,2.701723;0.592520;-1.537733;-6.424739;-11.321091;-16.224911;-21.132078;-19.454973;-16.614069;-11.826628;-7.007390;-2.161976,98.595314;112.244095;125.823792;124.798187;123.864281;123.023224;122.264351;107.621338;93.259468;94.789581;96.172417;97.426979,npp_d20140716_t1803247_e1809051_b14079,152.162,52.7924,23.2049,-81.7759,34.9239,82.3198
1166,VBD_npp_d20140716_t1804398_x1140412E_y042962S_l0682_s2448_v23,2017-05-23 13:08:46,-4.296176,114.041153,55.4656,2014-07-16 18:04:39,2014-07-17 01:04:39,682,2448,0.331852,1,2529,0.970536,0.207392,0.87699,0.4,0.937574,0.75,0.046537,0.0001,0.0328308,999999,-1.740802e-01,3,Indonesian Exclusive Economic Zone,WPP712,,SVDNB_npp_d20140716_t1803247_e1809051_b14079_c20140717000905445784_noaa_ops.h5,GDNBO_npp_d20140716_t1803247_e1809051_b14079_c20140717000905445471_noaa_ops.h5,SVI04_npp_d20140716_t1803247_e1809051_b14079_c20140717000905432367_noaa_ops.dspace_rad,VNFF_npp_d20140716_t1803247_e1809051_b14079_v21.csv,World_EEZ_v8_2014.shp,WPP_BFAR_merge.shp,KKP_IDN_merge_20161208.shp,VNF-VBD_npp_20120301-20151231_global_asia-enhanced_c201607211230.bitmask,NCEI_NGA.union.nga_lead2.add_2015ntl.mask,timezone.shp,VBD_platforms-recurring_2015_r20170330.shp,999999,VBD_bridges_c20160811.shp,2.701723;0.592520;-1.537733;-6.424739;-11.321091;-16.224911;-21.132078;-19.454973;-16.614069;-11.826628;-7.007390;-2.161976,98.595314;112.244095;125.823792;124.798187;123.864281;123.023224;122.264351;107.621338;93.259468;94.789581;96.172417;97.426979,npp_d20140716_t1803247_e1809051_b14079,151.417,51.4734,23.2547,-81.0423,34.638,83.7537
1167,VBD_npp_d20140716_t1804362_x1140924E_y041012S_l0652_s2449_v23,2017-05-23 13:08:46,-4.101218,114.092384,46.0123,2014-07-16 18:04:36,2014-07-17 01:04:36,652,2449,0.392069,1,2529,1.00945,0.206618,0.921444,0.4,0.960966,0.75,0.0465868,0.0001,0.0329954,999999,-1.679572e-01,3,Indonesian Exclusive Economic Zone,WPP712,,SVDNB_npp_d20140716_t1803247_e1809051_b14079_c20140717000905445784_noaa_ops.h5,GDNBO_npp_d20140716_t1803247_e1809051_b14079_c20140717000905445471_noaa_ops.h5,SVI04_npp_d20140716_t1803247_e1809051_b14079_c20140717000905432367_noaa_ops.dspace_rad,VNFF_npp_d20140716_t1803247_e1809051_b14079_v21.csv,World_EEZ_v8_2014.shp,WPP_BFAR_merge.shp,KKP_IDN_merge_20161208.shp,VNF-VBD_npp_20120301-20151231_global_asia-enhanced_c201607211230.bitmask,NCEI_NGA.union.nga_lead2.add_2015ntl.mask,timezone.shp,VBD_platforms-recurring_2015_r20170330.shp,999999,VBD_bridges_c20160811.shp,2.701723;0.592520;-1.537733;-6.424739;-11.321091;-16.224911;-21.132078;-19.454973;-16.614069;-11.826628;-7.007390;-2.161976,98.595314;112.244095;125.823792;124.798187;123.864281;123.023224;122.264351;107.621338;93.259468;94.789581;96.172417;97.426979,npp_d20140716_t1803247_e1809051_b14079,151.267,51.2336,23.308,-80.7707,34.5798,84.0324
1168,VBD_npp_d20140716_t1804558_x1138371E_y052571S_l0829_s2449_v23,2017-05-23 13:08:46,-5.257051,113.837067,47.6516,2014-07-16 18:04:55,2014-07-17 01:04:55,829,2449,0.412122,1,2529,1.04069,0.154481,0.929456,0.4,0.963483,0.75,0.0463074,0.0001,0.0315989,999999,2.445181e-01,3,Indonesian Exclusive Economic Zone,WPP712,,SVDNB_npp_d20140716_t1803247_e1809051_b14079_c20140717000905445784_noaa_ops.h5,GDNBO_npp_d20140716_t1803247_e1809051_b14079_c20140717000905445471_noaa_ops.h5,SVI04_npp_d20140716_t1803247_e1809051_b14079_c20140717000905432367_noaa_ops.dspace_rad,VNFF_npp_d20140716_t1803247_e1809051_b14079_v21.csv,World_EEZ_v8_2014.shp,WPP_BFAR_merge.shp,KKP_IDN_merge_20161208.shp,VNF-VBD_npp_20120301-20151231_global_asia-enhanced_c201607211230.bitmask,NCEI_NGA.union.nga_lead2.add_2015ntl.mask,timezone.shp,VBD_platforms-recurring_2015_r20170330.shp,999999,VBD_bridges_c20160811.shp,2.701723;0.592520;-1.537733;-6.424739;-11.321091;-16.224911;-21.132078;-19.454973;-16.614069;-11.826628;-7.007390;-2.161976,98.595314;112.244095;125.823792;124.798187;123.864281;123.023224;122.264351;107.621338;93.259468;94.789581;96.172417;97.426979,npp_d20140716_t1803247_e1809051_b14079,152.116,52.7405,23.3082,-80.6813,34.8959,82.3851
1169,VBD_npp_d20140716_t1804415_x1140336E_y043891S_l0696_s2450_v23,2017-05-23 13:08:46,-4.389061,114.033638,51.0431,2014-07-16 18:04:41,2014-07-17 01:04:41,696,2450,0.405051,1,2529,1.02401,0.18534,0.892996,0.4,0.947185,0.75,0.0465253,0.0001,0.0330496,999999,3.845054e-04,3,Indonesian Exclusive Economic Zone,WPP712,,SVDNB_npp_d20140716_t1803247_e1809051_b14079_c20140717000905445784_noaa_ops.h5,GDNBO_npp_d20140716_t1803247_e1809051_b14079_c20140717000905445471_noaa_ops.h5,SVI04_npp_d20140716_t1803247_e1809051_b14079_c20140717000905432367_noaa_ops.dspace_rad,VNFF_npp_d20140716_t1803247_e1809051_b14079_v21.csv,World_EEZ_v8_2014.shp,WPP_BFAR_merge.shp,KKP_IDN_merge_20161208.shp,VNF-VBD_npp_20120301-20151231_global_asia-enhanced_c201607211230.bitmask,NCEI_NGA.union.nga_lead2.add_2015ntl.mask,timezone.shp,VBD_platforms-recurring_2015_r20170330.shp,999999,VBD_bridges_c20160811.shp,2.701723;0.592520;-1.537733;-6.424739;-11.321091;-16.224911;-21.132078;-19.454973;-16.614069;-11.826628;-7.007390;-2.161976,98.595314;112.244095;125.823792;124.798187;123.864281;123.023224;122.264351;107.621338;93.259468;94.789581;96.172417;97.426979,npp_d20140716_t1803247_e1809051_b14079,151.475,51.6069,23.3574,-81.3283,34.6487,83.6172
1170,VBD_npp_d20140716_t1804380_x1140910E_y041479S_l0659_s2451_v23,2017-05-23 13:08:46,-4.147852,114.091019,49.7047,2014-07-16 18:04:38,2014-07-17 01:04:38,659,2451,0.410631,1,2529,1.0522,0.177461,0.902719,0.4,0.965156,0.75,0.0465857,0.0001,0.0337426,999999,6.271288e-02,3,Indonesian Exclusive Economic Zone,WPP712,,SVDNB_npp_d20140716_t1803247_e1809051_b14079_c20140717000905445784_noaa_ops.h5,GDNBO_npp_d20140716_t1803247_e1809051_b14079_c20140717000905445471_noaa_ops.h5,SVI04_npp_d20140716_t1803247_e1809051_b14079_c20140717000905432367_noaa_ops.dspace_rad,VNFF_npp_d20140716_t1803247_e1809051_b14079_v21.csv,World_EEZ_v8_2014.shp,WPP_BFAR_merge.shp,KKP_IDN_merge_20161208.shp,VNF-VBD_npp_20120301-20151231_global_asia-enhanced_c201607211230.bitmask,NCEI_NGA.union.nga_lead2.add_2015ntl.mask,timezone.shp,VBD_platforms-recurring_2015_r20170330.shp,999999,VBD_bridges_c20160811.shp,2.701723;0.592520;-1.537733;-6.424739;-11.321091;-16.224911;-21.132078;-19.454973;-16.614069;-11.826628;-7.007390;-2.161976,98.595314;112.244095;125.823792;124.798187;123.864281;123.023224;122.264351;107.621338;93.259468;94.789581;96.172417;97.426979,npp_d20140716_t1803247_e1809051_b14079,151.292,51.3065,23.4051,-81.9963,34.5789,83.9622
1171,VBD_npp_d20140716_t1804558_x1138541E_y052326S_l0825_s2451_v23,2017-05-23 13:08:46,-5.232565,113.854103,52.9358,2014-07-16 18:04:55,2014-07-17 01:04:55,825,2451,0.409195,1,2529,1.06002,0.183989,0.934271,0.4,0.96368,0.75,0.0463234,0.0001,0.0320932,999999,1.106660e-02,3,Indonesian Exclusive Economic Zone,WPP712,,SVDNB_npp_d20140716_t1803247_e1809051_b14079_c20140717000905445784_noaa_ops.h5,GDNBO_npp_d20140716_t1803247_e1809051_b14079_c20140717000905445471_noaa_ops.h5,SVI04_npp_d20140716_t1803247_e1809051_b14079_c20140717000905432367_noaa_ops.dspace_rad,VNFF_npp_d20140716_t1803247_e1809051_b14079_v21.csv,World_EEZ_v8_2014.shp,WPP_BFAR_merge.shp,KKP_IDN_merge_20161208.shp,VNF-VBD_npp_20120301-20151231_global_asia-enhanced_c201607211230.bitmask,NCEI_NGA.union.nga_lead2.add_2015ntl.mask,timezone.shp,VBD_platforms-recurring_2015_r20170330.shp,999999,VBD_bridges_c20160811.shp,2.701723;0.592520;-1.537733;-6.424739;-11.321091;-16.224911;-21.132078;-19.454973;-16.614069;-11.826628;-7.007390;-2.161976,98.595314;112.244095;125.823792;124.798187;123.864281;123.023224;122.264351;107.621338;93.259468;94.789581;96.172417;97.426979,npp_d20140716_t1803247_e1809051_b14079,152.087,52.7215,23.4056,-81.225,34.8756,82.4158
1172,VBD_npp_d20140716_t1804576_x1138331E_y053241S_l0839_s2451_v23,2017-05-23 13:08:46,-5.324060,113.833099,55.8456,2014-07-16 18:04:57,2014-07-17 01:04:57,839,2451,0.406488,1,2529,1.04434,0.225276,0.946225,0.4,0.956985,0.75,0.0463002,0.0001,0.0321363,999999,-3.155636e-01,3,Indonesian Exclusive Economic Zone,WPP712,,SVDNB_npp_d20140716_t1803247_e1809051_b14079_c20140717000905445784_noaa_ops.h5,GDNBO_npp_d20140716_t1803247_e1809051_b14079_c20140717000905445471_noaa_ops.h5,SVI04_npp_d20140716_t1803247_e1809051_b14079_c20140717000905432367_noaa_ops.dspace_rad,VNFF_npp_d20140716_t1803247_e1809051_b14079_v21.csv,World_EEZ_v8_2014.shp,WPP_BFAR_merge.shp,KKP_IDN_merge_20161208.shp,VNF-VBD_npp_20120301-20151231_global_asia-enhanced_c201607211230.bitmask,NCEI_NGA.union.nga_lead2.add_2015ntl.mask,timezone.shp,VBD_platforms-recurring_2015_r20170330.shp,999999,VBD_bridges_c20160811.shp,2.701723;0.592520;-1.537733;-6.424739;-11.321091;-16.224911;-21.132078;-19.454973;-16.614069;-11.826628;-7.007390;-2.161976,98.595314;112.244095;125.823792;124.798187;123.864281;123.023224;122.264351;107.621338;93.259468;94.789581;96.172417;97.426979,npp_d20140716_t1803247_e1809051_b14079,152.153,52.845,23.4065,-81.4936,34.9018,82.2868
1173,VBD_npp_d20140716_t1804576_x1138426E_y053052S_l0836_s2452_v23,2017-05-23 13:08:46,-5.305175,113.842644,59.4968,2014-07-16 18:04:57,2014-07-17 01:04:57,836,2452,0.407592,1,2529,1.09628,0.226517,0.945333,0.4,0.961455,0.75,0.0463098,0.0001,0.0324658,999999,-3.253836e-01,3,Indonesian Exclusive Economic Zone,WPP712,,SVDNB_npp_d20140716_t1803247_e1809051_b14079_c20140717000905445784_noaa_ops.h5,GDNBO_npp_d20140716_t1803247_e1809051_b14079_c20140717000905445471_noaa_ops.h5,SVI04_npp_d20140716_t1803247_e1809051_b14079_c20140717000905432367_noaa_ops.dspace_rad,VNFF_npp_d20140716_t1803247_e1809051_b14079_v21.csv,World_EEZ_v8_2014.shp,WPP_BFAR_merge.shp,KKP_IDN_merge_20161208.shp,VNF-VBD_npp_20120301-20151231_global_asia-enhanced_c201607211230.bitmask,NCEI_NGA.union.nga_lead2.add_2015ntl.mask,timezone.shp,VBD_platforms-recurring_2015_r20170330.shp,999999,VBD_bridges_c20160811.shp,2.701723;0.592520;-1.537733;-6.424739;-11.321091;-16.224911;-21.132078;-19.454973;-16.614069;-11.826628;-7.007390;-2.161976,98.595314;112.244095;125.823792;124.798187;123.864281;123.023224;122.264351;107.621338;93.259468;94.789581;96.172417;97.426979,npp_d20140716_t1803247_e1809051_b14079,152.134,52.8265,23.4569,-81.8979,34.8897,82.3115
1174,VBD_npp_d20140716_t1804576_x1138390E_y053724S_l0846_s2453_v23,2017-05-23 13:08:46,-5.372446,113.838951,51.4254,2014-07-16 18:04:57,2014-07-17 01:04:57,846,2453,0.410355,1,2529,1.0428,0.16992,0.938881,0.4,0.953379,0.75,0.0462979,0.0001,0.0316978,999999,1.223780e-01,3,Indonesian Exclusive Economic Zone,WPP712,,SVDNB_npp_d20140716_t1803247_e1809051_b14079_c20140717000905445784_noaa_ops.h5,GDNBO_npp_d20140716_t1803247_e1809051_b14079_c20140717000905445471_noaa_ops.h5,SVI04_npp_d20140716_t1803247_e1809051_b14079_c20140717000905432367_noaa_ops.dspace_rad,VNFF_npp_d20140716_t1803247_e1809051_b14079_v21.csv,World_EEZ_v8_2014.shp,WPP_BFAR_merge.shp,KKP_IDN_merge_20161208.shp,VNF-VBD_npp_20120301-20151231_global_asia-enhanced_c201607211230.bitmask,NCEI_NGA.union.nga_lead2.add_2015ntl.mask,timezone.shp,VBD_platforms-recurring_2015_r20170330.shp,999999,VBD_bridges_c20160811.shp,2.701723;0.592520;-1.537733;-6.424739;-11.321091;-16.224911;-21.132078;-19.454973;-16.614069;-11.826628;-7.007390;-2.161976,98.595314;112.244095;125.823792;124.798187;123.864281;123.023224;122.264351;107.621338;93.259468;94.789581;96.172417;97.426979,npp_d20140716_t1803247_e1809051_b14079,152.178,52.9242,23.5064,-80.554,34.9026,82.2149
1175,VBD_npp_d20140716_t1804415_x1140575E_y044063S_l0698_s2454_v23,2017-05-23 13:08:46,-4.406315,114.057518,80.0779,2014-07-16 18:04:41,2014-07-17 01:04:41,698,2454,0.382235,1,2529,1.11519,0.222712,0.905536,0.4,0.967349,0.75,0.0465409,0.0001,0.0332155,999999,-2.952768e-01,3,Indonesian Exclusive Economic Zone,WPP712,,SVDNB_npp_d20140716_t1803247_e1809051_b14079_c20140717000905445784_noaa_ops.h5,GDNBO_npp_d20140716_t1803247_e1809051_b14079_c20140717000905445471_noaa_ops.h5,SVI04_npp_d20140716_t1803247_e1809051_b14079_c20140717000905432367_noaa_ops.dspace_rad,VNFF_npp_d20140716_t1803247_e1809051_b14079_v21.csv,World_EEZ_v8_2014.shp,WPP_BFAR_merge.shp,KKP_IDN_merge_20161208.shp,VNF-VBD_npp_20120301-20151231_global_asia-enhanced_c201607211230.bitmask,NCEI_NGA.union.nga_lead2.add_2015ntl.mask,timezone.shp,VBD_platforms-recurring_2015_r20170330.shp,999999,VBD_bridges_c20160811.shp,2.701723;0.592520;-1.537733;-6.424739;-11.321091;-16.224911;-21.132078;-19.454973;-16.614069;-11.826628;-7.007390;-2.161976,98.595314;112.244095;125.823792;124.798187;123.864281;123.023224;122.264351;107.621338;93.259468;94.789581;96.172417;97.426979,npp_d20140716_t1803247_e1809051_b14079,151.467,51.6572,23.5544,-81.0625,34.6267,83.5861
1176,VBD_npp_d20140716_t1804558_x1138665E_y052820S_l0832_s2454_v23,2017-05-23 13:08:46,-5.281973,113.866455,25.2825,2014-07-16 18:04:55,2014-07-17 01:04:55,832,2454,0.412454,1,2529,0.786613,0.160399,0.936678,0.4,0.934645,0.75,0.0463259,0.0001,0.0317308,999999,1.976993e-01,3,Indonesian Exclusive Economic Zone,WPP712,,SVDNB_npp_d20140716_t1803247_e1809051_b14079_c20140717000905445784_noaa_ops.h5,GDNBO_npp_d20140716_t1803247_e1809051_b14079_c20140717000905445471_noaa_ops.h5,SVI04_npp_d20140716_t1803247_e1809051_b14079_c20140717000905432367_noaa_ops.dspace_rad,VNFF_npp_d20140716_t1803247_e1809051_b14079_v21.csv,World_EEZ_v8_2014.shp,WPP_BFAR_merge.shp,KKP_IDN_merge_20161208.shp,VNF-VBD_npp_20120301-20151231_global_asia-enhanced_c201607211230.bitmask,NCEI_NGA.union.nga_lead2.add_2015ntl.mask,timezone.shp,VBD_platforms-recurring_2015_r20170330.shp,999999,VBD_bridges_c20160811.shp,2.701723;0.592520;-1.537733;-6.424739;-11.321091;-16.224911;-21.132078;-19.454973;-16.614069;-11.826628;-7.007390;-2.161976,98.595314;112.244095;125.823792;124.798187;123.864281;123.023224;122.264351;107.621338;93.259468;94.789581;96.172417;97.426979,npp_d20140716_t1803247_e1809051_b14079,152.107,52.8088,23.5565,-80.2892,34.8699,82.3405
1177,VBD_npp_d20140716_t1804576_x1138485E_y053536S_l0843_s2454_v23,2017-05-23 13:08:46,-5.353563,113.848503,41.2116,2014-07-16 18:04:57,2014-07-17 01:04:57,843,2454,0.408918,1,2529,0.947387,0.178275,0.938881,0.4,0.952254,0.75,0.0463076,0.0001,0.0320334,999999,5.627491e-02,3,Indonesian Exclusive Economic Zone,WPP712,,SVDNB_npp_d20140716_t1803247_e1809051_b14079_c20140717000905445784_noaa_ops.h5,GDNBO_npp_d20140716_t1803247_e1809051_b14079_c20140717000905445471_noaa_ops.h5,SVI04_npp_d20140716_t1803247_e1809051_b14079_c20140717000905432367_noaa_ops.dspace_rad,VNFF_npp_d20140716_t1803247_e1809051_b14079_v21.csv,World_EEZ_v8_2014.shp,WPP_BFAR_merge.shp,KKP_IDN_merge_20161208.shp,VNF-VBD_npp_20120301-20151231_global_asia-enhanced_c201607211230.bitmask,NCEI_NGA.union.nga_lead2.add_2015ntl.mask,timezone.shp,VBD_platforms-recurring_2015_r20170330.shp,999999,VBD_bridges_c20160811.shp,2.701723;0.592520;-1.537733;-6.424739;-11.321091;-16.224911;-21.132078;-19.454973;-16.614069;-11.826628;-7.007390;-2.161976,98.595314;112.244095;125.823792;124.798187;123.864281;123.023224;122.264351;107.621338;93.259468;94.789581;96.172417;97.426979,npp_d20140716_t1803247_e1809051_b14079,152.159,52.9057,23.5543,-80.9586,34.8904,82.2395
1178,VBD_npp_d20140716_t1804362_x1141398E_y040950S_l0650_s2456_v23,2017-05-23 13:08:46,-4.095019,114.139786,76.0625,2014-07-16 18:04:36,2014-07-17 01:04:36,650,2456,0.409471,1,2529,1.19523,0.178134,0.904032,0.4,0.968224,0.75,0.0466227,0.0001,0.0337261,999999,5.739322e-02,3,Indonesian Exclusive Economic Zone,WPP712,,SVDNB_npp_d20140716_t1803247_e1809051_b14079_c20140717000905445784_noaa_ops.h5,GDNBO_npp_d20140716_t1803247_e1809051_b14079_c20140717000905445471_noaa_ops.h5,SVI04_npp_d20140716_t1803247_e1809051_b14079_c20140717000905432367_noaa_ops.dspace_rad,VNFF_npp_d20140716_t1803247_e1809051_b14079_v21.csv,World_EEZ_v8_2014.shp,WPP_BFAR_merge.shp,KKP_IDN_merge_20161208.shp,VNF-VBD_npp_20120301-20151231_global_asia-enhanced_c201607211230.bitmask,NCEI_NGA.union.nga_lead2.add_2015ntl.mask,timezone.shp,VBD_platforms-recurring_2015_r20170330.shp,999999,VBD_bridges_c20160811.shp,2.701723;0.592520;-1.537733;-6.424739;-11.321091;-16.224911;-21.132078;-19.454973;-16.614069;-11.826628;-7.007390;-2.161976,98.595314;112.244095;125.823792;124.798187;123.864281;123.023224;122.264351;107.621338;93.259468;94.789581;96.172417;97.426979,npp_d20140716_t1803247_e1809051_b14079,151.227,51.2754,23.6522,-81.0492,34.5314,84.0309
1179,VBD_npp_d20140716_t1804558_x1138917E_y052044S_l0820_s2456_v23,2017-05-23 13:08:46,-5.204387,113.891693,66.3716,2014-07-16 18:04:55,2014-07-17 01:04:55,820,2456,0.408421,1,2529,1.13948,0.189454,0.937724,0.4,0.968547,0.75,0.0463553,0.0001,0.0329081,999999,-3.216290e-02,3,Indonesian Exclusive Economic Zone,WPP712,,SVDNB_npp_d20140716_t1803247_e1809051_b14079_c20140717000905445784_noaa_ops.h5,GDNBO_npp_d20140716_t1803247_e1809051_b14079_c20140717000905445471_noaa_ops.h5,SVI04_npp_d20140716_t1803247_e1809051_b14079_c20140717000905432367_noaa_ops.dspace_rad,VNFF_npp_d20140716_t1803247_e1809051_b14079_v21.csv,World_EEZ_v8_2014.shp,WPP_BFAR_merge.shp,KKP_IDN_merge_20161208.shp,VNF-VBD_npp_20120301-20151231_global_asia-enhanced_c201607211230.bitmask,NCEI_NGA.union.nga_lead2.add_2015ntl.mask,timezone.shp,VBD_platforms-recurring_2015_r20170330.shp,999999,VBD_bridges_c20160811.shp,2.701723;0.592520;-1.537733;-6.424739;-11.321091;-16.224911;-21.132078;-19.454973;-16.614069;-11.826628;-7.007390;-2.161976,98.595314;112.244095;125.823792;124.798187;123.864281;123.023224;122.264351;107.621338;93.259468;94.789581;96.172417;97.426979,npp_d20140716_t1803247_e1809051_b14079,152.04,52.7186,23.6533,-81.8976,34.8342,82.4461
1180,VBD_npp_d20140716_t1804576_x1138721E_y053300S_l0839_s2457_v23,2017-05-23 13:08:46,-5.330026,113.872108,58.9345,2014-07-16 18:04:57,2014-07-17 01:04:57,839,2457,0.407371,1,2529,1.07773,0.202135,0.942699,0.4,0.960411,0.75,0.0463284,0.0001,0.0326094,999999,-1.324872e-01,3,Indonesian Exclusive Economic Zone,WPP712,,SVDNB_npp_d20140716_t1803247_e1809051_b14079_c20140717000905445784_noaa_ops.h5,GDNBO_npp_d20140716_t1803247_e1809051_b14079_c20140717000905445471_noaa_ops.h5,SVI04_npp_d20140716_t1803247_e1809051_b14079_c20140717000905432367_noaa_ops.dspace_rad,VNFF_npp_d20140716_t1803247_e1809051_b14079_v21.csv,World_EEZ_v8_2014.shp,WPP_BFAR_merge.shp,KKP_IDN_merge_20161208.shp,VNF-VBD_npp_20120301-20151231_global_asia-enhanced_c201607211230.bitmask,NCEI_NGA.union.nga_lead2.add_2015ntl.mask,timezone.shp,VBD_platforms-recurring_2015_r20170330.shp,999999,VBD_bridges_c20160811.shp,2.701723;0.592520;-1.537733;-6.424739;-11.321091;-16.224911;-21.132078;-19.454973;-16.614069;-11.826628;-7.007390;-2.161976,98.595314;112.244095;125.823792;124.798187;123.864281;123.023224;122.264351;107.621338;93.259468;94.789581;96.172417;97.426979,npp_d20140716_t1803247_e1809051_b14079,152.126,52.8948,23.702,-81.4963,34.8636,82.2669
1181,VBD_npp_d20140716_t1804576_x1138670E_y053632S_l0844_s2457_v23,2017-05-23 13:08:46,-5.363212,113.867012,40.652,2014-07-16 18:04:57,2014-07-17 01:04:57,844,2457,0.409581,8,18913,0.953299,0.174631,0.93758,0.4,0.954816,0.75,0.0463201,0.0001,0.03218,999999,8.510176e-02,3,Indonesian Exclusive Economic Zone,WPP712,,SVDNB_npp_d20140716_t1803247_e1809051_b14079_c20140717000905445784_noaa_ops.h5,GDNBO_npp_d20140716_t1803247_e1809051_b14079_c20140717000905445471_noaa_ops.h5,SVI04_npp_d20140716_t1803247_e1809051_b14079_c20140717000905432367_noaa_ops.dspace_rad,VNFF_npp_d20140716_t1803247_e1809051_b14079_v21.csv,World_EEZ_v8_2014.shp,WPP_BFAR_merge.shp,KKP_IDN_merge_20161208.shp,VNF-VBD_npp_20120301-20151231_global_asia-enhanced_c201607211230.bitmask,NCEI_NGA.union.nga_lead2.add_2015ntl.mask,timezone.shp,VBD_platforms-recurring_2015_r20170330.shp,0.430399,VBD_bridges_c20160811.shp,2.701723;0.592520;-1.537733;-6.424739;-11.321091;-16.224911;-21.132078;-19.454973;-16.614069;-11.826628;-7.007390;-2.161976,98.595314;112.244095;125.823792;124.798187;123.864281;123.023224;122.264351;107.621338;93.259468;94.789581;96.172417;97.426979,npp_d20140716_t1803247_e1809051_b14079,152.15,52.9396,23.7024,-80.8298,34.8732,82.2202
1182,VBD_npp_d20140716_t1804593_x1138654E_y054164S_l0852_s2459_v23,2017-05-23 13:08:46,-5.416371,113.865402,56.1132,2014-07-16 18:04:59,2014-07-17 01:04:59,852,2459,0.410852,1,2529,1.10408,0.163358,0.903486,0.4,0.965992,0.75,0.0463162,0.0001,0.0329033,999999,1.742883e-01,3,Indonesian Exclusive Economic Zone,WPP712,,SVDNB_npp_d20140716_t1803247_e1809051_b14079_c20140717000905445784_noaa_ops.h5,GDNBO_npp_d20140716_t1803247_e1809051_b14079_c20140717000905445471_noaa_ops.h5,SVI04_npp_d20140716_t1803247_e1809051_b14079_c20140717000905432367_noaa_ops.dspace_rad,VNFF_npp_d20140716_t1803247_e1809051_b14079_v21.csv,World_EEZ_v8_2014.shp,WPP_BFAR_merge.shp,KKP_IDN_merge_20161208.shp,VNF-VBD_npp_20120301-20151231_global_asia-enhanced_c201607211230.bitmask,NCEI_NGA.union.nga_lead2.add_2015ntl.mask,timezone.shp,VBD_platforms-recurring_2015_r20170330.shp,999999,VBD_bridges_c20160811.shp,2.701723;0.592520;-1.537733;-6.424739;-11.321091;-16.224911;-21.132078;-19.454973;-16.614069;-11.826628;-7.007390;-2.161976,98.595314;112.244095;125.823792;124.798187;123.864281;123.023224;122.264351;107.621338;93.259468;94.789581;96.172417;97.426979,npp_d20140716_t1803247_e1809051_b14079,152.178,53.026,23.8035,-81.9043,34.875,82.1412
1183,VBD_npp_d20140716_t1804558_x1139127E_y052416S_l0825_s2460_v23,2017-05-23 13:08:46,-5.241565,113.912666,69.1406,2014-07-16 18:04:55,2014-07-17 01:04:55,825,2460,0.41146,1,2529,1.17708,0.161907,0.938931,0.4,0.972108,0.75,0.0463657,0.0001,0.0327998,999999,1.857671e-01,3,Indonesian Exclusive Economic Zone,WPP712,,SVDNB_npp_d20140716_t1803247_e1809051_b14079_c20140717000905445784_noaa_ops.h5,GDNBO_npp_d20140716_t1803247_e1809051_b14079_c20140717000905445471_noaa_ops.h5,SVI04_npp_d20140716_t1803247_e1809051_b14079_c20140717000905432367_noaa_ops.dspace_rad,VNFF_npp_d20140716_t1803247_e1809051_b14079_v21.csv,World_EEZ_v8_2014.shp,WPP_BFAR_merge.shp,KKP_IDN_merge_20161208.shp,VNF-VBD_npp_20120301-20151231_global_asia-enhanced_c201607211230.bitmask,NCEI_NGA.union.nga_lead2.add_2015ntl.mask,timezone.shp,VBD_platforms-recurring_2015_r20170330.shp,999999,VBD_bridges_c20160811.shp,2.701723;0.592520;-1.537733;-6.424739;-11.321091;-16.224911;-21.132078;-19.454973;-16.614069;-11.826628;-7.007390;-2.161976,98.595314;112.244095;125.823792;124.798187;123.864281;123.023224;122.264351;107.621338;93.259468;94.789581;96.172417;97.426979,npp_d20140716_t1803247_e1809051_b14079,152.046,52.7963,23.8491,-81.2336,34.8182,82.3861
1184,VBD_npp_d20140716_t1804504_x1139844E_y049559S_l0781_s2461_v23,2017-05-23 13:08:46,-4.955919,113.984352,23.6815,2014-07-16 18:04:50,2014-07-17 01:04:50,781,2461,0.412509,1,2529,0.787381,0.160684,0.876143,0.4,0.937104,0.75,0.0464425,0.0001,0.0329078,999999,1.954468e-01,3,Indonesian Exclusive Economic Zone,WPP712,,SVDNB_npp_d20140716_t1803247_e1809051_b14079_c20140717000905445784_noaa_ops.h5,GDNBO_npp_d20140716_t1803247_e1809051_b14079_c20140717000905445471_noaa_ops.h5,SVI04_npp_d20140716_t1803247_e1809051_b14079_c20140717000905432367_noaa_ops.dspace_rad,VNFF_npp_d20140716_t1803247_e1809051_b14079_v21.csv,World_EEZ_v8_2014.shp,WPP_BFAR_merge.shp,KKP_IDN_merge_20161208.shp,VNF-VBD_npp_20120301-20151231_global_asia-enhanced_c201607211230.bitmask,NCEI_NGA.union.nga_lead2.add_2015ntl.mask,timezone.shp,VBD_platforms-recurring_2015_r20170330.shp,999999,VBD_bridges_c20160811.shp,2.701723;0.592520;-1.537733;-6.424739;-11.321091;-16.224911;-21.132078;-19.454973;-16.614069;-11.826628;-7.007390;-2.161976,98.595314;112.244095;125.823792;124.798187;123.864281;123.023224;122.264351;107.621338;93.259468;94.789581;96.172417;97.426979,npp_d20140716_t1803247_e1809051_b14079,151.834,52.4223,23.8996,-80.6894,34.7304,82.7893
1185,VBD_npp_d20140716_t1804558_x1139263E_y051960S_l0818_s2461_v23,2017-05-23 13:08:46,-5.196050,113.926338,27.011,2014-07-16 18:04:55,2014-07-17 01:04:55,818,2461,0.407427,1,2529,0.80042,0.194553,0.93291,0.4,0.928648,0.75,0.0463821,0.0001,0.0334725,999999,-7.250429e-02,3,Indonesian Exclusive Economic Zone,WPP712,,SVDNB_npp_d20140716_t1803247_e1809051_b14079_c20140717000905445784_noaa_ops.h5,GDNBO_npp_d20140716_t1803247_e1809051_b14079_c20140717000905445471_noaa_ops.h5,SVI04_npp_d20140716_t1803247_e1809051_b14079_c20140717000905432367_noaa_ops.dspace_rad,VNFF_npp_d20140716_t1803247_e1809051_b14079_v21.csv,World_EEZ_v8_2014.shp,WPP_BFAR_merge.shp,KKP_IDN_merge_20161208.shp,VNF-VBD_npp_20120301-20151231_global_asia-enhanced_c201607211230.bitmask,NCEI_NGA.union.nga_lead2.add_2015ntl.mask,timezone.shp,VBD_platforms-recurring_2015_r20170330.shp,999999,VBD_bridges_c20160811.shp,2.701723;0.592520;-1.537733;-6.424739;-11.321091;-16.224911;-21.132078;-19.454973;-16.614069;-11.826628;-7.007390;-2.161976,98.595314;112.244095;125.823792;124.798187;123.864281;123.023224;122.264351;107.621338;93.259468;94.789581;96.172417;97.426979,npp_d20140716_t1803247_e1809051_b14079,152.008,52.7423,23.9011,-82.1604,34.7984,82.4485
1186,VBD_npp_d20140716_t1804540_x1139509E_y051669S_l0813_s2463_v23,2017-05-23 13:08:46,-5.166861,113.950897,74.3168,2014-07-16 18:04:54,2014-07-17 01:04:54,813,2463,0.412178,1,2529,1.17872,0.158283,0.921273,0.4,0.97088,0.75,0.0463998,0.0001,0.0328048,999999,2.144373e-01,3,Indonesian Exclusive Economic Zone,WPP712,,SVDNB_npp_d20140716_t1803247_e1809051_b14079_c20140717000905445784_noaa_ops.h5,GDNBO_npp_d20140716_t1803247_e1809051_b14079_c20140717000905445471_noaa_ops.h5,SVI04_npp_d20140716_t1803247_e1809051_b14079_c20140717000905432367_noaa_ops.dspace_rad,VNFF_npp_d20140716_t1803247_e1809051_b14079_v21.csv,World_EEZ_v8_2014.shp,WPP_BFAR_merge.shp,KKP_IDN_merge_20161208.shp,VNF-VBD_npp_20120301-20151231_global_asia-enhanced_c201607211230.bitmask,NCEI_NGA.union.nga_lead2.add_2015ntl.mask,timezone.shp,VBD_platforms-recurring_2015_r20170330.shp,999999,VBD_bridges_c20160811.shp,2.701723;0.592520;-1.537733;-6.424739;-11.321091;-16.224911;-21.132078;-19.454973;-16.614069;-11.826628;-7.007390;-2.161976,98.595314;112.244095;125.823792;124.798187;123.864281;123.023224;122.264351;107.621338;93.259468;94.789581;96.172417;97.426979,npp_d20140716_t1803247_e1809051_b14079,151.977,52.7165,23.9955,-80.7011,34.777,82.4863
1187,VBD_npp_d20140716_t1804593_x1138858E_y055012S_l0864_s2464_v23,2017-05-23 13:08:46,-5.501165,113.885849,4.40656,2014-07-16 18:04:59,2014-07-17 01:04:59,864,2464,0.410299,2,2465,0.246743,0.166618,0.77399,0.4,0.74028,0.75,0.0463197,0.0001,0.0322363,999999,1.485010e-01,3,Indonesian Exclusive Economic Zone,WPP712,,SVDNB_npp_d20140716_t1803247_e1809051_b14079_c20140717000905445784_noaa_ops.h5,GDNBO_npp_d20140716_t1803247_e1809051_b14079_c20140717000905445471_noaa_ops.h5,SVI04_npp_d20140716_t1803247_e1809051_b14079_c20140717000905432367_noaa_ops.dspace_rad,VNFF_npp_d20140716_t1803247_e1809051_b14079_v21.csv,World_EEZ_v8_2014.shp,WPP_BFAR_merge.shp,KKP_IDN_merge_20161208.shp,VNF-VBD_npp_20120301-20151231_global_asia-enhanced_c201607211230.bitmask,NCEI_NGA.union.nga_lead2.add_2015ntl.mask,timezone.shp,VBD_platforms-recurring_2015_r20170330.shp,999999,VBD_bridges_c20160811.shp,2.701723;0.592520;-1.537733;-6.424739;-11.321091;-16.224911;-21.132078;-19.454973;-16.614069;-11.826628;-7.007390;-2.161976,98.595314;112.244095;125.823792;124.798187;123.864281;123.023224;122.264351;107.621338;93.259468;94.789581;96.172417;97.426979,npp_d20140716_t1803247_e1809051_b14079,152.212,53.1758,24.0516,-80.3249,34.8664,82.012
1188,VBD_npp_d20140716_t1804558_x1139484E_y052266S_l0822_s2465_v23,2017-05-23 13:08:46,-5.226624,113.948425,27.7575,2014-07-16 18:04:55,2014-07-17 01:04:55,822,2465,0.411902,1,2529,0.839079,0.143252,0.935991,0.4,0.94235,0.75,0.0463942,0.0001,0.0334468,999999,3.333522e-01,3,Indonesian Exclusive Economic Zone,WPP712,,SVDNB_npp_d20140716_t1803247_e1809051_b14079_c20140717000905445784_noaa_ops.h5,GDNBO_npp_d20140716_t1803247_e1809051_b14079_c20140717000905445471_noaa_ops.h5,SVI04_npp_d20140716_t1803247_e1809051_b14079_c20140717000905432367_noaa_ops.dspace_rad,VNFF_npp_d20140716_t1803247_e1809051_b14079_v21.csv,World_EEZ_v8_2014.shp,WPP_BFAR_merge.shp,KKP_IDN_merge_20161208.shp,VNF-VBD_npp_20120301-20151231_global_asia-enhanced_c201607211230.bitmask,NCEI_NGA.union.nga_lead2.add_2015ntl.mask,timezone.shp,VBD_platforms-recurring_2015_r20170330.shp,999999,VBD_bridges_c20160811.shp,2.701723;0.592520;-1.537733;-6.424739;-11.321091;-16.224911;-21.132078;-19.454973;-16.614069;-11.826628;-7.007390;-2.161976,98.595314;112.244095;125.823792;124.798187;123.864281;123.023224;122.264351;107.621338;93.259468;94.789581;96.172417;97.426979,npp_d20140716_t1803247_e1809051_b14079,152.009,52.8111,24.096,-81.6321,34.7803,82.3977
1189,VBD_npp_d20140716_t1804487_x1140494E_y047964S_l0756_s2466_v23,2017-05-23 13:08:46,-4.796402,114.049355,11.1314,2014-07-16 18:04:48,2014-07-17 02:04:48,756,2466,0.272409,1,2529,0.420216,0.226856,0.664097,0.4,0.801208,0.75,0.0465056,0.0001,0.0341887,999999,-3.280664e-01,3,Indonesian Exclusive Economic Zone,WPP712,,SVDNB_npp_d20140716_t1803247_e1809051_b14079_c20140717000905445784_noaa_ops.h5,GDNBO_npp_d20140716_t1803247_e1809051_b14079_c20140717000905445471_noaa_ops.h5,SVI04_npp_d20140716_t1803247_e1809051_b14079_c20140717000905432367_noaa_ops.dspace_rad,VNFF_npp_d20140716_t1803247_e1809051_b14079_v21.csv,World_EEZ_v8_2014.shp,WPP_BFAR_merge.shp,KKP_IDN_merge_20161208.shp,VNF-VBD_npp_20120301-20151231_global_asia-enhanced_c201607211230.bitmask,NCEI_NGA.union.nga_lead2.add_2015ntl.mask,timezone.shp,VBD_platforms-recurring_2015_r20170330.shp,999999,VBD_bridges_c20160811.shp,2.701723;0.592520;-1.537733;-6.424739;-11.321091;-16.224911;-21.132078;-19.454973;-16.614069;-11.826628;-7.007390;-2.161976,98.595314;112.244095;125.823792;124.798187;123.864281;123.023224;122.264351;107.621338;93.259468;94.789581;96.172417;97.426979,npp_d20140716_t1803247_e1809051_b14079,151.691,52.2475,24.1463,-81.878,34.6523,83.0075
1190,VBD_npp_d20140716_t1804540_x1139675E_y051899S_l0816_s2466_v23,2017-05-23 13:08:46,-5.189878,113.967484,38.4134,2014-07-16 18:04:54,2014-07-17 02:04:54,816,2466,0.409029,1,2529,0.937536,0.148489,0.933554,0.4,0.95279,0.75,0.0464089,0.0001,0.0327687,999999,2.919259e-01,3,Indonesian Exclusive Economic Zone,WPP712,,SVDNB_npp_d20140716_t1803247_e1809051_b14079_c20140717000905445784_noaa_ops.h5,GDNBO_npp_d20140716_t1803247_e1809051_b14079_c20140717000905445471_noaa_ops.h5,SVI04_npp_d20140716_t1803247_e1809051_b14079_c20140717000905432367_noaa_ops.dspace_rad,VNFF_npp_d20140716_t1803247_e1809051_b14079_v21.csv,World_EEZ_v8_2014.shp,WPP_BFAR_merge.shp,KKP_IDN_merge_20161208.shp,VNF-VBD_npp_20120301-20151231_global_asia-enhanced_c201607211230.bitmask,NCEI_NGA.union.nga_lead2.add_2015ntl.mask,timezone.shp,VBD_platforms-recurring_2015_r20170330.shp,999999,VBD_bridges_c20160811.shp,2.701723;0.592520;-1.537733;-6.424739;-11.321091;-16.224911;-21.132078;-19.454973;-16.614069;-11.826628;-7.007390;-2.161976,98.595314;112.244095;125.823792;124.798187;123.864281;123.023224;122.264351;107.621338;93.259468;94.789581;96.172417;97.426979,npp_d20140716_t1803247_e1809051_b14079,151.977,52.7683,24.1455,-80.314,34.7635,82.448
1191,VBD_npp_d20140716_t1804558_x1139667E_y051953S_l0817_s2467_v23,2017-05-23 13:08:46,-5.195331,113.966660,3.93072,2014-07-16 18:04:55,2014-07-17 02:04:55,817,2467,0.409747,7,2209,0.17751,0.177459,0.920408,0.4,0.579523,0.75,0.046412,0.0001,0.0340306,999999,6.273255e-02,3,,,,SVDNB_npp_d20140716_t1803247_e1809051_b14079_c20140717000905445784_noaa_ops.h5,GDNBO_npp_d20140716_t1803247_e1809051_b14079_c20140717000905445471_noaa_ops.h5,SVI04_npp_d20140716_t1803247_e1809051_b14079_c20140717000905432367_noaa_ops.dspace_rad,VNFF_npp_d20140716_t1803247_e1809051_b14079_v21.csv,World_EEZ_v8_2014.shp,WPP_BFAR_merge.shp,KKP_IDN_merge_20161208.shp,VNF-VBD_npp_20120301-20151231_global_asia-enhanced_c201607211230.bitmask,NCEI_NGA.union.nga_lead2.add_2015ntl.mask,timezone.shp,VBD_platforms-recurring_2015_r20170330.shp,999999,VBD_bridges_c20160811.shp,2.701723;0.592520;-1.537733;-6.424739;-11.321091;-16.224911;-21.132078;-19.454973;-16.614069;-11.826628;-7.007390;-2.161976,98.595314;112.244095;125.823792;124.798187;123.864281;123.023224;122.264351;107.621338;93.259468;94.789581;96.172417;97.426979,npp_d20140716_t1803247_e1809051_b14079,151.976,52.7833,24.1978,-82.2862,34.7579,82.4381
1192,VBD_npp_d20140716_t1805064_x1138346E_y058708S_l0920_s2469_v23,2017-05-23 13:08:46,-5.870847,113.834602,19.9483,2014-07-16 18:05:06,2014-07-17 01:05:06,920,2469,0.410465,8,18913,0.72532,0.15622,0.873663,0.4,0.932838,0.75,0.0462483,0.0001,0.0328064,999999,2.307612e-01,3,Indonesian Exclusive Economic Zone,WPP712,,SVDNB_npp_d20140716_t1803247_e1809051_b14079_c20140717000905445784_noaa_ops.h5,GDNBO_npp_d20140716_t1803247_e1809051_b14079_c20140717000905445471_noaa_ops.h5,SVI04_npp_d20140716_t1803247_e1809051_b14079_c20140717000905432367_noaa_ops.dspace_rad,VNFF_npp_d20140716_t1803247_e1809051_b14079_v21.csv,World_EEZ_v8_2014.shp,WPP_BFAR_merge.shp,KKP_IDN_merge_20161208.shp,VNF-VBD_npp_20120301-20151231_global_asia-enhanced_c201607211230.bitmask,NCEI_NGA.union.nga_lead2.add_2015ntl.mask,timezone.shp,VBD_platforms-recurring_2015_r20170330.shp,0.140355,VBD_bridges_c20160811.shp,2.701723;0.592520;-1.537733;-6.424739;-11.321091;-16.224911;-21.132078;-19.454973;-16.614069;-11.826628;-7.007390;-2.161976,98.595314;112.244095;125.823792;124.798187;123.864281;123.023224;122.264351;107.621338;93.259468;94.789581;96.172417;97.426979,npp_d20140716_t1803247_e1809051_b14079,152.45,53.7199,24.2949,-81.3966,34.9429,81.4828
1193,VBD_npp_d20140716_t1804504_x1140560E_y049261S_l0775_s2471_v23,2017-05-23 13:08:46,-4.926085,114.056007,10.8499,2014-07-16 18:04:50,2014-07-17 02:04:50,775,2471,0.407427,1,2529,0.50575,0.187433,0.817751,0.4,0.877061,0.75,0.046499,0.0001,0.0342002,999999,-1.617362e-02,3,Indonesian Exclusive Economic Zone,WPP712,,SVDNB_npp_d20140716_t1803247_e1809051_b14079_c20140717000905445784_noaa_ops.h5,GDNBO_npp_d20140716_t1803247_e1809051_b14079_c20140717000905445471_noaa_ops.h5,SVI04_npp_d20140716_t1803247_e1809051_b14079_c20140717000905432367_noaa_ops.dspace_rad,VNFF_npp_d20140716_t1803247_e1809051_b14079_v21.csv,World_EEZ_v8_2014.shp,WPP_BFAR_merge.shp,KKP_IDN_merge_20161208.shp,VNF-VBD_npp_20120301-20151231_global_asia-enhanced_c201607211230.bitmask,NCEI_NGA.union.nga_lead2.add_2015ntl.mask,timezone.shp,VBD_platforms-recurring_2015_r20170330.shp,999999,VBD_bridges_c20160811.shp,2.701723;0.592520;-1.537733;-6.424739;-11.321091;-16.224911;-21.132078;-19.454973;-16.614069;-11.826628;-7.007390;-2.161976,98.595314;112.244095;125.823792;124.798187;123.864281;123.023224;122.264351;107.621338;93.259468;94.789581;96.172417;97.426979,npp_d20140716_t1803247_e1809051_b14079,151.759,52.4531,24.3919,-81.4872,34.6547,82.8136
1194,VBD_npp_d20140716_t1804593_x1139527E_y054160S_l0850_s2472_v23,2017-05-23 13:08:46,-5.415958,113.952713,19.0618,2014-07-16 18:04:59,2014-07-17 01:04:59,850,2472,0.407979,1,2529,0.67454,0.221973,0.897975,0.4,0.912959,0.75,0.0463806,0.0001,0.0340868,999999,-2.894341e-01,3,Indonesian Exclusive Economic Zone,WPP712,,SVDNB_npp_d20140716_t1803247_e1809051_b14079_c20140717000905445784_noaa_ops.h5,GDNBO_npp_d20140716_t1803247_e1809051_b14079_c20140717000905445471_noaa_ops.h5,SVI04_npp_d20140716_t1803247_e1809051_b14079_c20140717000905432367_noaa_ops.dspace_rad,VNFF_npp_d20140716_t1803247_e1809051_b14079_v21.csv,World_EEZ_v8_2014.shp,WPP_BFAR_merge.shp,KKP_IDN_merge_20161208.shp,VNF-VBD_npp_20120301-20151231_global_asia-enhanced_c201607211230.bitmask,NCEI_NGA.union.nga_lead2.add_2015ntl.mask,timezone.shp,VBD_platforms-recurring_2015_r20170330.shp,999999,VBD_bridges_c20160811.shp,2.701723;0.592520;-1.537733;-6.424739;-11.321091;-16.224911;-21.132078;-19.454973;-16.614069;-11.826628;-7.007390;-2.161976,98.595314;112.244095;125.823792;124.798187;123.864281;123.023224;122.264351;107.621338;93.259468;94.789581;96.172417;97.426979,npp_d20140716_t1803247_e1809051_b14079,152.108,53.1159,24.4459,-82.1595,34.7876,82.1161
1195,VBD_npp_d20140716_t1804593_x1139394E_y055027S_l0863_s2472_v23,2017-05-23 13:08:46,-5.502678,113.939407,14.1272,2014-07-16 18:04:59,2014-07-17 01:04:59,863,2472,0.404996,1,2529,0.578796,0.207481,0.868327,0.4,0.885593,0.75,0.046359,0.0001,0.0329224,999999,-1.747811e-01,3,Indonesian Exclusive Economic Zone,WPP712,,SVDNB_npp_d20140716_t1803247_e1809051_b14079_c20140717000905445784_noaa_ops.h5,GDNBO_npp_d20140716_t1803247_e1809051_b14079_c20140717000905445471_noaa_ops.h5,SVI04_npp_d20140716_t1803247_e1809051_b14079_c20140717000905432367_noaa_ops.dspace_rad,VNFF_npp_d20140716_t1803247_e1809051_b14079_v21.csv,World_EEZ_v8_2014.shp,WPP_BFAR_merge.shp,KKP_IDN_merge_20161208.shp,VNF-VBD_npp_20120301-20151231_global_asia-enhanced_c201607211230.bitmask,NCEI_NGA.union.nga_lead2.add_2015ntl.mask,timezone.shp,VBD_platforms-recurring_2015_r20170330.shp,999999,VBD_bridges_c20160811.shp,2.701723;0.592520;-1.537733;-6.424739;-11.321091;-16.224911;-21.132078;-19.454973;-16.614069;-11.826628;-7.007390;-2.161976,98.595314;112.244095;125.823792;124.798187;123.864281;123.023224;122.264351;107.621338;93.259468;94.789581;96.172417;97.426979,npp_d20140716_t1803247_e1809051_b14079,152.17,53.2335,24.4454,-80.4762,34.8131,81.9938
1196,VBD_npp_d20140716_t1804558_x1140000E_y052413S_l0823_s2473_v23,2017-05-23 13:08:46,-5.241311,113.999969,18.7157,2014-07-16 18:04:55,2014-07-17 01:04:55,823,2473,0.408808,1,2529,0.681623,0.183219,0.879809,0.4,0.920075,0.75,0.0464302,0.0001,0.0339756,999999,1.716390e-02,3,Indonesian Exclusive Economic Zone,WPP712,,SVDNB_npp_d20140716_t1803247_e1809051_b14079_c20140717000905445784_noaa_ops.h5,GDNBO_npp_d20140716_t1803247_e1809051_b14079_c20140717000905445471_noaa_ops.h5,SVI04_npp_d20140716_t1803247_e1809051_b14079_c20140717000905432367_noaa_ops.dspace_rad,VNFF_npp_d20140716_t1803247_e1809051_b14079_v21.csv,World_EEZ_v8_2014.shp,WPP_BFAR_merge.shp,KKP_IDN_merge_20161208.shp,VNF-VBD_npp_20120301-20151231_global_asia-enhanced_c201607211230.bitmask,NCEI_NGA.union.nga_lead2.add_2015ntl.mask,timezone.shp,VBD_platforms-recurring_2015_r20170330.shp,999999,VBD_bridges_c20160811.shp,2.701723;0.592520;-1.537733;-6.424739;-11.321091;-16.224911;-21.132078;-19.454973;-16.614069;-11.826628;-7.007390;-2.161976,98.595314;112.244095;125.823792;124.798187;123.864281;123.023224;122.264351;107.621338;93.259468;94.789581;96.172417;97.426979,npp_d20140716_t1803247_e1809051_b14079,151.977,52.8867,24.4904,-81.5044,34.7307,82.3615
1197,VBD_npp_d20140716_t1804540_x1140297E_y051791S_l0813_s2475_v23,2017-05-23 13:08:46,-5.179080,114.029724,70.6431,2014-07-16 18:04:54,2014-07-17 02:04:54,813,2475,0.407371,1,2529,1.18957,0.20096,0.909546,0.4,0.972444,0.75,0.0464562,0.0001,0.0337143,999999,-1.231970e-01,3,Indonesian Exclusive Economic Zone,WPP712,,SVDNB_npp_d20140716_t1803247_e1809051_b14079_c20140717000905445784_noaa_ops.h5,GDNBO_npp_d20140716_t1803247_e1809051_b14079_c20140717000905445471_noaa_ops.h5,SVI04_npp_d20140716_t1803247_e1809051_b14079_c20140717000905432367_noaa_ops.dspace_rad,VNFF_npp_d20140716_t1803247_e1809051_b14079_v21.csv,World_EEZ_v8_2014.shp,WPP_BFAR_merge.shp,KKP_IDN_merge_20161208.shp,VNF-VBD_npp_20120301-20151231_global_asia-enhanced_c201607211230.bitmask,NCEI_NGA.union.nga_lead2.add_2015ntl.mask,timezone.shp,VBD_platforms-recurring_2015_r20170330.shp,999999,VBD_bridges_c20160811.shp,2.701723;0.592520;-1.537733;-6.424739;-11.321091;-16.224911;-21.132078;-19.454973;-16.614069;-11.826628;-7.007390;-2.161976,98.595314;112.244095;125.823792;124.798187;123.864281;123.023224;122.264351;107.621338;93.259468;94.789581;96.172417;97.426979,npp_d20140716_t1803247_e1809051_b14079,151.922,52.8168,24.5875,-80.7244,34.6997,82.4462
1198,VBD_npp_d20140716_t1804576_x1139943E_y053214S_l0835_s2475_v23,2017-05-23 13:08:46,-5.321352,113.994255,86.6256,2014-07-16 18:04:57,2014-07-17 01:04:57,835,2475,0.406764,1,2529,1.24774,0.20854,0.931134,0.4,0.972627,0.75,0.0464197,0.0001,0.0343504,999999,-1.831604e-01,3,Indonesian Exclusive Economic Zone,WPP712,,SVDNB_npp_d20140716_t1803247_e1809051_b14079_c20140717000905445784_noaa_ops.h5,GDNBO_npp_d20140716_t1803247_e1809051_b14079_c20140717000905445471_noaa_ops.h5,SVI04_npp_d20140716_t1803247_e1809051_b14079_c20140717000905432367_noaa_ops.dspace_rad,VNFF_npp_d20140716_t1803247_e1809051_b14079_v21.csv,World_EEZ_v8_2014.shp,WPP_BFAR_merge.shp,KKP_IDN_merge_20161208.shp,VNF-VBD_npp_20120301-20151231_global_asia-enhanced_c201607211230.bitmask,NCEI_NGA.union.nga_lead2.add_2015ntl.mask,timezone.shp,VBD_platforms-recurring_2015_r20170330.shp,999999,VBD_bridges_c20160811.shp,2.701723;0.592520;-1.537733;-6.424739;-11.321091;-16.224911;-21.132078;-19.454973;-16.614069;-11.826628;-7.007390;-2.161976,98.595314;112.244095;125.823792;124.798187;123.864281;123.023224;122.264351;107.621338;93.259468;94.789581;96.172417;97.426979,npp_d20140716_t1803247_e1809051_b14079,152.024,53.0086,24.5914,-82.0198,34.7401,82.2441
1199,VBD_npp_d20140716_t1804576_x1139871E_y053681S_l0842_s2475_v23,2017-05-23 13:08:46,-5.368093,113.987083,63.8753,2014-07-16 18:04:57,2014-07-17 01:04:57,842,2475,0.413559,1,2529,1.11619,0.134073,0.925871,0.4,0.96637,0.75,0.046408,0.0001,0.0337266,999999,4.059706e-01,3,Indonesian Exclusive Economic Zone,WPP712,,SVDNB_npp_d20140716_t1803247_e1809051_b14079_c20140717000905445784_noaa_ops.h5,GDNBO_npp_d20140716_t1803247_e1809051_b14079_c20140717000905445471_noaa_ops.h5,SVI04_npp_d20140716_t1803247_e1809051_b14079_c20140717000905432367_noaa_ops.dspace_rad,VNFF_npp_d20140716_t1803247_e1809051_b14079_v21.csv,World_EEZ_v8_2014.shp,WPP_BFAR_merge.shp,KKP_IDN_merge_20161208.shp,VNF-VBD_npp_20120301-20151231_global_asia-enhanced_c201607211230.bitmask,NCEI_NGA.union.nga_lead2.add_2015ntl.mask,timezone.shp,VBD_platforms-recurring_2015_r20170330.shp,999999,VBD_bridges_c20160811.shp,2.701723;0.592520;-1.537733;-6.424739;-11.321091;-16.224911;-21.132078;-19.454973;-16.614069;-11.826628;-7.007390;-2.161976,98.595314;112.244095;125.823792;124.798187;123.864281;123.023224;122.264351;107.621338;93.259468;94.789581;96.172417;97.426979,npp_d20140716_t1803247_e1809051_b14079,152.058,53.0716,24.5896,-81.1184,34.7537,82.178
1200,VBD_npp_d20140716_t1804593_x1139705E_y054323S_l0852_s2475_v23,2017-05-23 13:08:46,-5.432297,113.970451,75.3856,2014-07-16 18:04:59,2014-07-17 01:04:59,852,2475,0.405383,1,2529,1.19977,0.224135,0.905466,0.4,0.968765,0.75,0.0463914,0.0001,0.0341398,999999,-3.065349e-01,3,Indonesian Exclusive Economic Zone,WPP712,,SVDNB_npp_d20140716_t1803247_e1809051_b14079_c20140717000905445784_noaa_ops.h5,GDNBO_npp_d20140716_t1803247_e1809051_b14079_c20140717000905445471_noaa_ops.h5,SVI04_npp_d20140716_t1803247_e1809051_b14079_c20140717000905432367_noaa_ops.dspace_rad,VNFF_npp_d20140716_t1803247_e1809051_b14079_v21.csv,World_EEZ_v8_2014.shp,WPP_BFAR_merge.shp,KKP_IDN_merge_20161208.shp,VNF-VBD_npp_20120301-20151231_global_asia-enhanced_c201607211230.bitmask,NCEI_NGA.union.nga_lead2.add_2015ntl.mask,timezone.shp,VBD_platforms-recurring_2015_r20170330.shp,999999,VBD_bridges_c20160811.shp,2.701723;0.592520;-1.537733;-6.424739;-11.321091;-16.224911;-21.132078;-19.454973;-16.614069;-11.826628;-7.007390;-2.161976,98.595314;112.244095;125.823792;124.798187;123.864281;123.023224;122.264351;107.621338;93.259468;94.789581;96.172417;97.426979,npp_d20140716_t1803247_e1809051_b14079,152.103,53.159,24.5926,-81.8998,34.7721,82.087
1201,VBD_npp_d20140716_t1804593_x1139658E_y055068S_l0863_s2476_v23,2017-05-23 13:08:46,-5.506778,113.965797,19.7607,2014-07-16 18:04:59,2014-07-17 01:04:59,863,2476,0.408311,1,2529,0.714388,0.170698,0.868545,0.4,0.925053,0.75,0.0463778,0.0001,0.0332165,999999,1.162197e-01,3,Indonesian Exclusive Economic Zone,WPP712,,SVDNB_npp_d20140716_t1803247_e1809051_b14079_c20140717000905445784_noaa_ops.h5,GDNBO_npp_d20140716_t1803247_e1809051_b14079_c20140717000905445471_noaa_ops.h5,SVI04_npp_d20140716_t1803247_e1809051_b14079_c20140717000905432367_noaa_ops.dspace_rad,VNFF_npp_d20140716_t1803247_e1809051_b14079_v21.csv,World_EEZ_v8_2014.shp,WPP_BFAR_merge.shp,KKP_IDN_merge_20161208.shp,VNF-VBD_npp_20120301-20151231_global_asia-enhanced_c201607211230.bitmask,NCEI_NGA.union.nga_lead2.add_2015ntl.mask,timezone.shp,VBD_platforms-recurring_2015_r20170330.shp,999999,VBD_bridges_c20160811.shp,2.701723;0.592520;-1.537733;-6.424739;-11.321091;-16.224911;-21.132078;-19.454973;-16.614069;-11.826628;-7.007390;-2.161976,98.595314;112.244095;125.823792;124.798187;123.864281;123.023224;122.264351;107.621338;93.259468;94.789581;96.172417;97.426979,npp_d20140716_t1803247_e1809051_b14079,152.152,53.267,24.6428,-80.4859,34.7873,81.9799
1202,VBD_npp_d20140716_t1805047_x1139249E_y058111S_l0909_s2480_v23,2017-05-23 13:08:46,-5.811121,113.924889,67.6397,2014-07-16 18:05:04,2014-07-17 01:05:04,909,2480,0.40704,1,2529,1.16594,0.204662,0.904132,0.4,0.971235,0.75,0.0463189,0.0001,0.0332795,999999,-1.524771e-01,3,Indonesian Exclusive Economic Zone,WPP712,,SVDNB_npp_d20140716_t1803247_e1809051_b14079_c20140717000905445784_noaa_ops.h5,GDNBO_npp_d20140716_t1803247_e1809051_b14079_c20140717000905445471_noaa_ops.h5,SVI04_npp_d20140716_t1803247_e1809051_b14079_c20140717000905432367_noaa_ops.dspace_rad,VNFF_npp_d20140716_t1803247_e1809051_b14079_v21.csv,World_EEZ_v8_2014.shp,WPP_BFAR_merge.shp,KKP_IDN_merge_20161208.shp,VNF-VBD_npp_20120301-20151231_global_asia-enhanced_c201607211230.bitmask,NCEI_NGA.union.nga_lead2.add_2015ntl.mask,timezone.shp,VBD_platforms-recurring_2015_r20170330.shp,999999,VBD_bridges_c20160811.shp,2.701723;0.592520;-1.537733;-6.424739;-11.321091;-16.224911;-21.132078;-19.454973;-16.614069;-11.826628;-7.007390;-2.161976,98.595314;112.244095;125.823792;124.798187;123.864281;123.023224;122.264351;107.621338;93.259468;94.789581;96.172417;97.426979,npp_d20140716_t1803247_e1809051_b14079,152.348,53.7127,24.837,-80.7583,34.851,81.5431
1203,VBD_npp_d20140716_t1804522_x1140921E_y050873S_l0798_s2481_v23,2017-05-23 13:08:46,-5.087289,114.092064,15.9098,2014-07-16 18:04:52,2014-07-17 02:04:52,798,2481,0.407427,1,2529,0.639625,0.195012,0.858063,0.4,0.916099,0.75,0.0465091,0.0001,0.0342113,999999,-7.613930e-02,3,Indonesian Exclusive Economic Zone,WPP712,,SVDNB_npp_d20140716_t1803247_e1809051_b14079_c20140717000905445784_noaa_ops.h5,GDNBO_npp_d20140716_t1803247_e1809051_b14079_c20140717000905445471_noaa_ops.h5,SVI04_npp_d20140716_t1803247_e1809051_b14079_c20140717000905432367_noaa_ops.dspace_rad,VNFF_npp_d20140716_t1803247_e1809051_b14079_v21.csv,World_EEZ_v8_2014.shp,WPP_BFAR_merge.shp,KKP_IDN_merge_20161208.shp,VNF-VBD_npp_20120301-20151231_global_asia-enhanced_c201607211230.bitmask,NCEI_NGA.union.nga_lead2.add_2015ntl.mask,timezone.shp,VBD_platforms-recurring_2015_r20170330.shp,999999,VBD_bridges_c20160811.shp,2.701723;0.592520;-1.537733;-6.424739;-11.321091;-16.224911;-21.132078;-19.454973;-16.614069;-11.826628;-7.007390;-2.161976,98.595314;112.244095;125.823792;124.798187;123.864281;123.023224;122.264351;107.621338;93.259468;94.789581;96.172417;97.426979,npp_d20140716_t1803247_e1809051_b14079,151.822,52.7371,24.8887,-80.6091,34.6322,82.5652
1204,VBD_npp_d20140716_t1804558_x1140518E_y052561S_l0824_s2481_v23,2017-05-23 13:08:46,-5.256077,114.051819,82.2843,2014-07-16 18:04:55,2014-07-17 01:04:55,824,2481,0.407261,1,2529,1.22292,0.200156,0.911271,0.4,0.971366,0.75,0.0464659,0.0001,0.034489,999999,-1.168313e-01,3,Indonesian Exclusive Economic Zone,WPP712,,SVDNB_npp_d20140716_t1803247_e1809051_b14079_c20140717000905445784_noaa_ops.h5,GDNBO_npp_d20140716_t1803247_e1809051_b14079_c20140717000905445471_noaa_ops.h5,SVI04_npp_d20140716_t1803247_e1809051_b14079_c20140717000905432367_noaa_ops.dspace_rad,VNFF_npp_d20140716_t1803247_e1809051_b14079_v21.csv,World_EEZ_v8_2014.shp,WPP_BFAR_merge.shp,KKP_IDN_merge_20161208.shp,VNF-VBD_npp_20120301-20151231_global_asia-enhanced_c201607211230.bitmask,NCEI_NGA.union.nga_lead2.add_2015ntl.mask,timezone.shp,VBD_platforms-recurring_2015_r20170330.shp,999999,VBD_bridges_c20160811.shp,2.701723;0.592520;-1.537733;-6.424739;-11.321091;-16.224911;-21.132078;-19.454973;-16.614069;-11.826628;-7.007390;-2.161976,98.595314;112.244095;125.823792;124.798187;123.864281;123.023224;122.264351;107.621338;93.259468;94.789581;96.172417;97.426979,npp_d20140716_t1803247_e1809051_b14079,151.945,52.9626,24.8852,-81.3808,34.6808,82.325
1205,VBD_npp_d20140716_t1804576_x1140350E_y053207S_l0834_s2481_v23,2017-05-23 13:08:46,-5.320665,114.034988,44.0787,2014-07-16 18:04:57,2014-07-17 01:04:57,834,2481,0.411239,1,2529,0.986652,0.154108,0.913505,0.4,0.958367,0.75,0.0464493,0.0001,0.0348949,999999,2.474711e-01,3,Indonesian Exclusive Economic Zone,WPP712,,SVDNB_npp_d20140716_t1803247_e1809051_b14079_c20140717000905445784_noaa_ops.h5,GDNBO_npp_d20140716_t1803247_e1809051_b14079_c20140717000905445471_noaa_ops.h5,SVI04_npp_d20140716_t1803247_e1809051_b14079_c20140717000905432367_noaa_ops.dspace_rad,VNFF_npp_d20140716_t1803247_e1809051_b14079_v21.csv,World_EEZ_v8_2014.shp,WPP_BFAR_merge.shp,KKP_IDN_merge_20161208.shp,VNF-VBD_npp_20120301-20151231_global_asia-enhanced_c201607211230.bitmask,NCEI_NGA.union.nga_lead2.add_2015ntl.mask,timezone.shp,VBD_platforms-recurring_2015_r20170330.shp,999999,VBD_bridges_c20160811.shp,2.701723;0.592520;-1.537733;-6.424739;-11.321091;-16.224911;-21.132078;-19.454973;-16.614069;-11.826628;-7.007390;-2.161976,98.595314;112.244095;125.823792;124.798187;123.864281;123.023224;122.264351;107.621338;93.259468;94.789581;96.172417;97.426979,npp_d20140716_t1803247_e1809051_b14079,151.991,53.0497,24.8884,-82.1442,34.6993,82.2332
1206,VBD_npp_d20140716_t1804291_x1144043E_y036902S_l0584_s2482_v23,2017-05-23 13:08:46,-3.690169,114.404274,3.50238,2014-07-16 18:04:29,2014-07-17 02:04:29,584,2482,0.415658,7,34977,0.178768,0.16053,0.763047,0.4,0.659701,0.75,0.0468247,0.0001,0.0364348,999999,1.966628e-01,3,,,,SVDNB_npp_d20140716_t1803247_e1809051_b14079_c20140717000905445784_noaa_ops.h5,GDNBO_npp_d20140716_t1803247_e1809051_b14079_c20140717000905445471_noaa_ops.h5,SVI04_npp_d20140716_t1803247_e1809051_b14079_c20140717000905432367_noaa_ops.dspace_rad,VNFF_npp_d20140716_t1803247_e1809051_b14079_v21.csv,World_EEZ_v8_2014.shp,WPP_BFAR_merge.shp,KKP_IDN_merge_20161208.shp,VNF-VBD_npp_20120301-20151231_global_asia-enhanced_c201607211230.bitmask,NCEI_NGA.union.nga_lead2.add_2015ntl.mask,timezone.shp,VBD_platforms-recurring_2015_r20170330.shp,999999,VBD_bridges_c20160811.shp,2.701723;0.592520;-1.537733;-6.424739;-11.321091;-16.224911;-21.132078;-19.454973;-16.614069;-11.826628;-7.007390;-2.161976,98.595314;112.244095;125.823792;124.798187;123.864281;123.023224;122.264351;107.621338;93.259468;94.789581;96.172417;97.426979,npp_d20140716_t1803247_e1809051_b14079,150.79,50.9562,24.9306,-81.3116,34.253,84.5817
1207,VBD_npp_d20140716_t1804291_x1144078E_y037113S_l0587_s2483_v23,2017-05-23 13:08:46,-3.711268,114.407806,3.95726,2014-07-16 18:04:29,2014-07-17 02:04:29,587,2483,0.413669,2,2209,0.197272,0.1667,0.827326,0.4,0.67745,0.75,0.0468296,0.0001,0.0362656,999999,1.478484e-01,3,Indonesian Exclusive Economic Zone,WPP712,,SVDNB_npp_d20140716_t1803247_e1809051_b14079_c20140717000905445784_noaa_ops.h5,GDNBO_npp_d20140716_t1803247_e1809051_b14079_c20140717000905445471_noaa_ops.h5,SVI04_npp_d20140716_t1803247_e1809051_b14079_c20140717000905432367_noaa_ops.dspace_rad,VNFF_npp_d20140716_t1803247_e1809051_b14079_v21.csv,World_EEZ_v8_2014.shp,WPP_BFAR_merge.shp,KKP_IDN_merge_20161208.shp,VNF-VBD_npp_20120301-20151231_global_asia-enhanced_c201607211230.bitmask,NCEI_NGA.union.nga_lead2.add_2015ntl.mask,timezone.shp,VBD_platforms-recurring_2015_r20170330.shp,999999,VBD_bridges_c20160811.shp,2.701723;0.592520;-1.537733;-6.424739;-11.321091;-16.224911;-21.132078;-19.454973;-16.614069;-11.826628;-7.007390;-2.161976,98.595314;112.244095;125.823792;124.798187;123.864281;123.023224;122.264351;107.621338;93.259468;94.789581;96.172417;97.426979,npp_d20140716_t1803247_e1809051_b14079,150.801,50.9892,24.9802,-80.9316,34.2515,84.5495
1208,VBD_npp_d20140716_t1804576_x1140390E_y053829S_l0843_s2483_v23,2017-05-23 13:08:46,-5.382927,114.039024,27.5326,2014-07-16 18:04:57,2014-07-17 01:04:57,843,2483,0.409415,1,2529,0.815617,0.173092,0.906223,0.4,0.93262,0.75,0.0464435,0.0001,0.0342271,999999,9.727829e-02,3,Indonesian Exclusive Economic Zone,WPP712,,SVDNB_npp_d20140716_t1803247_e1809051_b14079_c20140717000905445784_noaa_ops.h5,GDNBO_npp_d20140716_t1803247_e1809051_b14079_c20140717000905445471_noaa_ops.h5,SVI04_npp_d20140716_t1803247_e1809051_b14079_c20140717000905432367_noaa_ops.dspace_rad,VNFF_npp_d20140716_t1803247_e1809051_b14079_v21.csv,World_EEZ_v8_2014.shp,WPP_BFAR_merge.shp,KKP_IDN_merge_20161208.shp,VNF-VBD_npp_20120301-20151231_global_asia-enhanced_c201607211230.bitmask,NCEI_NGA.union.nga_lead2.add_2015ntl.mask,timezone.shp,VBD_platforms-recurring_2015_r20170330.shp,999999,VBD_bridges_c20160811.shp,2.701723;0.592520;-1.537733;-6.424739;-11.321091;-16.224911;-21.132078;-19.454973;-16.614069;-11.826628;-7.007390;-2.161976,98.595314;112.244095;125.823792;124.798187;123.864281;123.023224;122.264351;107.621338;93.259468;94.789581;96.172417;97.426979,npp_d20140716_t1803247_e1809051_b14079,152.025,53.1476,24.9848,-81.0012,34.7038,82.1411
1209,VBD_npp_d20140716_t1804593_x1140280E_y054547S_l0854_s2484_v23,2017-05-23 13:08:46,-5.454723,114.028038,20.4129,2014-07-16 18:04:59,2014-07-17 01:04:59,854,2484,0.406874,1,2529,0.710399,0.195468,0.917422,0.4,0.921035,0.75,0.0464298,0.0001,0.0346331,999999,-7.974408e-02,3,Indonesian Exclusive Economic Zone,WPP712,,SVDNB_npp_d20140716_t1803247_e1809051_b14079_c20140717000905445784_noaa_ops.h5,GDNBO_npp_d20140716_t1803247_e1809051_b14079_c20140717000905445471_noaa_ops.h5,SVI04_npp_d20140716_t1803247_e1809051_b14079_c20140717000905432367_noaa_ops.dspace_rad,VNFF_npp_d20140716_t1803247_e1809051_b14079_v21.csv,World_EEZ_v8_2014.shp,WPP_BFAR_merge.shp,KKP_IDN_merge_20161208.shp,VNF-VBD_npp_20120301-20151231_global_asia-enhanced_c201607211230.bitmask,NCEI_NGA.union.nga_lead2.add_2015ntl.mask,timezone.shp,VBD_platforms-recurring_2015_r20170330.shp,999999,VBD_bridges_c20160811.shp,2.701723;0.592520;-1.537733;-6.424739;-11.321091;-16.224911;-21.132078;-19.454973;-16.614069;-11.826628;-7.007390;-2.161976,98.595314;112.244095;125.823792;124.798187;123.864281;123.023224;122.264351;107.621338;93.259468;94.789581;96.172417;97.426979,npp_d20140716_t1803247_e1809051_b14079,152.071,53.2522,25.0362,-81.6445,34.7177,82.0372
1210,VBD_npp_d20140716_t1804291_x1144211E_y037133S_l0587_s2485_v23,2017-05-23 13:08:46,-3.713330,114.421059,4.627,2014-07-16 18:04:29,2014-07-17 02:04:29,587,2485,0.416376,2,2209,0.232327,0.156926,0.827326,0.4,0.706157,0.75,0.0468387,0.0001,0.0364208,999999,2.251775e-01,3,Indonesian Exclusive Economic Zone,WPP712,,SVDNB_npp_d20140716_t1803247_e1809051_b14079_c20140717000905445784_noaa_ops.h5,GDNBO_npp_d20140716_t1803247_e1809051_b14079_c20140717000905445471_noaa_ops.h5,SVI04_npp_d20140716_t1803247_e1809051_b14079_c20140717000905432367_noaa_ops.dspace_rad,VNFF_npp_d20140716_t1803247_e1809051_b14079_v21.csv,World_EEZ_v8_2014.shp,WPP_BFAR_merge.shp,KKP_IDN_merge_20161208.shp,VNF-VBD_npp_20120301-20151231_global_asia-enhanced_c201607211230.bitmask,NCEI_NGA.union.nga_lead2.add_2015ntl.mask,timezone.shp,VBD_platforms-recurring_2015_r20170330.shp,999999,VBD_bridges_c20160811.shp,2.701723;0.592520;-1.537733;-6.424739;-11.321091;-16.224911;-21.132078;-19.454973;-16.614069;-11.826628;-7.007390;-2.161976,98.595314;112.244095;125.823792;124.798187;123.864281;123.023224;122.264351;107.621338;93.259468;94.789581;96.172417;97.426979,npp_d20140716_t1803247_e1809051_b14079,150.792,51.0061,25.079,-80.9341,34.2383,84.5437
1211,VBD_npp_d20140716_t1804433_x1142441E_y045023S_l0708_s2485_v23,2017-05-23 13:08:46,-4.502315,114.244118,113.847,2014-07-16 18:04:43,2014-07-17 02:04:43,708,2485,0.409526,8,18913,1.26971,0.175758,0.890917,0.4,0.971052,0.75,0.04667,0.0001,0.0360391,999999,7.619060e-02,3,Indonesian Exclusive Economic Zone,WPP712,,SVDNB_npp_d20140716_t1803247_e1809051_b14079_c20140717000905445784_noaa_ops.h5,GDNBO_npp_d20140716_t1803247_e1809051_b14079_c20140717000905445471_noaa_ops.h5,SVI04_npp_d20140716_t1803247_e1809051_b14079_c20140717000905432367_noaa_ops.dspace_rad,VNFF_npp_d20140716_t1803247_e1809051_b14079_v21.csv,World_EEZ_v8_2014.shp,WPP_BFAR_merge.shp,KKP_IDN_merge_20161208.shp,VNF-VBD_npp_20120301-20151231_global_asia-enhanced_c201607211230.bitmask,NCEI_NGA.union.nga_lead2.add_2015ntl.mask,timezone.shp,VBD_platforms-recurring_2015_r20170330.shp,0.374236,VBD_bridges_c20160811.shp,2.701723;0.592520;-1.537733;-6.424739;-11.321091;-16.224911;-21.132078;-19.454973;-16.614069;-11.826628;-7.007390;-2.161976,98.595314;112.244095;125.823792;124.798187;123.864281;123.023224;122.264351;107.621338;93.259468;94.789581;96.172417;97.426979,npp_d20140716_t1803247_e1809051_b14079,151.375,52.0002,25.0856,-81.8545,34.443,83.3968
1212,VBD_npp_d20140716_t1804593_x1140388E_y054289S_l0850_s2485_v23,2017-05-23 13:08:46,-5.428933,114.038795,35.4825,2014-07-16 18:04:59,2014-07-17 01:04:59,850,2485,0.407095,1,2529,0.912951,0.193641,0.909977,0.4,0.94294,0.75,0.046441,0.0001,0.0350712,999999,-6.529235e-02,3,Indonesian Exclusive Economic Zone,WPP712,,SVDNB_npp_d20140716_t1803247_e1809051_b14079_c20140717000905445784_noaa_ops.h5,GDNBO_npp_d20140716_t1803247_e1809051_b14079_c20140717000905445471_noaa_ops.h5,SVI04_npp_d20140716_t1803247_e1809051_b14079_c20140717000905432367_noaa_ops.dspace_rad,VNFF_npp_d20140716_t1803247_e1809051_b14079_v21.csv,World_EEZ_v8_2014.shp,WPP_BFAR_merge.shp,KKP_IDN_merge_20161208.shp,VNF-VBD_npp_20120301-20151231_global_asia-enhanced_c201607211230.bitmask,NCEI_NGA.union.nga_lead2.add_2015ntl.mask,timezone.shp,VBD_platforms-recurring_2015_r20170330.shp,999999,VBD_bridges_c20160811.shp,2.701723;0.592520;-1.537733;-6.424739;-11.321091;-16.224911;-21.132078;-19.454973;-16.614069;-11.826628;-7.007390;-2.161976,98.595314;112.244095;125.823792;124.798187;123.864281;123.023224;122.264351;107.621338;93.259468;94.789581;96.172417;97.426979,npp_d20140716_t1803247_e1809051_b14079,152.047,53.2243,25.0878,-82.1503,34.7033,82.0717
1213,VBD_npp_d20140716_t1804291_x1144318E_y036876S_l0583_s2486_v23,2017-05-23 13:08:46,-3.687565,114.431824,5.13607,2014-07-16 18:04:29,2014-07-17 02:04:29,583,2486,0.413725,2,2465,0.260749,0.173136,0.829838,0.4,0.741502,0.75,0.0468428,0.0001,0.03683,999999,9.692923e-02,3,Indonesian Exclusive Economic Zone,WPP712,,SVDNB_npp_d20140716_t1803247_e1809051_b14079_c20140717000905445784_noaa_ops.h5,GDNBO_npp_d20140716_t1803247_e1809051_b14079_c20140717000905445471_noaa_ops.h5,SVI04_npp_d20140716_t1803247_e1809051_b14079_c20140717000905432367_noaa_ops.dspace_rad,VNFF_npp_d20140716_t1803247_e1809051_b14079_v21.csv,World_EEZ_v8_2014.shp,WPP_BFAR_merge.shp,KKP_IDN_merge_20161208.shp,VNF-VBD_npp_20120301-20151231_global_asia-enhanced_c201607211230.bitmask,NCEI_NGA.union.nga_lead2.add_2015ntl.mask,timezone.shp,VBD_platforms-recurring_2015_r20170330.shp,999999,VBD_bridges_c20160811.shp,2.701723;0.592520;-1.537733;-6.424739;-11.321091;-16.224911;-21.132078;-19.454973;-16.614069;-11.826628;-7.007390;-2.161976,98.595314;112.244095;125.823792;124.798187;123.864281;123.023224;122.264351;107.621338;93.259468;94.789581;96.172417;97.426979,npp_d20140716_t1803247_e1809051_b14079,150.767,50.9817,25.1284,-81.4399,34.225,84.5799
1214,VBD_npp_d20140716_t1804291_x1144297E_y037010S_l0585_s2486_v23,2017-05-23 13:08:46,-3.700963,114.429749,6.38294,2014-07-16 18:04:29,2014-07-17 02:04:29,585,2486,0.413504,1,2529,0.321908,0.172544,0.829838,0.4,0.77724,0.75,0.0468431,0.0001,0.0366649,999999,1.016162e-01,3,Indonesian Exclusive Economic Zone,WPP712,,SVDNB_npp_d20140716_t1803247_e1809051_b14079_c20140717000905445784_noaa_ops.h5,GDNBO_npp_d20140716_t1803247_e1809051_b14079_c20140717000905445471_noaa_ops.h5,SVI04_npp_d20140716_t1803247_e1809051_b14079_c20140717000905432367_noaa_ops.dspace_rad,VNFF_npp_d20140716_t1803247_e1809051_b14079_v21.csv,World_EEZ_v8_2014.shp,WPP_BFAR_merge.shp,KKP_IDN_merge_20161208.shp,VNF-VBD_npp_20120301-20151231_global_asia-enhanced_c201607211230.bitmask,NCEI_NGA.union.nga_lead2.add_2015ntl.mask,timezone.shp,VBD_platforms-recurring_2015_r20170330.shp,999999,VBD_bridges_c20160811.shp,2.701723;0.592520;-1.537733;-6.424739;-11.321091;-16.224911;-21.132078;-19.454973;-16.614069;-11.826628;-7.007390;-2.161976,98.595314;112.244095;125.823792;124.798187;123.864281;123.023224;122.264351;107.621338;93.259468;94.789581;96.172417;97.426979,npp_d20140716_t1803247_e1809051_b14079,150.777,50.9981,25.1282,-81.1876,34.2283,84.5603
1215,VBD_npp_d20140716_t1804291_x1144256E_y037278S_l0589_s2486_v23,2017-05-23 13:08:46,-3.727761,114.425629,3.57128,2014-07-16 18:04:29,2014-07-17 02:04:29,589,2486,0.416487,2,2209,0.17481,0.17222,0.827326,0.4,0.618812,0.75,0.0468436,0.0001,0.0363296,999999,1.041749e-01,3,Indonesian Exclusive Economic Zone,WPP712,,SVDNB_npp_d20140716_t1803247_e1809051_b14079_c20140717000905445784_noaa_ops.h5,GDNBO_npp_d20140716_t1803247_e1809051_b14079_c20140717000905445471_noaa_ops.h5,SVI04_npp_d20140716_t1803247_e1809051_b14079_c20140717000905432367_noaa_ops.dspace_rad,VNFF_npp_d20140716_t1803247_e1809051_b14079_v21.csv,World_EEZ_v8_2014.shp,WPP_BFAR_merge.shp,KKP_IDN_merge_20161208.shp,VNF-VBD_npp_20120301-20151231_global_asia-enhanced_c201607211230.bitmask,NCEI_NGA.union.nga_lead2.add_2015ntl.mask,timezone.shp,VBD_platforms-recurring_2015_r20170330.shp,999999,VBD_bridges_c20160811.shp,2.701723;0.592520;-1.537733;-6.424739;-11.321091;-16.224911;-21.132078;-19.454973;-16.614069;-11.826628;-7.007390;-2.161976,98.595314;112.244095;125.823792;124.798187;123.864281;123.023224;122.264351;107.621338;93.259468;94.789581;96.172417;97.426979,npp_d20140716_t1803247_e1809051_b14079,150.797,51.031,25.1291,-80.6831,34.2351,84.5212
1216,VBD_npp_d20140716_t1804576_x1140600E_y053793S_l0842_s2486_v23,2017-05-23 13:08:46,-5.379294,114.059982,10.4214,2014-07-16 18:04:57,2014-07-17 01:04:57,842,2486,0.410134,2,2465,0.461422,0.164568,0.903012,0.4,0.715257,0.75,0.0464588,0.0001,0.0345385,999999,1.647119e-01,3,Indonesian Exclusive Economic Zone,WPP712,,SVDNB_npp_d20140716_t1803247_e1809051_b14079_c20140717000905445784_noaa_ops.h5,GDNBO_npp_d20140716_t1803247_e1809051_b14079_c20140717000905445471_noaa_ops.h5,SVI04_npp_d20140716_t1803247_e1809051_b14079_c20140717000905432367_noaa_ops.dspace_rad,VNFF_npp_d20140716_t1803247_e1809051_b14079_v21.csv,World_EEZ_v8_2014.shp,WPP_BFAR_merge.shp,KKP_IDN_merge_20161208.shp,VNF-VBD_npp_20120301-20151231_global_asia-enhanced_c201607211230.bitmask,NCEI_NGA.union.nga_lead2.add_2015ntl.mask,timezone.shp,VBD_platforms-recurring_2015_r20170330.shp,999999,VBD_bridges_c20160811.shp,2.701723;0.592520;-1.537733;-6.424739;-11.321091;-16.224911;-21.132078;-19.454973;-16.614069;-11.826628;-7.007390;-2.161976,98.595314;112.244095;125.823792;124.798187;123.864281;123.023224;122.264351;107.621338;93.259468;94.789581;96.172417;97.426979,npp_d20140716_t1803247_e1809051_b14079,152.006,53.1637,25.1328,-81.1316,34.6823,82.1402
1217,VBD_npp_d20140716_t1804291_x1144333E_y037221S_l0588_s2487_v23,2017-05-23 13:08:46,-3.722096,114.433296,8.50042,2014-07-16 18:04:29,2014-07-17 02:04:29,588,2487,0.415548,1,2529,0.362874,0.163724,0.845878,0.4,0.807592,0.75,0.046848,0.0001,0.0364909,999999,1.713944e-01,3,Indonesian Exclusive Economic Zone,WPP712,,SVDNB_npp_d20140716_t1803247_e1809051_b14079_c20140717000905445784_noaa_ops.h5,GDNBO_npp_d20140716_t1803247_e1809051_b14079_c20140717000905445471_noaa_ops.h5,SVI04_npp_d20140716_t1803247_e1809051_b14079_c20140717000905432367_noaa_ops.dspace_rad,VNFF_npp_d20140716_t1803247_e1809051_b14079_v21.csv,World_EEZ_v8_2014.shp,WPP_BFAR_merge.shp,KKP_IDN_merge_20161208.shp,VNF-VBD_npp_20120301-20151231_global_asia-enhanced_c201607211230.bitmask,NCEI_NGA.union.nga_lead2.add_2015ntl.mask,timezone.shp,VBD_platforms-recurring_2015_r20170330.shp,999999,VBD_bridges_c20160811.shp,2.701723;0.592520;-1.537733;-6.424739;-11.321091;-16.224911;-21.132078;-19.454973;-16.614069;-11.826628;-7.007390;-2.161976,98.595314;112.244095;125.823792;124.798187;123.864281;123.023224;122.264351;107.621338;93.259468;94.789581;96.172417;97.426979,npp_d20140716_t1803247_e1809051_b14079,150.788,51.0312,25.1781,-80.8106,34.2268,84.528
1218,VBD_npp_d20140716_t1804291_x1144302E_y037422S_l0591_s2487_v23,2017-05-23 13:08:46,-3.742201,114.430206,5.99129,2014-07-16 18:04:29,2014-07-17 02:04:29,591,2487,0.412951,1,2529,0.308712,0.176278,0.806023,0.4,0.784798,0.75,0.0468484,0.0001,0.0362358,999999,7.207196e-02,3,Indonesian Exclusive Economic Zone,WPP712,,SVDNB_npp_d20140716_t1803247_e1809051_b14079_c20140717000905445784_noaa_ops.h5,GDNBO_npp_d20140716_t1803247_e1809051_b14079_c20140717000905445471_noaa_ops.h5,SVI04_npp_d20140716_t1803247_e1809051_b14079_c20140717000905432367_noaa_ops.dspace_rad,VNFF_npp_d20140716_t1803247_e1809051_b14079_v21.csv,World_EEZ_v8_2014.shp,WPP_BFAR_merge.shp,KKP_IDN_merge_20161208.shp,VNF-VBD_npp_20120301-20151231_global_asia-enhanced_c201607211230.bitmask,NCEI_NGA.union.nga_lead2.add_2015ntl.mask,timezone.shp,VBD_platforms-recurring_2015_r20170330.shp,999999,VBD_bridges_c20160811.shp,2.701723;0.592520;-1.537733;-6.424739;-11.321091;-16.224911;-21.132078;-19.454973;-16.614069;-11.826628;-7.007390;-2.161976,98.595314;112.244095;125.823792;124.798187;123.864281;123.023224;122.264351;107.621338;93.259468;94.789581;96.172417;97.426979,npp_d20140716_t1803247_e1809051_b14079,150.803,51.0559,25.1797,-80.4329,34.2319,84.4986
1219,VBD_npp_d20140716_t1804593_x1140449E_y054779S_l0857_s2487_v23,2017-05-23 13:08:46,-5.477876,114.044922,46.1612,2014-07-16 18:04:59,2014-07-17 01:04:59,857,2487,0.406985,1,2529,1.01142,0.196536,0.919838,0.4,0.95782,0.75,0.0464385,0.0001,0.0345753,999999,-8.819282e-02,3,Indonesian Exclusive Economic Zone,WPP712,,SVDNB_npp_d20140716_t1803247_e1809051_b14079_c20140717000905445784_noaa_ops.h5,GDNBO_npp_d20140716_t1803247_e1809051_b14079_c20140717000905445471_noaa_ops.h5,SVI04_npp_d20140716_t1803247_e1809051_b14079_c20140717000905432367_noaa_ops.dspace_rad,VNFF_npp_d20140716_t1803247_e1809051_b14079_v21.csv,World_EEZ_v8_2014.shp,WPP_BFAR_merge.shp,KKP_IDN_merge_20161208.shp,VNF-VBD_npp_20120301-20151231_global_asia-enhanced_c201607211230.bitmask,NCEI_NGA.union.nga_lead2.add_2015ntl.mask,timezone.shp,VBD_platforms-recurring_2015_r20170330.shp,999999,VBD_bridges_c20160811.shp,2.701723;0.592520;-1.537733;-6.424739;-11.321091;-16.224911;-21.132078;-19.454973;-16.614069;-11.826628;-7.007390;-2.161976,98.595314;112.244095;125.823792;124.798187;123.864281;123.023224;122.264351;107.621338;93.259468;94.789581;96.172417;97.426979,npp_d20140716_t1803247_e1809051_b14079,152.071,53.3046,25.184,-81.2676,34.7041,81.9983
1220,VBD_npp_d20140716_t1804291_x1144651E_y036927S_l0583_s2491_v23,2017-05-23 13:08:46,-3.692688,114.465065,4.97418,2014-07-16 18:04:29,2014-07-17 02:04:29,583,2491,0.418144,2,2465,0.237163,0.164071,0.83632,0.4,0.688702,0.75,0.0468656,0.0001,0.0372174,999999,1.686463e-01,3,Indonesian Exclusive Economic Zone,WPP712,,SVDNB_npp_d20140716_t1803247_e1809051_b14079_c20140717000905445784_noaa_ops.h5,GDNBO_npp_d20140716_t1803247_e1809051_b14079_c20140717000905445471_noaa_ops.h5,SVI04_npp_d20140716_t1803247_e1809051_b14079_c20140717000905432367_noaa_ops.dspace_rad,VNFF_npp_d20140716_t1803247_e1809051_b14079_v21.csv,World_EEZ_v8_2014.shp,WPP_BFAR_merge.shp,KKP_IDN_merge_20161208.shp,VNF-VBD_npp_20120301-20151231_global_asia-enhanced_c201607211230.bitmask,NCEI_NGA.union.nga_lead2.add_2015ntl.mask,timezone.shp,VBD_platforms-recurring_2015_r20170330.shp,999999,VBD_bridges_c20160811.shp,2.701723;0.592520;-1.537733;-6.424739;-11.321091;-16.224911;-21.132078;-19.454973;-16.614069;-11.826628;-7.007390;-2.161976,98.595314;112.244095;125.823792;124.798187;123.864281;123.023224;122.264351;107.621338;93.259468;94.789581;96.172417;97.426979,npp_d20140716_t1803247_e1809051_b14079,150.744,51.024,25.3755,-81.4414,34.192,84.5654
1221,VBD_npp_d20140716_t1804291_x1144609E_y037195S_l0587_s2491_v23,2017-05-23 13:08:46,-3.719532,114.460922,12.4955,2014-07-16 18:04:29,2014-07-17 02:04:29,587,2491,0.412122,2,2465,0.452568,0.205153,0.829637,0.4,0.705795,0.75,0.0468661,0.0001,0.0368813,999999,-1.563618e-01,3,Indonesian Exclusive Economic Zone,WPP712,,SVDNB_npp_d20140716_t1803247_e1809051_b14079_c20140717000905445784_noaa_ops.h5,GDNBO_npp_d20140716_t1803247_e1809051_b14079_c20140717000905445471_noaa_ops.h5,SVI04_npp_d20140716_t1803247_e1809051_b14079_c20140717000905432367_noaa_ops.dspace_rad,VNFF_npp_d20140716_t1803247_e1809051_b14079_v21.csv,World_EEZ_v8_2014.shp,WPP_BFAR_merge.shp,KKP_IDN_merge_20161208.shp,VNF-VBD_npp_20120301-20151231_global_asia-enhanced_c201607211230.bitmask,NCEI_NGA.union.nga_lead2.add_2015ntl.mask,timezone.shp,VBD_platforms-recurring_2015_r20170330.shp,999999,VBD_bridges_c20160811.shp,2.701723;0.592520;-1.537733;-6.424739;-11.321091;-16.224911;-21.132078;-19.454973;-16.614069;-11.826628;-7.007390;-2.161976,98.595314;112.244095;125.823792;124.798187;123.864281;123.023224;122.264351;107.621338;93.259468;94.789581;96.172417;97.426979,npp_d20140716_t1803247_e1809051_b14079,150.765,51.0569,25.3755,-80.9414,34.1987,84.5261
1222,VBD_npp_d20140716_t1804593_x1140747E_y054618S_l0854_s2491_v23,2017-05-23 13:08:46,-5.461816,114.074692,68.1933,2014-07-16 18:04:59,2014-07-17 01:04:59,854,2491,0.407095,1,2529,1.15374,0.19324,0.904028,0.4,0.957784,0.75,0.0464618,0.0001,0.0351446,999999,-6.211950e-02,3,Indonesian Exclusive Economic Zone,WPP712,,SVDNB_npp_d20140716_t1803247_e1809051_b14079_c20140717000905445784_noaa_ops.h5,GDNBO_npp_d20140716_t1803247_e1809051_b14079_c20140717000905445471_noaa_ops.h5,SVI04_npp_d20140716_t1803247_e1809051_b14079_c20140717000905432367_noaa_ops.dspace_rad,VNFF_npp_d20140716_t1803247_e1809051_b14079_v21.csv,World_EEZ_v8_2014.shp,WPP_BFAR_merge.shp,KKP_IDN_merge_20161208.shp,VNF-VBD_npp_20120301-20151231_global_asia-enhanced_c201607211230.bitmask,NCEI_NGA.union.nga_lead2.add_2015ntl.mask,timezone.shp,VBD_platforms-recurring_2015_r20170330.shp,999999,VBD_bridges_c20160811.shp,2.701723;0.592520;-1.537733;-6.424739;-11.321091;-16.224911;-21.132078;-19.454973;-16.614069;-11.826628;-7.007390;-2.161976,98.595314;112.244095;125.823792;124.798187;123.864281;123.023224;122.264351;107.621338;93.259468;94.789581;96.172417;97.426979,npp_d20140716_t1803247_e1809051_b14079,152.038,53.3109,25.3822,-81.6464,34.672,82.0129
1223,VBD_npp_d20140716_t1804291_x1144707E_y037004S_l0584_s2492_v23,2017-05-23 13:08:46,-3.700429,114.470695,5.53053,2014-07-16 18:04:29,2014-07-17 02:04:29,584,2492,0.415658,2,2465,0.253915,0.200787,0.83632,0.4,0.728411,0.75,0.0468703,0.0001,0.0372106,999999,-1.218218e-01,3,Indonesian Exclusive Economic Zone,WPP712,,SVDNB_npp_d20140716_t1803247_e1809051_b14079_c20140717000905445784_noaa_ops.h5,GDNBO_npp_d20140716_t1803247_e1809051_b14079_c20140717000905445471_noaa_ops.h5,SVI04_npp_d20140716_t1803247_e1809051_b14079_c20140717000905432367_noaa_ops.dspace_rad,VNFF_npp_d20140716_t1803247_e1809051_b14079_v21.csv,World_EEZ_v8_2014.shp,WPP_BFAR_merge.shp,KKP_IDN_merge_20161208.shp,VNF-VBD_npp_20120301-20151231_global_asia-enhanced_c201607211230.bitmask,NCEI_NGA.union.nga_lead2.add_2015ntl.mask,timezone.shp,VBD_platforms-recurring_2015_r20170330.shp,999999,VBD_bridges_c20160811.shp,2.701723;0.592520;-1.537733;-6.424739;-11.321091;-16.224911;-21.132078;-19.454973;-16.614069;-11.826628;-7.007390;-2.161976,98.595314;112.244095;125.823792;124.798187;123.864281;123.023224;122.264351;107.621338;93.259468;94.789581;96.172417;97.426979,npp_d20140716_t1803247_e1809051_b14079,150.745,51.0407,25.4248,-81.3169,34.187,84.5527
1224,VBD_npp_d20140716_t1805029_x1140308E_y056986S_l0890_s2492_v23,2017-05-23 13:08:46,-5.698573,114.030838,24.9994,2014-07-16 18:05:02,2014-07-17 01:05:02,890,2492,0.408255,1,2529,0.789444,0.163416,0.891592,0.4,0.929473,0.75,0.0464065,0.0001,0.0345608,999999,1.738258e-01,3,Indonesian Exclusive Economic Zone,WPP712,,SVDNB_npp_d20140716_t1803247_e1809051_b14079_c20140717000905445784_noaa_ops.h5,GDNBO_npp_d20140716_t1803247_e1809051_b14079_c20140717000905445471_noaa_ops.h5,SVI04_npp_d20140716_t1803247_e1809051_b14079_c20140717000905432367_noaa_ops.dspace_rad,VNFF_npp_d20140716_t1803247_e1809051_b14079_v21.csv,World_EEZ_v8_2014.shp,WPP_BFAR_merge.shp,KKP_IDN_merge_20161208.shp,VNF-VBD_npp_20120301-20151231_global_asia-enhanced_c201607211230.bitmask,NCEI_NGA.union.nga_lead2.add_2015ntl.mask,timezone.shp,VBD_platforms-recurring_2015_r20170330.shp,999999,VBD_bridges_c20160811.shp,2.701723;0.592520;-1.537733;-6.424739;-11.321091;-16.224911;-21.132078;-19.454973;-16.614069;-11.826628;-7.007390;-2.161976,98.595314;112.244095;125.823792;124.798187;123.864281;123.023224;122.264351;107.621338;93.259468;94.789581;96.172417;97.426979,npp_d20140716_t1803247_e1809051_b14079,152.202,53.6408,25.4284,-81.1561,34.7356,81.676
1225,VBD_npp_d20140716_t1805029_x1140607E_y056825S_l0887_s2496_v23,2017-05-23 13:08:46,-5.682497,114.060738,69.5962,2014-07-16 18:05:02,2014-07-17 01:05:02,887,2496,0.404388,1,2529,1.15341,0.227746,0.893864,0.4,0.953979,0.75,0.0464298,0.0001,0.0351301,999999,-3.351056e-01,3,Indonesian Exclusive Economic Zone,WPP712,,SVDNB_npp_d20140716_t1803247_e1809051_b14079_c20140717000905445784_noaa_ops.h5,GDNBO_npp_d20140716_t1803247_e1809051_b14079_c20140717000905445471_noaa_ops.h5,SVI04_npp_d20140716_t1803247_e1809051_b14079_c20140717000905432367_noaa_ops.dspace_rad,VNFF_npp_d20140716_t1803247_e1809051_b14079_v21.csv,World_EEZ_v8_2014.shp,WPP_BFAR_merge.shp,KKP_IDN_merge_20161208.shp,VNF-VBD_npp_20120301-20151231_global_asia-enhanced_c201607211230.bitmask,NCEI_NGA.union.nga_lead2.add_2015ntl.mask,timezone.shp,VBD_platforms-recurring_2015_r20170330.shp,999999,VBD_bridges_c20160811.shp,2.701723;0.592520;-1.537733;-6.424739;-11.321091;-16.224911;-21.132078;-19.454973;-16.614069;-11.826628;-7.007390;-2.161976,98.595314;112.244095;125.823792;124.798187;123.864281;123.023224;122.264351;107.621338;93.259468;94.789581;96.172417;97.426979,npp_d20140716_t1803247_e1809051_b14079,152.169,53.6468,25.6264,-81.5325,34.7034,81.6901
1226,VBD_npp_d20140716_t1804522_x1142225E_y050386S_l0788_s2499_v23,2017-05-23 13:08:46,-5.038599,114.222450,11.0463,2014-07-16 18:04:52,2014-07-17 02:04:52,788,2499,0.385218,1,2529,0.498966,0.201669,0.800219,0.4,0.86785,0.75,0.0466075,0.0001,0.0364429,999999,-1.288001e-01,3,Indonesian Exclusive Economic Zone,WPP712,,SVDNB_npp_d20140716_t1803247_e1809051_b14079_c20140717000905445784_noaa_ops.h5,GDNBO_npp_d20140716_t1803247_e1809051_b14079_c20140717000905445471_noaa_ops.h5,SVI04_npp_d20140716_t1803247_e1809051_b14079_c20140717000905432367_noaa_ops.dspace_rad,VNFF_npp_d20140716_t1803247_e1809051_b14079_v21.csv,World_EEZ_v8_2014.shp,WPP_BFAR_merge.shp,KKP_IDN_merge_20161208.shp,VNF-VBD_npp_20120301-20151231_global_asia-enhanced_c201607211230.bitmask,NCEI_NGA.union.nga_lead2.add_2015ntl.mask,timezone.shp,VBD_platforms-recurring_2015_r20170330.shp,999999,VBD_bridges_c20160811.shp,2.701723;0.592520;-1.537733;-6.424739;-11.321091;-16.224911;-21.132078;-19.454973;-16.614069;-11.826628;-7.007390;-2.161976,98.595314;112.244095;125.823792;124.798187;123.864281;123.023224;122.264351;107.621338;93.259468;94.789581;96.172417;97.426979,npp_d20140716_t1803247_e1809051_b14079,151.69,52.7997,25.7783,-81.878,34.4952,82.6004
1227,VBD_npp_d20140716_t1804504_x1142468E_y049690S_l0777_s2500_v23,2017-05-23 13:08:46,-4.969039,114.246758,21.7681,2014-07-16 18:04:50,2014-07-17 02:04:50,777,2500,0.405769,1,2529,0.737539,0.185446,0.894666,0.4,0.920921,0.75,0.0466294,0.0001,0.036179,999999,-4.593619e-04,3,Indonesian Exclusive Economic Zone,WPP712,,SVDNB_npp_d20140716_t1803247_e1809051_b14079_c20140717000905445784_noaa_ops.h5,GDNBO_npp_d20140716_t1803247_e1809051_b14079_c20140717000905445471_noaa_ops.h5,SVI04_npp_d20140716_t1803247_e1809051_b14079_c20140717000905432367_noaa_ops.dspace_rad,VNFF_npp_d20140716_t1803247_e1809051_b14079_v21.csv,World_EEZ_v8_2014.shp,WPP_BFAR_merge.shp,KKP_IDN_merge_20161208.shp,VNF-VBD_npp_20120301-20151231_global_asia-enhanced_c201607211230.bitmask,NCEI_NGA.union.nga_lead2.add_2015ntl.mask,timezone.shp,VBD_platforms-recurring_2015_r20170330.shp,999999,VBD_bridges_c20160811.shp,2.701723;0.592520;-1.537733;-6.424739;-11.321091;-16.224911;-21.132078;-19.454973;-16.614069;-11.826628;-7.007390;-2.161976,98.595314;112.244095;125.823792;124.798187;123.864281;123.023224;122.264351;107.621338;93.259468;94.789581;96.172417;97.426979,npp_d20140716_t1803247_e1809051_b14079,151.634,52.7145,25.8246,-81.254,34.4689,82.6984
1228,VBD_npp_d20140716_t1805331_x1136999E_y074908S_l1163_s2501_v23,2017-05-23 13:08:46,-7.490761,113.699936,5.53386,2014-07-16 18:05:33,2014-07-17 01:05:33,1163,2501,0.427425,1,2529,0.306068,0.198121,0.707749,0.4,0.799538,0.75,0.0461089,0.0001,0.0325791,999999,-1.007355e-01,3,Indonesian Exclusive Economic Zone,WPP712,,SVDNB_npp_d20140716_t1803247_e1809051_b14079_c20140717000905445784_noaa_ops.h5,GDNBO_npp_d20140716_t1803247_e1809051_b14079_c20140717000905445471_noaa_ops.h5,SVI04_npp_d20140716_t1803247_e1809051_b14079_c20140717000905432367_noaa_ops.dspace_rad,VNFF_npp_d20140716_t1803247_e1809051_b14079_v21.csv,World_EEZ_v8_2014.shp,WPP_BFAR_merge.shp,KKP_IDN_merge_20161208.shp,VNF-VBD_npp_20120301-20151231_global_asia-enhanced_c201607211230.bitmask,NCEI_NGA.union.nga_lead2.add_2015ntl.mask,timezone.shp,VBD_platforms-recurring_2015_r20170330.shp,999999,VBD_bridges_c20160811.shp,2.701723;0.592520;-1.537733;-6.424739;-11.321091;-16.224911;-21.132078;-19.454973;-16.614069;-11.826628;-7.007390;-2.161976,98.595314;112.244095;125.823792;124.798187;123.864281;123.023224;122.264351;107.621338;93.259468;94.789581;96.172417;97.426979,npp_d20140716_t1803247_e1809051_b14079,153.398,56.2928,25.8738,-81.1089,35.2466,79.1687
1229,VBD_npp_d20140716_t1804504_x1142670E_y049721S_l0777_s2503_v23,2017-05-23 13:08:46,-4.972138,114.266953,33.8354,2014-07-16 18:04:50,2014-07-17 02:04:50,777,2503,0.404112,1,2529,0.903931,0.17848,0.89026,0.4,0.952214,0.75,0.0466431,0.0001,0.0363915,999999,5.465738e-02,3,Indonesian Exclusive Economic Zone,WPP712,,SVDNB_npp_d20140716_t1803247_e1809051_b14079_c20140717000905445784_noaa_ops.h5,GDNBO_npp_d20140716_t1803247_e1809051_b14079_c20140717000905445471_noaa_ops.h5,SVI04_npp_d20140716_t1803247_e1809051_b14079_c20140717000905432367_noaa_ops.dspace_rad,VNFF_npp_d20140716_t1803247_e1809051_b14079_v21.csv,World_EEZ_v8_2014.shp,WPP_BFAR_merge.shp,KKP_IDN_merge_20161208.shp,VNF-VBD_npp_20120301-20151231_global_asia-enhanced_c201607211230.bitmask,NCEI_NGA.union.nga_lead2.add_2015ntl.mask,timezone.shp,VBD_platforms-recurring_2015_r20170330.shp,999999,VBD_bridges_c20160811.shp,2.701723;0.592520;-1.537733;-6.424739;-11.321091;-16.224911;-21.132078;-19.454973;-16.614069;-11.826628;-7.007390;-2.161976,98.595314;112.244095;125.823792;124.798187;123.864281;123.023224;122.264351;107.621338;93.259468;94.789581;96.172417;97.426979,npp_d20140716_t1803247_e1809051_b14079,151.62,52.7399,25.9732,-81.2566,34.4491,82.6883
1230,VBD_npp_d20140716_t1805064_x1141979E_y059679S_l0926_s2524_v23,2017-05-23 13:08:46,-5.967870,114.197906,47.4933,2014-07-16 18:05:06,2014-07-17 01:05:06,926,2524,0.406598,1,2529,1.01972,0.172492,0.877005,0.4,0.952323,0.75,0.0464906,0.0001,0.0359897,999999,1.020231e-01,3,Indonesian Exclusive Economic Zone,WPP712,,SVDNB_npp_d20140716_t1803247_e1809051_b14079_c20140717000905445784_noaa_ops.h5,GDNBO_npp_d20140716_t1803247_e1809051_b14079_c20140717000905445471_noaa_ops.h5,SVI04_npp_d20140716_t1803247_e1809051_b14079_c20140717000905432367_noaa_ops.dspace_rad,VNFF_npp_d20140716_t1803247_e1809051_b14079_v21.csv,World_EEZ_v8_2014.shp,WPP_BFAR_merge.shp,KKP_IDN_merge_20161208.shp,VNF-VBD_npp_20120301-20151231_global_asia-enhanced_c201607211230.bitmask,NCEI_NGA.union.nga_lead2.add_2015ntl.mask,timezone.shp,VBD_platforms-recurring_2015_r20170330.shp,999999,VBD_bridges_c20160811.shp,2.701723;0.592520;-1.537733;-6.424739;-11.321091;-16.224911;-21.132078;-19.454973;-16.614069;-11.826628;-7.007390;-2.161976,98.595314;112.244095;125.823792;124.798187;123.864281;123.023224;122.264351;107.621338;93.259468;94.789581;96.172417;97.426979,npp_d20140716_t1803247_e1809051_b14079,152.214,54.2375,27.0169,-80.7318,34.5952,81.2243
1231,VBD_npp_d20140716_t1804415_x1145679E_y045053S_l0701_s2531_v23,2017-05-23 13:08:46,-4.505259,114.567932,56.3447,2014-07-16 18:04:41,2014-07-17 02:04:41,701,2531,0.411349,1,2529,1.09566,0.184163,0.900653,0.4,0.967305,0.75,0.0468911,0.0001,0.0385881,999999,9.694314e-03,3,Indonesian Exclusive Economic Zone,WPP712,,SVDNB_npp_d20140716_t1803247_e1809051_b14079_c20140717000905445784_noaa_ops.h5,GDNBO_npp_d20140716_t1803247_e1809051_b14079_c20140717000905445471_noaa_ops.h5,SVI04_npp_d20140716_t1803247_e1809051_b14079_c20140717000905432367_noaa_ops.dspace_rad,VNFF_npp_d20140716_t1803247_e1809051_b14079_v21.csv,World_EEZ_v8_2014.shp,WPP_BFAR_merge.shp,KKP_IDN_merge_20161208.shp,VNF-VBD_npp_20120301-20151231_global_asia-enhanced_c201607211230.bitmask,NCEI_NGA.union.nga_lead2.add_2015ntl.mask,timezone.shp,VBD_platforms-recurring_2015_r20170330.shp,999999,VBD_bridges_c20160811.shp,2.701723;0.592520;-1.537733;-6.424739;-11.321091;-16.224911;-21.132078;-19.454973;-16.614069;-11.826628;-7.007390;-2.161976,98.595314;112.244095;125.823792;124.798187;123.864281;123.023224;122.264351;107.621338;93.259468;94.789581;96.172417;97.426979,npp_d20140716_t1803247_e1809051_b14079,151.127,52.3323,27.3557,-80.8077,34.1251,83.313
1232,VBD_npp_d20140716_t1804433_x1145792E_y045608S_l0709_s2535_v23,2017-05-23 13:08:46,-4.560818,114.579208,11.1088,2014-07-16 18:04:43,2014-07-17 02:04:43,709,2535,0.384611,1,2529,0.498527,0.227755,0.83142,0.4,0.87072,0.75,0.0468967,0.0001,0.0394471,999999,-3.351775e-01,3,Indonesian Exclusive Economic Zone,WPP712,,SVDNB_npp_d20140716_t1803247_e1809051_b14079_c20140717000905445784_noaa_ops.h5,GDNBO_npp_d20140716_t1803247_e1809051_b14079_c20140717000905445471_noaa_ops.h5,SVI04_npp_d20140716_t1803247_e1809051_b14079_c20140717000905432367_noaa_ops.dspace_rad,VNFF_npp_d20140716_t1803247_e1809051_b14079_v21.csv,World_EEZ_v8_2014.shp,WPP_BFAR_merge.shp,KKP_IDN_merge_20161208.shp,VNF-VBD_npp_20120301-20151231_global_asia-enhanced_c201607211230.bitmask,NCEI_NGA.union.nga_lead2.add_2015ntl.mask,timezone.shp,VBD_platforms-recurring_2015_r20170330.shp,999999,VBD_bridges_c20160811.shp,2.701723;0.592520;-1.537733;-6.424739;-11.321091;-16.224911;-21.132078;-19.454973;-16.614069;-11.826628;-7.007390;-2.161976,98.595314;112.244095;125.823792;124.798187;123.864281;123.023224;122.264351;107.621338;93.259468;94.789581;96.172417;97.426979,npp_d20140716_t1803247_e1809051_b14079,151.146,52.4313,27.5444,-81.7175,34.1132,83.2249
1233,VBD_npp_d20140716_t1805296_x1140448E_y073130S_l1129_s2545_v23,2017-05-23 13:08:46,-7.313021,114.044754,5.93333,2014-07-16 18:05:29,2014-07-17 01:05:29,1129,2545,0.424276,8,18913,0.319367,0.17791,0.732023,0.4,0.803616,0.75,0.0463732,0.0001,0.0356381,999999,5.916186e-02,3,Indonesian Exclusive Economic Zone,WPP712,,SVDNB_npp_d20140716_t1803247_e1809051_b14079_c20140717000905445784_noaa_ops.h5,GDNBO_npp_d20140716_t1803247_e1809051_b14079_c20140717000905445471_noaa_ops.h5,SVI04_npp_d20140716_t1803247_e1809051_b14079_c20140717000905432367_noaa_ops.dspace_rad,VNFF_npp_d20140716_t1803247_e1809051_b14079_v21.csv,World_EEZ_v8_2014.shp,WPP_BFAR_merge.shp,KKP_IDN_merge_20161208.shp,VNF-VBD_npp_20120301-20151231_global_asia-enhanced_c201607211230.bitmask,NCEI_NGA.union.nga_lead2.add_2015ntl.mask,timezone.shp,VBD_platforms-recurring_2015_r20170330.shp,0.345373,VBD_bridges_c20160811.shp,2.701723;0.592520;-1.537733;-6.424739;-11.321091;-16.224911;-21.132078;-19.454973;-16.614069;-11.826628;-7.007390;-2.161976,98.595314;112.244095;125.823792;124.798187;123.864281;123.023224;122.264351;107.621338;93.259468;94.789581;96.172417;97.426979,npp_d20140716_t1803247_e1809051_b14079,153.027,56.317,28.0143,-81.3984,34.8862,79.2914
1234,VBD_npp_d20140716_t1805349_x1139792E_y076061S_l1174_s2545_v23,2017-05-23 13:08:46,-7.606064,113.979248,7.86404,2014-07-16 18:05:34,2014-07-17 01:05:34,1174,2545,0.42284,1,2529,0.399505,0.217374,0.848685,0.4,0.850007,0.75,0.0462886,0.0001,0.0354852,999999,-2.530460e-01,3,Indonesian Exclusive Economic Zone,WPP712,,SVDNB_npp_d20140716_t1803247_e1809051_b14079_c20140717000905445784_noaa_ops.h5,GDNBO_npp_d20140716_t1803247_e1809051_b14079_c20140717000905445471_noaa_ops.h5,SVI04_npp_d20140716_t1803247_e1809051_b14079_c20140717000905432367_noaa_ops.dspace_rad,VNFF_npp_d20140716_t1803247_e1809051_b14079_v21.csv,World_EEZ_v8_2014.shp,WPP_BFAR_merge.shp,KKP_IDN_merge_20161208.shp,VNF-VBD_npp_20120301-20151231_global_asia-enhanced_c201607211230.bitmask,NCEI_NGA.union.nga_lead2.add_2015ntl.mask,timezone.shp,VBD_platforms-recurring_2015_r20170330.shp,999999,VBD_bridges_c20160811.shp,2.701723;0.592520;-1.537733;-6.424739;-11.321091;-16.224911;-21.132078;-19.454973;-16.614069;-11.826628;-7.007390;-2.161976,98.595314;112.244095;125.823792;124.798187;123.864281;123.023224;122.264351;107.621338;93.259468;94.789581;96.172417;97.426979,npp_d20140716_t1803247_e1809051_b14079,153.224,56.7584,28.0143,-81.7493,34.986,78.888
1235,VBD_npp_d20140716_t1804451_x1146238E_y047026S_l0729_s2546_v23,2017-05-23 13:08:46,-4.702610,114.623787,50.997,2014-07-16 18:04:45,2014-07-17 02:04:45,729,2546,0.361629,1,2529,0.987274,0.221795,0.875934,0.4,0.948365,0.75,0.0469153,0.0001,0.0395617,999999,-2.880281e-01,3,Indonesian Exclusive Economic Zone,WPP712,,SVDNB_npp_d20140716_t1803247_e1809051_b14079_c20140717000905445784_noaa_ops.h5,GDNBO_npp_d20140716_t1803247_e1809051_b14079_c20140717000905445471_noaa_ops.h5,SVI04_npp_d20140716_t1803247_e1809051_b14079_c20140717000905432367_noaa_ops.dspace_rad,VNFF_npp_d20140716_t1803247_e1809051_b14079_v21.csv,World_EEZ_v8_2014.shp,WPP_BFAR_merge.shp,KKP_IDN_merge_20161208.shp,VNF-VBD_npp_20120301-20151231_global_asia-enhanced_c201607211230.bitmask,NCEI_NGA.union.nga_lead2.add_2015ntl.mask,timezone.shp,VBD_platforms-recurring_2015_r20170330.shp,999999,VBD_bridges_c20160811.shp,2.701723;0.592520;-1.537733;-6.424739;-11.321091;-16.224911;-21.132078;-19.454973;-16.614069;-11.826628;-7.007390;-2.161976,98.595314;112.244095;125.823792;124.798187;123.864281;123.023224;122.264351;107.621338;93.259468;94.789581;96.172417;97.426979,npp_d20140716_t1803247_e1809051_b14079,151.191,52.6888,28.0567,-81.2835,34.0785,82.9989
1236,VBD_npp_d20140716_t1805349_x1139899E_y075803S_l1170_s2546_v23,2017-05-23 13:08:46,-7.580320,113.989937,17.4735,2014-07-16 18:05:34,2014-07-17 01:05:34,1170,2546,0.426762,1,2529,0.666134,0.199839,0.844837,0.4,0.914356,0.75,0.0463007,0.0001,0.0359822,999999,-1.143213e-01,3,Indonesian Exclusive Economic Zone,WPP712,,SVDNB_npp_d20140716_t1803247_e1809051_b14079_c20140717000905445784_noaa_ops.h5,GDNBO_npp_d20140716_t1803247_e1809051_b14079_c20140717000905445471_noaa_ops.h5,SVI04_npp_d20140716_t1803247_e1809051_b14079_c20140717000905432367_noaa_ops.dspace_rad,VNFF_npp_d20140716_t1803247_e1809051_b14079_v21.csv,World_EEZ_v8_2014.shp,WPP_BFAR_merge.shp,KKP_IDN_merge_20161208.shp,VNF-VBD_npp_20120301-20151231_global_asia-enhanced_c201607211230.bitmask,NCEI_NGA.union.nga_lead2.add_2015ntl.mask,timezone.shp,VBD_platforms-recurring_2015_r20170330.shp,999999,VBD_bridges_c20160811.shp,2.701723;0.592520;-1.537733;-6.424739;-11.321091;-16.224911;-21.132078;-19.454973;-16.614069;-11.826628;-7.007390;-2.161976,98.595314;112.244095;125.823792;124.798187;123.864281;123.023224;122.264351;107.621338;93.259468;94.789581;96.172417;97.426979,npp_d20140716_t1803247_e1809051_b14079,153.201,56.7258,28.0632,-82.1939,34.9704,78.9205
1237,VBD_npp_d20140716_t1804398_x1147259E_y043946S_l0681_s2551_v23,2017-05-23 13:08:46,-4.394577,114.725899,75.4203,2014-07-16 18:04:39,2014-07-17 02:04:39,681,2551,0.407095,1,2529,1.2056,0.191601,0.914337,0.4,0.970344,0.75,0.0470129,0.0001,0.0402712,999999,-4.915392e-02,3,Indonesian Exclusive Economic Zone,WPP712,,SVDNB_npp_d20140716_t1803247_e1809051_b14079_c20140717000905445784_noaa_ops.h5,GDNBO_npp_d20140716_t1803247_e1809051_b14079_c20140717000905445471_noaa_ops.h5,SVI04_npp_d20140716_t1803247_e1809051_b14079_c20140717000905432367_noaa_ops.dspace_rad,VNFF_npp_d20140716_t1803247_e1809051_b14079_v21.csv,World_EEZ_v8_2014.shp,WPP_BFAR_merge.shp,KKP_IDN_merge_20161208.shp,VNF-VBD_npp_20120301-20151231_global_asia-enhanced_c201607211230.bitmask,NCEI_NGA.union.nga_lead2.add_2015ntl.mask,timezone.shp,VBD_platforms-recurring_2015_r20170330.shp,999999,VBD_bridges_c20160811.shp,2.701723;0.592520;-1.537733;-6.424739;-11.321091;-16.224911;-21.132078;-19.454973;-16.614069;-11.826628;-7.007390;-2.161976,98.595314;112.244095;125.823792;124.798187;123.864281;123.023224;122.264351;107.621338;93.259468;94.789581;96.172417;97.426979,npp_d20140716_t1803247_e1809051_b14079,150.941,52.328,28.2925,-81.2686,33.9606,83.4414
1238,VBD_npp_d20140716_t1804415_x1147170E_y044530S_l0690_s2552_v23,2017-05-23 13:08:46,-4.453024,114.717033,81.9299,2014-07-16 18:04:41,2014-07-17 02:04:41,690,2552,0.40936,1,2529,1.23329,0.204279,0.920264,0.4,0.973655,0.75,0.0470039,0.0001,0.0408658,999999,-1.494503e-01,3,Indonesian Exclusive Economic Zone,WPP712,,SVDNB_npp_d20140716_t1803247_e1809051_b14079_c20140717000905445784_noaa_ops.h5,GDNBO_npp_d20140716_t1803247_e1809051_b14079_c20140717000905445471_noaa_ops.h5,SVI04_npp_d20140716_t1803247_e1809051_b14079_c20140717000905432367_noaa_ops.dspace_rad,VNFF_npp_d20140716_t1803247_e1809051_b14079_v21.csv,World_EEZ_v8_2014.shp,WPP_BFAR_merge.shp,KKP_IDN_merge_20161208.shp,VNF-VBD_npp_20120301-20151231_global_asia-enhanced_c201607211230.bitmask,NCEI_NGA.union.nga_lead2.add_2015ntl.mask,timezone.shp,VBD_platforms-recurring_2015_r20170330.shp,999999,VBD_bridges_c20160811.shp,2.701723;0.592520;-1.537733;-6.424739;-11.321091;-16.224911;-21.132078;-19.454973;-16.614069;-11.826628;-7.007390;-2.161976,98.595314;112.244095;125.823792;124.798187;123.864281;123.023224;122.264351;107.621338;93.259468;94.789581;96.172417;97.426979,npp_d20140716_t1803247_e1809051_b14079,150.978,52.4099,28.3442,-82.0476,33.9691,83.3536
1239,VBD_npp_d20140716_t1804433_x1147007E_y046478S_l0719_s2555_v23,2017-05-23 13:08:46,-4.647814,114.700661,104.489,2014-07-16 18:04:43,2014-07-17 02:04:43,719,2555,0.411902,1,2529,1.20856,0.166461,0.90002,0.4,0.953389,0.75,0.0469722,0.0001,0.0396018,999999,1.497421e-01,3,Indonesian Exclusive Economic Zone,WPP712,,SVDNB_npp_d20140716_t1803247_e1809051_b14079_c20140717000905445784_noaa_ops.h5,GDNBO_npp_d20140716_t1803247_e1809051_b14079_c20140717000905445471_noaa_ops.h5,SVI04_npp_d20140716_t1803247_e1809051_b14079_c20140717000905432367_noaa_ops.dspace_rad,VNFF_npp_d20140716_t1803247_e1809051_b14079_v21.csv,World_EEZ_v8_2014.shp,WPP_BFAR_merge.shp,KKP_IDN_merge_20161208.shp,VNF-VBD_npp_20120301-20151231_global_asia-enhanced_c201607211230.bitmask,NCEI_NGA.union.nga_lead2.add_2015ntl.mask,timezone.shp,VBD_platforms-recurring_2015_r20170330.shp,999999,VBD_bridges_c20160811.shp,2.701723;0.592520;-1.537733;-6.424739;-11.321091;-16.224911;-21.132078;-19.454973;-16.614069;-11.826628;-7.007390;-2.161976,98.595314;112.244095;125.823792;124.798187;123.864281;123.023224;122.264351;107.621338;93.259468;94.789581;96.172417;97.426979,npp_d20140716_t1803247_e1809051_b14079,151.103,52.6802,28.4855,-80.625,34.0018,83.0629
1240,VBD_npp_d20140716_t1804451_x1147176E_y047101S_l0728_s2560_v23,2017-05-23 13:08:46,-4.710111,114.717606,87.8011,2014-07-16 18:04:45,2014-07-17 02:04:45,728,2560,0.404885,1,2529,1.24382,0.178564,0.908921,0.4,0.973103,0.75,0.0469809,0.0001,0.0404237,999999,5.398527e-02,3,Indonesian Exclusive Economic Zone,WPP712,,SVDNB_npp_d20140716_t1803247_e1809051_b14079_c20140717000905445784_noaa_ops.h5,GDNBO_npp_d20140716_t1803247_e1809051_b14079_c20140717000905445471_noaa_ops.h5,SVI04_npp_d20140716_t1803247_e1809051_b14079_c20140717000905432367_noaa_ops.dspace_rad,VNFF_npp_d20140716_t1803247_e1809051_b14079_v21.csv,World_EEZ_v8_2014.shp,WPP_BFAR_merge.shp,KKP_IDN_merge_20161208.shp,VNF-VBD_npp_20120301-20151231_global_asia-enhanced_c201607211230.bitmask,NCEI_NGA.union.nga_lead2.add_2015ntl.mask,timezone.shp,VBD_platforms-recurring_2015_r20170330.shp,999999,VBD_bridges_c20160811.shp,2.701723;0.592520;-1.537733;-6.424739;-11.321091;-16.224911;-21.132078;-19.454973;-16.614069;-11.826628;-7.007390;-2.161976,98.595314;112.244095;125.823792;124.798187;123.864281;123.023224;122.264351;107.621338;93.259468;94.789581;96.172417;97.426979,npp_d20140716_t1803247_e1809051_b14079,151.121,52.7948,28.7155,-81.4031,33.9853,82.9627
1241,VBD_npp_d20140716_t1804415_x1147882E_y044775S_l0692_s2563_v23,2017-05-23 13:08:46,-4.477486,114.788170,86.8588,2014-07-16 18:04:41,2014-07-17 02:04:41,692,2563,0.41378,1,2529,1.26621,0.159474,0.919241,0.4,0.977502,0.75,0.0470512,0.0001,0.0412724,999999,2.050172e-01,3,Indonesian Exclusive Economic Zone,WPP712,,SVDNB_npp_d20140716_t1803247_e1809051_b14079_c20140717000905445784_noaa_ops.h5,GDNBO_npp_d20140716_t1803247_e1809051_b14079_c20140717000905445471_noaa_ops.h5,SVI04_npp_d20140716_t1803247_e1809051_b14079_c20140717000905432367_noaa_ops.dspace_rad,VNFF_npp_d20140716_t1803247_e1809051_b14079_v21.csv,World_EEZ_v8_2014.shp,WPP_BFAR_merge.shp,KKP_IDN_merge_20161208.shp,VNF-VBD_npp_20120301-20151231_global_asia-enhanced_c201607211230.bitmask,NCEI_NGA.union.nga_lead2.add_2015ntl.mask,timezone.shp,VBD_platforms-recurring_2015_r20170330.shp,999999,VBD_bridges_c20160811.shp,2.701723;0.592520;-1.537733;-6.424739;-11.321091;-16.224911;-21.132078;-19.454973;-16.614069;-11.826628;-7.007390;-2.161976,98.595314;112.244095;125.823792;124.798187;123.864281;123.023224;122.264351;107.621338;93.259468;94.789581;96.172417;97.426979,npp_d20140716_t1803247_e1809051_b14079,150.936,52.5171,28.861,-81.827,33.9005,83.2987
1242,VBD_npp_d20140716_t1804433_x1147683E_y045620S_l0705_s2563_v23,2017-05-23 13:08:46,-4.562018,114.768341,57.1503,2014-07-16 18:04:43,2014-07-17 02:04:43,705,2563,0.413725,1,2529,1.09182,0.170324,0.893388,0.4,0.96512,0.75,0.0470309,0.0001,0.0414201,999999,1.191770e-01,3,Indonesian Exclusive Economic Zone,WPP712,,SVDNB_npp_d20140716_t1803247_e1809051_b14079_c20140717000905445784_noaa_ops.h5,GDNBO_npp_d20140716_t1803247_e1809051_b14079_c20140717000905445471_noaa_ops.h5,SVI04_npp_d20140716_t1803247_e1809051_b14079_c20140717000905432367_noaa_ops.dspace_rad,VNFF_npp_d20140716_t1803247_e1809051_b14079_v21.csv,World_EEZ_v8_2014.shp,WPP_BFAR_merge.shp,KKP_IDN_merge_20161208.shp,VNF-VBD_npp_20120301-20151231_global_asia-enhanced_c201607211230.bitmask,NCEI_NGA.union.nga_lead2.add_2015ntl.mask,timezone.shp,VBD_platforms-recurring_2015_r20170330.shp,999999,VBD_bridges_c20160811.shp,2.701723;0.592520;-1.537733;-6.424739;-11.321091;-16.224911;-21.132078;-19.454973;-16.614069;-11.826628;-7.007390;-2.161976,98.595314;112.244095;125.823792;124.798187;123.864281;123.023224;122.264351;107.621338;93.259468;94.789581;96.172417;97.426979,npp_d20140716_t1803247_e1809051_b14079,150.997,52.6255,28.8635,-82.1527,33.9234,83.1743
1243,VBD_npp_d20140716_t1804415_x1148149E_y044815S_l0692_s2567_v23,2017-05-23 13:08:46,-4.481538,114.814934,65.5827,2014-07-16 18:04:41,2014-07-17 02:04:41,692,2567,0.412896,1,2529,1.13991,0.166548,0.907593,0.4,0.967412,0.75,0.0470694,0.0001,0.0414806,999999,1.490499e-01,3,Indonesian Exclusive Economic Zone,WPP712,,SVDNB_npp_d20140716_t1803247_e1809051_b14079_c20140717000905445784_noaa_ops.h5,GDNBO_npp_d20140716_t1803247_e1809051_b14079_c20140717000905445471_noaa_ops.h5,SVI04_npp_d20140716_t1803247_e1809051_b14079_c20140717000905432367_noaa_ops.dspace_rad,VNFF_npp_d20140716_t1803247_e1809051_b14079_v21.csv,World_EEZ_v8_2014.shp,WPP_BFAR_merge.shp,KKP_IDN_merge_20161208.shp,VNF-VBD_npp_20120301-20151231_global_asia-enhanced_c201607211230.bitmask,NCEI_NGA.union.nga_lead2.add_2015ntl.mask,timezone.shp,VBD_platforms-recurring_2015_r20170330.shp,999999,VBD_bridges_c20160811.shp,2.701723;0.592520;-1.537733;-6.424739;-11.321091;-16.224911;-21.132078;-19.454973;-16.614069;-11.826628;-7.007390;-2.161976,98.595314;112.244095;125.823792;124.798187;123.864281;123.023224;122.264351;107.621338;93.259468;94.789581;96.172417;97.426979,npp_d20140716_t1803247_e1809051_b14079,150.917,52.55,29.0495,-81.8269,33.8741,83.2858
1244,VBD_npp_d20140716_t1804451_x1147685E_y046903S_l0724_s2567_v23,2017-05-23 13:08:46,-4.690333,114.768532,102.076,2014-07-16 18:04:45,2014-07-17 02:04:45,724,2567,0.407316,1,2529,1.31646,0.204203,0.916525,0.4,0.978034,0.75,0.0470191,0.0001,0.041187,999999,-1.488516e-01,3,Indonesian Exclusive Economic Zone,WPP712,,SVDNB_npp_d20140716_t1803247_e1809051_b14079_c20140717000905445784_noaa_ops.h5,GDNBO_npp_d20140716_t1803247_e1809051_b14079_c20140717000905445471_noaa_ops.h5,SVI04_npp_d20140716_t1803247_e1809051_b14079_c20140717000905432367_noaa_ops.dspace_rad,VNFF_npp_d20140716_t1803247_e1809051_b14079_v21.csv,World_EEZ_v8_2014.shp,WPP_BFAR_merge.shp,KKP_IDN_merge_20161208.shp,VNF-VBD_npp_20120301-20151231_global_asia-enhanced_c201607211230.bitmask,NCEI_NGA.union.nga_lead2.add_2015ntl.mask,timezone.shp,VBD_platforms-recurring_2015_r20170330.shp,999999,VBD_bridges_c20160811.shp,2.701723;0.592520;-1.537733;-6.424739;-11.321091;-16.224911;-21.132078;-19.454973;-16.614069;-11.826628;-7.007390;-2.161976,98.595314;112.244095;125.823792;124.798187;123.864281;123.023224;122.264351;107.621338;93.259468;94.789581;96.172417;97.426979,npp_d20140716_t1803247_e1809051_b14079,151.069,52.8176,29.0464,-81.8374,33.9317,82.9789
1245,VBD_npp_d20140716_t1804451_x1148115E_y047244S_l0728_s2574_v23,2017-05-23 13:08:46,-4.724440,114.811493,50.3072,2014-07-16 18:04:45,2014-07-17 02:04:45,728,2574,0.407261,1,2529,1.01134,0.243743,0.91864,0.4,0.954131,0.75,0.0470448,0.0001,0.0411279,999999,-4.616640e-01,3,Indonesian Exclusive Economic Zone,WPP712,,SVDNB_npp_d20140716_t1803247_e1809051_b14079_c20140717000905445784_noaa_ops.h5,GDNBO_npp_d20140716_t1803247_e1809051_b14079_c20140717000905445471_noaa_ops.h5,SVI04_npp_d20140716_t1803247_e1809051_b14079_c20140717000905432367_noaa_ops.dspace_rad,VNFF_npp_d20140716_t1803247_e1809051_b14079_v21.csv,World_EEZ_v8_2014.shp,WPP_BFAR_merge.shp,KKP_IDN_merge_20161208.shp,VNF-VBD_npp_20120301-20151231_global_asia-enhanced_c201607211230.bitmask,NCEI_NGA.union.nga_lead2.add_2015ntl.mask,timezone.shp,VBD_platforms-recurring_2015_r20170330.shp,999999,VBD_bridges_c20160811.shp,2.701723;0.592520;-1.537733;-6.424739;-11.321091;-16.224911;-21.132078;-19.454973;-16.614069;-11.826628;-7.007390;-2.161976,98.595314;112.244095;125.823792;124.798187;123.864281;123.023224;122.264351;107.621338;93.259468;94.789581;96.172417;97.426979,npp_d20140716_t1803247_e1809051_b14079,151.056,52.91,29.3754,-81.4118,33.8928,82.9159
1246,VBD_npp_d20140716_t1804451_x1148084E_y047447S_l0731_s2574_v23,2017-05-23 13:08:46,-4.744690,114.808403,84.2451,2014-07-16 18:04:45,2014-07-17 02:04:45,731,2574,0.389748,1,2529,1.24759,0.232642,0.908541,0.4,0.970602,0.75,0.04704,0.0001,0.0408176,999999,-3.738414e-01,3,Indonesian Exclusive Economic Zone,WPP712,,SVDNB_npp_d20140716_t1803247_e1809051_b14079_c20140717000905445784_noaa_ops.h5,GDNBO_npp_d20140716_t1803247_e1809051_b14079_c20140717000905445471_noaa_ops.h5,SVI04_npp_d20140716_t1803247_e1809051_b14079_c20140717000905432367_noaa_ops.dspace_rad,VNFF_npp_d20140716_t1803247_e1809051_b14079_v21.csv,World_EEZ_v8_2014.shp,WPP_BFAR_merge.shp,KKP_IDN_merge_20161208.shp,VNF-VBD_npp_20120301-20151231_global_asia-enhanced_c201607211230.bitmask,NCEI_NGA.union.nga_lead2.add_2015ntl.mask,timezone.shp,VBD_platforms-recurring_2015_r20170330.shp,999999,VBD_bridges_c20160811.shp,2.701723;0.592520;-1.537733;-6.424739;-11.321091;-16.224911;-21.132078;-19.454973;-16.614069;-11.826628;-7.007390;-2.161976,98.595314;112.244095;125.823792;124.798187;123.864281;123.023224;122.264351;107.621338;93.259468;94.789581;96.172417;97.426979,npp_d20140716_t1803247_e1809051_b14079,151.07,52.9362,29.3755,-81.0927,33.8985,82.8862
1247,VBD_npp_d20140716_t1804380_x1149497E_y043207S_l0665_s2581_v23,2017-05-23 13:08:46,-4.320684,114.949677,66.6832,2014-07-16 18:04:38,2014-07-17 02:04:38,665,2581,0.407869,1,2529,1.16864,0.188037,0.89872,0.4,0.967341,0.75,0.0471736,0.0001,0.0419549,999999,-2.095800e-02,3,Indonesian Exclusive Economic Zone,WPP712,,SVDNB_npp_d20140716_t1803247_e1809051_b14079_c20140717000905445784_noaa_ops.h5,GDNBO_npp_d20140716_t1803247_e1809051_b14079_c20140717000905445471_noaa_ops.h5,SVI04_npp_d20140716_t1803247_e1809051_b14079_c20140717000905432367_noaa_ops.dspace_rad,VNFF_npp_d20140716_t1803247_e1809051_b14079_v21.csv,World_EEZ_v8_2014.shp,WPP_BFAR_merge.shp,KKP_IDN_merge_20161208.shp,VNF-VBD_npp_20120301-20151231_global_asia-enhanced_c201607211230.bitmask,NCEI_NGA.union.nga_lead2.add_2015ntl.mask,timezone.shp,VBD_platforms-recurring_2015_r20170330.shp,999999,VBD_bridges_c20160811.shp,2.701723;0.592520;-1.537733;-6.424739;-11.321091;-16.224911;-21.132078;-19.454973;-16.614069;-11.826628;-7.007390;-2.161976,98.595314;112.244095;125.823792;124.798187;123.864281;123.023224;122.264351;107.621338;93.259468;94.789581;96.172417;97.426979,npp_d20140716_t1803247_e1809051_b14079,150.725,52.4427,29.7051,-81.2897,33.7343,83.4995
1248,VBD_npp_d20140716_t1804415_x1149199E_y045182S_l0695_s2583_v23,2017-05-23 13:08:46,-4.518188,114.919876,39.1484,2014-07-16 18:04:41,2014-07-17 02:04:41,695,2583,0.411294,1,2529,0.946358,0.174589,0.882777,0.4,0.947829,0.75,0.0471376,0.0001,0.0419557,999999,8.543827e-02,3,Indonesian Exclusive Economic Zone,WPP712,,SVDNB_npp_d20140716_t1803247_e1809051_b14079_c20140717000905445784_noaa_ops.h5,GDNBO_npp_d20140716_t1803247_e1809051_b14079_c20140717000905445471_noaa_ops.h5,SVI04_npp_d20140716_t1803247_e1809051_b14079_c20140717000905432367_noaa_ops.dspace_rad,VNFF_npp_d20140716_t1803247_e1809051_b14079_v21.csv,World_EEZ_v8_2014.shp,WPP_BFAR_merge.shp,KKP_IDN_merge_20161208.shp,VNF-VBD_npp_20120301-20151231_global_asia-enhanced_c201607211230.bitmask,NCEI_NGA.union.nga_lead2.add_2015ntl.mask,timezone.shp,VBD_platforms-recurring_2015_r20170330.shp,999999,VBD_bridges_c20160811.shp,2.701723;0.592520;-1.537733;-6.424739;-11.321091;-16.224911;-21.132078;-19.454973;-16.614069;-11.826628;-7.007390;-2.161976,98.595314;112.244095;125.823792;124.798187;123.864281;123.023224;122.264351;107.621338;93.259468;94.789581;96.172417;97.426979,npp_d20140716_t1803247_e1809051_b14079,150.857,52.7081,29.8034,-81.5115,33.7731,83.2033
1249,VBD_npp_d20140716_t1804415_x1149670E_y044837S_l0689_s2589_v23,2017-05-23 13:08:46,-4.483675,114.967018,7.7759,2014-07-16 18:04:41,2014-07-17 02:04:41,689,2589,0.411294,1,2529,0.365434,0.165257,0.807251,0.4,0.788689,0.75,0.0471737,0.0001,0.0428362,999999,1.592643e-01,3,Indonesian Exclusive Economic Zone,WPP712,,SVDNB_npp_d20140716_t1803247_e1809051_b14079_c20140717000905445784_noaa_ops.h5,GDNBO_npp_d20140716_t1803247_e1809051_b14079_c20140717000905445471_noaa_ops.h5,SVI04_npp_d20140716_t1803247_e1809051_b14079_c20140717000905432367_noaa_ops.dspace_rad,VNFF_npp_d20140716_t1803247_e1809051_b14079_v21.csv,World_EEZ_v8_2014.shp,WPP_BFAR_merge.shp,KKP_IDN_merge_20161208.shp,VNF-VBD_npp_20120301-20151231_global_asia-enhanced_c201607211230.bitmask,NCEI_NGA.union.nga_lead2.add_2015ntl.mask,timezone.shp,VBD_platforms-recurring_2015_r20170330.shp,999999,VBD_bridges_c20160811.shp,2.701723;0.592520;-1.537733;-6.424739;-11.321091;-16.224911;-21.132078;-19.454973;-16.614069;-11.826628;-7.007390;-2.161976,98.595314;112.244095;125.823792;124.798187;123.864281;123.023224;122.264351;107.621338;93.259468;94.789581;96.172417;97.426979,npp_d20140716_t1803247_e1809051_b14079,150.798,52.7063,30.0896,-82.1388,33.7216,83.2435
1250,VBD_npp_d20140716_t1805331_x1142954E_y076150S_l1168_s2590_v23,2017-05-23 13:08:46,-7.614983,114.295433,10.5412,2014-07-16 18:05:33,2014-07-17 01:05:33,1168,2590,0.417371,1,2529,0.487856,0.175921,0.783445,0.4,0.859521,0.75,0.0465041,0.0001,0.0364099,999999,7.489938e-02,3,Indonesian Exclusive Economic Zone,WPP712,,SVDNB_npp_d20140716_t1803247_e1809051_b14079_c20140717000905445784_noaa_ops.h5,GDNBO_npp_d20140716_t1803247_e1809051_b14079_c20140717000905445471_noaa_ops.h5,SVI04_npp_d20140716_t1803247_e1809051_b14079_c20140717000905432367_noaa_ops.dspace_rad,VNFF_npp_d20140716_t1803247_e1809051_b14079_v21.csv,World_EEZ_v8_2014.shp,WPP_BFAR_merge.shp,KKP_IDN_merge_20161208.shp,VNF-VBD_npp_20120301-20151231_global_asia-enhanced_c201607211230.bitmask,NCEI_NGA.union.nga_lead2.add_2015ntl.mask,timezone.shp,VBD_platforms-recurring_2015_r20170330.shp,999999,VBD_bridges_c20160811.shp,2.701723;0.592520;-1.537733;-6.424739;-11.321091;-16.224911;-21.132078;-19.454973;-16.614069;-11.826628;-7.007390;-2.161976,98.595314;112.244095;125.823792;124.798187;123.864281;123.023224;122.264351;107.621338;93.259468;94.789581;96.172417;97.426979,npp_d20140716_t1803247_e1809051_b14079,152.973,57.0616,30.1353,-80.7297,34.6828,78.7471
1251,VBD_npp_d20140716_t1805349_x1142953E_y076182S_l1169_s2591_v23,2017-05-23 13:08:46,-7.618208,114.295334,9.51208,2014-07-16 18:05:34,2014-07-17 01:05:34,1169,2591,0.417371,1,2529,0.423856,0.169138,0.828109,0.4,0.839494,0.75,0.0465067,0.0001,0.0380914,999999,1.285612e-01,3,Indonesian Exclusive Economic Zone,WPP712,,SVDNB_npp_d20140716_t1803247_e1809051_b14079_c20140717000905445784_noaa_ops.h5,GDNBO_npp_d20140716_t1803247_e1809051_b14079_c20140717000905445471_noaa_ops.h5,SVI04_npp_d20140716_t1803247_e1809051_b14079_c20140717000905432367_noaa_ops.dspace_rad,VNFF_npp_d20140716_t1803247_e1809051_b14079_v21.csv,World_EEZ_v8_2014.shp,WPP_BFAR_merge.shp,KKP_IDN_merge_20161208.shp,VNF-VBD_npp_20120301-20151231_global_asia-enhanced_c201607211230.bitmask,NCEI_NGA.union.nga_lead2.add_2015ntl.mask,timezone.shp,VBD_platforms-recurring_2015_r20170330.shp,999999,VBD_bridges_c20160811.shp,2.701723;0.592520;-1.537733;-6.424739;-11.321091;-16.224911;-21.132078;-19.454973;-16.614069;-11.826628;-7.007390;-2.161976,98.595314;112.244095;125.823792;124.798187;123.864281;123.023224;122.264351;107.621338;93.259468;94.789581;96.172417;97.426979,npp_d20140716_t1803247_e1809051_b14079,152.968,57.0737,30.1857,-82.2984,34.6765,78.7393
1252,VBD_npp_d20140716_t1805349_x1143012E_y076260S_l1170_s2592_v23,2017-05-23 13:08:46,-7.626021,114.301208,4.77778,2014-07-16 18:05:34,2014-07-17 01:05:34,1170,2592,0.419801,2,2209,0.234067,0.16338,0.828109,0.4,0.70879,0.75,0.0465093,0.0001,0.0380089,999999,1.741128e-01,3,Indonesian Exclusive Economic Zone,WPP712,,SVDNB_npp_d20140716_t1803247_e1809051_b14079_c20140717000905445784_noaa_ops.h5,GDNBO_npp_d20140716_t1803247_e1809051_b14079_c20140717000905445471_noaa_ops.h5,SVI04_npp_d20140716_t1803247_e1809051_b14079_c20140717000905432367_noaa_ops.dspace_rad,VNFF_npp_d20140716_t1803247_e1809051_b14079_v21.csv,World_EEZ_v8_2014.shp,WPP_BFAR_merge.shp,KKP_IDN_merge_20161208.shp,VNF-VBD_npp_20120301-20151231_global_asia-enhanced_c201607211230.bitmask,NCEI_NGA.union.nga_lead2.add_2015ntl.mask,timezone.shp,VBD_platforms-recurring_2015_r20170330.shp,999999,VBD_bridges_c20160811.shp,2.701723;0.592520;-1.537733;-6.424739;-11.321091;-16.224911;-21.132078;-19.454973;-16.614069;-11.826628;-7.007390;-2.161976,98.595314;112.244095;125.823792;124.798187;123.864281;123.023224;122.264351;107.621338;93.259468;94.789581;96.172417;97.426979,npp_d20140716_t1803247_e1809051_b14079,152.968,57.0919,30.2323,-82.1947,34.6723,78.7256
1253,VBD_npp_d20140716_t1804433_x1149642E_y046401S_l0712_s2593_v23,2017-05-23 13:08:46,-4.640059,114.964226,30.6316,2014-07-16 18:04:43,2014-07-17 02:04:43,712,2593,0.28263,1,2529,0.585918,0.201986,0.874278,0.4,0.817733,0.75,0.0471559,0.0001,0.0421346,999999,-1.313132e-01,3,Indonesian Exclusive Economic Zone,WPP712,,SVDNB_npp_d20140716_t1803247_e1809051_b14079_c20140717000905445784_noaa_ops.h5,GDNBO_npp_d20140716_t1803247_e1809051_b14079_c20140717000905445471_noaa_ops.h5,SVI04_npp_d20140716_t1803247_e1809051_b14079_c20140717000905432367_noaa_ops.dspace_rad,VNFF_npp_d20140716_t1803247_e1809051_b14079_v21.csv,World_EEZ_v8_2014.shp,WPP_BFAR_merge.shp,KKP_IDN_merge_20161208.shp,VNF-VBD_npp_20120301-20151231_global_asia-enhanced_c201607211230.bitmask,NCEI_NGA.union.nga_lead2.add_2015ntl.mask,timezone.shp,VBD_platforms-recurring_2015_r20170330.shp,999999,VBD_bridges_c20160811.shp,2.701723;0.592520;-1.537733;-6.424739;-11.321091;-16.224911;-21.132078;-19.454973;-16.614069;-11.826628;-7.007390;-2.161976,98.595314;112.244095;125.823792;124.798187;123.864281;123.023224;122.264351;107.621338;93.259468;94.789581;96.172417;97.426979,npp_d20140716_t1803247_e1809051_b14079,150.889,52.9342,30.2766,-81.4145,33.7362,83.0048
1254,VBD_npp_d20140716_t1805331_x1143161E_y076181S_l1168_s2593_v23,2017-05-23 13:08:46,-7.618131,114.316109,4.78163,2014-07-16 18:05:33,2014-07-17 01:05:33,1168,2593,0.419028,2,2465,0.248122,0.163261,0.828109,0.4,0.726546,0.75,0.0465176,0.0001,0.0365148,999999,1.750543e-01,3,Indonesian Exclusive Economic Zone,WPP712,,SVDNB_npp_d20140716_t1803247_e1809051_b14079_c20140717000905445784_noaa_ops.h5,GDNBO_npp_d20140716_t1803247_e1809051_b14079_c20140717000905445471_noaa_ops.h5,SVI04_npp_d20140716_t1803247_e1809051_b14079_c20140717000905432367_noaa_ops.dspace_rad,VNFF_npp_d20140716_t1803247_e1809051_b14079_v21.csv,World_EEZ_v8_2014.shp,WPP_BFAR_merge.shp,KKP_IDN_merge_20161208.shp,VNF-VBD_npp_20120301-20151231_global_asia-enhanced_c201607211230.bitmask,NCEI_NGA.union.nga_lead2.add_2015ntl.mask,timezone.shp,VBD_platforms-recurring_2015_r20170330.shp,999999,VBD_bridges_c20160811.shp,2.701723;0.592520;-1.537733;-6.424739;-11.321091;-16.224911;-21.132078;-19.454973;-16.614069;-11.826628;-7.007390;-2.161976,98.595314;112.244095;125.823792;124.798187;123.864281;123.023224;122.264351;107.621338;93.259468;94.789581;96.172417;97.426979,npp_d20140716_t1803247_e1809051_b14079,152.957,57.0859,30.2771,-80.7362,34.6631,78.7339
1255,VBD_npp_d20140716_t1805349_x1143160E_y076212S_l1169_s2594_v23,2017-05-23 13:08:46,-7.621232,114.316048,4.38938,2014-07-16 18:05:34,2014-07-17 01:05:34,1169,2594,0.417868,2,2209,0.208275,0.156279,0.828109,0.4,0.674153,0.75,0.0465202,0.0001,0.0382025,999999,2.302953e-01,3,Indonesian Exclusive Economic Zone,WPP712,,SVDNB_npp_d20140716_t1803247_e1809051_b14079_c20140717000905445784_noaa_ops.h5,GDNBO_npp_d20140716_t1803247_e1809051_b14079_c20140717000905445471_noaa_ops.h5,SVI04_npp_d20140716_t1803247_e1809051_b14079_c20140717000905432367_noaa_ops.dspace_rad,VNFF_npp_d20140716_t1803247_e1809051_b14079_v21.csv,World_EEZ_v8_2014.shp,WPP_BFAR_merge.shp,KKP_IDN_merge_20161208.shp,VNF-VBD_npp_20120301-20151231_global_asia-enhanced_c201607211230.bitmask,NCEI_NGA.union.nga_lead2.add_2015ntl.mask,timezone.shp,VBD_platforms-recurring_2015_r20170330.shp,999999,VBD_bridges_c20160811.shp,2.701723;0.592520;-1.537733;-6.424739;-11.321091;-16.224911;-21.132078;-19.454973;-16.614069;-11.826628;-7.007390;-2.161976,98.595314;112.244095;125.823792;124.798187;123.864281;123.023224;122.264351;107.621338;93.259468;94.789581;96.172417;97.426979,npp_d20140716_t1803247_e1809051_b14079,152.953,57.0977,30.3275,-82.2983,34.6567,78.7263
1256,VBD_npp_d20140716_t1805349_x1143109E_y076553S_l1174_s2594_v23,2017-05-23 13:08:46,-7.655288,114.310898,5.01602,2014-07-16 18:05:34,2014-07-17 01:05:34,1174,2594,0.415713,2,2465,0.266786,0.157483,0.844853,0.4,0.744721,0.75,0.0465108,0.0001,0.0375989,999999,2.207675e-01,3,Indonesian Exclusive Economic Zone,WPP712,,SVDNB_npp_d20140716_t1803247_e1809051_b14079_c20140717000905445784_noaa_ops.h5,GDNBO_npp_d20140716_t1803247_e1809051_b14079_c20140717000905445471_noaa_ops.h5,SVI04_npp_d20140716_t1803247_e1809051_b14079_c20140717000905432367_noaa_ops.dspace_rad,VNFF_npp_d20140716_t1803247_e1809051_b14079_v21.csv,World_EEZ_v8_2014.shp,WPP_BFAR_merge.shp,KKP_IDN_merge_20161208.shp,VNF-VBD_npp_20120301-20151231_global_asia-enhanced_c201607211230.bitmask,NCEI_NGA.union.nga_lead2.add_2015ntl.mask,timezone.shp,VBD_platforms-recurring_2015_r20170330.shp,999999,VBD_bridges_c20160811.shp,2.701723;0.592520;-1.537733;-6.424739;-11.321091;-16.224911;-21.132078;-19.454973;-16.614069;-11.826628;-7.007390;-2.161976,98.595314;112.244095;125.823792;124.798187;123.864281;123.023224;122.264351;107.621338;93.259468;94.789581;96.172417;97.426979,npp_d20140716_t1803247_e1809051_b14079,152.976,57.1491,30.325,-81.7813,34.6686,78.6791
1257,VBD_npp_d20140716_t1804398_x1150151E_y044877S_l0688_s2595_v23,2017-05-23 13:08:46,-4.487689,115.015114,4.55963,2014-07-16 18:04:39,2014-07-17 02:04:39,688,2595,0.407482,2,2209,0.196202,0.189374,0.791288,0.4,0.631248,0.75,0.0472022,0.0001,0.0416748,999999,-3.153454e-02,3,Indonesian Exclusive Economic Zone,WPP712,,SVDNB_npp_d20140716_t1803247_e1809051_b14079_c20140717000905445784_noaa_ops.h5,GDNBO_npp_d20140716_t1803247_e1809051_b14079_c20140717000905445471_noaa_ops.h5,SVI04_npp_d20140716_t1803247_e1809051_b14079_c20140717000905432367_noaa_ops.dspace_rad,VNFF_npp_d20140716_t1803247_e1809051_b14079_v21.csv,World_EEZ_v8_2014.shp,WPP_BFAR_merge.shp,KKP_IDN_merge_20161208.shp,VNF-VBD_npp_20120301-20151231_global_asia-enhanced_c201607211230.bitmask,NCEI_NGA.union.nga_lead2.add_2015ntl.mask,timezone.shp,VBD_platforms-recurring_2015_r20170330.shp,999999,VBD_bridges_c20160811.shp,2.701723;0.592520;-1.537733;-6.424739;-11.321091;-16.224911;-21.132078;-19.454973;-16.614069;-11.826628;-7.007390;-2.161976,98.595314;112.244095;125.823792;124.798187;123.864281;123.023224;122.264351;107.621338;93.259468;94.789581;96.172417;97.426979,npp_d20140716_t1803247_e1809051_b14079,150.768,52.7527,30.3699,-80.5791,33.6809,83.227
1258,VBD_npp_d20140716_t1805349_x1143209E_y076359S_l1171_s2595_v23,2017-05-23 13:08:46,-7.635868,114.320908,5.26241,2014-07-16 18:05:34,2014-07-17 01:05:34,1171,2595,0.416542,1,2529,0.28083,0.141362,0.865584,0.4,0.762561,0.75,0.0465209,0.0001,0.0379978,999999,3.483095e-01,3,Indonesian Exclusive Economic Zone,WPP712,,SVDNB_npp_d20140716_t1803247_e1809051_b14079_c20140717000905445784_noaa_ops.h5,GDNBO_npp_d20140716_t1803247_e1809051_b14079_c20140717000905445471_noaa_ops.h5,SVI04_npp_d20140716_t1803247_e1809051_b14079_c20140717000905432367_noaa_ops.dspace_rad,VNFF_npp_d20140716_t1803247_e1809051_b14079_v21.csv,World_EEZ_v8_2014.shp,WPP_BFAR_merge.shp,KKP_IDN_merge_20161208.shp,VNF-VBD_npp_20120301-20151231_global_asia-enhanced_c201607211230.bitmask,NCEI_NGA.union.nga_lead2.add_2015ntl.mask,timezone.shp,VBD_platforms-recurring_2015_r20170330.shp,999999,VBD_bridges_c20160811.shp,2.701723;0.592520;-1.537733;-6.424739;-11.321091;-16.224911;-21.132078;-19.454973;-16.614069;-11.826628;-7.007390;-2.161976,98.595314;112.244095;125.823792;124.798187;123.864281;123.023224;122.264351;107.621338;93.259468;94.789581;96.172417;97.426979,npp_d20140716_t1803247_e1809051_b14079,152.957,57.1263,30.3736,-82.0917,34.6548,78.7031
1259,VBD_npp_d20140716_t1804415_x1150005E_y045862S_l0703_s2596_v23,2017-05-23 13:08:46,-4.586197,115.000458,29.6556,2014-07-16 18:04:41,2014-07-17 02:04:41,703,2596,0.408808,1,2529,0.812802,0.178169,0.903962,0.4,0.928782,0.75,0.0471836,0.0001,0.0416704,999999,5.711274e-02,3,Indonesian Exclusive Economic Zone,WPP712,,SVDNB_npp_d20140716_t1803247_e1809051_b14079_c20140717000905445784_noaa_ops.h5,GDNBO_npp_d20140716_t1803247_e1809051_b14079_c20140717000905445471_noaa_ops.h5,SVI04_npp_d20140716_t1803247_e1809051_b14079_c20140717000905432367_noaa_ops.dspace_rad,VNFF_npp_d20140716_t1803247_e1809051_b14079_v21.csv,World_EEZ_v8_2014.shp,WPP_BFAR_merge.shp,KKP_IDN_merge_20161208.shp,VNF-VBD_npp_20120301-20151231_global_asia-enhanced_c201607211230.bitmask,NCEI_NGA.union.nga_lead2.add_2015ntl.mask,timezone.shp,VBD_platforms-recurring_2015_r20170330.shp,999999,VBD_bridges_c20160811.shp,2.701723;0.592520;-1.537733;-6.424739;-11.321091;-16.224911;-21.132078;-19.454973;-16.614069;-11.826628;-7.007390;-2.161976,98.595314;112.244095;125.823792;124.798187;123.864281;123.023224;122.264351;107.621338;93.259468;94.789581;96.172417;97.426979,npp_d20140716_t1803247_e1809051_b14079,150.834,52.8859,30.4191,-80.693,33.7004,83.079
1260,VBD_npp_d20140716_t1804433_x1149880E_y046228S_l0709_s2596_v23,2017-05-23 13:08:46,-4.622770,114.987953,70.06,2014-07-16 18:04:43,2014-07-17 02:04:43,709,2596,0.397372,1,2529,1.13031,0.21792,0.905291,0.4,0.963518,0.75,0.0471741,0.0001,0.0425735,999999,-2.573693e-01,3,Indonesian Exclusive Economic Zone,WPP712,,SVDNB_npp_d20140716_t1803247_e1809051_b14079_c20140717000905445784_noaa_ops.h5,GDNBO_npp_d20140716_t1803247_e1809051_b14079_c20140717000905445471_noaa_ops.h5,SVI04_npp_d20140716_t1803247_e1809051_b14079_c20140717000905432367_noaa_ops.dspace_rad,VNFF_npp_d20140716_t1803247_e1809051_b14079_v21.csv,World_EEZ_v8_2014.shp,WPP_BFAR_merge.shp,KKP_IDN_merge_20161208.shp,VNF-VBD_npp_20120301-20151231_global_asia-enhanced_c201607211230.bitmask,NCEI_NGA.union.nga_lead2.add_2015ntl.mask,timezone.shp,VBD_platforms-recurring_2015_r20170330.shp,999999,VBD_bridges_c20160811.shp,2.701723;0.592520;-1.537733;-6.424739;-11.321091;-16.224911;-21.132078;-19.454973;-16.614069;-11.826628;-7.007390;-2.161976,98.595314;112.244095;125.823792;124.798187;123.864281;123.023224;122.264351;107.621338;93.259468;94.789581;96.172417;97.426979,npp_d20140716_t1803247_e1809051_b14079,150.86,52.9331,30.4191,-81.7255,33.7102,83.0247
1261,VBD_npp_d20140716_t1804433_x1149827E_y046568S_l0714_s2596_v23,2017-05-23 13:08:46,-4.656820,114.982750,42.8016,2014-07-16 18:04:43,2014-07-17 02:04:43,714,2596,0.339034,1,2529,0.80975,0.207712,0.894413,0.4,0.907124,0.75,0.0471662,0.0001,0.0420463,999999,-1.766091e-01,3,Indonesian Exclusive Economic Zone,WPP712,,SVDNB_npp_d20140716_t1803247_e1809051_b14079_c20140717000905445784_noaa_ops.h5,GDNBO_npp_d20140716_t1803247_e1809051_b14079_c20140717000905445471_noaa_ops.h5,SVI04_npp_d20140716_t1803247_e1809051_b14079_c20140717000905432367_noaa_ops.dspace_rad,VNFF_npp_d20140716_t1803247_e1809051_b14079_v21.csv,World_EEZ_v8_2014.shp,WPP_BFAR_merge.shp,KKP_IDN_merge_20161208.shp,VNF-VBD_npp_20120301-20151231_global_asia-enhanced_c201607211230.bitmask,NCEI_NGA.union.nga_lead2.add_2015ntl.mask,timezone.shp,VBD_platforms-recurring_2015_r20170330.shp,999999,VBD_bridges_c20160811.shp,2.701723;0.592520;-1.537733;-6.424739;-11.321091;-16.224911;-21.132078;-19.454973;-16.614069;-11.826628;-7.007390;-2.161976,98.595314;112.244095;125.823792;124.798187;123.864281;123.023224;122.264351;107.621338;93.259468;94.789581;96.172417;97.426979,npp_d20140716_t1803247_e1809051_b14079,150.884,52.9767,30.4184,-81.2103,33.7197,82.9744
1262,VBD_npp_d20140716_t1805349_x1143327E_y076515S_l1173_s2597_v23,2017-05-23 13:08:46,-7.651539,114.332695,10.2537,2014-07-16 18:05:34,2014-07-17 01:05:34,1173,2597,0.418697,1,2529,0.483727,0.134292,0.865584,0.4,0.872295,0.75,0.0465261,0.0001,0.0378261,999999,4.042407e-01,3,Indonesian Exclusive Economic Zone,WPP712,,SVDNB_npp_d20140716_t1803247_e1809051_b14079_c20140717000905445784_noaa_ops.h5,GDNBO_npp_d20140716_t1803247_e1809051_b14079_c20140717000905445471_noaa_ops.h5,SVI04_npp_d20140716_t1803247_e1809051_b14079_c20140717000905432367_noaa_ops.dspace_rad,VNFF_npp_d20140716_t1803247_e1809051_b14079_v21.csv,World_EEZ_v8_2014.shp,WPP_BFAR_merge.shp,KKP_IDN_merge_20161208.shp,VNF-VBD_npp_20120301-20151231_global_asia-enhanced_c201607211230.bitmask,NCEI_NGA.union.nga_lead2.add_2015ntl.mask,timezone.shp,VBD_platforms-recurring_2015_r20170330.shp,999999,VBD_bridges_c20160811.shp,2.701723;0.592520;-1.537733;-6.424739;-11.321091;-16.224911;-21.132078;-19.454973;-16.614069;-11.826628;-7.007390;-2.161976,98.595314;112.244095;125.823792;124.798187;123.864281;123.023224;122.264351;107.621338;93.259468;94.789581;96.172417;97.426979,npp_d20140716_t1803247_e1809051_b14079,152.955,57.1629,30.4673,-81.8863,34.6463,78.6754
1263,VBD_npp_d20140716_t1804433_x1150038E_y046112S_l0707_s2598_v23,2017-05-23 13:08:46,-4.611220,115.003799,42.7034,2014-07-16 18:04:43,2014-07-17 02:04:43,707,2598,0.407316,1,2529,0.930007,0.19853,0.905291,0.4,0.94554,0.75,0.0471863,0.0001,0.0428637,999999,-1.039659e-01,3,Indonesian Exclusive Economic Zone,WPP712,,SVDNB_npp_d20140716_t1803247_e1809051_b14079_c20140717000905445784_noaa_ops.h5,GDNBO_npp_d20140716_t1803247_e1809051_b14079_c20140717000905445471_noaa_ops.h5,SVI04_npp_d20140716_t1803247_e1809051_b14079_c20140717000905432367_noaa_ops.dspace_rad,VNFF_npp_d20140716_t1803247_e1809051_b14079_v21.csv,World_EEZ_v8_2014.shp,WPP_BFAR_merge.shp,KKP_IDN_merge_20161208.shp,VNF-VBD_npp_20120301-20151231_global_asia-enhanced_c201607211230.bitmask,NCEI_NGA.union.nga_lead2.add_2015ntl.mask,timezone.shp,VBD_platforms-recurring_2015_r20170330.shp,999999,VBD_bridges_c20160811.shp,2.701723;0.592520;-1.537733;-6.424739;-11.321091;-16.224911;-21.132078;-19.454973;-16.614069;-11.826628;-7.007390;-2.161976,98.595314;112.244095;125.823792;124.798187;123.864281;123.023224;122.264351;107.621338;93.259468;94.789581;96.172417;97.426979,npp_d20140716_t1803247_e1809051_b14079,150.84,52.9324,30.5146,-81.9314,33.6929,83.038
1264,VBD_npp_d20140716_t1804433_x1150003E_y046804S_l0717_s2599_v23,2017-05-23 13:08:46,-4.680443,115.000275,77.0747,2014-07-16 18:04:43,2014-07-17 02:04:43,717,2599,0.355718,1,2529,1.10914,0.191743,0.873021,0.4,0.946627,0.75,0.047175,0.0001,0.0418433,999999,-5.027355e-02,3,Indonesian Exclusive Economic Zone,WPP712,,SVDNB_npp_d20140716_t1803247_e1809051_b14079_c20140717000905445784_noaa_ops.h5,GDNBO_npp_d20140716_t1803247_e1809051_b14079_c20140717000905445471_noaa_ops.h5,SVI04_npp_d20140716_t1803247_e1809051_b14079_c20140717000905432367_noaa_ops.dspace_rad,VNFF_npp_d20140716_t1803247_e1809051_b14079_v21.csv,World_EEZ_v8_2014.shp,WPP_BFAR_merge.shp,KKP_IDN_merge_20161208.shp,VNF-VBD_npp_20120301-20151231_global_asia-enhanced_c201607211230.bitmask,NCEI_NGA.union.nga_lead2.add_2015ntl.mask,timezone.shp,VBD_platforms-recurring_2015_r20170330.shp,999999,VBD_bridges_c20160811.shp,2.701723;0.592520;-1.537733;-6.424739;-11.321091;-16.224911;-21.132078;-19.454973;-16.614069;-11.826628;-7.007390;-2.161976,98.595314;112.244095;125.823792;124.798187;123.864281;123.023224;122.264351;107.621338;93.259468;94.789581;96.172417;97.426979,npp_d20140716_t1803247_e1809051_b14079,150.885,53.0281,30.561,-80.9052,33.705,82.9338
1265,VBD_npp_d20140716_t1805189_x1145418E_y067755S_l1038_s2599_v23,2017-05-23 13:08:46,-6.775460,114.541824,25.7349,2014-07-16 18:05:18,2014-07-17 01:05:18,1038,2599,0.403449,1,2529,0.750312,0.195708,0.879219,0.4,0.913029,0.75,0.0467047,0.0001,0.0383851,999999,-8.163996e-02,3,Indonesian Exclusive Economic Zone,WPP712,,SVDNB_npp_d20140716_t1803247_e1809051_b14079_c20140717000905445784_noaa_ops.h5,GDNBO_npp_d20140716_t1803247_e1809051_b14079_c20140717000905445471_noaa_ops.h5,SVI04_npp_d20140716_t1803247_e1809051_b14079_c20140717000905432367_noaa_ops.dspace_rad,VNFF_npp_d20140716_t1803247_e1809051_b14079_v21.csv,World_EEZ_v8_2014.shp,WPP_BFAR_merge.shp,KKP_IDN_merge_20161208.shp,VNF-VBD_npp_20120301-20151231_global_asia-enhanced_c201607211230.bitmask,NCEI_NGA.union.nga_lead2.add_2015ntl.mask,timezone.shp,VBD_platforms-recurring_2015_r20170330.shp,999999,VBD_bridges_c20160811.shp,2.701723;0.592520;-1.537733;-6.424739;-11.321091;-16.224911;-21.132078;-19.454973;-16.614069;-11.826628;-7.007390;-2.161976,98.595314;112.244095;125.823792;124.798187;123.864281;123.023224;122.264351;107.621338;93.259468;94.789581;96.172417;97.426979,npp_d20140716_t1803247_e1809051_b14079,152.354,55.8827,30.5602,-80.9131,34.3377,79.8985
1266,VBD_npp_d20140716_t1805349_x1143455E_y076604S_l1174_s2599_v23,2017-05-23 13:08:46,-7.660411,114.345543,6.93206,2014-07-16 18:05:34,2014-07-17 01:05:34,1174,2599,0.419636,1,2529,0.349892,0.154576,0.855534,0.4,0.810348,0.75,0.0465332,0.0001,0.0377731,999999,2.437693e-01,3,Indonesian Exclusive Economic Zone,WPP712,,SVDNB_npp_d20140716_t1803247_e1809051_b14079_c20140717000905445784_noaa_ops.h5,GDNBO_npp_d20140716_t1803247_e1809051_b14079_c20140717000905445471_noaa_ops.h5,SVI04_npp_d20140716_t1803247_e1809051_b14079_c20140717000905432367_noaa_ops.dspace_rad,VNFF_npp_d20140716_t1803247_e1809051_b14079_v21.csv,World_EEZ_v8_2014.shp,WPP_BFAR_merge.shp,KKP_IDN_merge_20161208.shp,VNF-VBD_npp_20120301-20151231_global_asia-enhanced_c201607211230.bitmask,NCEI_NGA.union.nga_lead2.add_2015ntl.mask,timezone.shp,VBD_platforms-recurring_2015_r20170330.shp,999999,VBD_bridges_c20160811.shp,2.701723;0.592520;-1.537733;-6.424739;-11.321091;-16.224911;-21.132078;-19.454973;-16.614069;-11.826628;-7.007390;-2.161976,98.595314;112.244095;125.823792;124.798187;123.864281;123.023224;122.264351;107.621338;93.259468;94.789581;96.172417;97.426979,npp_d20140716_t1803247_e1809051_b14079,152.95,57.1894,30.5616,-81.7848,34.6354,78.6571
1267,VBD_npp_d20140716_t1805349_x1143473E_y076956S_l1179_s2600_v23,2017-05-23 13:08:46,-7.695583,114.347343,7.15321,2014-07-16 18:05:34,2014-07-17 01:05:34,1179,2600,0.415658,1,2529,0.354993,0.20835,0.848388,0.4,0.809781,0.75,0.0465283,0.0001,0.0371927,999999,-1.816601e-01,3,Indonesian Exclusive Economic Zone,WPP712,,SVDNB_npp_d20140716_t1803247_e1809051_b14079_c20140717000905445784_noaa_ops.h5,GDNBO_npp_d20140716_t1803247_e1809051_b14079_c20140717000905445471_noaa_ops.h5,SVI04_npp_d20140716_t1803247_e1809051_b14079_c20140717000905432367_noaa_ops.dspace_rad,VNFF_npp_d20140716_t1803247_e1809051_b14079_v21.csv,World_EEZ_v8_2014.shp,WPP_BFAR_merge.shp,KKP_IDN_merge_20161208.shp,VNF-VBD_npp_20120301-20151231_global_asia-enhanced_c201607211230.bitmask,NCEI_NGA.union.nga_lead2.add_2015ntl.mask,timezone.shp,VBD_platforms-recurring_2015_r20170330.shp,999999,VBD_bridges_c20160811.shp,2.701723;0.592520;-1.537733;-6.424739;-11.321091;-16.224911;-21.132078;-19.454973;-16.614069;-11.826628;-7.007390;-2.161976,98.595314;112.244095;125.823792;124.798187;123.864281;123.023224;122.264351;107.621338;93.259468;94.789581;96.172417;97.426979,npp_d20140716_t1803247_e1809051_b14079,152.967,57.2489,30.6086,-81.2728,34.6407,78.6054
1268,VBD_npp_d20140716_t1805349_x1143592E_y076629S_l1174_s2601_v23,2017-05-23 13:08:46,-7.662901,114.359177,6.76466,2014-07-16 18:05:34,2014-07-17 01:05:34,1174,2601,0.413946,1,2529,0.344522,0.163977,0.855534,0.4,0.794449,0.75,0.0465422,0.0001,0.0378312,999999,1.693876e-01,3,Indonesian Exclusive Economic Zone,WPP712,,SVDNB_npp_d20140716_t1803247_e1809051_b14079_c20140717000905445784_noaa_ops.h5,GDNBO_npp_d20140716_t1803247_e1809051_b14079_c20140717000905445471_noaa_ops.h5,SVI04_npp_d20140716_t1803247_e1809051_b14079_c20140717000905432367_noaa_ops.dspace_rad,VNFF_npp_d20140716_t1803247_e1809051_b14079_v21.csv,World_EEZ_v8_2014.shp,WPP_BFAR_merge.shp,KKP_IDN_merge_20161208.shp,VNF-VBD_npp_20120301-20151231_global_asia-enhanced_c201607211230.bitmask,NCEI_NGA.union.nga_lead2.add_2015ntl.mask,timezone.shp,VBD_platforms-recurring_2015_r20170330.shp,999999,VBD_bridges_c20160811.shp,2.701723;0.592520;-1.537733;-6.424739;-11.321091;-16.224911;-21.132078;-19.454973;-16.614069;-11.826628;-7.007390;-2.161976,98.595314;112.244095;125.823792;124.798187;123.864281;123.023224;122.264351;107.621338;93.259468;94.789581;96.172417;97.426979,npp_d20140716_t1803247_e1809051_b14079,152.94,57.206,30.6549,-81.7792,34.6225,78.6478
1269,VBD_npp_d20140716_t1805349_x1143562E_y076828S_l1177_s2601_v23,2017-05-23 13:08:46,-7.682839,114.356163,6.39581,2014-07-16 18:05:34,2014-07-17 01:05:34,1177,2601,0.415658,1,2529,0.321037,0.207469,0.864284,0.4,0.778723,0.75,0.0465366,0.0001,0.0374728,999999,-1.746902e-01,3,Indonesian Exclusive Economic Zone,WPP712,,SVDNB_npp_d20140716_t1803247_e1809051_b14079_c20140717000905445784_noaa_ops.h5,GDNBO_npp_d20140716_t1803247_e1809051_b14079_c20140717000905445471_noaa_ops.h5,SVI04_npp_d20140716_t1803247_e1809051_b14079_c20140717000905432367_noaa_ops.dspace_rad,VNFF_npp_d20140716_t1803247_e1809051_b14079_v21.csv,World_EEZ_v8_2014.shp,WPP_BFAR_merge.shp,KKP_IDN_merge_20161208.shp,VNF-VBD_npp_20120301-20151231_global_asia-enhanced_c201607211230.bitmask,NCEI_NGA.union.nga_lead2.add_2015ntl.mask,timezone.shp,VBD_platforms-recurring_2015_r20170330.shp,999999,VBD_bridges_c20160811.shp,2.701723;0.592520;-1.537733;-6.424739;-11.321091;-16.224911;-21.132078;-19.454973;-16.614069;-11.826628;-7.007390;-2.161976,98.595314;112.244095;125.823792;124.798187;123.864281;123.023224;122.264351;107.621338;93.259468;94.789581;96.172417;97.426979,npp_d20140716_t1803247_e1809051_b14079,152.953,57.236,30.6545,-81.4804,34.6294,78.6201
1270,VBD_npp_d20140716_t1805349_x1143502E_y077227S_l1183_s2601_v23,2017-05-23 13:08:46,-7.722715,114.350166,12.8828,2014-07-16 18:05:34,2014-07-17 01:05:34,1183,2601,0.413725,1,2529,0.544754,0.220022,0.8099,0.4,0.782729,0.75,0.0465253,0.0001,0.0367505,999999,-2.739960e-01,3,Indonesian Exclusive Economic Zone,WPP712,,SVDNB_npp_d20140716_t1803247_e1809051_b14079_c20140717000905445784_noaa_ops.h5,GDNBO_npp_d20140716_t1803247_e1809051_b14079_c20140717000905445471_noaa_ops.h5,SVI04_npp_d20140716_t1803247_e1809051_b14079_c20140717000905432367_noaa_ops.dspace_rad,VNFF_npp_d20140716_t1803247_e1809051_b14079_v21.csv,World_EEZ_v8_2014.shp,WPP_BFAR_merge.shp,KKP_IDN_merge_20161208.shp,VNF-VBD_npp_20120301-20151231_global_asia-enhanced_c201607211230.bitmask,NCEI_NGA.union.nga_lead2.add_2015ntl.mask,timezone.shp,VBD_platforms-recurring_2015_r20170330.shp,999999,VBD_bridges_c20160811.shp,2.701723;0.592520;-1.537733;-6.424739;-11.321091;-16.224911;-21.132078;-19.454973;-16.614069;-11.826628;-7.007390;-2.161976,98.595314;112.244095;125.823792;124.798187;123.864281;123.023224;122.264351;107.621338;93.259468;94.789581;96.172417;97.426979,npp_d20140716_t1803247_e1809051_b14079,152.979,57.2963,30.6558,-80.8827,34.6433,78.5649
1271,VBD_npp_d20140716_t1805189_x1145612E_y067842S_l1039_s2602_v23,2017-05-23 13:08:46,-6.784163,114.561180,50.2472,2014-07-16 18:05:18,2014-07-17 01:05:18,1039,2602,0.40262,1,2529,0.979314,0.207199,0.891974,0.4,0.944402,0.75,0.0467179,0.0001,0.0383853,999999,-1.725513e-01,3,Indonesian Exclusive Economic Zone,WPP712,,SVDNB_npp_d20140716_t1803247_e1809051_b14079_c20140717000905445784_noaa_ops.h5,GDNBO_npp_d20140716_t1803247_e1809051_b14079_c20140717000905445471_noaa_ops.h5,SVI04_npp_d20140716_t1803247_e1809051_b14079_c20140717000905432367_noaa_ops.dspace_rad,VNFF_npp_d20140716_t1803247_e1809051_b14079_v21.csv,World_EEZ_v8_2014.shp,WPP_BFAR_merge.shp,KKP_IDN_merge_20161208.shp,VNF-VBD_npp_20120301-20151231_global_asia-enhanced_c201607211230.bitmask,NCEI_NGA.union.nga_lead2.add_2015ntl.mask,timezone.shp,VBD_platforms-recurring_2015_r20170330.shp,999999,VBD_bridges_c20160811.shp,2.701723;0.592520;-1.537733;-6.424739;-11.321091;-16.224911;-21.132078;-19.454973;-16.614069;-11.826628;-7.007390;-2.161976,98.595314;112.244095;125.823792;124.798187;123.864281;123.023224;122.264351;107.621338;93.259468;94.789581;96.172417;97.426979,npp_d20140716_t1803247_e1809051_b14079,152.343,55.9147,30.6985,-80.834,34.3201,79.8784
1272,VBD_npp_d20140716_t1805349_x1143607E_y076971S_l1179_s2602_v23,2017-05-23 13:08:46,-7.697114,114.360718,7.24406,2014-07-16 18:05:34,2014-07-17 01:05:34,1179,2602,0.415658,1,2529,0.348887,0.222082,0.848388,0.4,0.78812,0.75,0.0465373,0.0001,0.0372634,999999,-2.902990e-01,3,Indonesian Exclusive Economic Zone,WPP712,,SVDNB_npp_d20140716_t1803247_e1809051_b14079_c20140717000905445784_noaa_ops.h5,GDNBO_npp_d20140716_t1803247_e1809051_b14079_c20140717000905445471_noaa_ops.h5,SVI04_npp_d20140716_t1803247_e1809051_b14079_c20140717000905432367_noaa_ops.dspace_rad,VNFF_npp_d20140716_t1803247_e1809051_b14079_v21.csv,World_EEZ_v8_2014.shp,WPP_BFAR_merge.shp,KKP_IDN_merge_20161208.shp,VNF-VBD_npp_20120301-20151231_global_asia-enhanced_c201607211230.bitmask,NCEI_NGA.union.nga_lead2.add_2015ntl.mask,timezone.shp,VBD_platforms-recurring_2015_r20170330.shp,999999,VBD_bridges_c20160811.shp,2.701723;0.592520;-1.537733;-6.424739;-11.321091;-16.224911;-21.132078;-19.454973;-16.614069;-11.826628;-7.007390;-2.161976,98.595314;112.244095;125.823792;124.798187;123.864281;123.023224;122.264351;107.621338;93.259468;94.789581;96.172417;97.426979,npp_d20140716_t1803247_e1809051_b14079,152.957,57.2637,30.6992,-81.2825,34.6278,78.5975
1273,VBD_npp_d20140716_t1805207_x1145513E_y068495S_l1049_s2603_v23,2017-05-23 13:08:46,-6.849496,114.551315,50.4535,2014-07-16 18:05:20,2014-07-17 01:05:20,1049,2603,0.409415,1,2529,1.00875,0.152903,0.91176,0.4,0.944837,0.75,0.0467194,0.0001,0.0389495,999999,2.570020e-01,3,Indonesian Exclusive Economic Zone,WPP712,,SVDNB_npp_d20140716_t1803247_e1809051_b14079_c20140717000905445784_noaa_ops.h5,GDNBO_npp_d20140716_t1803247_e1809051_b14079_c20140717000905445471_noaa_ops.h5,SVI04_npp_d20140716_t1803247_e1809051_b14079_c20140717000905432367_noaa_ops.dspace_rad,VNFF_npp_d20140716_t1803247_e1809051_b14079_v21.csv,World_EEZ_v8_2014.shp,WPP_BFAR_merge.shp,KKP_IDN_merge_20161208.shp,VNF-VBD_npp_20120301-20151231_global_asia-enhanced_c201607211230.bitmask,NCEI_NGA.union.nga_lead2.add_2015ntl.mask,timezone.shp,VBD_platforms-recurring_2015_r20170330.shp,999999,VBD_bridges_c20160811.shp,2.701723;0.592520;-1.537733;-6.424739;-11.321091;-16.224911;-21.132078;-19.454973;-16.614069;-11.826628;-7.007390;-2.161976,98.595314;112.244095;125.823792;124.798187;123.864281;123.023224;122.264351;107.621338;93.259468;94.789581;96.172417;97.426979,npp_d20140716_t1803247_e1809051_b14079,152.382,56.0158,30.7439,-81.4406,34.3345,79.7831
1274,VBD_npp_d20140716_t1805207_x1145453E_y068894S_l1055_s2603_v23,2017-05-23 13:08:46,-6.889393,114.545288,21.409,2014-07-16 18:05:20,2014-07-17 01:05:20,1055,2603,0.404278,1,2529,0.715168,0.2154,0.867861,0.4,0.9184,0.75,0.0467177,0.0001,0.0382457,999999,-2.374312e-01,3,Indonesian Exclusive Economic Zone,WPP712,,SVDNB_npp_d20140716_t1803247_e1809051_b14079_c20140717000905445784_noaa_ops.h5,GDNBO_npp_d20140716_t1803247_e1809051_b14079_c20140717000905445471_noaa_ops.h5,SVI04_npp_d20140716_t1803247_e1809051_b14079_c20140717000905432367_noaa_ops.dspace_rad,VNFF_npp_d20140716_t1803247_e1809051_b14079_v21.csv,World_EEZ_v8_2014.shp,WPP_BFAR_merge.shp,KKP_IDN_merge_20161208.shp,VNF-VBD_npp_20120301-20151231_global_asia-enhanced_c201607211230.bitmask,NCEI_NGA.union.nga_lead2.add_2015ntl.mask,timezone.shp,VBD_platforms-recurring_2015_r20170330.shp,999999,VBD_bridges_c20160811.shp,2.701723;0.592520;-1.537733;-6.424739;-11.321091;-16.224911;-21.132078;-19.454973;-16.614069;-11.826628;-7.007390;-2.161976,98.595314;112.244095;125.823792;124.798187;123.864281;123.023224;122.264351;107.621338;93.259468;94.789581;96.172417;97.426979,npp_d20140716_t1803247_e1809051_b14079,152.409,56.0734,30.7452,-80.8446,34.3477,79.7267
1275,VBD_npp_d20140716_t1805349_x1143693E_y076848S_l1177_s2603_v23,2017-05-23 13:08:46,-7.684793,114.369286,7.3395,2014-07-16 18:05:34,2014-07-17 01:05:34,1177,2603,0.416763,8,18913,0.347223,0.205011,0.842229,0.4,0.779519,0.75,0.0465456,0.0001,0.0375342,999999,-1.552438e-01,3,Indonesian Exclusive Economic Zone,WPP712,,SVDNB_npp_d20140716_t1803247_e1809051_b14079_c20140717000905445784_noaa_ops.h5,GDNBO_npp_d20140716_t1803247_e1809051_b14079_c20140717000905445471_noaa_ops.h5,SVI04_npp_d20140716_t1803247_e1809051_b14079_c20140717000905432367_noaa_ops.dspace_rad,VNFF_npp_d20140716_t1803247_e1809051_b14079_v21.csv,World_EEZ_v8_2014.shp,WPP_BFAR_merge.shp,KKP_IDN_merge_20161208.shp,VNF-VBD_npp_20120301-20151231_global_asia-enhanced_c201607211230.bitmask,NCEI_NGA.union.nga_lead2.add_2015ntl.mask,timezone.shp,VBD_platforms-recurring_2015_r20170330.shp,0.783119,VBD_bridges_c20160811.shp,2.701723;0.592520;-1.537733;-6.424739;-11.321091;-16.224911;-21.132078;-19.454973;-16.614069;-11.826628;-7.007390;-2.161976,98.595314;112.244095;125.823792;124.798187;123.864281;123.023224;122.264351;107.621338;93.259468;94.789581;96.172417;97.426979,npp_d20140716_t1803247_e1809051_b14079,152.943,57.2513,30.7437,-81.4825,34.6169,78.6117
1276,VBD_npp_d20140716_t1805349_x1143633E_y077247S_l1183_s2603_v23,2017-05-23 13:08:46,-7.724702,114.363281,5.27389,2014-07-16 18:05:34,2014-07-17 01:05:34,1183,2603,0.413172,1,2529,0.268433,0.214503,0.797376,0.4,0.75983,0.75,0.0465343,0.0001,0.0368101,999999,-2.303345e-01,3,Indonesian Exclusive Economic Zone,WPP712,,SVDNB_npp_d20140716_t1803247_e1809051_b14079_c20140717000905445784_noaa_ops.h5,GDNBO_npp_d20140716_t1803247_e1809051_b14079_c20140717000905445471_noaa_ops.h5,SVI04_npp_d20140716_t1803247_e1809051_b14079_c20140717000905432367_noaa_ops.dspace_rad,VNFF_npp_d20140716_t1803247_e1809051_b14079_v21.csv,World_EEZ_v8_2014.shp,WPP_BFAR_merge.shp,KKP_IDN_merge_20161208.shp,VNF-VBD_npp_20120301-20151231_global_asia-enhanced_c201607211230.bitmask,NCEI_NGA.union.nga_lead2.add_2015ntl.mask,timezone.shp,VBD_platforms-recurring_2015_r20170330.shp,999999,VBD_bridges_c20160811.shp,2.701723;0.592520;-1.537733;-6.424739;-11.321091;-16.224911;-21.132078;-19.454973;-16.614069;-11.826628;-7.007390;-2.161976,98.595314;112.244095;125.823792;124.798187;123.864281;123.023224;122.264351;107.621338;93.259468;94.789581;96.172417;97.426979,npp_d20140716_t1803247_e1809051_b14079,152.97,57.3115,30.745,-80.8864,34.6308,78.5564
1277,VBD_npp_d20140716_t1804380_x1151059E_y043445S_l0665_s2604_v23,2017-05-23 13:08:46,-4.344528,115.105896,76.4466,2014-07-16 18:04:38,2014-07-17 02:04:38,665,2604,0.406101,1,2529,1.18654,0.182052,0.903746,0.4,0.969787,0.75,0.0472772,0.0001,0.0429247,999999,2.639038e-02,3,Indonesian Exclusive Economic Zone,WPP712,,SVDNB_npp_d20140716_t1803247_e1809051_b14079_c20140717000905445784_noaa_ops.h5,GDNBO_npp_d20140716_t1803247_e1809051_b14079_c20140717000905445471_noaa_ops.h5,SVI04_npp_d20140716_t1803247_e1809051_b14079_c20140717000905432367_noaa_ops.dspace_rad,VNFF_npp_d20140716_t1803247_e1809051_b14079_v21.csv,World_EEZ_v8_2014.shp,WPP_BFAR_merge.shp,KKP_IDN_merge_20161208.shp,VNF-VBD_npp_20120301-20151231_global_asia-enhanced_c201607211230.bitmask,NCEI_NGA.union.nga_lead2.add_2015ntl.mask,timezone.shp,VBD_platforms-recurring_2015_r20170330.shp,999999,VBD_bridges_c20160811.shp,2.701723;0.592520;-1.537733;-6.424739;-11.321091;-16.224911;-21.132078;-19.454973;-16.614069;-11.826628;-7.007390;-2.161976,98.595314;112.244095;125.823792;124.798187;123.864281;123.023224;122.264351;107.621338;93.259468;94.789581;96.172417;97.426979,npp_d20140716_t1803247_e1809051_b14079,150.616,52.6332,30.7831,-81.3077,33.58,83.4241
1278,VBD_npp_d20140716_t1804415_x1150646E_y045269S_l0693_s2604_v23,2017-05-23 13:08:46,-4.526886,115.064560,64.6955,2014-07-16 18:04:41,2014-07-17 02:04:41,693,2604,0.411128,1,2529,1.11852,0.177071,0.88924,0.4,0.96514,0.75,0.0472352,0.0001,0.0430299,999999,6.580151e-02,3,Indonesian Exclusive Economic Zone,WPP712,,SVDNB_npp_d20140716_t1803247_e1809051_b14079_c20140717000905445784_noaa_ops.h5,GDNBO_npp_d20140716_t1803247_e1809051_b14079_c20140717000905445471_noaa_ops.h5,SVI04_npp_d20140716_t1803247_e1809051_b14079_c20140717000905432367_noaa_ops.dspace_rad,VNFF_npp_d20140716_t1803247_e1809051_b14079_v21.csv,World_EEZ_v8_2014.shp,WPP_BFAR_merge.shp,KKP_IDN_merge_20161208.shp,VNF-VBD_npp_20120301-20151231_global_asia-enhanced_c201607211230.bitmask,NCEI_NGA.union.nga_lead2.add_2015ntl.mask,timezone.shp,VBD_platforms-recurring_2015_r20170330.shp,999999,VBD_bridges_c20160811.shp,2.701723;0.592520;-1.537733;-6.424739;-11.321091;-16.224911;-21.132078;-19.454973;-16.614069;-11.826628;-7.007390;-2.161976,98.595314;112.244095;125.823792;124.798187;123.864281;123.023224;122.264351;107.621338;93.259468;94.789581;96.172417;97.426979,npp_d20140716_t1803247_e1809051_b14079,150.747,52.8652,30.7875,-81.7153,33.6288,83.1524
1279,VBD_npp_d20140716_t1805349_x1143748E_y076924S_l1178_s2604_v23,2017-05-23 13:08:46,-7.692426,114.374847,13.413,2014-07-16 18:05:34,2014-07-17 01:05:34,1178,2604,0.413062,8,18913,0.547707,0.211932,0.842229,0.4,0.886449,0.75,0.0465482,0.0001,0.037444,999999,-2.099938e-01,3,Indonesian Exclusive Economic Zone,WPP712,,SVDNB_npp_d20140716_t1803247_e1809051_b14079_c20140717000905445784_noaa_ops.h5,GDNBO_npp_d20140716_t1803247_e1809051_b14079_c20140717000905445471_noaa_ops.h5,SVI04_npp_d20140716_t1803247_e1809051_b14079_c20140717000905432367_noaa_ops.dspace_rad,VNFF_npp_d20140716_t1803247_e1809051_b14079_v21.csv,World_EEZ_v8_2014.shp,WPP_BFAR_merge.shp,KKP_IDN_merge_20161208.shp,VNF-VBD_npp_20120301-20151231_global_asia-enhanced_c201607211230.bitmask,NCEI_NGA.union.nga_lead2.add_2015ntl.mask,timezone.shp,VBD_platforms-recurring_2015_r20170330.shp,0.450288,VBD_bridges_c20160811.shp,2.701723;0.592520;-1.537733;-6.424739;-11.321091;-16.224911;-21.132078;-19.454973;-16.614069;-11.826628;-7.007390;-2.161976,98.595314;112.244095;125.823792;124.798187;123.864281;123.023224;122.264351;107.621338;93.259468;94.789581;96.172417;97.426979,npp_d20140716_t1803247_e1809051_b14079,152.942,57.2689,30.7883,-81.3844,34.6129,78.5983
1280,VBD_npp_d20140716_t1805207_x1145806E_y068335S_l1046_s2607_v23,2017-05-23 13:08:46,-6.833455,114.580589,33.2997,2014-07-16 18:05:20,2014-07-17 01:05:20,1046,2607,0.407813,1,2529,0.830072,0.166168,0.915973,0.4,0.922998,0.75,0.0467383,0.0001,0.0394252,999999,1.520568e-01,3,Indonesian Exclusive Economic Zone,WPP712,,SVDNB_npp_d20140716_t1803247_e1809051_b14079_c20140717000905445784_noaa_ops.h5,GDNBO_npp_d20140716_t1803247_e1809051_b14079_c20140717000905445471_noaa_ops.h5,SVI04_npp_d20140716_t1803247_e1809051_b14079_c20140717000905432367_noaa_ops.dspace_rad,VNFF_npp_d20140716_t1803247_e1809051_b14079_v21.csv,World_EEZ_v8_2014.shp,WPP_BFAR_merge.shp,KKP_IDN_merge_20161208.shp,VNF-VBD_npp_20120301-20151231_global_asia-enhanced_c201607211230.bitmask,NCEI_NGA.union.nga_lead2.add_2015ntl.mask,timezone.shp,VBD_platforms-recurring_2015_r20170330.shp,999999,VBD_bridges_c20160811.shp,2.701723;0.592520;-1.537733;-6.424739;-11.321091;-16.224911;-21.132078;-19.454973;-16.614069;-11.826628;-7.007390;-2.161976,98.595314;112.244095;125.823792;124.798187;123.864281;123.023224;122.264351;107.621338;93.259468;94.789581;96.172417;97.426979,npp_d20140716_t1803247_e1809051_b14079,152.349,56.0179,30.9228,-81.741,34.3026,79.7955
1281,VBD_npp_d20140716_t1804451_x1150424E_y047529S_l0727_s2608_v23,2017-05-23 13:08:46,-4.752892,115.042351,103.318,2014-07-16 18:04:45,2014-07-17 02:04:45,727,2608,0.404499,1,2529,1.26824,0.174024,0.865528,0.4,0.975658,0.75,0.0471998,0.0001,0.0426533,999999,8.990368e-02,3,Indonesian Exclusive Economic Zone,WPP712,,SVDNB_npp_d20140716_t1803247_e1809051_b14079_c20140717000905445784_noaa_ops.h5,GDNBO_npp_d20140716_t1803247_e1809051_b14079_c20140717000905445471_noaa_ops.h5,SVI04_npp_d20140716_t1803247_e1809051_b14079_c20140717000905432367_noaa_ops.dspace_rad,VNFF_npp_d20140716_t1803247_e1809051_b14079_v21.csv,World_EEZ_v8_2014.shp,WPP_BFAR_merge.shp,KKP_IDN_merge_20161208.shp,VNF-VBD_npp_20120301-20151231_global_asia-enhanced_c201607211230.bitmask,NCEI_NGA.union.nga_lead2.add_2015ntl.mask,timezone.shp,VBD_platforms-recurring_2015_r20170330.shp,999999,VBD_bridges_c20160811.shp,2.701723;0.592520;-1.537733;-6.424739;-11.321091;-16.224911;-21.132078;-19.454973;-16.614069;-11.826628;-7.007390;-2.161976,98.595314;112.244095;125.823792;124.798187;123.864281;123.023224;122.264351;107.621338;93.259468;94.789581;96.172417;97.426979,npp_d20140716_t1803247_e1809051_b14079,150.889,53.1812,30.9624,-81.5303,33.6647,82.8101
1282,VBD_npp_d20140716_t1805189_x1146061E_y067978S_l1040_s2609_v23,2017-05-23 13:08:46,-6.797839,114.606094,15.9219,2014-07-16 18:05:18,2014-07-17 01:05:18,1040,2609,0.405106,1,2529,0.601136,0.176185,0.90024,0.4,0.889777,0.75,0.0467491,0.0001,0.0384805,999999,7.280929e-02,3,Indonesian Exclusive Economic Zone,WPP712,,SVDNB_npp_d20140716_t1803247_e1809051_b14079_c20140717000905445784_noaa_ops.h5,GDNBO_npp_d20140716_t1803247_e1809051_b14079_c20140717000905445471_noaa_ops.h5,SVI04_npp_d20140716_t1803247_e1809051_b14079_c20140717000905432367_noaa_ops.dspace_rad,VNFF_npp_d20140716_t1803247_e1809051_b14079_v21.csv,World_EEZ_v8_2014.shp,WPP_BFAR_merge.shp,KKP_IDN_merge_20161208.shp,VNF-VBD_npp_20120301-20151231_global_asia-enhanced_c201607211230.bitmask,NCEI_NGA.union.nga_lead2.add_2015ntl.mask,timezone.shp,VBD_platforms-recurring_2015_r20170330.shp,999999,VBD_bridges_c20160811.shp,2.701723;0.592520;-1.537733;-6.424739;-11.321091;-16.224911;-21.132078;-19.454973;-16.614069;-11.826628;-7.007390;-2.161976,98.595314;112.244095;125.823792;124.798187;123.864281;123.023224;122.264351;107.621338;93.259468;94.789581;96.172417;97.426979,npp_d20140716_t1803247_e1809051_b14079,152.314,55.9787,31.0114,-80.7476,34.278,79.8411
1283,VBD_npp_d20140716_t1805207_x1145958E_y068221S_l1044_s2609_v23,2017-05-23 13:08:46,-6.822083,114.595764,6.45974,2014-07-16 18:05:20,2014-07-17 01:05:20,1044,2609,0.404388,7,2465,0.277859,0.153072,0.915973,0.4,0.709842,0.75,0.0467479,0.0001,0.0397197,999999,2.556633e-01,3,,,,SVDNB_npp_d20140716_t1803247_e1809051_b14079_c20140717000905445784_noaa_ops.h5,GDNBO_npp_d20140716_t1803247_e1809051_b14079_c20140717000905445471_noaa_ops.h5,SVI04_npp_d20140716_t1803247_e1809051_b14079_c20140717000905432367_noaa_ops.dspace_rad,VNFF_npp_d20140716_t1803247_e1809051_b14079_v21.csv,World_EEZ_v8_2014.shp,WPP_BFAR_merge.shp,KKP_IDN_merge_20161208.shp,VNF-VBD_npp_20120301-20151231_global_asia-enhanced_c201607211230.bitmask,NCEI_NGA.union.nga_lead2.add_2015ntl.mask,timezone.shp,VBD_platforms-recurring_2015_r20170330.shp,999999,VBD_bridges_c20160811.shp,2.701723;0.592520;-1.537733;-6.424739;-11.321091;-16.224911;-21.132078;-19.454973;-16.614069;-11.826628;-7.007390;-2.161976,98.595314;112.244095;125.823792;124.798187;123.864281;123.023224;122.264351;107.621338;93.259468;94.789581;96.172417;97.426979,npp_d20140716_t1803247_e1809051_b14079,152.33,56.0142,31.0128,-81.9393,34.2855,79.8065
1284,VBD_npp_d20140716_t1805207_x1145983E_y068497S_l1048_s2610_v23,2017-05-23 13:08:46,-6.849728,114.598320,79.569,2014-07-16 18:05:20,2014-07-17 01:05:20,1048,2610,0.406874,1,2529,1.1627,0.169104,0.915171,0.4,0.961569,0.75,0.0467512,0.0001,0.0392833,999999,1.288265e-01,3,Indonesian Exclusive Economic Zone,WPP712,,SVDNB_npp_d20140716_t1803247_e1809051_b14079_c20140717000905445784_noaa_ops.h5,GDNBO_npp_d20140716_t1803247_e1809051_b14079_c20140717000905445471_noaa_ops.h5,SVI04_npp_d20140716_t1803247_e1809051_b14079_c20140717000905432367_noaa_ops.dspace_rad,VNFF_npp_d20140716_t1803247_e1809051_b14079_v21.csv,World_EEZ_v8_2014.shp,WPP_BFAR_merge.shp,KKP_IDN_merge_20161208.shp,VNF-VBD_npp_20120301-20151231_global_asia-enhanced_c201607211230.bitmask,NCEI_NGA.union.nga_lead2.add_2015ntl.mask,timezone.shp,VBD_platforms-recurring_2015_r20170330.shp,999999,VBD_bridges_c20160811.shp,2.701723;0.592520;-1.537733;-6.424739;-11.321091;-16.224911;-21.132078;-19.454973;-16.614069;-11.826628;-7.007390;-2.161976,98.595314;112.244095;125.823792;124.798187;123.864281;123.023224;122.264351;107.621338;93.259468;94.789581;96.172417;97.426979,npp_d20140716_t1803247_e1809051_b14079,152.343,56.0604,31.0564,-81.5459,34.2879,79.7647
1285,VBD_npp_d20140716_t1805207_x1146145E_y068317S_l1045_s2612_v23,2017-05-23 13:08:46,-6.831681,114.614532,27.012,2014-07-16 18:05:20,2014-07-17 01:05:20,1045,2612,0.406543,1,2529,0.765801,0.158159,0.90471,0.4,0.924334,0.75,0.0467611,0.0001,0.0396942,999999,2.154232e-01,3,Indonesian Exclusive Economic Zone,WPP712,,SVDNB_npp_d20140716_t1803247_e1809051_b14079_c20140717000905445784_noaa_ops.h5,GDNBO_npp_d20140716_t1803247_e1809051_b14079_c20140717000905445471_noaa_ops.h5,SVI04_npp_d20140716_t1803247_e1809051_b14079_c20140717000905432367_noaa_ops.dspace_rad,VNFF_npp_d20140716_t1803247_e1809051_b14079_v21.csv,World_EEZ_v8_2014.shp,WPP_BFAR_merge.shp,KKP_IDN_merge_20161208.shp,VNF-VBD_npp_20120301-20151231_global_asia-enhanced_c201607211230.bitmask,NCEI_NGA.union.nga_lead2.add_2015ntl.mask,timezone.shp,VBD_platforms-recurring_2015_r20170330.shp,999999,VBD_bridges_c20160811.shp,2.701723;0.592520;-1.537733;-6.424739;-11.321091;-16.224911;-21.132078;-19.454973;-16.614069;-11.826628;-7.007390;-2.161976,98.595314;112.244095;125.823792;124.798187;123.864281;123.023224;122.264351;107.621338;93.259468;94.789581;96.172417;97.426979,npp_d20140716_t1803247_e1809051_b14079,152.32,56.047,31.1463,-81.8421,34.2686,79.7851
1286,VBD_npp_d20140716_t1804433_x1150925E_y046938S_l0717_s2613_v23,2017-05-23 13:08:46,-4.693831,115.092537,66.7184,2014-07-16 18:04:43,2014-07-17 02:04:43,717,2613,0.335664,1,2529,0.773848,0.191932,0.830793,0.4,0.893904,0.75,0.0472381,0.0001,0.0423418,999999,-5.177134e-02,3,Indonesian Exclusive Economic Zone,WPP712,,SVDNB_npp_d20140716_t1803247_e1809051_b14079_c20140717000905445784_noaa_ops.h5,GDNBO_npp_d20140716_t1803247_e1809051_b14079_c20140717000905445471_noaa_ops.h5,SVI04_npp_d20140716_t1803247_e1809051_b14079_c20140717000905432367_noaa_ops.dspace_rad,VNFF_npp_d20140716_t1803247_e1809051_b14079_v21.csv,World_EEZ_v8_2014.shp,WPP_BFAR_merge.shp,KKP_IDN_merge_20161208.shp,VNF-VBD_npp_20120301-20151231_global_asia-enhanced_c201607211230.bitmask,NCEI_NGA.union.nga_lead2.add_2015ntl.mask,timezone.shp,VBD_platforms-recurring_2015_r20170330.shp,999999,VBD_bridges_c20160811.shp,2.701723;0.592520;-1.537733;-6.424739;-11.321091;-16.224911;-21.132078;-19.454973;-16.614069;-11.826628;-7.007390;-2.161976,98.595314;112.244095;125.823792;124.798187;123.864281;123.023224;122.264351;107.621338;93.259468;94.789581;96.172417;97.426979,npp_d20140716_t1803247_e1809051_b14079,150.819,53.1388,31.19,-80.9352,33.6141,82.8885
1287,VBD_npp_d20140716_t1805207_x1146181E_y068527S_l1048_s2613_v23,2017-05-23 13:08:46,-6.852688,114.618126,17.8708,2014-07-16 18:05:20,2014-07-17 01:05:20,1048,2613,0.40599,8,18913,0.628303,0.173348,0.904494,0.4,0.879991,0.75,0.0467647,0.0001,0.0393718,999999,9.525201e-02,3,Indonesian Exclusive Economic Zone,WPP712,,SVDNB_npp_d20140716_t1803247_e1809051_b14079_c20140717000905445784_noaa_ops.h5,GDNBO_npp_d20140716_t1803247_e1809051_b14079_c20140717000905445471_noaa_ops.h5,SVI04_npp_d20140716_t1803247_e1809051_b14079_c20140717000905432367_noaa_ops.dspace_rad,VNFF_npp_d20140716_t1803247_e1809051_b14079_v21.csv,World_EEZ_v8_2014.shp,WPP_BFAR_merge.shp,KKP_IDN_merge_20161208.shp,VNF-VBD_npp_20120301-20151231_global_asia-enhanced_c201607211230.bitmask,NCEI_NGA.union.nga_lead2.add_2015ntl.mask,timezone.shp,VBD_platforms-recurring_2015_r20170330.shp,0.341165,VBD_bridges_c20160811.shp,2.701723;0.592520;-1.537733;-6.424739;-11.321091;-16.224911;-21.132078;-19.454973;-16.614069;-11.826628;-7.007390;-2.161976,98.595314;112.244095;125.823792;124.798187;123.864281;123.023224;122.264351;107.621338;93.259468;94.789581;96.172417;97.426979,npp_d20140716_t1803247_e1809051_b14079,152.329,56.0836,31.1904,-81.5484,34.2688,79.7528
1288,VBD_npp_d20140716_t1804433_x1150961E_y047149S_l0720_s2614_v23,2017-05-23 13:08:46,-4.714869,115.096077,58.1597,2014-07-16 18:04:43,2014-07-17 02:04:43,720,2614,0.368037,1,2529,0.551778,0.182142,0.847344,0.4,0.781057,0.75,0.0472378,0.0001,0.0420505,999999,2.567853e-02,3,Indonesian Exclusive Economic Zone,WPP712,,SVDNB_npp_d20140716_t1803247_e1809051_b14079_c20140717000905445784_noaa_ops.h5,GDNBO_npp_d20140716_t1803247_e1809051_b14079_c20140717000905445471_noaa_ops.h5,SVI04_npp_d20140716_t1803247_e1809051_b14079_c20140717000905432367_noaa_ops.dspace_rad,VNFF_npp_d20140716_t1803247_e1809051_b14079_v21.csv,World_EEZ_v8_2014.shp,WPP_BFAR_merge.shp,KKP_IDN_merge_20161208.shp,VNF-VBD_npp_20120301-20151231_global_asia-enhanced_c201607211230.bitmask,NCEI_NGA.union.nga_lead2.add_2015ntl.mask,timezone.shp,VBD_platforms-recurring_2015_r20170330.shp,999999,VBD_bridges_c20160811.shp,2.701723;0.592520;-1.537733;-6.424739;-11.321091;-16.224911;-21.132078;-19.454973;-16.614069;-11.826628;-7.007390;-2.161976,98.595314;112.244095;125.823792;124.798187;123.864281;123.023224;122.264351;107.621338;93.259468;94.789581;96.172417;97.426979,npp_d20140716_t1803247_e1809051_b14079,150.829,53.1724,31.2359,-80.6428,33.6132,82.8554
1289,VBD_npp_d20140716_t1805225_x1145950E_y070051S_l1071_s2614_v23,2017-05-23 13:08:46,-7.005077,114.595001,51.0192,2014-07-16 18:05:22,2014-07-17 01:05:22,1071,2614,0.410686,1,2529,1.03262,0.155948,0.880753,0.4,0.958022,0.75,0.0467624,0.0001,0.0383861,999999,2.329102e-01,3,Indonesian Exclusive Economic Zone,WPP712,,SVDNB_npp_d20140716_t1803247_e1809051_b14079_c20140717000905445784_noaa_ops.h5,GDNBO_npp_d20140716_t1803247_e1809051_b14079_c20140717000905445471_noaa_ops.h5,SVI04_npp_d20140716_t1803247_e1809051_b14079_c20140717000905432367_noaa_ops.dspace_rad,VNFF_npp_d20140716_t1803247_e1809051_b14079_v21.csv,World_EEZ_v8_2014.shp,WPP_BFAR_merge.shp,KKP_IDN_merge_20161208.shp,VNF-VBD_npp_20120301-20151231_global_asia-enhanced_c201607211230.bitmask,NCEI_NGA.union.nga_lead2.add_2015ntl.mask,timezone.shp,VBD_platforms-recurring_2015_r20170330.shp,999999,VBD_bridges_c20160811.shp,2.701723;0.592520;-1.537733;-6.424739;-11.321091;-16.224911;-21.132078;-19.454973;-16.614069;-11.826628;-7.007390;-2.161976,98.595314;112.244095;125.823792;124.798187;123.864281;123.023224;122.264351;107.621338;93.259468;94.789581;96.172417;97.426979,npp_d20140716_t1803247_e1809051_b14079,152.426,56.3109,31.237,-80.866,34.3125,79.5343
1290,VBD_npp_d20140716_t1804433_x1151047E_y047025S_l0718_s2615_v23,2017-05-23 13:08:46,-4.702538,115.104698,141.084,2014-07-16 18:04:43,2014-07-17 02:04:43,718,2615,0.399416,1,2529,1.20557,0.182866,0.85095,0.4,0.952132,0.75,0.0472455,0.0001,0.0422979,999999,1.995527e-02,3,Indonesian Exclusive Economic Zone,WPP712,,SVDNB_npp_d20140716_t1803247_e1809051_b14079_c20140717000905445784_noaa_ops.h5,GDNBO_npp_d20140716_t1803247_e1809051_b14079_c20140717000905445471_noaa_ops.h5,SVI04_npp_d20140716_t1803247_e1809051_b14079_c20140717000905432367_noaa_ops.dspace_rad,VNFF_npp_d20140716_t1803247_e1809051_b14079_v21.csv,World_EEZ_v8_2014.shp,WPP_BFAR_merge.shp,KKP_IDN_merge_20161208.shp,VNF-VBD_npp_20120301-20151231_global_asia-enhanced_c201607211230.bitmask,NCEI_NGA.union.nga_lead2.add_2015ntl.mask,timezone.shp,VBD_platforms-recurring_2015_r20170330.shp,999999,VBD_bridges_c20160811.shp,2.701723;0.592520;-1.537733;-6.424739;-11.321091;-16.224911;-21.132078;-19.454973;-16.614069;-11.826628;-7.007390;-2.161976,98.595314;112.244095;125.823792;124.798187;123.864281;123.023224;122.264351;107.621338;93.259468;94.789581;96.172417;97.426979,npp_d20140716_t1803247_e1809051_b14079,150.815,53.1633,31.2797,-80.8399,33.603,82.8719
1291,VBD_npp_d20140716_t1804451_x1150945E_y047198S_l0721_s2615_v23,2017-05-23 13:08:46,-4.719814,115.094482,70.5986,2014-07-16 18:04:45,2014-07-17 02:04:45,721,2615,0.382677,1,2529,0.738456,0.188871,0.862154,0.4,0.879868,0.75,0.0472408,0.0001,0.0435128,999999,-2.755086e-02,3,Indonesian Exclusive Economic Zone,WPP712,,SVDNB_npp_d20140716_t1803247_e1809051_b14079_c20140717000905445784_noaa_ops.h5,GDNBO_npp_d20140716_t1803247_e1809051_b14079_c20140717000905445471_noaa_ops.h5,SVI04_npp_d20140716_t1803247_e1809051_b14079_c20140717000905432367_noaa_ops.dspace_rad,VNFF_npp_d20140716_t1803247_e1809051_b14079_v21.csv,World_EEZ_v8_2014.shp,WPP_BFAR_merge.shp,KKP_IDN_merge_20161208.shp,VNF-VBD_npp_20120301-20151231_global_asia-enhanced_c201607211230.bitmask,NCEI_NGA.union.nga_lead2.add_2015ntl.mask,timezone.shp,VBD_platforms-recurring_2015_r20170330.shp,999999,VBD_bridges_c20160811.shp,2.701723;0.592520;-1.537733;-6.424739;-11.321091;-16.224911;-21.132078;-19.454973;-16.614069;-11.826628;-7.007390;-2.161976,98.595314;112.244095;125.823792;124.798187;123.864281;123.023224;122.264351;107.621338;93.259468;94.789581;96.172417;97.426979,npp_d20140716_t1803247_e1809051_b14079,150.827,53.1852,31.2776,-82.1203,33.6082,82.8462
1292,VBD_npp_d20140716_t1804415_x1151519E_y045264S_l0691_s2617_v23,2017-05-23 13:08:46,-4.526418,115.151924,128.49,2014-07-16 18:04:41,2014-07-17 02:04:41,691,2617,0.409029,1,2529,1.20636,0.20574,0.903367,0.4,0.942549,0.75,0.0472968,0.0001,0.0436805,999999,-1.610081e-01,3,Indonesian Exclusive Economic Zone,WPP712,,SVDNB_npp_d20140716_t1803247_e1809051_b14079_c20140717000905445784_noaa_ops.h5,GDNBO_npp_d20140716_t1803247_e1809051_b14079_c20140717000905445471_noaa_ops.h5,SVI04_npp_d20140716_t1803247_e1809051_b14079_c20140717000905432367_noaa_ops.dspace_rad,VNFF_npp_d20140716_t1803247_e1809051_b14079_v21.csv,World_EEZ_v8_2014.shp,WPP_BFAR_merge.shp,KKP_IDN_merge_20161208.shp,VNF-VBD_npp_20120301-20151231_global_asia-enhanced_c201607211230.bitmask,NCEI_NGA.union.nga_lead2.add_2015ntl.mask,timezone.shp,VBD_platforms-recurring_2015_r20170330.shp,999999,VBD_bridges_c20160811.shp,2.701723;0.592520;-1.537733;-6.424739;-11.321091;-16.224911;-21.132078;-19.454973;-16.614069;-11.826628;-7.007390;-2.161976,98.595314;112.244095;125.823792;124.798187;123.864281;123.023224;122.264351;107.621338;93.259468;94.789581;96.172417;97.426979,npp_d20140716_t1803247_e1809051_b14079,150.677,52.9513,31.3688,-81.9129,33.541,83.1303
1293,VBD_npp_d20140716_t1804451_x1151077E_y047218S_l0721_s2617_v23,2017-05-23 13:08:46,-4.721781,115.107674,115.617,2014-07-16 18:04:45,2014-07-17 02:04:45,721,2617,0.403615,1,2529,1.20824,0.19535,0.862154,0.4,0.944636,0.75,0.0472498,0.0001,0.0435778,999999,-7.880856e-02,3,Indonesian Exclusive Economic Zone,WPP712,,SVDNB_npp_d20140716_t1803247_e1809051_b14079_c20140717000905445784_noaa_ops.h5,GDNBO_npp_d20140716_t1803247_e1809051_b14079_c20140717000905445471_noaa_ops.h5,SVI04_npp_d20140716_t1803247_e1809051_b14079_c20140717000905432367_noaa_ops.dspace_rad,VNFF_npp_d20140716_t1803247_e1809051_b14079_v21.csv,World_EEZ_v8_2014.shp,WPP_BFAR_merge.shp,KKP_IDN_merge_20161208.shp,VNF-VBD_npp_20120301-20151231_global_asia-enhanced_c201607211230.bitmask,NCEI_NGA.union.nga_lead2.add_2015ntl.mask,timezone.shp,VBD_platforms-recurring_2015_r20170330.shp,999999,VBD_bridges_c20160811.shp,2.701723;0.592520;-1.537733;-6.424739;-11.321091;-16.224911;-21.132078;-19.454973;-16.614069;-11.826628;-7.007390;-2.161976,98.595314;112.244095;125.823792;124.798187;123.864281;123.023224;122.264351;107.621338;93.259468;94.789581;96.172417;97.426979,npp_d20140716_t1803247_e1809051_b14079,150.818,53.2011,31.3669,-82.1197,33.5953,82.8396
1294,VBD_npp_d20140716_t1804415_x1151641E_y045351S_l0692_s2619_v23,2017-05-23 13:08:46,-4.535089,115.164124,74.9205,2014-07-16 18:04:41,2014-07-17 02:04:41,692,2619,0.326991,1,2529,0.841589,0.188164,0.907056,0.4,0.932388,0.75,0.0473043,0.0001,0.043641,999999,-2.195881e-02,3,Indonesian Exclusive Economic Zone,WPP712,,SVDNB_npp_d20140716_t1803247_e1809051_b14079_c20140717000905445784_noaa_ops.h5,GDNBO_npp_d20140716_t1803247_e1809051_b14079_c20140717000905445471_noaa_ops.h5,SVI04_npp_d20140716_t1803247_e1809051_b14079_c20140717000905432367_noaa_ops.dspace_rad,VNFF_npp_d20140716_t1803247_e1809051_b14079_v21.csv,World_EEZ_v8_2014.shp,WPP_BFAR_merge.shp,KKP_IDN_merge_20161208.shp,VNF-VBD_npp_20120301-20151231_global_asia-enhanced_c201607211230.bitmask,NCEI_NGA.union.nga_lead2.add_2015ntl.mask,timezone.shp,VBD_platforms-recurring_2015_r20170330.shp,999999,VBD_bridges_c20160811.shp,2.701723;0.592520;-1.537733;-6.424739;-11.321091;-16.224911;-21.132078;-19.454973;-16.614069;-11.826628;-7.007390;-2.161976,98.595314;112.244095;125.823792;124.798187;123.864281;123.023224;122.264351;107.621338;93.259468;94.789581;96.172417;97.426979,npp_d20140716_t1803247_e1809051_b14079,150.673,52.9757,31.4578,-81.8155,33.5298,83.1138
1295,VBD_npp_d20140716_t1804415_x1151621E_y045485S_l0694_s2619_v23,2017-05-23 13:08:46,-4.548462,115.162086,72.6455,2014-07-16 18:04:41,2014-07-17 02:04:41,694,2619,0.411018,1,2529,1.05441,0.193861,0.907056,0.4,0.954714,0.75,0.0473013,0.0001,0.0434332,999999,-6.702876e-02,3,Indonesian Exclusive Economic Zone,WPP712,,SVDNB_npp_d20140716_t1803247_e1809051_b14079_c20140717000905445784_noaa_ops.h5,GDNBO_npp_d20140716_t1803247_e1809051_b14079_c20140717000905445471_noaa_ops.h5,SVI04_npp_d20140716_t1803247_e1809051_b14079_c20140717000905432367_noaa_ops.dspace_rad,VNFF_npp_d20140716_t1803247_e1809051_b14079_v21.csv,World_EEZ_v8_2014.shp,WPP_BFAR_merge.shp,KKP_IDN_merge_20161208.shp,VNF-VBD_npp_20120301-20151231_global_asia-enhanced_c201607211230.bitmask,NCEI_NGA.union.nga_lead2.add_2015ntl.mask,timezone.shp,VBD_platforms-recurring_2015_r20170330.shp,999999,VBD_bridges_c20160811.shp,2.701723;0.592520;-1.537733;-6.424739;-11.321091;-16.224911;-21.132078;-19.454973;-16.614069;-11.826628;-7.007390;-2.161976,98.595314;112.244095;125.823792;124.798187;123.864281;123.023224;122.264351;107.621338;93.259468;94.789581;96.172417;97.426979,npp_d20140716_t1803247_e1809051_b14079,150.682,52.9927,31.4571,-81.621,33.5334,83.0939
1296,VBD_npp_d20140716_t1804398_x1151871E_y044720S_l0682_s2620_v23,2017-05-23 13:08:46,-4.471994,115.187149,142.005,2014-07-16 18:04:39,2014-07-17 02:04:39,682,2620,0.407316,1,2529,1.42541,0.179647,0.907624,0.4,0.979122,0.75,0.0473237,0.0001,0.0431961,999999,4.541911e-02,3,Indonesian Exclusive Economic Zone,WPP712,,SVDNB_npp_d20140716_t1803247_e1809051_b14079_c20140717000905445784_noaa_ops.h5,GDNBO_npp_d20140716_t1803247_e1809051_b14079_c20140717000905445471_noaa_ops.h5,SVI04_npp_d20140716_t1803247_e1809051_b14079_c20140717000905432367_noaa_ops.dspace_rad,VNFF_npp_d20140716_t1803247_e1809051_b14079_v21.csv,World_EEZ_v8_2014.shp,WPP_BFAR_merge.shp,KKP_IDN_merge_20161208.shp,VNF-VBD_npp_20120301-20151231_global_asia-enhanced_c201607211230.bitmask,NCEI_NGA.union.nga_lead2.add_2015ntl.mask,timezone.shp,VBD_platforms-recurring_2015_r20170330.shp,999999,VBD_bridges_c20160811.shp,2.701723;0.592520;-1.537733;-6.424739;-11.321091;-16.224911;-21.132078;-19.454973;-16.614069;-11.826628;-7.007390;-2.161976,98.595314;112.244095;125.823792;124.798187;123.864281;123.023224;122.264351;107.621338;93.259468;94.789581;96.172417;97.426979,npp_d20140716_t1803247_e1809051_b14079,150.622,52.9017,31.4989,-81.2236,33.5062,83.2064
1297,VBD_npp_d20140716_t1805225_x1146479E_y069241S_l1058_s2620_v23,2017-05-23 13:08:46,-6.924096,114.647919,15.5516,2014-07-16 18:05:22,2014-07-17 01:05:22,1058,2620,0.404002,1,2529,0.600532,0.205464,0.784637,0.4,0.891484,0.75,0.0467932,0.0001,0.0400969,999999,-1.588262e-01,3,Indonesian Exclusive Economic Zone,WPP712,,SVDNB_npp_d20140716_t1803247_e1809051_b14079_c20140717000905445784_noaa_ops.h5,GDNBO_npp_d20140716_t1803247_e1809051_b14079_c20140717000905445471_noaa_ops.h5,SVI04_npp_d20140716_t1803247_e1809051_b14079_c20140717000905432367_noaa_ops.dspace_rad,VNFF_npp_d20140716_t1803247_e1809051_b14079_v21.csv,World_EEZ_v8_2014.shp,WPP_BFAR_merge.shp,KKP_IDN_merge_20161208.shp,VNF-VBD_npp_20120301-20151231_global_asia-enhanced_c201607211230.bitmask,NCEI_NGA.union.nga_lead2.add_2015ntl.mask,timezone.shp,VBD_platforms-recurring_2015_r20170330.shp,999999,VBD_bridges_c20160811.shp,2.701723;0.592520;-1.537733;-6.424739;-11.321091;-16.224911;-21.132078;-19.454973;-16.614069;-11.826628;-7.007390;-2.161976,98.595314;112.244095;125.823792;124.798187;123.864281;123.023224;122.264351;107.621338;93.259468;94.789581;96.172417;97.426979,npp_d20140716_t1803247_e1809051_b14079,152.338,56.2315,31.5059,-82.1396,34.2452,79.633
1298,VBD_npp_d20140716_t1804415_x1151753E_y045505S_l0694_s2621_v23,2017-05-23 13:08:46,-4.550467,115.175323,128.818,2014-07-16 18:04:41,2014-07-17 02:04:41,694,2621,0.408145,1,2529,1.28193,0.210237,0.907056,0.4,0.970863,0.75,0.0473103,0.0001,0.0434949,999999,-1.965870e-01,3,Indonesian Exclusive Economic Zone,WPP712,,SVDNB_npp_d20140716_t1803247_e1809051_b14079_c20140717000905445784_noaa_ops.h5,GDNBO_npp_d20140716_t1803247_e1809051_b14079_c20140717000905445471_noaa_ops.h5,SVI04_npp_d20140716_t1803247_e1809051_b14079_c20140717000905432367_noaa_ops.dspace_rad,VNFF_npp_d20140716_t1803247_e1809051_b14079_v21.csv,World_EEZ_v8_2014.shp,WPP_BFAR_merge.shp,KKP_IDN_merge_20161208.shp,VNF-VBD_npp_20120301-20151231_global_asia-enhanced_c201607211230.bitmask,NCEI_NGA.union.nga_lead2.add_2015ntl.mask,timezone.shp,VBD_platforms-recurring_2015_r20170330.shp,999999,VBD_bridges_c20160811.shp,2.701723;0.592520;-1.537733;-6.424739;-11.321091;-16.224911;-21.132078;-19.454973;-16.614069;-11.826628;-7.007390;-2.161976,98.595314;112.244095;125.823792;124.798187;123.864281;123.023224;122.264351;107.621338;93.259468;94.789581;96.172417;97.426979,npp_d20140716_t1803247_e1809051_b14079,150.673,53.0087,31.5465,-81.6217,33.5204,83.0873
1299,VBD_npp_d20140716_t1805225_x1146536E_y069318S_l1059_s2621_v23,2017-05-23 13:08:46,-6.931771,114.653564,12.9165,2014-07-16 18:05:22,2014-07-17 01:05:22,1059,2621,0.40483,1,2529,0.532131,0.213427,0.780676,0.4,0.86861,0.75,0.0467974,0.0001,0.0400063,999999,-2.218243e-01,3,Indonesian Exclusive Economic Zone,WPP712,,SVDNB_npp_d20140716_t1803247_e1809051_b14079_c20140717000905445784_noaa_ops.h5,GDNBO_npp_d20140716_t1803247_e1809051_b14079_c20140717000905445471_noaa_ops.h5,SVI04_npp_d20140716_t1803247_e1809051_b14079_c20140717000905432367_noaa_ops.dspace_rad,VNFF_npp_d20140716_t1803247_e1809051_b14079_v21.csv,World_EEZ_v8_2014.shp,WPP_BFAR_merge.shp,KKP_IDN_merge_20161208.shp,VNF-VBD_npp_20120301-20151231_global_asia-enhanced_c201607211230.bitmask,NCEI_NGA.union.nga_lead2.add_2015ntl.mask,timezone.shp,VBD_platforms-recurring_2015_r20170330.shp,999999,VBD_bridges_c20160811.shp,2.701723;0.592520;-1.537733;-6.424739;-11.321091;-16.224911;-21.132078;-19.454973;-16.614069;-11.826628;-7.007390;-2.161976,98.595314;112.244095;125.823792;124.798187;123.864281;123.023224;122.264351;107.621338;93.259468;94.789581;96.172417;97.426979,npp_d20140716_t1803247_e1809051_b14079,152.337,56.249,31.5501,-82.0427,34.241,79.6195
1300,VBD_npp_d20140716_t1804415_x1151768E_y045849S_l0699_s2622_v23,2017-05-23 13:08:46,-4.584946,115.176842,88.6891,2014-07-16 18:04:41,2014-07-17 02:04:41,699,2622,0.406543,1,2529,1.21873,0.181739,0.911239,0.4,0.960444,0.75,0.047307,0.0001,0.0429968,999999,2.887175e-02,3,Indonesian Exclusive Economic Zone,WPP712,,SVDNB_npp_d20140716_t1803247_e1809051_b14079_c20140717000905445784_noaa_ops.h5,GDNBO_npp_d20140716_t1803247_e1809051_b14079_c20140717000905445471_noaa_ops.h5,SVI04_npp_d20140716_t1803247_e1809051_b14079_c20140717000905432367_noaa_ops.dspace_rad,VNFF_npp_d20140716_t1803247_e1809051_b14079_v21.csv,World_EEZ_v8_2014.shp,WPP_BFAR_merge.shp,KKP_IDN_merge_20161208.shp,VNF-VBD_npp_20120301-20151231_global_asia-enhanced_c201607211230.bitmask,NCEI_NGA.union.nga_lead2.add_2015ntl.mask,timezone.shp,VBD_platforms-recurring_2015_r20170330.shp,999999,VBD_bridges_c20160811.shp,2.701723;0.592520;-1.537733;-6.424739;-11.321091;-16.224911;-21.132078;-19.454973;-16.614069;-11.826628;-7.007390;-2.161976,98.595314;112.244095;125.823792;124.798187;123.864281;123.023224;122.264351;107.621338;93.259468;94.789581;96.172417;97.426979,npp_d20140716_t1803247_e1809051_b14079,150.693,53.0592,31.591,-81.1376,33.5231,83.0341
1301,VBD_npp_d20140716_t1804451_x1151453E_y047411S_l0723_s2623_v23,2017-05-23 13:08:46,-4.741098,115.145340,86.5645,2014-07-16 18:04:45,2014-07-17 02:04:45,723,2623,0.391627,1,2529,1.06952,0.192897,0.911067,0.4,0.955269,0.75,0.0472736,0.0001,0.0435555,999999,-5.940169e-02,3,Indonesian Exclusive Economic Zone,WPP712,,SVDNB_npp_d20140716_t1803247_e1809051_b14079_c20140717000905445784_noaa_ops.h5,GDNBO_npp_d20140716_t1803247_e1809051_b14079_c20140717000905445471_noaa_ops.h5,SVI04_npp_d20140716_t1803247_e1809051_b14079_c20140717000905432367_noaa_ops.dspace_rad,VNFF_npp_d20140716_t1803247_e1809051_b14079_v21.csv,World_EEZ_v8_2014.shp,WPP_BFAR_merge.shp,KKP_IDN_merge_20161208.shp,VNF-VBD_npp_20120301-20151231_global_asia-enhanced_c201607211230.bitmask,NCEI_NGA.union.nga_lead2.add_2015ntl.mask,timezone.shp,VBD_platforms-recurring_2015_r20170330.shp,999999,VBD_bridges_c20160811.shp,2.701723;0.592520;-1.537733;-6.424739;-11.321091;-16.224911;-21.132078;-19.454973;-16.614069;-11.826628;-7.007390;-2.161976,98.595314;112.244095;125.823792;124.798187;123.864281;123.023224;122.264351;107.621338;93.259468;94.789581;96.172417;97.426979,npp_d20140716_t1803247_e1809051_b14079,150.799,53.2659,31.634,-81.9247,33.5599,82.7998
1302,VBD_npp_d20140716_t1804433_x1151775E_y046246S_l0705_s2624_v23,2017-05-23 13:08:46,-4.624639,115.177505,64.7627,2014-07-16 18:04:43,2014-07-17 02:04:43,705,2624,0.394444,1,2529,1.11142,0.193941,0.924971,0.4,0.966627,0.75,0.0473065,0.0001,0.0439477,999999,-6.766378e-02,3,Indonesian Exclusive Economic Zone,WPP712,,SVDNB_npp_d20140716_t1803247_e1809051_b14079_c20140717000905445784_noaa_ops.h5,GDNBO_npp_d20140716_t1803247_e1809051_b14079_c20140717000905445471_noaa_ops.h5,SVI04_npp_d20140716_t1803247_e1809051_b14079_c20140717000905432367_noaa_ops.dspace_rad,VNFF_npp_d20140716_t1803247_e1809051_b14079_v21.csv,World_EEZ_v8_2014.shp,WPP_BFAR_merge.shp,KKP_IDN_merge_20161208.shp,VNF-VBD_npp_20120301-20151231_global_asia-enhanced_c201607211230.bitmask,NCEI_NGA.union.nga_lead2.add_2015ntl.mask,timezone.shp,VBD_platforms-recurring_2015_r20170330.shp,999999,VBD_bridges_c20160811.shp,2.701723;0.592520;-1.537733;-6.424739;-11.321091;-16.224911;-21.132078;-19.454973;-16.614069;-11.826628;-7.007390;-2.161976,98.595314;112.244095;125.823792;124.798187;123.864281;123.023224;122.264351;107.621338;93.259468;94.789581;96.172417;97.426979,npp_d20140716_t1803247_e1809051_b14079,150.71,53.1238,31.6839,-82.1083,33.5201,82.9712
1303,VBD_npp_d20140716_t1804433_x1151852E_y047081S_l0717_s2627_v23,2017-05-23 13:08:46,-4.708123,115.185196,131.295,2014-07-16 18:04:43,2014-07-17 02:04:43,717,2627,0.407924,1,2529,1.36961,0.178051,0.931594,0.4,0.972467,0.75,0.0473011,0.0001,0.0427589,999999,5.804502e-02,3,Indonesian Exclusive Economic Zone,WPP712,,SVDNB_npp_d20140716_t1803247_e1809051_b14079_c20140717000905445784_noaa_ops.h5,GDNBO_npp_d20140716_t1803247_e1809051_b14079_c20140717000905445471_noaa_ops.h5,SVI04_npp_d20140716_t1803247_e1809051_b14079_c20140717000905432367_noaa_ops.dspace_rad,VNFF_npp_d20140716_t1803247_e1809051_b14079_v21.csv,World_EEZ_v8_2014.shp,WPP_BFAR_merge.shp,KKP_IDN_merge_20161208.shp,VNF-VBD_npp_20120301-20151231_global_asia-enhanced_c201607211230.bitmask,NCEI_NGA.union.nga_lead2.add_2015ntl.mask,timezone.shp,VBD_platforms-recurring_2015_r20170330.shp,999999,VBD_bridges_c20160811.shp,2.701723;0.592520;-1.537733;-6.424739;-11.321091;-16.224911;-21.132078;-19.454973;-16.614069;-11.826628;-7.007390;-2.161976,98.595314;112.244095;125.823792;124.798187;123.864281;123.023224;122.264351;107.621338;93.259468;94.789581;96.172417;97.426979,npp_d20140716_t1803247_e1809051_b14079,150.754,53.2506,31.816,-80.9524,33.5229,82.8414
1304,VBD_npp_d20140716_t1804433_x1151832E_y047215S_l0719_s2627_v23,2017-05-23 13:08:46,-4.721542,115.183151,59.8453,2014-07-16 18:04:43,2014-07-17 02:04:43,719,2627,0.405659,1,2529,1.03592,0.176537,0.929511,0.4,0.932679,0.75,0.047298,0.0001,0.0425405,999999,7.002461e-02,3,Indonesian Exclusive Economic Zone,WPP712,,SVDNB_npp_d20140716_t1803247_e1809051_b14079_c20140717000905445784_noaa_ops.h5,GDNBO_npp_d20140716_t1803247_e1809051_b14079_c20140717000905445471_noaa_ops.h5,SVI04_npp_d20140716_t1803247_e1809051_b14079_c20140717000905432367_noaa_ops.dspace_rad,VNFF_npp_d20140716_t1803247_e1809051_b14079_v21.csv,World_EEZ_v8_2014.shp,WPP_BFAR_merge.shp,KKP_IDN_merge_20161208.shp,VNF-VBD_npp_20120301-20151231_global_asia-enhanced_c201607211230.bitmask,NCEI_NGA.union.nga_lead2.add_2015ntl.mask,timezone.shp,VBD_platforms-recurring_2015_r20170330.shp,999999,VBD_bridges_c20160811.shp,2.701723;0.592520;-1.537733;-6.424739;-11.321091;-16.224911;-21.132078;-19.454973;-16.614069;-11.826628;-7.007390;-2.161976,98.595314;112.244095;125.823792;124.798187;123.864281;123.023224;122.264351;107.621338;93.259468;94.789581;96.172417;97.426979,npp_d20140716_t1803247_e1809051_b14079,150.764,53.2678,31.8167,-80.7598,33.5266,82.8214
1305,VBD_npp_d20140716_t1804451_x1151766E_y047595S_l0725_s2628_v23,2017-05-23 13:08:46,-4.759504,115.176567,167.436,2014-07-16 18:04:45,2014-07-17 02:04:45,725,2628,0.405714,1,2529,1.2851,0.167786,0.922375,0.4,0.971451,0.75,0.047293,0.0001,0.0434884,999999,1.392558e-01,3,Indonesian Exclusive Economic Zone,WPP712,,SVDNB_npp_d20140716_t1803247_e1809051_b14079_c20140717000905445784_noaa_ops.h5,GDNBO_npp_d20140716_t1803247_e1809051_b14079_c20140717000905445471_noaa_ops.h5,SVI04_npp_d20140716_t1803247_e1809051_b14079_c20140717000905432367_noaa_ops.dspace_rad,VNFF_npp_d20140716_t1803247_e1809051_b14079_v21.csv,World_EEZ_v8_2014.shp,WPP_BFAR_merge.shp,KKP_IDN_merge_20161208.shp,VNF-VBD_npp_20120301-20151231_global_asia-enhanced_c201607211230.bitmask,NCEI_NGA.union.nga_lead2.add_2015ntl.mask,timezone.shp,VBD_platforms-recurring_2015_r20170330.shp,999999,VBD_bridges_c20160811.shp,2.701723;0.592520;-1.537733;-6.424739;-11.321091;-16.224911;-21.132078;-19.454973;-16.614069;-11.826628;-7.007390;-2.161976,98.595314;112.244095;125.823792;124.798187;123.864281;123.023224;122.264351;107.621338;93.259468;94.789581;96.172417;97.426979,npp_d20140716_t1803247_e1809051_b14079,150.786,53.323,31.8569,-81.7323,33.5309,82.7631
1306,VBD_npp_d20140716_t1804415_x1152213E_y046055S_l0701_s2629_v23,2017-05-23 13:08:46,-4.605516,115.221329,71.1667,2014-07-16 18:04:41,2014-07-17 02:04:41,701,2629,0.408642,1,2529,1.14952,0.178511,0.916933,0.4,0.968501,0.75,0.0473353,0.0001,0.0429792,999999,5.441132e-02,3,Indonesian Exclusive Economic Zone,WPP712,,SVDNB_npp_d20140716_t1803247_e1809051_b14079_c20140717000905445784_noaa_ops.h5,GDNBO_npp_d20140716_t1803247_e1809051_b14079_c20140717000905445471_noaa_ops.h5,SVI04_npp_d20140716_t1803247_e1809051_b14079_c20140717000905432367_noaa_ops.dspace_rad,VNFF_npp_d20140716_t1803247_e1809051_b14079_v21.csv,World_EEZ_v8_2014.shp,WPP_BFAR_merge.shp,KKP_IDN_merge_20161208.shp,VNF-VBD_npp_20120301-20151231_global_asia-enhanced_c201607211230.bitmask,NCEI_NGA.union.nga_lead2.add_2015ntl.mask,timezone.shp,VBD_platforms-recurring_2015_r20170330.shp,999999,VBD_bridges_c20160811.shp,2.701723;0.592520;-1.537733;-6.424739;-11.321091;-16.224911;-21.132078;-19.454973;-16.614069;-11.826628;-7.007390;-2.161976,98.595314;112.244095;125.823792;124.798187;123.864281;123.023224;122.264351;107.621338;93.259468;94.789581;96.172417;97.426979,npp_d20140716_t1803247_e1809051_b14079,150.669,53.1324,31.9045,-80.9523,33.4809,82.9908
1307,VBD_npp_d20140716_t1804433_x1152036E_y046766S_l0712_s2629_v23,2017-05-23 13:08:46,-4.676604,115.203636,108.447,2014-07-16 18:04:43,2014-07-17 02:04:43,712,2629,0.406543,1,2529,1.27651,0.181383,0.927163,0.4,0.975254,0.75,0.047318,0.0001,0.0433533,999999,3.168913e-02,3,Indonesian Exclusive Economic Zone,WPP712,,SVDNB_npp_d20140716_t1803247_e1809051_b14079_c20140717000905445784_noaa_ops.h5,GDNBO_npp_d20140716_t1803247_e1809051_b14079_c20140717000905445471_noaa_ops.h5,SVI04_npp_d20140716_t1803247_e1809051_b14079_c20140717000905432367_noaa_ops.dspace_rad,VNFF_npp_d20140716_t1803247_e1809051_b14079_v21.csv,World_EEZ_v8_2014.shp,WPP_BFAR_merge.shp,KKP_IDN_merge_20161208.shp,VNF-VBD_npp_20120301-20151231_global_asia-enhanced_c201607211230.bitmask,NCEI_NGA.union.nga_lead2.add_2015ntl.mask,timezone.shp,VBD_platforms-recurring_2015_r20170330.shp,999999,VBD_bridges_c20160811.shp,2.701723;0.592520;-1.537733;-6.424739;-11.321091;-16.224911;-21.132078;-19.454973;-16.614069;-11.826628;-7.007390;-2.161976,98.595314;112.244095;125.823792;124.798187;123.864281;123.023224;122.264351;107.621338;93.259468;94.789581;96.172417;97.426979,npp_d20140716_t1803247_e1809051_b14079,150.72,53.2237,31.905,-81.4349,33.5004,82.8846
1308,VBD_npp_d20140716_t1804451_x1151822E_y047672S_l0726_s2629_v23,2017-05-23 13:08:46,-4.767223,115.182205,118.799,2014-07-16 18:04:45,2014-07-17 02:04:45,726,2629,0.409029,1,2529,1.08865,0.167285,0.922375,0.4,0.954286,0.75,0.0472959,0.0001,0.0434094,999999,1.432237e-01,3,Indonesian Exclusive Economic Zone,WPP712,,SVDNB_npp_d20140716_t1803247_e1809051_b14079_c20140717000905445784_noaa_ops.h5,GDNBO_npp_d20140716_t1803247_e1809051_b14079_c20140717000905445471_noaa_ops.h5,SVI04_npp_d20140716_t1803247_e1809051_b14079_c20140717000905432367_noaa_ops.dspace_rad,VNFF_npp_d20140716_t1803247_e1809051_b14079_v21.csv,World_EEZ_v8_2014.shp,WPP_BFAR_merge.shp,KKP_IDN_merge_20161208.shp,VNF-VBD_npp_20120301-20151231_global_asia-enhanced_c201607211230.bitmask,NCEI_NGA.union.nga_lead2.add_2015ntl.mask,timezone.shp,VBD_platforms-recurring_2015_r20170330.shp,999999,VBD_bridges_c20160811.shp,2.701723;0.592520;-1.537733;-6.424739;-11.321091;-16.224911;-21.132078;-19.454973;-16.614069;-11.826628;-7.007390;-2.161976,98.595314;112.244095;125.823792;124.798187;123.864281;123.023224;122.264351;107.621338;93.259468;94.789581;96.172417;97.426979,npp_d20140716_t1803247_e1809051_b14079,150.786,53.3396,31.9013,-81.6366,33.5262,82.7497
1309,VBD_npp_d20140716_t1804398_x1152536E_y044822S_l0682_s2630_v23,2017-05-23 13:08:46,-4.482176,115.253609,105.092,2014-07-16 18:04:39,2014-07-17 02:04:39,682,2630,0.407316,1,2529,1.31328,0.176703,0.885589,0.4,0.973823,0.75,0.0473688,0.0001,0.0434841,999999,6.870998e-02,3,Indonesian Exclusive Economic Zone,WPP712,,SVDNB_npp_d20140716_t1803247_e1809051_b14079_c20140717000905445784_noaa_ops.h5,GDNBO_npp_d20140716_t1803247_e1809051_b14079_c20140717000905445471_noaa_ops.h5,SVI04_npp_d20140716_t1803247_e1809051_b14079_c20140717000905432367_noaa_ops.dspace_rad,VNFF_npp_d20140716_t1803247_e1809051_b14079_v21.csv,World_EEZ_v8_2014.shp,WPP_BFAR_merge.shp,KKP_IDN_merge_20161208.shp,VNF-VBD_npp_20120301-20151231_global_asia-enhanced_c201607211230.bitmask,NCEI_NGA.union.nga_lead2.add_2015ntl.mask,timezone.shp,VBD_platforms-recurring_2015_r20170330.shp,999999,VBD_bridges_c20160811.shp,2.701723;0.592520;-1.537733;-6.424739;-11.321091;-16.224911;-21.132078;-19.454973;-16.614069;-11.826628;-7.007390;-2.161976,98.595314;112.244095;125.823792;124.798187;123.864281;123.023224;122.264351;107.621338;93.259468;94.789581;96.172417;97.426979,npp_d20140716_t1803247_e1809051_b14079,150.576,52.9818,31.9464,-81.2318,33.4406,83.1734
1310,VBD_npp_d20140716_t1804433_x1152042E_y047179S_l0718_s2630_v23,2017-05-23 13:08:46,-4.717925,115.204170,135.7,2014-07-16 18:04:43,2014-07-17 02:04:43,718,2630,0.407758,1,2529,1.3766,0.178098,0.931594,0.4,0.979371,0.75,0.047313,0.0001,0.0427302,999999,5.767580e-02,3,Indonesian Exclusive Economic Zone,WPP712,,SVDNB_npp_d20140716_t1803247_e1809051_b14079_c20140717000905445784_noaa_ops.h5,GDNBO_npp_d20140716_t1803247_e1809051_b14079_c20140717000905445471_noaa_ops.h5,SVI04_npp_d20140716_t1803247_e1809051_b14079_c20140717000905432367_noaa_ops.dspace_rad,VNFF_npp_d20140716_t1803247_e1809051_b14079_v21.csv,World_EEZ_v8_2014.shp,WPP_BFAR_merge.shp,KKP_IDN_merge_20161208.shp,VNF-VBD_npp_20120301-20151231_global_asia-enhanced_c201607211230.bitmask,NCEI_NGA.union.nga_lead2.add_2015ntl.mask,timezone.shp,VBD_platforms-recurring_2015_r20170330.shp,999999,VBD_bridges_c20160811.shp,2.701723;0.592520;-1.537733;-6.424739;-11.321091;-16.224911;-21.132078;-19.454973;-16.614069;-11.826628;-7.007390;-2.161976,98.595314;112.244095;125.823792;124.798187;123.864281;123.023224;122.264351;107.621338;93.259468;94.789581;96.172417;97.426979,npp_d20140716_t1803247_e1809051_b14079,150.745,53.2833,31.9506,-80.8601,33.5051,82.8212
1311,VBD_npp_d20140716_t1804469_x1151609E_y049065S_l0747_s2630_v23,2017-05-23 13:08:46,-4.906485,115.160934,64.6929,2014-07-16 18:04:46,2014-07-17 02:04:46,747,2630,0.406101,1,2529,1.06533,0.172482,0.886415,0.4,0.950497,0.75,0.0472674,0.0001,0.0427289,999999,1.021083e-01,3,Indonesian Exclusive Economic Zone,WPP712,,SVDNB_npp_d20140716_t1803247_e1809051_b14079_c20140717000905445784_noaa_ops.h5,GDNBO_npp_d20140716_t1803247_e1809051_b14079_c20140717000905445471_noaa_ops.h5,SVI04_npp_d20140716_t1803247_e1809051_b14079_c20140717000905432367_noaa_ops.dspace_rad,VNFF_npp_d20140716_t1803247_e1809051_b14079_v21.csv,World_EEZ_v8_2014.shp,WPP_BFAR_merge.shp,KKP_IDN_merge_20161208.shp,VNF-VBD_npp_20120301-20151231_global_asia-enhanced_c201607211230.bitmask,NCEI_NGA.union.nga_lead2.add_2015ntl.mask,timezone.shp,VBD_platforms-recurring_2015_r20170330.shp,999999,VBD_bridges_c20160811.shp,2.701723;0.592520;-1.537733;-6.424739;-11.321091;-16.224911;-21.132078;-19.454973;-16.614069;-11.826628;-7.007390;-2.161976,98.595314;112.244095;125.823792;124.798187;123.864281;123.023224;122.264351;107.621338;93.259468;94.789581;96.172417;97.426979,npp_d20140716_t1803247_e1809051_b14079,150.88,53.5264,31.9464,-81.1597,33.5585,82.5408
1312,VBD_npp_d20140716_t1804451_x1151966E_y047625S_l0725_s2631_v23,2017-05-23 13:08:46,-4.762522,115.196602,102.667,2014-07-16 18:04:45,2014-07-17 02:04:45,725,2631,0.40704,1,2529,1.13731,0.171815,0.922295,0.4,0.936158,0.75,0.0473065,0.0001,0.0435705,999999,1.073814e-01,3,Indonesian Exclusive Economic Zone,WPP712,,SVDNB_npp_d20140716_t1803247_e1809051_b14079_c20140717000905445784_noaa_ops.h5,GDNBO_npp_d20140716_t1803247_e1809051_b14079_c20140717000905445471_noaa_ops.h5,SVI04_npp_d20140716_t1803247_e1809051_b14079_c20140717000905432367_noaa_ops.dspace_rad,VNFF_npp_d20140716_t1803247_e1809051_b14079_v21.csv,World_EEZ_v8_2014.shp,WPP_BFAR_merge.shp,KKP_IDN_merge_20161208.shp,VNF-VBD_npp_20120301-20151231_global_asia-enhanced_c201607211230.bitmask,NCEI_NGA.union.nga_lead2.add_2015ntl.mask,timezone.shp,VBD_platforms-recurring_2015_r20170330.shp,999999,VBD_bridges_c20160811.shp,2.701723;0.592520;-1.537733;-6.424739;-11.321091;-16.224911;-21.132078;-19.454973;-16.614069;-11.826628;-7.007390;-2.161976,98.595314;112.244095;125.823792;124.798187;123.864281;123.023224;122.264351;107.621338;93.259468;94.789581;96.172417;97.426979,npp_d20140716_t1803247_e1809051_b14079,150.771,53.347,31.9912,-81.7331,33.5112,82.7529
1313,VBD_npp_d20140716_t1804451_x1152136E_y047857S_l0728_s2634_v23,2017-05-23 13:08:46,-4.785733,115.213615,57.6645,2014-07-16 18:04:45,2014-07-17 02:04:45,728,2634,0.403339,1,2529,0.96392,0.177625,0.923517,0.4,0.943784,0.75,0.0473153,0.0001,0.0433263,999999,6.141759e-02,3,Indonesian Exclusive Economic Zone,WPP712,,SVDNB_npp_d20140716_t1803247_e1809051_b14079_c20140717000905445784_noaa_ops.h5,GDNBO_npp_d20140716_t1803247_e1809051_b14079_c20140717000905445471_noaa_ops.h5,SVI04_npp_d20140716_t1803247_e1809051_b14079_c20140717000905432367_noaa_ops.dspace_rad,VNFF_npp_d20140716_t1803247_e1809051_b14079_v21.csv,World_EEZ_v8_2014.shp,WPP_BFAR_merge.shp,KKP_IDN_merge_20161208.shp,VNF-VBD_npp_20120301-20151231_global_asia-enhanced_c201607211230.bitmask,NCEI_NGA.union.nga_lead2.add_2015ntl.mask,timezone.shp,VBD_platforms-recurring_2015_r20170330.shp,999999,VBD_bridges_c20160811.shp,2.701723;0.592520;-1.537733;-6.424739;-11.321091;-16.224911;-21.132078;-19.454973;-16.614069;-11.826628;-7.007390;-2.161976,98.595314;112.244095;125.823792;124.798187;123.864281;123.023224;122.264351;107.621338;93.259468;94.789581;96.172417;97.426979,npp_d20140716_t1803247_e1809051_b14079,150.772,53.3969,32.125,-81.4476,33.4971,82.7127
1314,VBD_npp_d20140716_t1804451_x1152116E_y047992S_l0730_s2634_v23,2017-05-23 13:08:46,-4.799190,115.211563,139.914,2014-07-16 18:04:45,2014-07-17 02:04:45,730,2634,0.406985,1,2529,1.31489,0.18182,0.923517,0.4,0.973983,0.75,0.0473122,0.0001,0.0431088,999999,2.822646e-02,3,Indonesian Exclusive Economic Zone,WPP712,,SVDNB_npp_d20140716_t1803247_e1809051_b14079_c20140717000905445784_noaa_ops.h5,GDNBO_npp_d20140716_t1803247_e1809051_b14079_c20140717000905445471_noaa_ops.h5,SVI04_npp_d20140716_t1803247_e1809051_b14079_c20140717000905432367_noaa_ops.dspace_rad,VNFF_npp_d20140716_t1803247_e1809051_b14079_v21.csv,World_EEZ_v8_2014.shp,WPP_BFAR_merge.shp,KKP_IDN_merge_20161208.shp,VNF-VBD_npp_20120301-20151231_global_asia-enhanced_c201607211230.bitmask,NCEI_NGA.union.nga_lead2.add_2015ntl.mask,timezone.shp,VBD_platforms-recurring_2015_r20170330.shp,999999,VBD_bridges_c20160811.shp,2.701723;0.592520;-1.537733;-6.424739;-11.321091;-16.224911;-21.132078;-19.454973;-16.614069;-11.826628;-7.007390;-2.161976,98.595314;112.244095;125.823792;124.798187;123.864281;123.023224;122.264351;107.621338;93.259468;94.789581;96.172417;97.426979,npp_d20140716_t1803247_e1809051_b14079,150.781,53.4142,32.1249,-81.2567,33.5009,82.6927
1315,VBD_npp_d20140716_t1804451_x1152421E_y048245S_l0733_s2639_v23,2017-05-23 13:08:46,-4.824547,115.242081,86.208,2014-07-16 18:04:45,2014-07-17 02:04:45,733,2639,0.387981,1,2529,1.19399,0.235927,0.931001,0.4,0.969836,0.75,0.04733,0.0001,0.0428995,999999,-3.998271e-01,3,Indonesian Exclusive Economic Zone,WPP712,,SVDNB_npp_d20140716_t1803247_e1809051_b14079_c20140717000905445784_noaa_ops.h5,GDNBO_npp_d20140716_t1803247_e1809051_b14079_c20140717000905445471_noaa_ops.h5,SVI04_npp_d20140716_t1803247_e1809051_b14079_c20140717000905432367_noaa_ops.dspace_rad,VNFF_npp_d20140716_t1803247_e1809051_b14079_v21.csv,World_EEZ_v8_2014.shp,WPP_BFAR_merge.shp,KKP_IDN_merge_20161208.shp,VNF-VBD_npp_20120301-20151231_global_asia-enhanced_c201607211230.bitmask,NCEI_NGA.union.nga_lead2.add_2015ntl.mask,timezone.shp,VBD_platforms-recurring_2015_r20170330.shp,999999,VBD_bridges_c20160811.shp,2.701723;0.592520;-1.537733;-6.424739;-11.321091;-16.224911;-21.132078;-19.454973;-16.614069;-11.826628;-7.007390;-2.161976,98.595314;112.244095;125.823792;124.798187;123.864281;123.023224;122.264351;107.621338;93.259468;94.789581;96.172417;97.426979,npp_d20140716_t1803247_e1809051_b14079,150.772,53.4805,32.3495,-80.9765,33.4736,82.6453
1316,VBD_npp_d20140716_t1804451_x1152748E_y048365S_l0734_s2644_v23,2017-05-23 13:08:46,-4.836498,115.274811,55.7509,2014-07-16 18:04:45,2014-07-17 02:04:45,734,2644,0.39566,1,2529,1.02425,0.234647,0.917628,0.4,0.954061,0.75,0.0473509,0.0001,0.0428991,999999,-3.897014e-01,3,Indonesian Exclusive Economic Zone,WPP712,,SVDNB_npp_d20140716_t1803247_e1809051_b14079_c20140717000905445784_noaa_ops.h5,GDNBO_npp_d20140716_t1803247_e1809051_b14079_c20140717000905445471_noaa_ops.h5,SVI04_npp_d20140716_t1803247_e1809051_b14079_c20140717000905432367_noaa_ops.dspace_rad,VNFF_npp_d20140716_t1803247_e1809051_b14079_v21.csv,World_EEZ_v8_2014.shp,WPP_BFAR_merge.shp,KKP_IDN_merge_20161208.shp,VNF-VBD_npp_20120301-20151231_global_asia-enhanced_c201607211230.bitmask,NCEI_NGA.union.nga_lead2.add_2015ntl.mask,timezone.shp,VBD_platforms-recurring_2015_r20170330.shp,999999,VBD_bridges_c20160811.shp,2.701723;0.592520;-1.537733;-6.424739;-11.321091;-16.224911;-21.132078;-19.454973;-16.614069;-11.826628;-7.007390;-2.161976,98.595314;112.244095;125.823792;124.798187;123.864281;123.023224;122.264351;107.621338;93.259468;94.789581;96.172417;97.426979,npp_d20140716_t1803247_e1809051_b14079,150.753,53.5295,32.5741,-80.8882,33.4423,82.6178
1317,VBD_npp_d20140716_t1804309_x1155281E_y039984S_l0604_s2654_v23,2017-05-23 13:08:46,-3.998433,115.528076,5.72846,2014-07-16 18:04:30,2014-07-17 02:04:30,604,2654,0.39914,2,2209,0.215371,0.210066,0.695122,0.4,0.632589,0.75,0.0475935,0.0001,0.0446213,999999,-1.952336e-01,3,Indonesian Exclusive Economic Zone,WPP713,,SVDNB_npp_d20140716_t1803247_e1809051_b14079_c20140717000905445784_noaa_ops.h5,GDNBO_npp_d20140716_t1803247_e1809051_b14079_c20140717000905445471_noaa_ops.h5,SVI04_npp_d20140716_t1803247_e1809051_b14079_c20140717000905432367_noaa_ops.dspace_rad,VNFF_npp_d20140716_t1803247_e1809051_b14079_v21.csv,World_EEZ_v8_2014.shp,WPP_BFAR_merge.shp,KKP_IDN_merge_20161208.shp,VNF-VBD_npp_20120301-20151231_global_asia-enhanced_c201607211230.bitmask,NCEI_NGA.union.nga_lead2.add_2015ntl.mask,timezone.shp,VBD_platforms-recurring_2015_r20170330.shp,999999,VBD_bridges_c20160811.shp,2.701723;0.592520;-1.537733;-6.424739;-11.321091;-16.224911;-21.132078;-19.454973;-16.614069;-11.826628;-7.007390;-2.161976,98.595314;112.244095;125.823792;124.798187;123.864281;123.023224;122.264351;107.621338;93.259468;94.789581;96.172417;97.426979,npp_d20140716_t1803247_e1809051_b14079,150.094,52.5396,33.0222,-81.0362,33.1451,83.8621
1318,VBD_npp_d20140716_t1804309_x1155811E_y039718S_l0599_s2661_v23,2017-05-23 13:08:46,-3.971804,115.581146,6.01243,2014-07-16 18:04:30,2014-07-17 02:04:30,599,2661,0.407095,2,2465,0.242327,0.219501,0.74837,0.4,0.685702,0.75,0.0476324,0.0001,0.0452725,999999,-2.698756e-01,3,Indonesian Exclusive Economic Zone,WPP713,,SVDNB_npp_d20140716_t1803247_e1809051_b14079_c20140717000905445784_noaa_ops.h5,GDNBO_npp_d20140716_t1803247_e1809051_b14079_c20140717000905445471_noaa_ops.h5,SVI04_npp_d20140716_t1803247_e1809051_b14079_c20140717000905432367_noaa_ops.dspace_rad,VNFF_npp_d20140716_t1803247_e1809051_b14079_v21.csv,World_EEZ_v8_2014.shp,WPP_BFAR_merge.shp,KKP_IDN_merge_20161208.shp,VNF-VBD_npp_20120301-20151231_global_asia-enhanced_c201607211230.bitmask,NCEI_NGA.union.nga_lead2.add_2015ntl.mask,timezone.shp,VBD_platforms-recurring_2015_r20170330.shp,999999,VBD_bridges_c20160811.shp,2.701723;0.592520;-1.537733;-6.424739;-11.321091;-16.224911;-21.132078;-19.454973;-16.614069;-11.826628;-7.007390;-2.161976,98.595314;112.244095;125.823792;124.798187;123.864281;123.023224;122.264351;107.621338;93.259468;94.789581;96.172417;97.426979,npp_d20140716_t1803247_e1809051_b14079,150.036,52.5552,33.3367,-81.5046,33.0888,83.891
1319,VBD_npp_d20140716_t1805207_x1149421E_y069498S_l1055_s2662_v23,2017-05-23 13:08:46,-6.949765,114.942108,11.7502,2014-07-16 18:05:20,2014-07-17 01:05:20,1055,2662,0.398753,1,2529,0.504364,0.236883,0.823327,0.4,0.86436,0.75,0.0469831,0.0001,0.0395294,999999,-4.073946e-01,3,Indonesian Exclusive Economic Zone,WPP712,,SVDNB_npp_d20140716_t1803247_e1809051_b14079_c20140717000905445784_noaa_ops.h5,GDNBO_npp_d20140716_t1803247_e1809051_b14079_c20140717000905445471_noaa_ops.h5,SVI04_npp_d20140716_t1803247_e1809051_b14079_c20140717000905432367_noaa_ops.dspace_rad,VNFF_npp_d20140716_t1803247_e1809051_b14079_v21.csv,World_EEZ_v8_2014.shp,WPP_BFAR_merge.shp,KKP_IDN_merge_20161208.shp,VNF-VBD_npp_20120301-20151231_global_asia-enhanced_c201607211230.bitmask,NCEI_NGA.union.nga_lead2.add_2015ntl.mask,timezone.shp,VBD_platforms-recurring_2015_r20170330.shp,999999,VBD_bridges_c20160811.shp,2.701723;0.592520;-1.537733;-6.424739;-11.321091;-16.224911;-21.132078;-19.454973;-16.614069;-11.826628;-7.007390;-2.161976,98.595314;112.244095;125.823792;124.798187;123.864281;123.023224;122.264351;107.621338;93.259468;94.789581;96.172417;97.426979,npp_d20140716_t1803247_e1809051_b14079,152.115,56.5368,33.388,-80.9452,33.9655,79.4825
1320,VBD_npp_d20140716_t1804362_x1155334E_y042883S_l0647_s2664_v23,2017-05-23 13:08:46,-4.288279,115.533363,122.449,2014-07-16 18:04:36,2014-07-17 02:04:36,647,2664,0.39345,1,2529,1.31046,0.19085,0.882559,0.4,0.981279,0.75,0.0475742,0.0001,0.0448463,999999,-4.321035e-02,3,Indonesian Exclusive Economic Zone,WPP712,,SVDNB_npp_d20140716_t1803247_e1809051_b14079_c20140717000905445784_noaa_ops.h5,GDNBO_npp_d20140716_t1803247_e1809051_b14079_c20140717000905445471_noaa_ops.h5,SVI04_npp_d20140716_t1803247_e1809051_b14079_c20140717000905432367_noaa_ops.dspace_rad,VNFF_npp_d20140716_t1803247_e1809051_b14079_v21.csv,World_EEZ_v8_2014.shp,WPP_BFAR_merge.shp,KKP_IDN_merge_20161208.shp,VNF-VBD_npp_20120301-20151231_global_asia-enhanced_c201607211230.bitmask,NCEI_NGA.union.nga_lead2.add_2015ntl.mask,timezone.shp,VBD_platforms-recurring_2015_r20170330.shp,999999,VBD_bridges_c20160811.shp,2.701723;0.592520;-1.537733;-6.424739;-11.321091;-16.224911;-21.132078;-19.454973;-16.614069;-11.826628;-7.007390;-2.161976,98.595314;112.244095;125.823792;124.798187;123.864281;123.023224;122.264351;107.621338;93.259468;94.789581;96.172417;97.426979,npp_d20140716_t1803247_e1809051_b14079,150.248,52.9691,33.4743,-81.5231,33.1508,83.4047
1321,VBD_npp_d20140716_t1804309_x1155993E_y040359S_l0608_s2665_v23,2017-05-23 13:08:46,-4.035940,115.599312,4.94383,2014-07-16 18:04:30,2014-07-17 02:04:30,608,2665,0.405383,2,2209,0.208911,0.175679,0.734839,0.4,0.629096,0.75,0.047637,0.0001,0.0443951,999999,7.681610e-02,3,Indonesian Exclusive Economic Zone,WPP713,,SVDNB_npp_d20140716_t1803247_e1809051_b14079_c20140717000905445784_noaa_ops.h5,GDNBO_npp_d20140716_t1803247_e1809051_b14079_c20140717000905445471_noaa_ops.h5,SVI04_npp_d20140716_t1803247_e1809051_b14079_c20140717000905432367_noaa_ops.dspace_rad,VNFF_npp_d20140716_t1803247_e1809051_b14079_v21.csv,World_EEZ_v8_2014.shp,WPP_BFAR_merge.shp,KKP_IDN_merge_20161208.shp,VNF-VBD_npp_20120301-20151231_global_asia-enhanced_c201607211230.bitmask,NCEI_NGA.union.nga_lead2.add_2015ntl.mask,timezone.shp,VBD_platforms-recurring_2015_r20170330.shp,999999,VBD_bridges_c20160811.shp,2.701723;0.592520;-1.537733;-6.424739;-11.321091;-16.224911;-21.132078;-19.454973;-16.614069;-11.826628;-7.007390;-2.161976,98.595314;112.244095;125.823792;124.798187;123.864281;123.023224;122.264351;107.621338;93.259468;94.789581;96.172417;97.426979,npp_d20140716_t1803247_e1809051_b14079,150.061,52.6614,33.5167,-80.6978,33.0775,83.7868
1322,VBD_npp_d20140716_t1805225_x1149587E_y069776S_l1059_s2666_v23,2017-05-23 13:08:46,-6.977570,114.958733,16.7342,2014-07-16 18:05:22,2014-07-17 01:05:22,1059,2666,0.406709,1,2529,0.618065,0.155503,0.841083,0.4,0.899755,0.75,0.0469998,0.0001,0.0408617,999999,2.364355e-01,3,Indonesian Exclusive Economic Zone,WPP712,,SVDNB_npp_d20140716_t1803247_e1809051_b14079_c20140717000905445784_noaa_ops.h5,GDNBO_npp_d20140716_t1803247_e1809051_b14079_c20140717000905445471_noaa_ops.h5,SVI04_npp_d20140716_t1803247_e1809051_b14079_c20140717000905432367_noaa_ops.dspace_rad,VNFF_npp_d20140716_t1803247_e1809051_b14079_v21.csv,World_EEZ_v8_2014.shp,WPP_BFAR_merge.shp,KKP_IDN_merge_20161208.shp,VNF-VBD_npp_20120301-20151231_global_asia-enhanced_c201607211230.bitmask,NCEI_NGA.union.nga_lead2.add_2015ntl.mask,timezone.shp,VBD_platforms-recurring_2015_r20170330.shp,999999,VBD_bridges_c20160811.shp,2.701723;0.592520;-1.537733;-6.424739;-11.321091;-16.224911;-21.132078;-19.454973;-16.614069;-11.826628;-7.007390;-2.161976,98.595314;112.244095;125.823792;124.798187;123.864281;123.023224;122.264351;107.621338;93.259468;94.789581;96.172417;97.426979,npp_d20140716_t1803247_e1809051_b14079,152.11,56.6026,33.5647,-82.0429,33.9472,79.4314
1323,VBD_npp_d20140716_t1804309_x1156143E_y040247S_l0606_s2667_v23,2017-05-23 13:08:46,-4.024680,115.614273,8.60014,2014-07-16 18:04:30,2014-07-17 02:04:30,606,2667,0.407261,1,2529,0.358784,0.177854,0.712974,0.4,0.763153,0.75,0.047649,0.0001,0.0446328,999999,5.960370e-02,3,Indonesian Exclusive Economic Zone,WPP713,,SVDNB_npp_d20140716_t1803247_e1809051_b14079_c20140717000905445784_noaa_ops.h5,GDNBO_npp_d20140716_t1803247_e1809051_b14079_c20140717000905445471_noaa_ops.h5,SVI04_npp_d20140716_t1803247_e1809051_b14079_c20140717000905432367_noaa_ops.dspace_rad,VNFF_npp_d20140716_t1803247_e1809051_b14079_v21.csv,World_EEZ_v8_2014.shp,WPP_BFAR_merge.shp,KKP_IDN_merge_20161208.shp,VNF-VBD_npp_20120301-20151231_global_asia-enhanced_c201607211230.bitmask,NCEI_NGA.union.nga_lead2.add_2015ntl.mask,timezone.shp,VBD_platforms-recurring_2015_r20170330.shp,999999,VBD_bridges_c20160811.shp,2.701723;0.592520;-1.537733;-6.424739;-11.321091;-16.224911;-21.132078;-19.454973;-16.614069;-11.826628;-7.007390;-2.161976,98.595314;112.244095;125.823792;124.798187;123.864281;123.023224;122.264351;107.621338;93.259468;94.789581;96.172417;97.426979,npp_d20140716_t1803247_e1809051_b14079,150.042,52.6605,33.6003,-80.8789,33.0612,83.8008
1324,VBD_npp_d20140716_t1805260_x1149160E_y072547S_l1101_s2668_v23,2017-05-23 13:08:46,-7.254653,114.916008,90.4319,2014-07-16 18:05:26,2014-07-17 01:05:26,1101,2668,0.448197,4,35301,1.26873,0.0630175,0.912802,0.4,0.974815,0.75,0.0469802,0.0001,0.0392919,999999,9.681144e-01,3,Indonesian Exclusive Economic Zone,WPP712,,SVDNB_npp_d20140716_t1803247_e1809051_b14079_c20140717000905445784_noaa_ops.h5,GDNBO_npp_d20140716_t1803247_e1809051_b14079_c20140717000905445471_noaa_ops.h5,SVI04_npp_d20140716_t1803247_e1809051_b14079_c20140717000905432367_noaa_ops.dspace_rad,VNFF_npp_d20140716_t1803247_e1809051_b14079_v21.csv,World_EEZ_v8_2014.shp,WPP_BFAR_merge.shp,KKP_IDN_merge_20161208.shp,VNF-VBD_npp_20120301-20151231_global_asia-enhanced_c201607211230.bitmask,NCEI_NGA.union.nga_lead2.add_2015ntl.mask,timezone.shp,VBD_platforms-recurring_2015_r20170330.shp,999999,VBD_bridges_c20160811.shp,2.701723;0.592520;-1.537733;-6.424739;-11.321091;-16.224911;-21.132078;-19.454973;-16.614069;-11.826628;-7.007390;-2.161976,98.595314;112.244095;125.823792;124.798187;123.864281;123.023224;122.264351;107.621338;93.259468;94.789581;96.172417;97.426979,npp_d20140716_t1803247_e1809051_b14079,152.285,57.017,33.6451,-81.164,34.0279,79.0303
1325,VBD_npp_d20140716_t1805136_x1151639E_y065578S_l0992_s2682_v23,2017-05-23 13:08:46,-6.557790,115.163902,10.7559,2014-07-16 18:05:13,2014-07-17 01:05:13,992,2682,0.403173,1,2529,0.437226,0.189455,0.912984,0.4,0.816716,0.75,0.0470924,0.0001,0.040345,999999,-3.217172e-02,3,Indonesian Exclusive Economic Zone,WPP712,,SVDNB_npp_d20140716_t1803247_e1809051_b14079_c20140717000905445784_noaa_ops.h5,GDNBO_npp_d20140716_t1803247_e1809051_b14079_c20140717000905445471_noaa_ops.h5,SVI04_npp_d20140716_t1803247_e1809051_b14079_c20140717000905432367_noaa_ops.dspace_rad,VNFF_npp_d20140716_t1803247_e1809051_b14079_v21.csv,World_EEZ_v8_2014.shp,WPP_BFAR_merge.shp,KKP_IDN_merge_20161208.shp,VNF-VBD_npp_20120301-20151231_global_asia-enhanced_c201607211230.bitmask,NCEI_NGA.union.nga_lead2.add_2015ntl.mask,timezone.shp,VBD_platforms-recurring_2015_r20170330.shp,999999,VBD_bridges_c20160811.shp,2.701723;0.592520;-1.537733;-6.424739;-11.321091;-16.224911;-21.132078;-19.454973;-16.614069;-11.826628;-7.007390;-2.161976,98.595314;112.244095;125.823792;124.798187;123.864281;123.023224;122.264351;107.621338;93.259468;94.789581;96.172417;97.426979,npp_d20140716_t1803247_e1809051_b14079,151.739,56.101,34.2406,-80.8794,33.7031,79.9959
1326,VBD_npp_d20140716_t1805153_x1151580E_y065965S_l0998_s2683_v23,2017-05-23 13:08:46,-6.596528,115.157997,49.4911,2014-07-16 18:05:15,2014-07-17 01:05:15,998,2683,0.404941,1,2529,0.990396,0.19131,0.93395,0.4,0.950538,0.75,0.0470949,0.0001,0.0413725,999999,-4.685215e-02,3,Indonesian Exclusive Economic Zone,WPP712,,SVDNB_npp_d20140716_t1803247_e1809051_b14079_c20140717000905445784_noaa_ops.h5,GDNBO_npp_d20140716_t1803247_e1809051_b14079_c20140717000905445471_noaa_ops.h5,SVI04_npp_d20140716_t1803247_e1809051_b14079_c20140717000905432367_noaa_ops.dspace_rad,VNFF_npp_d20140716_t1803247_e1809051_b14079_v21.csv,World_EEZ_v8_2014.shp,WPP_BFAR_merge.shp,KKP_IDN_merge_20161208.shp,VNF-VBD_npp_20120301-20151231_global_asia-enhanced_c201607211230.bitmask,NCEI_NGA.union.nga_lead2.add_2015ntl.mask,timezone.shp,VBD_platforms-recurring_2015_r20170330.shp,999999,VBD_bridges_c20160811.shp,2.701723;0.592520;-1.537733;-6.424739;-11.321091;-16.224911;-21.132078;-19.454973;-16.614069;-11.826628;-7.007390;-2.161976,98.595314;112.244095;125.823792;124.798187;123.864281;123.023224;122.264351;107.621338;93.259468;94.789581;96.172417;97.426979,npp_d20140716_t1803247_e1809051_b14079,151.759,56.1623,34.2828,-81.7609,33.7087,79.9369
1327,VBD_npp_d20140716_t1805136_x1151781E_y065531S_l0991_s2684_v23,2017-05-23 13:08:46,-6.553112,115.178123,46.6991,2014-07-16 18:05:13,2014-07-17 01:05:13,991,2684,0.40146,1,2529,0.958857,0.180457,0.924673,0.4,0.952203,0.75,0.0471029,0.0001,0.0404772,999999,3.901516e-02,3,Indonesian Exclusive Economic Zone,WPP712,,SVDNB_npp_d20140716_t1803247_e1809051_b14079_c20140717000905445784_noaa_ops.h5,GDNBO_npp_d20140716_t1803247_e1809051_b14079_c20140717000905445471_noaa_ops.h5,SVI04_npp_d20140716_t1803247_e1809051_b14079_c20140717000905432367_noaa_ops.dspace_rad,VNFF_npp_d20140716_t1803247_e1809051_b14079_v21.csv,World_EEZ_v8_2014.shp,WPP_BFAR_merge.shp,KKP_IDN_merge_20161208.shp,VNF-VBD_npp_20120301-20151231_global_asia-enhanced_c201607211230.bitmask,NCEI_NGA.union.nga_lead2.add_2015ntl.mask,timezone.shp,VBD_platforms-recurring_2015_r20170330.shp,999999,VBD_bridges_c20160811.shp,2.701723;0.592520;-1.537733;-6.424739;-11.321091;-16.224911;-21.132078;-19.454973;-16.614069;-11.826628;-7.007390;-2.161976,98.595314;112.244095;125.823792;124.798187;123.864281;123.023224;122.264351;107.621338;93.259468;94.789581;96.172417;97.426979,npp_d20140716_t1803247_e1809051_b14079,151.724,56.1068,34.3249,-80.9702,33.6881,79.9976
1328,VBD_npp_d20140716_t1805153_x1151697E_y065640S_l0993_s2684_v23,2017-05-23 13:08:46,-6.564039,115.169662,22.6417,2014-07-16 18:05:15,2014-07-17 01:05:15,993,2684,0.40483,1,2529,0.696177,0.198458,0.924673,0.4,0.911962,0.75,0.0471009,0.0001,0.0419755,999999,-1.033956e-01,3,Indonesian Exclusive Economic Zone,WPP712,,SVDNB_npp_d20140716_t1803247_e1809051_b14079_c20140717000905445784_noaa_ops.h5,GDNBO_npp_d20140716_t1803247_e1809051_b14079_c20140717000905445471_noaa_ops.h5,SVI04_npp_d20140716_t1803247_e1809051_b14079_c20140717000905432367_noaa_ops.dspace_rad,VNFF_npp_d20140716_t1803247_e1809051_b14079_v21.csv,World_EEZ_v8_2014.shp,WPP_BFAR_merge.shp,KKP_IDN_merge_20161208.shp,VNF-VBD_npp_20120301-20151231_global_asia-enhanced_c201607211230.bitmask,NCEI_NGA.union.nga_lead2.add_2015ntl.mask,timezone.shp,VBD_platforms-recurring_2015_r20170330.shp,999999,VBD_bridges_c20160811.shp,2.701723;0.592520;-1.537733;-6.424739;-11.321091;-16.224911;-21.132078;-19.454973;-16.614069;-11.826628;-7.007390;-2.161976,98.595314;112.244095;125.823792;124.798187;123.864281;123.023224;122.264351;107.621338;93.259468;94.789581;96.172417;97.426979,npp_d20140716_t1803247_e1809051_b14079,151.731,56.1228,34.3272,-82.1995,33.6914,79.9814
1329,VBD_npp_d20140716_t1805153_x1151733E_y065851S_l0996_s2685_v23,2017-05-23 13:08:46,-6.585093,115.173256,98.4801,2014-07-16 18:05:15,2014-07-17 01:05:15,996,2685,0.401295,1,2529,1.24515,0.197299,0.93395,0.4,0.970859,0.75,0.0471043,0.0001,0.0416232,999999,-9.422961e-02,3,Indonesian Exclusive Economic Zone,WPP712,,SVDNB_npp_d20140716_t1803247_e1809051_b14079_c20140717000905445784_noaa_ops.h5,GDNBO_npp_d20140716_t1803247_e1809051_b14079_c20140717000905445471_noaa_ops.h5,SVI04_npp_d20140716_t1803247_e1809051_b14079_c20140717000905432367_noaa_ops.dspace_rad,VNFF_npp_d20140716_t1803247_e1809051_b14079_v21.csv,World_EEZ_v8_2014.shp,WPP_BFAR_merge.shp,KKP_IDN_merge_20161208.shp,VNF-VBD_npp_20120301-20151231_global_asia-enhanced_c201607211230.bitmask,NCEI_NGA.union.nga_lead2.add_2015ntl.mask,timezone.shp,VBD_platforms-recurring_2015_r20170330.shp,999999,VBD_bridges_c20160811.shp,2.701723;0.592520;-1.537733;-6.424739;-11.321091;-16.224911;-21.132078;-19.454973;-16.614069;-11.826628;-7.007390;-2.161976,98.595314;112.244095;125.823792;124.798187;123.864281;123.023224;122.264351;107.621338;93.259468;94.789581;96.172417;97.426979,npp_d20140716_t1803247_e1809051_b14079,151.74,56.1586,34.3682,-81.9371,33.6915,79.9483
1330,VBD_npp_d20140716_t1805153_x1151692E_y066119S_l1000_s2685_v23,2017-05-23 13:08:46,-6.611879,115.169228,92.68,2014-07-16 18:05:15,2014-07-17 01:05:15,1000,2685,0.40472,1,2529,1.25163,0.17694,0.928956,0.4,0.973165,0.75,0.0471031,0.0001,0.0411422,999999,6.683996e-02,3,Indonesian Exclusive Economic Zone,WPP712,,SVDNB_npp_d20140716_t1803247_e1809051_b14079_c20140717000905445784_noaa_ops.h5,GDNBO_npp_d20140716_t1803247_e1809051_b14079_c20140717000905445471_noaa_ops.h5,SVI04_npp_d20140716_t1803247_e1809051_b14079_c20140717000905432367_noaa_ops.dspace_rad,VNFF_npp_d20140716_t1803247_e1809051_b14079_v21.csv,World_EEZ_v8_2014.shp,WPP_BFAR_merge.shp,KKP_IDN_merge_20161208.shp,VNF-VBD_npp_20120301-20151231_global_asia-enhanced_c201607211230.bitmask,NCEI_NGA.union.nga_lead2.add_2015ntl.mask,timezone.shp,VBD_platforms-recurring_2015_r20170330.shp,999999,VBD_bridges_c20160811.shp,2.701723;0.592520;-1.537733;-6.424739;-11.321091;-16.224911;-21.132078;-19.454973;-16.614069;-11.826628;-7.007390;-2.161976,98.595314;112.244095;125.823792;124.798187;123.864281;123.023224;122.264351;107.621338;93.259468;94.789581;96.172417;97.426979,npp_d20140716_t1803247_e1809051_b14079,151.758,56.1963,34.3672,-81.5872,33.7003,79.9095
1331,VBD_npp_d20140716_t1805153_x1151779E_y065995S_l0998_s2686_v23,2017-05-23 13:08:46,-6.599466,115.177864,6.84176,2014-07-16 18:05:15,2014-07-17 01:05:15,998,2686,0.404057,7,2465,0.265699,0.198434,0.93395,0.4,0.694148,0.75,0.0471081,0.0001,0.0413882,999999,-1.032118e-01,3,,,,SVDNB_npp_d20140716_t1803247_e1809051_b14079_c20140717000905445784_noaa_ops.h5,GDNBO_npp_d20140716_t1803247_e1809051_b14079_c20140717000905445471_noaa_ops.h5,SVI04_npp_d20140716_t1803247_e1809051_b14079_c20140717000905432367_noaa_ops.dspace_rad,VNFF_npp_d20140716_t1803247_e1809051_b14079_v21.csv,World_EEZ_v8_2014.shp,WPP_BFAR_merge.shp,KKP_IDN_merge_20161208.shp,VNF-VBD_npp_20120301-20151231_global_asia-enhanced_c201607211230.bitmask,NCEI_NGA.union.nga_lead2.add_2015ntl.mask,timezone.shp,VBD_platforms-recurring_2015_r20170330.shp,999999,VBD_bridges_c20160811.shp,2.701723;0.592520;-1.537733;-6.424739;-11.321091;-16.224911;-21.132078;-19.454973;-16.614069;-11.826628;-7.007390;-2.161976,98.595314;112.244095;125.823792;124.798187;123.864281;123.023224;122.264351;107.621338;93.259468;94.789581;96.172417;97.426979,npp_d20140716_t1803247_e1809051_b14079,151.744,56.185,34.4099,-81.7628,33.6895,79.9249
1332,VBD_npp_d20140716_t1805153_x1151932E_y065880S_l0996_s2688_v23,2017-05-23 13:08:46,-6.588019,115.193161,30.2869,2014-07-16 18:05:15,2014-07-17 01:05:15,996,2688,0.403007,1,2529,0.815155,0.211686,0.92693,0.4,0.936131,0.75,0.0471175,0.0001,0.0416374,999999,-2.080463e-01,3,Indonesian Exclusive Economic Zone,WPP712,,SVDNB_npp_d20140716_t1803247_e1809051_b14079_c20140717000905445784_noaa_ops.h5,GDNBO_npp_d20140716_t1803247_e1809051_b14079_c20140717000905445471_noaa_ops.h5,SVI04_npp_d20140716_t1803247_e1809051_b14079_c20140717000905432367_noaa_ops.dspace_rad,VNFF_npp_d20140716_t1803247_e1809051_b14079_v21.csv,World_EEZ_v8_2014.shp,WPP_BFAR_merge.shp,KKP_IDN_merge_20161208.shp,VNF-VBD_npp_20120301-20151231_global_asia-enhanced_c201607211230.bitmask,NCEI_NGA.union.nga_lead2.add_2015ntl.mask,timezone.shp,VBD_platforms-recurring_2015_r20170330.shp,999999,VBD_bridges_c20160811.shp,2.701723;0.592520;-1.537733;-6.424739;-11.321091;-16.224911;-21.132078;-19.454973;-16.614069;-11.826628;-7.007390;-2.161976,98.595314;112.244095;125.823792;124.798187;123.864281;123.023224;122.264351;107.621338;93.259468;94.789581;96.172417;97.426979,npp_d20140716_t1803247_e1809051_b14079,151.725,56.1813,34.4953,-81.9385,33.6723,79.9363
1333,VBD_npp_d20140716_t1805153_x1152552E_y065834S_l0994_s2697_v23,2017-05-23 13:08:46,-6.583379,115.255249,17.3758,2014-07-16 18:05:15,2014-07-17 01:05:15,994,2697,0.401184,8,18913,0.630884,0.193035,0.845466,0.4,0.898295,0.75,0.0471578,0.0001,0.0419026,999999,-6.049466e-02,3,Indonesian Exclusive Economic Zone,WPP712,,SVDNB_npp_d20140716_t1803247_e1809051_b14079_c20140717000905445784_noaa_ops.h5,GDNBO_npp_d20140716_t1803247_e1809051_b14079_c20140717000905445471_noaa_ops.h5,SVI04_npp_d20140716_t1803247_e1809051_b14079_c20140717000905432367_noaa_ops.dspace_rad,VNFF_npp_d20140716_t1803247_e1809051_b14079_v21.csv,World_EEZ_v8_2014.shp,WPP_BFAR_merge.shp,KKP_IDN_merge_20161208.shp,VNF-VBD_npp_20120301-20151231_global_asia-enhanced_c201607211230.bitmask,NCEI_NGA.union.nga_lead2.add_2015ntl.mask,timezone.shp,VBD_platforms-recurring_2015_r20170330.shp,0.739023,VBD_bridges_c20160811.shp,2.701723;0.592520;-1.537733;-6.424739;-11.321091;-16.224911;-21.132078;-19.454973;-16.614069;-11.826628;-7.007390;-2.161976,98.595314;112.244095;125.823792;124.798187;123.864281;123.023224;122.264351;107.621338;93.259468;94.789581;96.172417;97.426979,npp_d20140716_t1803247_e1809051_b14079,151.671,56.2307,34.8779,-82.1152,33.6098,79.9197
1334,VBD_npp_d20140716_t1804522_x1155751E_y052441S_l0788_s2701_v23,2017-05-23 13:08:46,-5.244072,115.575081,52.8464,2014-07-16 18:04:52,2014-07-17 01:04:52,788,2701,0.404278,1,2529,1.07093,0.187656,0.914229,0.4,0.966231,0.75,0.0475201,0.0001,0.0439681,999999,-1.794474e-02,3,Indonesian Exclusive Economic Zone,WPP712,,SVDNB_npp_d20140716_t1803247_e1809051_b14079_c20140717000905445784_noaa_ops.h5,GDNBO_npp_d20140716_t1803247_e1809051_b14079_c20140717000905445471_noaa_ops.h5,SVI04_npp_d20140716_t1803247_e1809051_b14079_c20140717000905432367_noaa_ops.dspace_rad,VNFF_npp_d20140716_t1803247_e1809051_b14079_v21.csv,World_EEZ_v8_2014.shp,WPP_BFAR_merge.shp,KKP_IDN_merge_20161208.shp,VNF-VBD_npp_20120301-20151231_global_asia-enhanced_c201607211230.bitmask,NCEI_NGA.union.nga_lead2.add_2015ntl.mask,timezone.shp,VBD_platforms-recurring_2015_r20170330.shp,999999,VBD_bridges_c20160811.shp,2.701723;0.592520;-1.537733;-6.424739;-11.321091;-16.224911;-21.132078;-19.454973;-16.614069;-11.826628;-7.007390;-2.161976,98.595314;112.244095;125.823792;124.798187;123.864281;123.023224;122.264351;107.621338;93.259468;94.789581;96.172417;97.426979,npp_d20140716_t1803247_e1809051_b14079,150.727,54.434,35.0457,-81.86,33.1686,81.892
1335,VBD_npp_d20140716_t1804522_x1155881E_y052943S_l0795_s2704_v23,2017-05-23 13:08:46,-5.294308,115.588081,94.7508,2014-07-16 18:04:52,2014-07-17 01:04:52,795,2704,0.399913,1,2529,1.29255,0.221923,0.926978,0.4,0.978896,0.75,0.0475221,0.0001,0.0431716,999999,-2.890348e-01,3,Indonesian Exclusive Economic Zone,WPP712,,SVDNB_npp_d20140716_t1803247_e1809051_b14079_c20140717000905445784_noaa_ops.h5,GDNBO_npp_d20140716_t1803247_e1809051_b14079_c20140717000905445471_noaa_ops.h5,SVI04_npp_d20140716_t1803247_e1809051_b14079_c20140717000905432367_noaa_ops.dspace_rad,VNFF_npp_d20140716_t1803247_e1809051_b14079_v21.csv,World_EEZ_v8_2014.shp,WPP_BFAR_merge.shp,KKP_IDN_merge_20161208.shp,VNF-VBD_npp_20120301-20151231_global_asia-enhanced_c201607211230.bitmask,NCEI_NGA.union.nga_lead2.add_2015ntl.mask,timezone.shp,VBD_platforms-recurring_2015_r20170330.shp,999999,VBD_bridges_c20160811.shp,2.701723;0.592520;-1.537733;-6.424739;-11.321091;-16.224911;-21.132078;-19.454973;-16.614069;-11.826628;-7.007390;-2.161976,98.595314;112.244095;125.823792;124.798187;123.864281;123.023224;122.264351;107.621338;93.259468;94.789581;96.172417;97.426979,npp_d20140716_t1803247_e1809051_b14079,150.745,54.5191,35.1722,-81.261,33.1628,81.8102
1336,VBD_npp_d20140716_t1805153_x1152922E_y066578S_l1004_s2704_v23,2017-05-23 13:08:46,-6.657766,115.292198,35.5757,2014-07-16 18:05:15,2014-07-17 01:05:15,1004,2704,0.399251,1,2529,0.902952,0.19804,0.89375,0.4,0.944812,0.75,0.0471854,0.0001,0.0406866,999999,-1.000890e-01,3,Indonesian Exclusive Economic Zone,WPP712,,SVDNB_npp_d20140716_t1803247_e1809051_b14079_c20140717000905445784_noaa_ops.h5,GDNBO_npp_d20140716_t1803247_e1809051_b14079_c20140717000905445471_noaa_ops.h5,SVI04_npp_d20140716_t1803247_e1809051_b14079_c20140717000905432367_noaa_ops.dspace_rad,VNFF_npp_d20140716_t1803247_e1809051_b14079_v21.csv,World_EEZ_v8_2014.shp,WPP_BFAR_merge.shp,KKP_IDN_merge_20161208.shp,VNF-VBD_npp_20120301-20151231_global_asia-enhanced_c201607211230.bitmask,NCEI_NGA.union.nga_lead2.add_2015ntl.mask,timezone.shp,VBD_platforms-recurring_2015_r20170330.shp,999999,VBD_bridges_c20160811.shp,2.701723;0.592520;-1.537733;-6.424739;-11.321091;-16.224911;-21.132078;-19.454973;-16.614069;-11.826628;-7.007390;-2.161976,98.595314;112.244095;125.823792;124.798187;123.864281;123.023224;122.264351;107.621338;93.259468;94.789581;96.172417;97.426979,npp_d20140716_t1803247_e1809051_b14079,151.682,56.3791,35.1735,-81.2599,33.5864,79.7929
1337,VBD_npp_d20140716_t1805153_x1153087E_y066395S_l1001_s2706_v23,2017-05-23 13:08:46,-6.639519,115.308746,17.671,2014-07-16 18:05:15,2014-07-17 01:05:15,1001,2706,0.401295,1,2529,0.618646,0.186812,0.897876,0.4,0.892354,0.75,0.0471951,0.0001,0.0410513,999999,-1.126449e-02,3,Indonesian Exclusive Economic Zone,WPP712,,SVDNB_npp_d20140716_t1803247_e1809051_b14079_c20140717000905445784_noaa_ops.h5,GDNBO_npp_d20140716_t1803247_e1809051_b14079_c20140717000905445471_noaa_ops.h5,SVI04_npp_d20140716_t1803247_e1809051_b14079_c20140717000905432367_noaa_ops.dspace_rad,VNFF_npp_d20140716_t1803247_e1809051_b14079_v21.csv,World_EEZ_v8_2014.shp,WPP_BFAR_merge.shp,KKP_IDN_merge_20161208.shp,VNF-VBD_npp_20120301-20151231_global_asia-enhanced_c201607211230.bitmask,NCEI_NGA.union.nga_lead2.add_2015ntl.mask,timezone.shp,VBD_platforms-recurring_2015_r20170330.shp,999999,VBD_bridges_c20160811.shp,2.701723;0.592520;-1.537733;-6.424739;-11.321091;-16.224911;-21.132078;-19.454973;-16.614069;-11.826628;-7.007390;-2.161976,98.595314;112.244095;125.823792;124.798187;123.864281;123.023224;122.264351;107.621338;93.259468;94.789581;96.172417;97.426979,npp_d20140716_t1803247_e1809051_b14079,151.658,56.3658,35.2583,-81.5189,33.5668,79.8142
1338,VBD_npp_d20140716_t1805153_x1153145E_y066473S_l1002_s2707_v23,2017-05-23 13:08:46,-6.647287,115.314491,4.72557,2014-07-16 18:05:15,2014-07-17 01:05:15,1002,2707,0.396488,7,2209,0.209524,0.182188,0.896906,0.4,0.648468,0.75,0.0471992,0.0001,0.0409265,999999,2.531518e-02,3,,,,SVDNB_npp_d20140716_t1803247_e1809051_b14079_c20140717000905445784_noaa_ops.h5,GDNBO_npp_d20140716_t1803247_e1809051_b14079_c20140717000905445471_noaa_ops.h5,SVI04_npp_d20140716_t1803247_e1809051_b14079_c20140717000905432367_noaa_ops.dspace_rad,VNFF_npp_d20140716_t1803247_e1809051_b14079_v21.csv,World_EEZ_v8_2014.shp,WPP_BFAR_merge.shp,KKP_IDN_merge_20161208.shp,VNF-VBD_npp_20120301-20151231_global_asia-enhanced_c201607211230.bitmask,NCEI_NGA.union.nga_lead2.add_2015ntl.mask,timezone.shp,VBD_platforms-recurring_2015_r20170330.shp,999999,VBD_bridges_c20160811.shp,2.701723;0.592520;-1.537733;-6.424739;-11.321091;-16.224911;-21.132078;-19.454973;-16.614069;-11.826628;-7.007390;-2.161976,98.595314;112.244095;125.823792;124.798187;123.864281;123.023224;122.264351;107.621338;93.259468;94.789581;96.172417;97.426979,npp_d20140716_t1803247_e1809051_b14079,151.658,56.383,35.3008,-81.4344,33.5624,79.8002
1339,VBD_npp_d20140716_t1804522_x1156228E_y052927S_l0794_s2709_v23,2017-05-23 13:08:46,-5.292656,115.622810,43.7538,2014-07-16 18:04:52,2014-07-17 01:04:52,794,2709,0.402565,1,2529,0.991817,0.18936,0.923889,0.4,0.960471,0.75,0.0475458,0.0001,0.0432801,999999,-3.142495e-02,3,Indonesian Exclusive Economic Zone,WPP712,,SVDNB_npp_d20140716_t1803247_e1809051_b14079_c20140717000905445784_noaa_ops.h5,GDNBO_npp_d20140716_t1803247_e1809051_b14079_c20140717000905445471_noaa_ops.h5,SVI04_npp_d20140716_t1803247_e1809051_b14079_c20140717000905432367_noaa_ops.dspace_rad,VNFF_npp_d20140716_t1803247_e1809051_b14079_v21.csv,World_EEZ_v8_2014.shp,WPP_BFAR_merge.shp,KKP_IDN_merge_20161208.shp,VNF-VBD_npp_20120301-20151231_global_asia-enhanced_c201607211230.bitmask,NCEI_NGA.union.nga_lead2.add_2015ntl.mask,timezone.shp,VBD_platforms-recurring_2015_r20170330.shp,999999,VBD_bridges_c20160811.shp,2.701723;0.592520;-1.537733;-6.424739;-11.321091;-16.224911;-21.132078;-19.454973;-16.614069;-11.826628;-7.007390;-2.161976,98.595314;112.244095;125.823792;124.798187;123.864281;123.023224;122.264351;107.621338;93.259468;94.789581;96.172417;97.426979,npp_d20140716_t1803247_e1809051_b14079,150.716,54.5493,35.3846,-81.3509,33.1279,81.8019
1340,VBD_npp_d20140716_t1805153_x1153301E_y066358S_l1000_s2709_v23,2017-05-23 13:08:46,-6.635776,115.330063,30.7571,2014-07-16 18:05:15,2014-07-17 01:05:15,1000,2709,0.398477,1,2529,0.846494,0.177832,0.896906,0.4,0.941059,0.75,0.0472086,0.0001,0.0411663,999999,5.978214e-02,3,Indonesian Exclusive Economic Zone,WPP712,,SVDNB_npp_d20140716_t1803247_e1809051_b14079_c20140717000905445784_noaa_ops.h5,GDNBO_npp_d20140716_t1803247_e1809051_b14079_c20140717000905445471_noaa_ops.h5,SVI04_npp_d20140716_t1803247_e1809051_b14079_c20140717000905432367_noaa_ops.dspace_rad,VNFF_npp_d20140716_t1803247_e1809051_b14079_v21.csv,World_EEZ_v8_2014.shp,WPP_BFAR_merge.shp,KKP_IDN_merge_20161208.shp,VNF-VBD_npp_20120301-20151231_global_asia-enhanced_c201607211230.bitmask,NCEI_NGA.union.nga_lead2.add_2015ntl.mask,timezone.shp,VBD_platforms-recurring_2015_r20170330.shp,999999,VBD_bridges_c20160811.shp,2.701723;0.592520;-1.537733;-6.424739;-11.321091;-16.224911;-21.132078;-19.454973;-16.614069;-11.826628;-7.007390;-2.161976,98.595314;112.244095;125.823792;124.798187;123.864281;123.023224;122.264351;107.621338;93.259468;94.789581;96.172417;97.426979,npp_d20140716_t1803247_e1809051_b14079,151.639,56.3793,35.386,-81.607,33.5449,79.8116
1341,VBD_npp_d20140716_t1804309_x1159804E_y040327S_l0599_s2721_v23,2017-05-23 13:08:46,-4.032718,115.980370,9.7235,2014-07-16 18:04:30,2014-07-17 02:04:30,599,2721,0.405327,1,2529,0.420426,0.186583,0.768656,0.4,0.816814,0.75,0.0478975,0.0001,0.0455808,999999,-9.453655e-03,3,Indonesian Exclusive Economic Zone,WPP713,,SVDNB_npp_d20140716_t1803247_e1809051_b14079_c20140717000905445784_noaa_ops.h5,GDNBO_npp_d20140716_t1803247_e1809051_b14079_c20140717000905445471_noaa_ops.h5,SVI04_npp_d20140716_t1803247_e1809051_b14079_c20140717000905432367_noaa_ops.dspace_rad,VNFF_npp_d20140716_t1803247_e1809051_b14079_v21.csv,World_EEZ_v8_2014.shp,WPP_BFAR_merge.shp,KKP_IDN_merge_20161208.shp,VNF-VBD_npp_20120301-20151231_global_asia-enhanced_c201607211230.bitmask,NCEI_NGA.union.nga_lead2.add_2015ntl.mask,timezone.shp,VBD_platforms-recurring_2015_r20170330.shp,999999,VBD_bridges_c20160811.shp,2.701723;0.592520;-1.537733;-6.424739;-11.321091;-16.224911;-21.132078;-19.454973;-16.614069;-11.826628;-7.007390;-2.161976,98.595314;112.244095;125.823792;124.798187;123.864281;123.023224;122.264351;107.621338;93.259468;94.789581;96.172417;97.426979,npp_d20140716_t1803247_e1809051_b14079,149.756,53.0264,35.8907,-81.5261,32.6936,83.6996
1342,VBD_npp_d20140716_t1805153_x1154345E_y066373S_l0998_s2724_v23,2017-05-23 13:08:46,-6.637338,115.434540,66.6228,2014-07-16 18:05:15,2014-07-17 01:05:15,998,2724,0.401405,1,2529,1.16923,0.176809,0.906006,0.4,0.969908,0.75,0.0472753,0.0001,0.0413306,999999,6.787202e-02,3,Indonesian Exclusive Economic Zone,WPP712,,SVDNB_npp_d20140716_t1803247_e1809051_b14079_c20140717000905445784_noaa_ops.h5,GDNBO_npp_d20140716_t1803247_e1809051_b14079_c20140717000905445471_noaa_ops.h5,SVI04_npp_d20140716_t1803247_e1809051_b14079_c20140717000905432367_noaa_ops.dspace_rad,VNFF_npp_d20140716_t1803247_e1809051_b14079_v21.csv,World_EEZ_v8_2014.shp,WPP_BFAR_merge.shp,KKP_IDN_merge_20161208.shp,VNF-VBD_npp_20120301-20151231_global_asia-enhanced_c201607211230.bitmask,NCEI_NGA.union.nga_lead2.add_2015ntl.mask,timezone.shp,VBD_platforms-recurring_2015_r20170330.shp,999999,VBD_bridges_c20160811.shp,2.701723;0.592520;-1.537733;-6.424739;-11.321091;-16.224911;-21.132078;-19.454973;-16.614069;-11.826628;-7.007390;-2.161976,98.595314;112.244095;125.823792;124.798187;123.864281;123.023224;122.264351;107.621338;93.259468;94.789581;96.172417;97.426979,npp_d20140716_t1803247_e1809051_b14079,151.553,56.4758,36.0249,-81.7875,33.4415,79.7688
1343,VBD_npp_d20140716_t1805118_x1156297E_y064581S_l0967_s2747_v23,2017-05-23 13:08:46,-6.458106,115.629745,70.853,2014-07-16 18:05:11,2014-07-17 01:05:11,967,2747,0.395052,1,2529,1.17948,0.190909,0.900517,0.4,0.973504,0.75,0.0474215,0.0001,0.0413249,999999,-4.367382e-02,3,Indonesian Exclusive Economic Zone,WPP712,,SVDNB_npp_d20140716_t1803247_e1809051_b14079_c20140717000905445784_noaa_ops.h5,GDNBO_npp_d20140716_t1803247_e1809051_b14079_c20140717000905445471_noaa_ops.h5,SVI04_npp_d20140716_t1803247_e1809051_b14079_c20140717000905432367_noaa_ops.dspace_rad,VNFF_npp_d20140716_t1803247_e1809051_b14079_v21.csv,World_EEZ_v8_2014.shp,WPP_BFAR_merge.shp,KKP_IDN_merge_20161208.shp,VNF-VBD_npp_20120301-20151231_global_asia-enhanced_c201607211230.bitmask,NCEI_NGA.union.nga_lead2.add_2015ntl.mask,timezone.shp,VBD_platforms-recurring_2015_r20170330.shp,999999,VBD_bridges_c20160811.shp,2.701723;0.592520;-1.537733;-6.424739;-11.321091;-16.224911;-21.132078;-19.454973;-16.614069;-11.826628;-7.007390;-2.161976,98.595314;112.244095;125.823792;124.798187;123.864281;123.023224;122.264351;107.621338;93.259468;94.789581;96.172417;97.426979,npp_d20140716_t1803247_e1809051_b14079,151.305,56.3631,36.9523,-81.7026,33.23,79.9733
1344,VBD_npp_d20140716_t1804148_x1163766E_y031717S_l0462_s2751_v23,2017-05-23 13:08:46,-3.171718,116.376617,4.55929,2014-07-16 18:04:14,2014-07-17 02:04:14,462,2751,0.404333,2,2209,0.204599,0.170428,0.603587,0.4,0.65399,0.75,0.0480743,0.0001,0.0459801,999999,1.183582e-01,3,Indonesian Exclusive Economic Zone,WPP713,,SVDNB_npp_d20140716_t1803247_e1809051_b14079_c20140717000905445784_noaa_ops.h5,GDNBO_npp_d20140716_t1803247_e1809051_b14079_c20140717000905445471_noaa_ops.h5,SVI04_npp_d20140716_t1803247_e1809051_b14079_c20140717000905432367_noaa_ops.dspace_rad,VNFF_npp_d20140716_t1803247_e1809051_b14079_v21.csv,World_EEZ_v8_2014.shp,WPP_BFAR_merge.shp,KKP_IDN_merge_20161208.shp,VNF-VBD_npp_20120301-20151231_global_asia-enhanced_c201607211230.bitmask,NCEI_NGA.union.nga_lead2.add_2015ntl.mask,timezone.shp,VBD_platforms-recurring_2015_r20170330.shp,999999,VBD_bridges_c20160811.shp,2.701723;0.592520;-1.537733;-6.424739;-11.321091;-16.224911;-21.132078;-19.454973;-16.614069;-11.826628;-7.007390;-2.161976,98.595314;112.244095;125.823792;124.798187;123.864281;123.023224;122.264351;107.621338;93.259468;94.789581;96.172417;97.426979,npp_d20140716_t1803247_e1809051_b14079,148.971,52.188,37.1085,-80.9025,32.273,85.0018
1345,VBD_npp_d20140716_t1803464_x1167595E_y014578S_l0199_s2752_v23,2017-05-23 13:08:46,-1.457824,116.759514,9.3207,2014-07-16 18:03:46,2014-07-17 02:03:46,199,2752,0.313456,8,18913,0.445885,0.236528,0.654814,0.4,0.855752,0.75,0.0484081,0.0001,0.0488533,999999,-4.045846e-01,3,Indonesian Exclusive Economic Zone,WPP713,,SVDNB_npp_d20140716_t1803247_e1809051_b14079_c20140717000905445784_noaa_ops.h5,GDNBO_npp_d20140716_t1803247_e1809051_b14079_c20140717000905445471_noaa_ops.h5,SVI04_npp_d20140716_t1803247_e1809051_b14079_c20140717000905432367_noaa_ops.dspace_rad,VNFF_npp_d20140716_t1803247_e1809051_b14079_v21.csv,World_EEZ_v8_2014.shp,WPP_BFAR_merge.shp,KKP_IDN_merge_20161208.shp,VNF-VBD_npp_20120301-20151231_global_asia-enhanced_c201607211230.bitmask,NCEI_NGA.union.nga_lead2.add_2015ntl.mask,timezone.shp,VBD_platforms-recurring_2015_r20170330.shp,0.142911,VBD_bridges_c20160811.shp,2.701723;0.592520;-1.537733;-6.424739;-11.321091;-16.224911;-21.132078;-19.454973;-16.614069;-11.826628;-7.007390;-2.161976,98.595314;112.244095;125.823792;124.798187;123.864281;123.023224;122.264351;107.621338;93.259468;94.789581;96.172417;97.426979,npp_d20140716_t1803247_e1809051_b14079,147.692,50.2788,37.1471,-81.3267,31.8911,87.7517
1346,VBD_npp_d20140716_t1804166_x1163774E_y032108S_l0468_s2753_v23,2017-05-23 13:08:46,-3.210768,116.377365,6.22532,2014-07-16 18:04:16,2014-07-17 02:04:16,468,2753,0.4082,8,18849,0.26898,0.193738,0.64531,0.4,0.715944,0.75,0.048075,0.0001,0.0467756,999999,-6.605950e-02,3,Indonesian Exclusive Economic Zone,WPP713,,SVDNB_npp_d20140716_t1803247_e1809051_b14079_c20140717000905445784_noaa_ops.h5,GDNBO_npp_d20140716_t1803247_e1809051_b14079_c20140717000905445471_noaa_ops.h5,SVI04_npp_d20140716_t1803247_e1809051_b14079_c20140717000905432367_noaa_ops.dspace_rad,VNFF_npp_d20140716_t1803247_e1809051_b14079_v21.csv,World_EEZ_v8_2014.shp,WPP_BFAR_merge.shp,KKP_IDN_merge_20161208.shp,VNF-VBD_npp_20120301-20151231_global_asia-enhanced_c201607211230.bitmask,NCEI_NGA.union.nga_lead2.add_2015ntl.mask,timezone.shp,VBD_platforms-recurring_2015_r20170330.shp,0.377053,VBD_bridges_c20160811.shp,2.701723;0.592520;-1.537733;-6.424739;-11.321091;-16.224911;-21.132078;-19.454973;-16.614069;-11.826628;-7.007390;-2.161976,98.595314;112.244095;125.823792;124.798187;123.864281;123.023224;122.264351;107.621338;93.259468;94.789581;96.172417;97.426979,npp_d20140716_t1803247_e1809051_b14079,148.989,52.2471,37.1905,-81.7094,32.2685,84.9372
1347,VBD_npp_d20140716_t1804487_x1159712E_y051021S_l0758_s2754_v23,2017-05-23 13:08:46,-5.102138,115.971230,68.3108,2014-07-16 18:04:48,2014-07-17 02:04:48,758,2754,0.403891,1,2529,1.15788,0.167667,0.899438,0.4,0.965651,0.75,0.0478001,0.0001,0.0436629,999999,1.401997e-01,3,Indonesian Exclusive Economic Zone,WPP713,,SVDNB_npp_d20140716_t1803247_e1809051_b14079_c20140717000905445784_noaa_ops.h5,GDNBO_npp_d20140716_t1803247_e1809051_b14079_c20140717000905445471_noaa_ops.h5,SVI04_npp_d20140716_t1803247_e1809051_b14079_c20140717000905432367_noaa_ops.dspace_rad,VNFF_npp_d20140716_t1803247_e1809051_b14079_v21.csv,World_EEZ_v8_2014.shp,WPP_BFAR_merge.shp,KKP_IDN_merge_20161208.shp,VNF-VBD_npp_20120301-20151231_global_asia-enhanced_c201607211230.bitmask,NCEI_NGA.union.nga_lead2.add_2015ntl.mask,timezone.shp,VBD_platforms-recurring_2015_r20170330.shp,999999,VBD_bridges_c20160811.shp,2.701723;0.592520;-1.537733;-6.424739;-11.321091;-16.224911;-21.132078;-19.454973;-16.614069;-11.826628;-7.007390;-2.161976,98.595314;112.244095;125.823792;124.798187;123.864281;123.023224;122.264351;107.621338;93.259468;94.789581;96.172417;97.426979,npp_d20140716_t1803247_e1809051_b14079,150.335,54.5853,37.2321,-81.6928,32.7663,81.9952
1348,VBD_npp_d20140716_t1804166_x1163848E_y032943S_l0480_s2756_v23,2017-05-23 13:08:46,-3.294269,116.384781,4.95061,2014-07-16 18:04:16,2014-07-17 02:04:16,480,2756,0.38439,2,2209,0.196116,0.186422,0.570561,0.4,0.652664,0.75,0.0480722,0.0001,0.0455485,999999,-8.174437e-03,3,Indonesian Exclusive Economic Zone,WPP713,,SVDNB_npp_d20140716_t1803247_e1809051_b14079_c20140717000905445784_noaa_ops.h5,GDNBO_npp_d20140716_t1803247_e1809051_b14079_c20140717000905445471_noaa_ops.h5,SVI04_npp_d20140716_t1803247_e1809051_b14079_c20140717000905432367_noaa_ops.dspace_rad,VNFF_npp_d20140716_t1803247_e1809051_b14079_v21.csv,World_EEZ_v8_2014.shp,WPP_BFAR_merge.shp,KKP_IDN_merge_20161208.shp,VNF-VBD_npp_20120301-20151231_global_asia-enhanced_c201607211230.bitmask,NCEI_NGA.union.nga_lead2.add_2015ntl.mask,timezone.shp,VBD_platforms-recurring_2015_r20170330.shp,999999,VBD_bridges_c20160811.shp,2.701723;0.592520;-1.537733;-6.424739;-11.321091;-16.224911;-21.132078;-19.454973;-16.614069;-11.826628;-7.007390;-2.161976,98.595314;112.244095;125.823792;124.798187;123.864281;123.023224;122.264351;107.621338;93.259468;94.789581;96.172417;97.426979,npp_d20140716_t1803247_e1809051_b14079,149.034,52.3643,37.3109,-80.7601,32.2686,84.8013
1349,VBD_npp_d20140716_t1804166_x1164285E_y032736S_l0476_s2762_v23,2017-05-23 13:08:46,-3.273563,116.428497,4.8068,2014-07-16 18:04:16,2014-07-17 02:04:16,476,2762,0.409029,2,2209,0.186518,0.16968,0.610095,0.4,0.589254,0.75,0.048104,0.0001,0.0458445,999999,1.242703e-01,3,Indonesian Exclusive Economic Zone,WPP713,,SVDNB_npp_d20140716_t1803247_e1809051_b14079_c20140717000905445784_noaa_ops.h5,GDNBO_npp_d20140716_t1803247_e1809051_b14079_c20140717000905445471_noaa_ops.h5,SVI04_npp_d20140716_t1803247_e1809051_b14079_c20140717000905432367_noaa_ops.dspace_rad,VNFF_npp_d20140716_t1803247_e1809051_b14079_v21.csv,World_EEZ_v8_2014.shp,WPP_BFAR_merge.shp,KKP_IDN_merge_20161208.shp,VNF-VBD_npp_20120301-20151231_global_asia-enhanced_c201607211230.bitmask,NCEI_NGA.union.nga_lead2.add_2015ntl.mask,timezone.shp,VBD_platforms-recurring_2015_r20170330.shp,999999,VBD_bridges_c20160811.shp,2.701723;0.592520;-1.537733;-6.424739;-11.321091;-16.224911;-21.132078;-19.454973;-16.614069;-11.826628;-7.007390;-2.161976,98.595314;112.244095;125.823792;124.798187;123.864281;123.023224;122.264351;107.621338;93.259468;94.789581;96.172417;97.426979,npp_d20140716_t1803247_e1809051_b14079,148.987,52.3789,37.5501,-81.0809,32.2225,84.8257
1350,VBD_npp_d20140716_t1803517_x1169715E_y018075S_l0246_s2794_v23,2017-05-23 13:08:46,-1.807474,116.971512,11.0501,2014-07-16 18:03:51,2014-07-17 02:03:51,246,2794,0.408918,1,2529,0.470155,0.180996,0.858295,0.4,0.853183,0.75,0.0485356,0.0001,0.047633,999999,3.474928e-02,3,Indonesian Exclusive Economic Zone,WPP713,,SVDNB_npp_d20140716_t1803247_e1809051_b14079_c20140717000905445784_noaa_ops.h5,GDNBO_npp_d20140716_t1803247_e1809051_b14079_c20140717000905445471_noaa_ops.h5,SVI04_npp_d20140716_t1803247_e1809051_b14079_c20140717000905432367_noaa_ops.dspace_rad,VNFF_npp_d20140716_t1803247_e1809051_b14079_v21.csv,World_EEZ_v8_2014.shp,WPP_BFAR_merge.shp,KKP_IDN_merge_20161208.shp,VNF-VBD_npp_20120301-20151231_global_asia-enhanced_c201607211230.bitmask,NCEI_NGA.union.nga_lead2.add_2015ntl.mask,timezone.shp,VBD_platforms-recurring_2015_r20170330.shp,999999,VBD_bridges_c20160811.shp,2.701723;0.592520;-1.537733;-6.424739;-11.321091;-16.224911;-21.132078;-19.454973;-16.614069;-11.826628;-7.007390;-2.161976,98.595314;112.244095;125.823792;124.798187;123.864281;123.023224;122.264351;107.621338;93.259468;94.789581;96.172417;97.426979,npp_d20140716_t1803247_e1809051_b14079,147.733,50.9349,38.8308,-81.4323,31.6702,87.152
1351,VBD_npp_d20140716_t1803517_x1169822E_y018227S_l0248_s2796_v23,2017-05-23 13:08:46,-1.822704,116.982162,23.1201,2014-07-16 18:03:51,2014-07-17 02:03:51,248,2796,0.408918,1,2529,0.709949,0.184583,0.904932,0.4,0.916758,0.75,0.0485418,0.0001,0.0474155,999999,6.373494e-03,3,Indonesian Exclusive Economic Zone,WPP713,,SVDNB_npp_d20140716_t1803247_e1809051_b14079_c20140717000905445784_noaa_ops.h5,GDNBO_npp_d20140716_t1803247_e1809051_b14079_c20140717000905445471_noaa_ops.h5,SVI04_npp_d20140716_t1803247_e1809051_b14079_c20140717000905432367_noaa_ops.dspace_rad,VNFF_npp_d20140716_t1803247_e1809051_b14079_v21.csv,World_EEZ_v8_2014.shp,WPP_BFAR_merge.shp,KKP_IDN_merge_20161208.shp,VNF-VBD_npp_20120301-20151231_global_asia-enhanced_c201607211230.bitmask,NCEI_NGA.union.nga_lead2.add_2015ntl.mask,timezone.shp,VBD_platforms-recurring_2015_r20170330.shp,999999,VBD_bridges_c20160811.shp,2.701723;0.592520;-1.537733;-6.424739;-11.321091;-16.224911;-21.132078;-19.454973;-16.614069;-11.826628;-7.007390;-2.161976,98.595314;112.244095;125.823792;124.798187;123.864281;123.023224;122.264351;107.621338;93.259468;94.789581;96.172417;97.426979,npp_d20140716_t1803247_e1809051_b14079,147.734,50.964,38.9055,-81.2842,31.6602,87.1256
1352,VBD_npp_d20140716_t1804362_x1164167E_y044225S_l0647_s2797_v23,2017-05-23 13:08:46,-4.422548,116.416733,69.3654,2014-07-16 18:04:36,2014-07-17 02:04:36,647,2797,0.397593,1,2529,1.11836,0.183183,0.895241,0.4,0.966494,0.75,0.0481573,0.0001,0.0437618,999999,1.744766e-02,3,Indonesian Exclusive Economic Zone,WPP713,,SVDNB_npp_d20140716_t1803247_e1809051_b14079_c20140717000905445784_noaa_ops.h5,GDNBO_npp_d20140716_t1803247_e1809051_b14079_c20140717000905445471_noaa_ops.h5,SVI04_npp_d20140716_t1803247_e1809051_b14079_c20140717000905432367_noaa_ops.dspace_rad,VNFF_npp_d20140716_t1803247_e1809051_b14079_v21.csv,World_EEZ_v8_2014.shp,WPP_BFAR_merge.shp,KKP_IDN_merge_20161208.shp,VNF-VBD_npp_20120301-20151231_global_asia-enhanced_c201607211230.bitmask,NCEI_NGA.union.nga_lead2.add_2015ntl.mask,timezone.shp,VBD_platforms-recurring_2015_r20170330.shp,999999,VBD_bridges_c20160811.shp,2.701723;0.592520;-1.537733;-6.424739;-11.321091;-16.224911;-21.132078;-19.454973;-16.614069;-11.826628;-7.007390;-2.161976,98.595314;112.244095;125.823792;124.798187;123.864281;123.023224;122.264351;107.621338;93.259468;94.789581;96.172417;97.426979,npp_d20140716_t1803247_e1809051_b14079,149.62,53.994,38.9463,-81.5754,32.2793,82.9595
1353,VBD_npp_d20140716_t1803517_x1169898E_y018579S_l0253_s2798_v23,2017-05-23 13:08:46,-1.857888,116.989777,106.923,2014-07-16 18:03:51,2014-07-17 02:03:51,253,2798,0.409913,1,2529,1.2404,0.178511,0.900675,0.4,0.961241,0.75,0.0485445,0.0001,0.0469437,999999,5.440531e-02,3,Indonesian Exclusive Economic Zone,WPP713,,SVDNB_npp_d20140716_t1803247_e1809051_b14079_c20140717000905445784_noaa_ops.h5,GDNBO_npp_d20140716_t1803247_e1809051_b14079_c20140717000905445471_noaa_ops.h5,SVI04_npp_d20140716_t1803247_e1809051_b14079_c20140717000905432367_noaa_ops.dspace_rad,VNFF_npp_d20140716_t1803247_e1809051_b14079_v21.csv,World_EEZ_v8_2014.shp,WPP_BFAR_merge.shp,KKP_IDN_merge_20161208.shp,VNF-VBD_npp_20120301-20151231_global_asia-enhanced_c201607211230.bitmask,NCEI_NGA.union.nga_lead2.add_2015ntl.mask,timezone.shp,VBD_platforms-recurring_2015_r20170330.shp,999999,VBD_bridges_c20160811.shp,2.701723;0.592520;-1.537733;-6.424739;-11.321091;-16.224911;-21.132078;-19.454973;-16.614069;-11.826628;-7.007390;-2.161976,98.595314;112.244095;125.823792;124.798187;123.864281;123.023224;122.264351;107.621338;93.259468;94.789581;96.172417;97.426979,npp_d20140716_t1803247_e1809051_b14079,147.751,51.0146,38.9807,-80.9145,31.6543,87.0666
1354,VBD_npp_d20140716_t1803517_x1170077E_y018267S_l0248_s2800_v23,2017-05-23 13:08:46,-1.826661,117.007698,62.3275,2014-07-16 18:03:51,2014-07-17 02:03:51,248,2800,0.38334,1,2529,1.08092,0.194489,0.902035,0.4,0.959126,0.75,0.048559,0.0001,0.0473035,999999,-7.199688e-02,3,Indonesian Exclusive Economic Zone,WPP713,,SVDNB_npp_d20140716_t1803247_e1809051_b14079_c20140717000905445784_noaa_ops.h5,GDNBO_npp_d20140716_t1803247_e1809051_b14079_c20140717000905445471_noaa_ops.h5,SVI04_npp_d20140716_t1803247_e1809051_b14079_c20140717000905432367_noaa_ops.dspace_rad,VNFF_npp_d20140716_t1803247_e1809051_b14079_v21.csv,World_EEZ_v8_2014.shp,WPP_BFAR_merge.shp,KKP_IDN_merge_20161208.shp,VNF-VBD_npp_20120301-20151231_global_asia-enhanced_c201607211230.bitmask,NCEI_NGA.union.nga_lead2.add_2015ntl.mask,timezone.shp,VBD_platforms-recurring_2015_r20170330.shp,999999,VBD_bridges_c20160811.shp,2.701723;0.592520;-1.537733;-6.424739;-11.321091;-16.224911;-21.132078;-19.454973;-16.614069;-11.826628;-7.007390;-2.161976,98.595314;112.244095;125.823792;124.798187;123.864281;123.023224;122.264351;107.621338;93.259468;94.789581;96.172417;97.426979,npp_d20140716_t1803247_e1809051_b14079,147.717,50.9935,39.0555,-81.2852,31.6345,87.1161
1355,VBD_npp_d20140716_t1803517_x1170805E_y018243S_l0246_s2811_v23,2017-05-23 13:08:46,-1.824260,117.080482,54.3274,2014-07-16 18:03:51,2014-07-17 02:03:51,246,2811,0.359143,1,2529,0.952179,0.199639,0.808844,0.4,0.931013,0.75,0.0486086,0.0001,0.0471345,999999,-1.127424e-01,3,Indonesian Exclusive Economic Zone,WPP713,,SVDNB_npp_d20140716_t1803247_e1809051_b14079_c20140717000905445784_noaa_ops.h5,GDNBO_npp_d20140716_t1803247_e1809051_b14079_c20140717000905445471_noaa_ops.h5,SVI04_npp_d20140716_t1803247_e1809051_b14079_c20140717000905432367_noaa_ops.dspace_rad,VNFF_npp_d20140716_t1803247_e1809051_b14079_v21.csv,World_EEZ_v8_2014.shp,WPP_BFAR_merge.shp,KKP_IDN_merge_20161208.shp,VNF-VBD_npp_20120301-20151231_global_asia-enhanced_c201607211230.bitmask,NCEI_NGA.union.nga_lead2.add_2015ntl.mask,timezone.shp,VBD_platforms-recurring_2015_r20170330.shp,999999,VBD_bridges_c20160811.shp,2.701723;0.592520;-1.537733;-6.424739;-11.321091;-16.224911;-21.132078;-19.454973;-16.614069;-11.826628;-7.007390;-2.161976,98.595314;112.244095;125.823792;124.798187;123.864281;123.023224;122.264351;107.621338;93.259468;94.789581;96.172417;97.426979,npp_d20140716_t1803247_e1809051_b14079,147.659,51.0605,39.4689,-81.4344,31.5606,87.1117
1356,VBD_npp_d20140716_t1803250_x1176835E_y002739S_l0002_s2849_v23,2017-05-23 13:08:46,-0.273901,117.683479,8.94286,2014-07-16 18:03:25,2014-07-17 02:03:25,2,2849,0.408863,1,2529,0.354909,0.20243,0.777732,0.4,0.791831,0.75,0.0490362,0.0001,0.0477091,999999,999999,3,Indonesian Exclusive Economic Zone,WPP713,,SVDNB_npp_d20140716_t1803247_e1809051_b14079_c20140717000905445784_noaa_ops.h5,GDNBO_npp_d20140716_t1803247_e1809051_b14079_c20140717000905445471_noaa_ops.h5,SVI04_npp_d20140716_t1803247_e1809051_b14079_c20140717000905432367_noaa_ops.dspace_rad,VNFF_npp_d20140716_t1803247_e1809051_b14079_v21.csv,World_EEZ_v8_2014.shp,WPP_BFAR_merge.shp,KKP_IDN_merge_20161208.shp,VNF-VBD_npp_20120301-20151231_global_asia-enhanced_c201607211230.bitmask,NCEI_NGA.union.nga_lead2.add_2015ntl.mask,timezone.shp,VBD_platforms-recurring_2015_r20170330.shp,999999,VBD_bridges_c20160811.shp,2.701723;0.592520;-1.537733;-6.424739;-11.321091;-16.224911;-21.132078;-19.454973;-16.614069;-11.826628;-7.007390;-2.161976,98.595314;112.244095;125.823792;124.798187;123.864281;123.023224;122.264351;107.621338;93.259468;94.789581;96.172417;97.426979,npp_d20140716_t1803247_e1809051_b14079,146.291,49.6967,40.9031,-81.5751,31.0135,89.685
1357,VBD_npp_d20140716_t1803250_x1176870E_y002953S_l0005_s2850_v23,2017-05-23 13:08:46,-0.295324,117.686974,8.92474,2014-07-16 18:03:25,2014-07-17 02:03:25,5,2850,0.380965,2,2465,0.263595,0.150856,0.741326,0.4,0.703489,0.75,0.0490374,0.0001,0.047476,999999,7.557935e-02,3,Indonesian Exclusive Economic Zone,WPP713,,SVDNB_npp_d20140716_t1803247_e1809051_b14079_c20140717000905445784_noaa_ops.h5,GDNBO_npp_d20140716_t1803247_e1809051_b14079_c20140717000905445471_noaa_ops.h5,SVI04_npp_d20140716_t1803247_e1809051_b14079_c20140717000905432367_noaa_ops.dspace_rad,VNFF_npp_d20140716_t1803247_e1809051_b14079_v21.csv,World_EEZ_v8_2014.shp,WPP_BFAR_merge.shp,KKP_IDN_merge_20161208.shp,VNF-VBD_npp_20120301-20151231_global_asia-enhanced_c201607211230.bitmask,NCEI_NGA.union.nga_lead2.add_2015ntl.mask,timezone.shp,VBD_platforms-recurring_2015_r20170330.shp,999999,VBD_bridges_c20160811.shp,2.701723;0.592520;-1.537733;-6.424739;-11.321091;-16.224911;-21.132078;-19.454973;-16.614069;-11.826628;-7.007390;-2.161976,98.595314;112.244095;125.823792;124.798187;123.864281;123.023224;122.264351;107.621338;93.259468;94.789581;96.172417;97.426979,npp_d20140716_t1803247_e1809051_b14079,146.303,49.7246,40.94,-81.3618,31.0101,89.6485
1358,VBD_npp_d20140716_t1803250_x1177082E_y002917S_l0004_s2853_v23,2017-05-23 13:08:46,-0.291668,117.708214,5.38563,2014-07-16 18:03:25,2014-07-17 02:03:25,4,2853,0.22291,2,2209,0.197466,0.159783,0.758823,0.4,0.615402,0.75,0.0490512,0.0001,0.0474083,999999,-6.740893e-03,3,Indonesian Exclusive Economic Zone,WPP713,,SVDNB_npp_d20140716_t1803247_e1809051_b14079_c20140717000905445784_noaa_ops.h5,GDNBO_npp_d20140716_t1803247_e1809051_b14079_c20140717000905445471_noaa_ops.h5,SVI04_npp_d20140716_t1803247_e1809051_b14079_c20140717000905432367_noaa_ops.dspace_rad,VNFF_npp_d20140716_t1803247_e1809051_b14079_v21.csv,World_EEZ_v8_2014.shp,WPP_BFAR_merge.shp,KKP_IDN_merge_20161208.shp,VNF-VBD_npp_20120301-20151231_global_asia-enhanced_c201607211230.bitmask,NCEI_NGA.union.nga_lead2.add_2015ntl.mask,timezone.shp,VBD_platforms-recurring_2015_r20170330.shp,999999,VBD_bridges_c20160811.shp,2.701723;0.592520;-1.537733;-6.424739;-11.321091;-16.224911;-21.132078;-19.454973;-16.614069;-11.826628;-7.007390;-2.161976,98.595314;112.244095;125.823792;124.798187;123.864281;123.023224;122.264351;107.621338;93.259468;94.789581;96.172417;97.426979,npp_d20140716_t1803247_e1809051_b14079,146.284,49.7409,41.0538,-81.4324,30.9885,89.6544
1359,VBD_npp_d20140716_t1803357_x1177050E_y009383S_l0100_s2874_v23,2017-05-23 13:08:46,-0.938293,117.705032,177.987,2014-07-16 18:03:35,2014-07-17 02:03:35,100,2874,0.310528,8,51681,0.537226,0.18728,0.512973,0.4,0.778,0.75,0.0490431,0.0001,0.0458263,999999,-2.603016e-01,3,Indonesian Exclusive Economic Zone,WPP713,,SVDNB_npp_d20140716_t1803247_e1809051_b14079_c20140717000905445784_noaa_ops.h5,GDNBO_npp_d20140716_t1803247_e1809051_b14079_c20140717000905445471_noaa_ops.h5,SVI04_npp_d20140716_t1803247_e1809051_b14079_c20140717000905432367_noaa_ops.dspace_rad,VNFF_npp_d20140716_t1803247_e1809051_b14079_v21.csv,World_EEZ_v8_2014.shp,WPP_BFAR_merge.shp,KKP_IDN_merge_20161208.shp,VNF-VBD_npp_20120301-20151231_global_asia-enhanced_c201607211230.bitmask,NCEI_NGA.union.nga_lead2.add_2015ntl.mask,timezone.shp,VBD_platforms-recurring_2015_r20170330.shp,0.377469,VBD_bridges_c20160811.shp,2.701723;0.592520;-1.537733;-6.424739;-11.321091;-16.224911;-21.132078;-19.454973;-16.614069;-11.826628;-7.007390;-2.161976,98.595314;112.244095;125.823792;124.798187;123.864281;123.023224;122.264351;107.621338;93.259468;94.789581;96.172417;97.426979,npp_d20140716_t1803247_e1809051_b14079,146.667,50.5296,41.8157,-81.4824,30.9584,88.5526
1360,VBD_npp_d20140716_t1804273_x1170620E_y039884S_l0568_s2878_v23,2017-05-23 13:08:46,-3.988445,117.061958,14.4235,2014-07-16 18:04:27,2014-07-17 02:04:27,568,2878,0.400963,1,2529,0.590347,0.211937,0.842884,0.4,0.89967,0.75,0.0485796,0.0001,0.0414393,999999,-2.100361e-01,3,Indonesian Exclusive Economic Zone,WPP713,,SVDNB_npp_d20140716_t1803247_e1809051_b14079_c20140717000905445784_noaa_ops.h5,GDNBO_npp_d20140716_t1803247_e1809051_b14079_c20140717000905445471_noaa_ops.h5,SVI04_npp_d20140716_t1803247_e1809051_b14079_c20140717000905432367_noaa_ops.dspace_rad,VNFF_npp_d20140716_t1803247_e1809051_b14079_v21.csv,World_EEZ_v8_2014.shp,WPP_BFAR_merge.shp,KKP_IDN_merge_20161208.shp,VNF-VBD_npp_20120301-20151231_global_asia-enhanced_c201607211230.bitmask,NCEI_NGA.union.nga_lead2.add_2015ntl.mask,timezone.shp,VBD_platforms-recurring_2015_r20170330.shp,999999,VBD_bridges_c20160811.shp,2.701723;0.592520;-1.537733;-6.424739;-11.321091;-16.224911;-21.132078;-19.454973;-16.614069;-11.826628;-7.007390;-2.161976,98.595314;112.244095;125.823792;124.798187;123.864281;123.023224;122.264351;107.621338;93.259468;94.789581;96.172417;97.426979,npp_d20140716_t1803247_e1809051_b14079,148.874,53.9589,41.9663,-81.4996,31.6146,83.504
1361,VBD_npp_d20140716_t1804202_x1172006E_y036134S_l0509_s2886_v23,2017-05-23 13:08:46,-3.613431,117.200638,26.8336,2014-07-16 18:04:20,2014-07-17 02:04:20,509,2886,0.409195,1,2529,0.799625,0.171964,0.877599,0.4,0.927775,0.75,0.0486116,0.0001,0.0412162,999999,1.062003e-01,3,Indonesian Exclusive Economic Zone,WPP713,,SVDNB_npp_d20140716_t1803247_e1809051_b14079_c20140717000905445784_noaa_ops.h5,GDNBO_npp_d20140716_t1803247_e1809051_b14079_c20140717000905445471_noaa_ops.h5,SVI04_npp_d20140716_t1803247_e1809051_b14079_c20140717000905432367_noaa_ops.dspace_rad,VNFF_npp_d20140716_t1803247_e1809051_b14079_v21.csv,World_EEZ_v8_2014.shp,WPP_BFAR_merge.shp,KKP_IDN_merge_20161208.shp,VNF-VBD_npp_20120301-20151231_global_asia-enhanced_c201607211230.bitmask,NCEI_NGA.union.nga_lead2.add_2015ntl.mask,timezone.shp,VBD_platforms-recurring_2015_r20170330.shp,999999,VBD_bridges_c20160811.shp,2.701723;0.592520;-1.537733;-6.424739;-11.321091;-16.224911;-21.132078;-19.454973;-16.614069;-11.826628;-7.007390;-2.161976,98.595314;112.244095;125.823792;124.798187;123.864281;123.023224;122.264351;107.621338;93.259468;94.789581;96.172417;97.426979,npp_d20140716_t1803247_e1809051_b14079,148.564,53.5597,42.2548,-81.1293,31.4626,84.0976
1362,VBD_npp_d20140716_t1804024_x1174497E_y025685S_l0348_s2889_v23,2017-05-23 13:08:46,-2.568512,117.449745,94.2311,2014-07-16 18:04:02,2014-07-17 02:04:02,348,2889,0.403504,1,2529,1.2862,0.188289,0.917485,0.4,0.977294,0.75,0.0488186,0.0001,0.0426223,999999,-2.294874e-02,3,Indonesian Exclusive Economic Zone,WPP713,,SVDNB_npp_d20140716_t1803247_e1809051_b14079_c20140717000905445784_noaa_ops.h5,GDNBO_npp_d20140716_t1803247_e1809051_b14079_c20140717000905445471_noaa_ops.h5,SVI04_npp_d20140716_t1803247_e1809051_b14079_c20140717000905432367_noaa_ops.dspace_rad,VNFF_npp_d20140716_t1803247_e1809051_b14079_v21.csv,World_EEZ_v8_2014.shp,WPP_BFAR_merge.shp,KKP_IDN_merge_20161208.shp,VNF-VBD_npp_20120301-20151231_global_asia-enhanced_c201607211230.bitmask,NCEI_NGA.union.nga_lead2.add_2015ntl.mask,timezone.shp,VBD_platforms-recurring_2015_r20170330.shp,999999,VBD_bridges_c20160811.shp,2.701723;0.592520;-1.537733;-6.424739;-11.321091;-16.224911;-21.132078;-19.454973;-16.614069;-11.826628;-7.007390;-2.161976,98.595314;112.244095;125.823792;124.798187;123.864281;123.023224;122.264351;107.621338;93.259468;94.789581;96.172417;97.426979,npp_d20140716_t1803247_e1809051_b14079,147.795,52.3755,42.3604,-81.1003,31.1899,85.8091
1363,VBD_npp_d20140716_t1804451_x1169058E_y050543S_l0730_s2889_v23,2017-05-23 13:08:46,-5.054258,116.905807,36.1153,2014-07-16 18:04:45,2014-07-17 02:04:45,730,2889,0.396986,1,2529,0.92719,0.185529,0.903549,0.4,0.952267,0.75,0.0484244,0.0001,0.0391365,999999,-1.110996e-03,3,Indonesian Exclusive Economic Zone,WPP713,,SVDNB_npp_d20140716_t1803247_e1809051_b14079_c20140717000905445784_noaa_ops.h5,GDNBO_npp_d20140716_t1803247_e1809051_b14079_c20140717000905445471_noaa_ops.h5,SVI04_npp_d20140716_t1803247_e1809051_b14079_c20140717000905432367_noaa_ops.dspace_rad,VNFF_npp_d20140716_t1803247_e1809051_b14079_v21.csv,World_EEZ_v8_2014.shp,WPP_BFAR_merge.shp,KKP_IDN_merge_20161208.shp,VNF-VBD_npp_20120301-20151231_global_asia-enhanced_c201607211230.bitmask,NCEI_NGA.union.nga_lead2.add_2015ntl.mask,timezone.shp,VBD_platforms-recurring_2015_r20170330.shp,999999,VBD_bridges_c20160811.shp,2.701723;0.592520;-1.537733;-6.424739;-11.321091;-16.224911;-21.132078;-19.454973;-16.614069;-11.826628;-7.007390;-2.161976,98.595314;112.244095;125.823792;124.798187;123.864281;123.023224;122.264351;107.621338;93.259468;94.789581;96.172417;97.426979,npp_d20140716_t1803247_e1809051_b14079,149.557,55.3452,42.3609,-81.4652,31.8382,81.7817
1364,VBD_npp_d20140716_t1804451_x1169172E_y050697S_l0732_s2891_v23,2017-05-23 13:08:46,-5.069737,116.917168,49.4869,2014-07-16 18:04:45,2014-07-17 02:04:45,732,2891,0.394941,1,2529,1.05418,0.177793,0.90641,0.4,0.963968,0.75,0.0484297,0.0001,0.0388407,999999,6.009134e-02,3,Indonesian Exclusive Economic Zone,WPP713,,SVDNB_npp_d20140716_t1803247_e1809051_b14079_c20140717000905445784_noaa_ops.h5,GDNBO_npp_d20140716_t1803247_e1809051_b14079_c20140717000905445471_noaa_ops.h5,SVI04_npp_d20140716_t1803247_e1809051_b14079_c20140717000905432367_noaa_ops.dspace_rad,VNFF_npp_d20140716_t1803247_e1809051_b14079_v21.csv,World_EEZ_v8_2014.shp,WPP_BFAR_merge.shp,KKP_IDN_merge_20161208.shp,VNF-VBD_npp_20120301-20151231_global_asia-enhanced_c201607211230.bitmask,NCEI_NGA.union.nga_lead2.add_2015ntl.mask,timezone.shp,VBD_platforms-recurring_2015_r20170330.shp,999999,VBD_bridges_c20160811.shp,2.701723;0.592520;-1.537733;-6.424739;-11.321091;-16.224911;-21.132078;-19.454973;-16.614069;-11.826628;-7.007390;-2.161976,98.595314;112.244095;125.823792;124.798187;123.864281;123.023224;122.264351;107.621338;93.259468;94.789581;96.172417;97.426979,npp_d20140716_t1803247_e1809051_b14079,149.557,55.3768,42.4335,-81.3326,31.8291,81.7528
1365,VBD_npp_d20140716_t1804024_x1174739E_y025447S_l0344_s2892_v23,2017-05-23 13:08:46,-2.544682,117.473869,25.0868,2014-07-16 18:04:02,2014-07-17 02:04:02,344,2892,0.403891,1,2529,0.77848,0.177336,0.909915,0.4,0.937398,0.75,0.0488364,0.0001,0.0428066,999999,6.370210e-02,3,Indonesian Exclusive Economic Zone,WPP713,,SVDNB_npp_d20140716_t1803247_e1809051_b14079_c20140717000905445784_noaa_ops.h5,GDNBO_npp_d20140716_t1803247_e1809051_b14079_c20140717000905445471_noaa_ops.h5,SVI04_npp_d20140716_t1803247_e1809051_b14079_c20140717000905432367_noaa_ops.dspace_rad,VNFF_npp_d20140716_t1803247_e1809051_b14079_v21.csv,World_EEZ_v8_2014.shp,WPP_BFAR_merge.shp,KKP_IDN_merge_20161208.shp,VNF-VBD_npp_20120301-20151231_global_asia-enhanced_c201607211230.bitmask,NCEI_NGA.union.nga_lead2.add_2015ntl.mask,timezone.shp,VBD_platforms-recurring_2015_r20170330.shp,999999,VBD_bridges_c20160811.shp,2.701723;0.592520;-1.537733;-6.424739;-11.321091;-16.224911;-21.132078;-19.454973;-16.614069;-11.826628;-7.007390;-2.161976,98.595314;112.244095;125.823792;124.798187;123.864281;123.023224;122.264351;107.621338;93.259468;94.789581;96.172417;97.426979,npp_d20140716_t1803247_e1809051_b14079,147.762,52.3679,42.4691,-81.3695,31.1637,85.8451
1366,VBD_npp_d20140716_t1804024_x1174718E_y025581S_l0346_s2892_v23,2017-05-23 13:08:46,-2.558148,117.471794,20.0587,2014-07-16 18:04:02,2014-07-17 02:04:02,346,2892,0.406101,1,2529,0.687867,0.189476,0.909915,0.4,0.911744,0.75,0.0488338,0.0001,0.0426411,999999,-3.233922e-02,3,Indonesian Exclusive Economic Zone,WPP713,,SVDNB_npp_d20140716_t1803247_e1809051_b14079_c20140717000905445784_noaa_ops.h5,GDNBO_npp_d20140716_t1803247_e1809051_b14079_c20140717000905445471_noaa_ops.h5,SVI04_npp_d20140716_t1803247_e1809051_b14079_c20140717000905432367_noaa_ops.dspace_rad,VNFF_npp_d20140716_t1803247_e1809051_b14079_v21.csv,World_EEZ_v8_2014.shp,WPP_BFAR_merge.shp,KKP_IDN_merge_20161208.shp,VNF-VBD_npp_20120301-20151231_global_asia-enhanced_c201607211230.bitmask,NCEI_NGA.union.nga_lead2.add_2015ntl.mask,timezone.shp,VBD_platforms-recurring_2015_r20170330.shp,999999,VBD_bridges_c20160811.shp,2.701723;0.592520;-1.537733;-6.424739;-11.321091;-16.224911;-21.132078;-19.454973;-16.614069;-11.826628;-7.007390;-2.161976,98.595314;112.244095;125.823792;124.798187;123.864281;123.023224;122.264351;107.621338;93.259468;94.789581;96.172417;97.426979,npp_d20140716_t1803247_e1809051_b14079,147.772,52.3829,42.469,-81.2356,31.1668,85.8228
1367,VBD_npp_d20140716_t1804024_x1174733E_y025929S_l0351_s2893_v23,2017-05-23 13:08:46,-2.592864,117.473328,27.9396,2014-07-16 18:04:02,2014-07-17 02:04:02,351,2893,0.40135,1,2529,0.785857,0.180749,0.894517,0.4,0.882793,0.75,0.0488318,0.0001,0.0421708,999999,3.670609e-02,3,Indonesian Exclusive Economic Zone,WPP713,,SVDNB_npp_d20140716_t1803247_e1809051_b14079_c20140717000905445784_noaa_ops.h5,GDNBO_npp_d20140716_t1803247_e1809051_b14079_c20140717000905445471_noaa_ops.h5,SVI04_npp_d20140716_t1803247_e1809051_b14079_c20140717000905432367_noaa_ops.dspace_rad,VNFF_npp_d20140716_t1803247_e1809051_b14079_v21.csv,World_EEZ_v8_2014.shp,WPP_BFAR_merge.shp,KKP_IDN_merge_20161208.shp,VNF-VBD_npp_20120301-20151231_global_asia-enhanced_c201607211230.bitmask,NCEI_NGA.union.nga_lead2.add_2015ntl.mask,timezone.shp,VBD_platforms-recurring_2015_r20170330.shp,999999,VBD_bridges_c20160811.shp,2.701723;0.592520;-1.537733;-6.424739;-11.321091;-16.224911;-21.132078;-19.454973;-16.614069;-11.826628;-7.007390;-2.161976,98.595314;112.244095;125.823792;124.798187;123.864281;123.023224;122.264351;107.621338;93.259468;94.789581;96.172417;97.426979,npp_d20140716_t1803247_e1809051_b14079,147.792,52.4279,42.5058,-80.9017,31.1679,85.7641
1368,VBD_npp_d20140716_t1804184_x1172928E_y034996S_l0490_s2896_v23,2017-05-23 13:08:46,-3.499582,117.292831,13.0289,2014-07-16 18:04:18,2014-07-17 02:04:18,490,2896,0.343012,2,2465,0.360573,0.244014,0.880113,0.4,0.576867,0.75,0.0486624,0.0001,0.0411522,999999,-4.638100e-01,3,Indonesian Exclusive Economic Zone,WPP713,,SVDNB_npp_d20140716_t1803247_e1809051_b14079_c20140717000905445784_noaa_ops.h5,GDNBO_npp_d20140716_t1803247_e1809051_b14079_c20140717000905445471_noaa_ops.h5,SVI04_npp_d20140716_t1803247_e1809051_b14079_c20140717000905432367_noaa_ops.dspace_rad,VNFF_npp_d20140716_t1803247_e1809051_b14079_v21.csv,World_EEZ_v8_2014.shp,WPP_BFAR_merge.shp,KKP_IDN_merge_20161208.shp,VNF-VBD_npp_20120301-20151231_global_asia-enhanced_c201607211230.bitmask,NCEI_NGA.union.nga_lead2.add_2015ntl.mask,timezone.shp,VBD_platforms-recurring_2015_r20170330.shp,999999,VBD_bridges_c20160811.shp,2.701723;0.592520;-1.537733;-6.424739;-11.321091;-16.224911;-21.132078;-19.454973;-16.614069;-11.826628;-7.007390;-2.161976,98.595314;112.244095;125.823792;124.798187;123.864281;123.023224;122.264351;107.621338;93.259468;94.789581;96.172417;97.426979,npp_d20140716_t1803247_e1809051_b14079,148.429,53.4872,42.615,-81.3236,31.3652,84.2674
1369,VBD_npp_d20140716_t1804184_x1173239E_y034766S_l0486_s2900_v23,2017-05-23 13:08:46,-3.476639,117.323853,15.805,2014-07-16 18:04:18,2014-07-17 02:04:18,486,2900,0.386931,2,2465,0.451524,0.215931,0.86371,0.4,0.730364,0.75,0.0486847,0.0001,0.0413076,999999,-2.416313e-01,3,Indonesian Exclusive Economic Zone,WPP713,,SVDNB_npp_d20140716_t1803247_e1809051_b14079_c20140717000905445784_noaa_ops.h5,GDNBO_npp_d20140716_t1803247_e1809051_b14079_c20140717000905445471_noaa_ops.h5,SVI04_npp_d20140716_t1803247_e1809051_b14079_c20140717000905432367_noaa_ops.dspace_rad,VNFF_npp_d20140716_t1803247_e1809051_b14079_v21.csv,World_EEZ_v8_2014.shp,WPP_BFAR_merge.shp,KKP_IDN_merge_20161208.shp,VNF-VBD_npp_20120301-20151231_global_asia-enhanced_c201607211230.bitmask,NCEI_NGA.union.nga_lead2.add_2015ntl.mask,timezone.shp,VBD_platforms-recurring_2015_r20170330.shp,999999,VBD_bridges_c20160811.shp,2.701723;0.592520;-1.537733;-6.424739;-11.321091;-16.224911;-21.132078;-19.454973;-16.614069;-11.826628;-7.007390;-2.161976,98.595314;112.244095;125.823792;124.798187;123.864281;123.023224;122.264351;107.621338;93.259468;94.789581;96.172417;97.426979,npp_d20140716_t1803247_e1809051_b14079,148.39,53.4853,42.7605,-81.5919,31.3316,84.2986
1370,VBD_npp_d20140716_t1804184_x1173187E_y035104S_l0491_s2900_v23,2017-05-23 13:08:46,-3.510448,117.318703,47.4945,2014-07-16 18:04:18,2014-07-17 02:04:18,491,2900,0.399858,1,2529,0.914681,0.182014,0.917315,0.4,0.929746,0.75,0.048678,0.0001,0.0408609,999999,2.669557e-02,3,Indonesian Exclusive Economic Zone,WPP713,,SVDNB_npp_d20140716_t1803247_e1809051_b14079_c20140717000905445784_noaa_ops.h5,GDNBO_npp_d20140716_t1803247_e1809051_b14079_c20140717000905445471_noaa_ops.h5,SVI04_npp_d20140716_t1803247_e1809051_b14079_c20140717000905432367_noaa_ops.dspace_rad,VNFF_npp_d20140716_t1803247_e1809051_b14079_v21.csv,World_EEZ_v8_2014.shp,WPP_BFAR_merge.shp,KKP_IDN_merge_20161208.shp,VNF-VBD_npp_20120301-20151231_global_asia-enhanced_c201607211230.bitmask,NCEI_NGA.union.nga_lead2.add_2015ntl.mask,timezone.shp,VBD_platforms-recurring_2015_r20170330.shp,999999,VBD_bridges_c20160811.shp,2.701723;0.592520;-1.537733;-6.424739;-11.321091;-16.224911;-21.132078;-19.454973;-16.614069;-11.826628;-7.007390;-2.161976,98.595314;112.244095;125.823792;124.798187;123.864281;123.023224;122.264351;107.621338;93.259468;94.789581;96.172417;97.426979,npp_d20140716_t1803247_e1809051_b14079,148.414,53.5248,42.7602,-81.2592,31.3402,84.2434
1371,VBD_npp_d20140716_t1804184_x1173156E_y035307S_l0494_s2900_v23,2017-05-23 13:08:46,-3.530734,117.315628,32.1382,2014-07-16 18:04:18,2014-07-17 02:04:18,494,2900,0.399471,1,2529,0.842038,0.18239,0.917315,0.4,0.869626,0.75,0.048674,0.0001,0.0405888,999999,2.372135e-02,3,Indonesian Exclusive Economic Zone,WPP713,,SVDNB_npp_d20140716_t1803247_e1809051_b14079_c20140717000905445784_noaa_ops.h5,GDNBO_npp_d20140716_t1803247_e1809051_b14079_c20140717000905445471_noaa_ops.h5,SVI04_npp_d20140716_t1803247_e1809051_b14079_c20140717000905432367_noaa_ops.dspace_rad,VNFF_npp_d20140716_t1803247_e1809051_b14079_v21.csv,World_EEZ_v8_2014.shp,WPP_BFAR_merge.shp,KKP_IDN_merge_20161208.shp,VNF-VBD_npp_20120301-20151231_global_asia-enhanced_c201607211230.bitmask,NCEI_NGA.union.nga_lead2.add_2015ntl.mask,timezone.shp,VBD_platforms-recurring_2015_r20170330.shp,999999,VBD_bridges_c20160811.shp,2.701723;0.592520;-1.537733;-6.424739;-11.321091;-16.224911;-21.132078;-19.454973;-16.614069;-11.826628;-7.007390;-2.161976,98.595314;112.244095;125.823792;124.798187;123.864281;123.023224;122.264351;107.621338;93.259468;94.789581;96.172417;97.426979,npp_d20140716_t1803247_e1809051_b14079,148.429,53.5485,42.7605,-81.0595,31.3454,84.2103
1372,VBD_npp_d20140716_t1804184_x1173467E_y035078S_l0490_s2904_v23,2017-05-23 13:08:46,-3.507807,117.346748,72.9265,2014-07-16 18:04:18,2014-07-17 02:04:18,490,2904,0.404112,1,2529,1.18,0.181525,0.909648,0.4,0.970647,0.75,0.0486963,0.0001,0.0407464,999999,3.056407e-02,3,Indonesian Exclusive Economic Zone,WPP713,,SVDNB_npp_d20140716_t1803247_e1809051_b14079_c20140717000905445784_noaa_ops.h5,GDNBO_npp_d20140716_t1803247_e1809051_b14079_c20140717000905445471_noaa_ops.h5,SVI04_npp_d20140716_t1803247_e1809051_b14079_c20140717000905432367_noaa_ops.dspace_rad,VNFF_npp_d20140716_t1803247_e1809051_b14079_v21.csv,World_EEZ_v8_2014.shp,WPP_BFAR_merge.shp,KKP_IDN_merge_20161208.shp,VNF-VBD_npp_20120301-20151231_global_asia-enhanced_c201607211230.bitmask,NCEI_NGA.union.nga_lead2.add_2015ntl.mask,timezone.shp,VBD_platforms-recurring_2015_r20170330.shp,999999,VBD_bridges_c20160811.shp,2.701723;0.592520;-1.537733;-6.424739;-11.321091;-16.224911;-21.132078;-19.454973;-16.614069;-11.826628;-7.007390;-2.161976,98.595314;112.244095;125.823792;124.798187;123.864281;123.023224;122.264351;107.621338;93.259468;94.789581;96.172417;97.426979,npp_d20140716_t1803247_e1809051_b14079,148.39,53.5467,42.9054,-81.3279,31.3116,84.2414
1373,VBD_npp_d20140716_t1804184_x1173426E_y035349S_l0494_s2904_v23,2017-05-23 13:08:46,-3.534907,117.342636,40.4738,2014-07-16 18:04:18,2014-07-17 02:04:18,494,2904,0.401239,1,2529,0.913076,0.18464,0.920245,0.4,0.948892,0.75,0.048691,0.0001,0.0403852,999999,5.922654e-03,3,Indonesian Exclusive Economic Zone,WPP713,,SVDNB_npp_d20140716_t1803247_e1809051_b14079_c20140717000905445784_noaa_ops.h5,GDNBO_npp_d20140716_t1803247_e1809051_b14079_c20140717000905445471_noaa_ops.h5,SVI04_npp_d20140716_t1803247_e1809051_b14079_c20140717000905432367_noaa_ops.dspace_rad,VNFF_npp_d20140716_t1803247_e1809051_b14079_v21.csv,World_EEZ_v8_2014.shp,WPP_BFAR_merge.shp,KKP_IDN_merge_20161208.shp,VNF-VBD_npp_20120301-20151231_global_asia-enhanced_c201607211230.bitmask,NCEI_NGA.union.nga_lead2.add_2015ntl.mask,timezone.shp,VBD_platforms-recurring_2015_r20170330.shp,999999,VBD_bridges_c20160811.shp,2.701723;0.592520;-1.537733;-6.424739;-11.321091;-16.224911;-21.132078;-19.454973;-16.614069;-11.826628;-7.007390;-2.161976,98.595314;112.244095;125.823792;124.798187;123.864281;123.023224;122.264351;107.621338;93.259468;94.789581;96.172417;97.426979,npp_d20140716_t1803247_e1809051_b14079,148.41,53.5784,42.9058,-81.0624,31.3186,84.1971
1374,VBD_npp_d20140716_t1804184_x1176900E_y035529S_l0489_s2956_v23,2017-05-23 13:08:46,-3.552871,117.689964,6.04347,2014-07-16 18:04:18,2014-07-17 02:04:18,489,2956,0.403173,8,18849,0.289739,0.14062,0.670254,0.4,0.675603,0.75,0.0489184,0.0001,0.0380564,999999,1.699622e-01,3,Indonesian Exclusive Economic Zone,WPP713,,SVDNB_npp_d20140716_t1803247_e1809051_b14079_c20140717000905445784_noaa_ops.h5,GDNBO_npp_d20140716_t1803247_e1809051_b14079_c20140717000905445471_noaa_ops.h5,SVI04_npp_d20140716_t1803247_e1809051_b14079_c20140717000905432367_noaa_ops.dspace_rad,VNFF_npp_d20140716_t1803247_e1809051_b14079_v21.csv,World_EEZ_v8_2014.shp,WPP_BFAR_merge.shp,KKP_IDN_merge_20161208.shp,VNF-VBD_npp_20120301-20151231_global_asia-enhanced_c201607211230.bitmask,NCEI_NGA.union.nga_lead2.add_2015ntl.mask,timezone.shp,VBD_platforms-recurring_2015_r20170330.shp,0.420297,VBD_bridges_c20160811.shp,2.701723;0.592520;-1.537733;-6.424739;-11.321091;-16.224911;-21.132078;-19.454973;-16.614069;-11.826628;-7.007390;-2.161976,98.595314;112.244095;125.823792;124.798187;123.864281;123.023224;122.264351;107.621338;93.259468;94.789581;96.172417;97.426979,npp_d20140716_t1803247_e1809051_b14079,148.141,53.912,44.7025,-81.4201,30.9703,84.0857
1383,VBD_npp_d20140716_t1804362_x1191350E_y048687S_l0653_s3207_v23,2017-05-23 13:08:46,-4.868748,119.135025,6.83999,2014-07-16 18:04:36,2014-07-17 02:04:36,653,3207,0.349917,1,2529,0.364646,0.191761,0.757223,0.4,0.872022,0.75,0.0498602,0.0001,0.0217897,999999,-3.016176e-01,3,Indonesian Exclusive Economic Zone,WPP713,,SVDNB_npp_d20140716_t1803247_e1809051_b14079_c20140717000905445784_noaa_ops.h5,GDNBO_npp_d20140716_t1803247_e1809051_b14079_c20140717000905445471_noaa_ops.h5,SVI04_npp_d20140716_t1803247_e1809051_b14079_c20140717000905432367_noaa_ops.dspace_rad,VNFF_npp_d20140716_t1803247_e1809051_b14079_v21.csv,World_EEZ_v8_2014.shp,WPP_BFAR_merge.shp,KKP_IDN_merge_20161208.shp,VNF-VBD_npp_20120301-20151231_global_asia-enhanced_c201607211230.bitmask,NCEI_NGA.union.nga_lead2.add_2015ntl.mask,timezone.shp,VBD_platforms-recurring_2015_r20170330.shp,999999,VBD_bridges_c20160811.shp,2.701723;0.592520;-1.537733;-6.424739;-11.321091;-16.224911;-21.132078;-19.454973;-16.614069;-11.826628;-7.007390;-2.161976,98.595314;112.244095;125.823792;124.798187;123.864281;123.023224;122.264351;107.621338;93.259468;94.789581;96.172417;97.426979,npp_d20140716_t1803247_e1809051_b14079,147.64,56.8982,52.4336,-81.4789,29.6158,81.3576
1384,VBD_npp_d20140716_t1804362_x1191612E_y048308S_l0647_s3210_v23,2017-05-23 13:08:46,-4.830751,119.161201,15.6509,2014-07-16 18:04:36,2014-07-17 02:04:36,647,3210,0.38439,1,2529,0.526826,0.145614,0.782912,0.4,0.857242,0.75,0.0498813,0.0001,0.0219599,999999,1.239121e-01,3,Indonesian Exclusive Economic Zone,WPP713,,SVDNB_npp_d20140716_t1803247_e1809051_b14079_c20140717000905445784_noaa_ops.h5,GDNBO_npp_d20140716_t1803247_e1809051_b14079_c20140717000905445471_noaa_ops.h5,SVI04_npp_d20140716_t1803247_e1809051_b14079_c20140717000905432367_noaa_ops.dspace_rad,VNFF_npp_d20140716_t1803247_e1809051_b14079_v21.csv,World_EEZ_v8_2014.shp,WPP_BFAR_merge.shp,KKP_IDN_merge_20161208.shp,VNF-VBD_npp_20120301-20151231_global_asia-enhanced_c201607211230.bitmask,NCEI_NGA.union.nga_lead2.add_2015ntl.mask,timezone.shp,VBD_platforms-recurring_2015_r20170330.shp,999999,VBD_bridges_c20160811.shp,2.701723;0.592520;-1.537733;-6.424739;-11.321091;-16.224911;-21.132078;-19.454973;-16.614069;-11.826628;-7.007390;-2.161976,98.595314;112.244095;125.823792;124.798187;123.864281;123.023224;122.264351;107.621338;93.259468;94.789581;96.172417;97.426979,npp_d20140716_t1803247_e1809051_b14079,147.598,56.8682,52.5169,-81.7775,29.5838,81.4158
1385,VBD_npp_d20140716_t1804362_x1191657E_y048450S_l0649_s3211_v23,2017-05-23 13:08:46,-4.845009,119.165695,6.08155,2014-07-16 18:04:36,2014-07-17 02:04:36,649,3211,0.34605,2,2465,0.256883,0.128455,0.772118,0.4,0.711963,0.75,0.0498825,0.0001,0.0218004,999999,2.821457e-01,3,Indonesian Exclusive Economic Zone,WPP713,,SVDNB_npp_d20140716_t1803247_e1809051_b14079_c20140717000905445784_noaa_ops.h5,GDNBO_npp_d20140716_t1803247_e1809051_b14079_c20140717000905445471_noaa_ops.h5,SVI04_npp_d20140716_t1803247_e1809051_b14079_c20140717000905432367_noaa_ops.dspace_rad,VNFF_npp_d20140716_t1803247_e1809051_b14079_v21.csv,World_EEZ_v8_2014.shp,WPP_BFAR_merge.shp,KKP_IDN_merge_20161208.shp,VNF-VBD_npp_20120301-20151231_global_asia-enhanced_c201607211230.bitmask,NCEI_NGA.union.nga_lead2.add_2015ntl.mask,timezone.shp,VBD_platforms-recurring_2015_r20170330.shp,999999,VBD_bridges_c20160811.shp,2.701723;0.592520;-1.537733;-6.424739;-11.321091;-16.224911;-21.132078;-19.454973;-16.614069;-11.826628;-7.007390;-2.161976,98.595314;112.244095;125.823792;124.798187;123.864281;123.023224;122.264351;107.621338;93.259468;94.789581;96.172417;97.426979,npp_d20140716_t1803247_e1809051_b14079,147.602,56.8905,52.5435,-81.6818,29.5815,81.3889
1386,VBD_npp_d20140716_t1804362_x1191732E_y048393S_l0648_s3212_v23,2017-05-23 13:08:46,-4.839299,119.173164,10.3639,2014-07-16 18:04:36,2014-07-17 02:04:36,648,3212,0.379197,1,2529,0.435713,0.142424,0.772118,0.4,0.854308,0.75,0.049888,0.0001,0.0218017,999999,1.533346e-01,3,Indonesian Exclusive Economic Zone,WPP713,,SVDNB_npp_d20140716_t1803247_e1809051_b14079_c20140717000905445784_noaa_ops.h5,GDNBO_npp_d20140716_t1803247_e1809051_b14079_c20140717000905445471_noaa_ops.h5,SVI04_npp_d20140716_t1803247_e1809051_b14079_c20140717000905432367_noaa_ops.dspace_rad,VNFF_npp_d20140716_t1803247_e1809051_b14079_v21.csv,World_EEZ_v8_2014.shp,WPP_BFAR_merge.shp,KKP_IDN_merge_20161208.shp,VNF-VBD_npp_20120301-20151231_global_asia-enhanced_c201607211230.bitmask,NCEI_NGA.union.nga_lead2.add_2015ntl.mask,timezone.shp,VBD_platforms-recurring_2015_r20170330.shp,999999,VBD_bridges_c20160811.shp,2.701723;0.592520;-1.537733;-6.424739;-11.321091;-16.224911;-21.132078;-19.454973;-16.614069;-11.826628;-7.007390;-2.161976,98.595314;112.244095;125.823792;124.798187;123.864281;123.023224;122.264351;107.621338;93.259468;94.789581;96.172417;97.426979,npp_d20140716_t1803247_e1809051_b14079,147.592,56.8888,52.5703,-81.7305,29.5732,81.3964
1387,VBD_npp_d20140716_t1804380_x1191697E_y049454S_l0664_s3215_v23,2017-05-23 13:08:46,-4.945445,119.169655,6.90808,2014-07-16 18:04:38,2014-07-17 02:04:38,664,3215,0.273349,1,2529,0.328236,0.207548,0.568075,0.4,0.797111,0.75,0.0498768,0.0001,0.0215501,999999,-4.471949e-01,3,Indonesian Exclusive Economic Zone,WPP713,,SVDNB_npp_d20140716_t1803247_e1809051_b14079_c20140717000905445784_noaa_ops.h5,GDNBO_npp_d20140716_t1803247_e1809051_b14079_c20140717000905445471_noaa_ops.h5,SVI04_npp_d20140716_t1803247_e1809051_b14079_c20140717000905432367_noaa_ops.dspace_rad,VNFF_npp_d20140716_t1803247_e1809051_b14079_v21.csv,World_EEZ_v8_2014.shp,WPP_BFAR_merge.shp,KKP_IDN_merge_20161208.shp,VNF-VBD_npp_20120301-20151231_global_asia-enhanced_c201607211230.bitmask,NCEI_NGA.union.nga_lead2.add_2015ntl.mask,timezone.shp,VBD_platforms-recurring_2015_r20170330.shp,999999,VBD_bridges_c20160811.shp,2.701723;0.592520;-1.537733;-6.424739;-11.321091;-16.224911;-21.132078;-19.454973;-16.614069;-11.826628;-7.007390;-2.161976,98.595314;112.244095;125.823792;124.798187;123.864281;123.023224;122.264351;107.621338;93.259468;94.789581;96.172417;97.426979,npp_d20140716_t1803247_e1809051_b14079,147.647,57.0321,52.6471,-81.7476,29.5858,81.2064
1390,VBD_npp_d20140716_t1804255_x1196002E_y042952S_l0557_s3257_v23,2017-05-23 13:08:46,-4.295217,119.600174,5.33677,2014-07-16 18:04:25,2014-07-17 02:04:25,557,3257,0.271139,8,18849,0.214126,0.219784,0.438337,0.4,0.642018,0.75,0.0501512,0.0001,0.0197846,999999,-5.600322e-01,3,Indonesian Exclusive Economic Zone,WPP713,,SVDNB_npp_d20140716_t1803247_e1809051_b14079_c20140717000905445784_noaa_ops.h5,GDNBO_npp_d20140716_t1803247_e1809051_b14079_c20140717000905445471_noaa_ops.h5,SVI04_npp_d20140716_t1803247_e1809051_b14079_c20140717000905432367_noaa_ops.dspace_rad,VNFF_npp_d20140716_t1803247_e1809051_b14079_v21.csv,World_EEZ_v8_2014.shp,WPP_BFAR_merge.shp,KKP_IDN_merge_20161208.shp,VNF-VBD_npp_20120301-20151231_global_asia-enhanced_c201607211230.bitmask,NCEI_NGA.union.nga_lead2.add_2015ntl.mask,timezone.shp,VBD_platforms-recurring_2015_r20170330.shp,0.486141,VBD_bridges_c20160811.shp,2.701723;0.592520;-1.537733;-6.424739;-11.321091;-16.224911;-21.132078;-19.454973;-16.614069;-11.826628;-7.007390;-2.161976,98.595314;112.244095;125.823792;124.798187;123.864281;123.023224;122.264351;107.621338;93.259468;94.789581;96.172417;97.426979,npp_d20140716_t1803247_e1809051_b14079,146.975,56.4767,53.779,-81.4351,29.1096,82.2454
1406,VBD_npp_d20140716_t1804237_x1214878E_y044578S_l0540_s3532_v23,2017-05-23 13:08:46,-4.457788,121.487808,7.7713,2014-07-16 18:04:23,2014-07-17 02:04:23,540,3532,0.232854,8,18849,0.227216,0.182995,0.493773,0.4,0.62602,0.75,0.0512367,0.0001,0.00882066,999999,-2.207901e-01,3,Indonesian Exclusive Economic Zone,WPP713,,SVDNB_npp_d20140716_t1803247_e1809051_b14079_c20140717000905445784_noaa_ops.h5,GDNBO_npp_d20140716_t1803247_e1809051_b14079_c20140717000905445471_noaa_ops.h5,SVI04_npp_d20140716_t1803247_e1809051_b14079_c20140717000905432367_noaa_ops.dspace_rad,VNFF_npp_d20140716_t1803247_e1809051_b14079_v21.csv,World_EEZ_v8_2014.shp,WPP_BFAR_merge.shp,KKP_IDN_merge_20161208.shp,VNF-VBD_npp_20120301-20151231_global_asia-enhanced_c201607211230.bitmask,NCEI_NGA.union.nga_lead2.add_2015ntl.mask,timezone.shp,VBD_platforms-recurring_2015_r20170330.shp,0.432045,VBD_bridges_c20160811.shp,2.701723;0.592520;-1.537733;-6.424739;-11.321091;-16.224911;-21.132078;-19.454973;-16.614069;-11.826628;-7.007390;-2.161976,98.595314;112.244095;125.823792;124.798187;123.864281;123.023224;122.264351;107.621338;93.259468;94.789581;96.172417;97.426979,npp_d20140716_t1803247_e1809051_b14079,145.485,58.0541,60.4193,-81.6458,27.2483,81.2842
1407,VBD_npp_d20140716_t1804202_x1215412E_y042388S_l0506_s3533_v23,2017-05-23 13:08:46,-4.238765,121.541168,14.2935,2014-07-16 18:04:20,2014-07-17 02:04:20,506,3533,0.288375,1,2529,0.450464,0.19718,0.623425,0.4,0.833357,0.75,0.0512449,0.0001,0.00892622,999999,-3.515909e-01,3,Indonesian Exclusive Economic Zone,WPP713,,SVDNB_npp_d20140716_t1803247_e1809051_b14079_c20140717000905445784_noaa_ops.h5,GDNBO_npp_d20140716_t1803247_e1809051_b14079_c20140717000905445471_noaa_ops.h5,SVI04_npp_d20140716_t1803247_e1809051_b14079_c20140717000905432367_noaa_ops.dspace_rad,VNFF_npp_d20140716_t1803247_e1809051_b14079_v21.csv,World_EEZ_v8_2014.shp,WPP_BFAR_merge.shp,KKP_IDN_merge_20161208.shp,VNF-VBD_npp_20120301-20151231_global_asia-enhanced_c201607211230.bitmask,NCEI_NGA.union.nga_lead2.add_2015ntl.mask,timezone.shp,VBD_platforms-recurring_2015_r20170330.shp,999999,VBD_bridges_c20160811.shp,2.701723;0.592520;-1.537733;-6.424739;-11.321091;-16.224911;-21.132078;-19.454973;-16.614069;-11.826628;-7.007390;-2.161976,98.595314;112.244095;125.823792;124.798187;123.864281;123.023224;122.264351;107.621338;93.259468;94.789581;96.172417;97.426979,npp_d20140716_t1803247_e1809051_b14079,145.336,57.8116,60.4426,-81.6896,27.1763,81.6998
1432,VBD_npp_d20140716_t1804309_x1220281E_y049249S_l0599_s3624_v23,2017-05-23 13:08:46,-4.924870,122.028122,8.53784,2014-07-16 18:04:30,2014-07-17 02:04:30,599,3624,0.332405,2,2465,0.243302,0.202087,0.544408,0.4,0.529728,0.75,0.0515707,0.0001,0.00642098,999999,-3.968408e-01,3,Indonesian Exclusive Economic Zone,WPP714,KKLD Bombana,SVDNB_npp_d20140716_t1803247_e1809051_b14079_c20140717000905445784_noaa_ops.h5,GDNBO_npp_d20140716_t1803247_e1809051_b14079_c20140717000905445471_noaa_ops.h5,SVI04_npp_d20140716_t1803247_e1809051_b14079_c20140717000905432367_noaa_ops.dspace_rad,VNFF_npp_d20140716_t1803247_e1809051_b14079_v21.csv,World_EEZ_v8_2014.shp,WPP_BFAR_merge.shp,KKP_IDN_merge_20161208.shp,VNF-VBD_npp_20120301-20151231_global_asia-enhanced_c201607211230.bitmask,NCEI_NGA.union.nga_lead2.add_2015ntl.mask,timezone.shp,VBD_platforms-recurring_2015_r20170330.shp,999999,VBD_bridges_c20160811.shp,2.701723;0.592520;-1.537733;-6.424739;-11.321091;-16.224911;-21.132078;-19.454973;-16.614069;-11.826628;-7.007390;-2.161976,98.595314;112.244095;125.823792;124.798187;123.864281;123.023224;122.264351;107.621338;93.259468;94.789581;96.172417;97.426979,npp_d20140716_t1803247_e1809051_b14079,145.244,59.0136,62.3356,-81.962,26.7565,80.1312
1433,VBD_npp_d20140716_t1804060_x1223513E_y034583S_l0371_s3626_v23,2017-05-23 13:08:46,-3.458284,122.351257,10.723,2014-07-16 18:04:06,2014-07-17 02:04:06,371,3626,0.354061,1,2529,0.367047,0.219514,0.509575,0.4,0.767606,0.75,0.0517587,0.0001,0.00693452,999999,-5.575366e-01,3,Indonesian Exclusive Economic Zone,WPP714,,SVDNB_npp_d20140716_t1803247_e1809051_b14079_c20140717000905445784_noaa_ops.h5,GDNBO_npp_d20140716_t1803247_e1809051_b14079_c20140717000905445471_noaa_ops.h5,SVI04_npp_d20140716_t1803247_e1809051_b14079_c20140717000905432367_noaa_ops.dspace_rad,VNFF_npp_d20140716_t1803247_e1809051_b14079_v21.csv,World_EEZ_v8_2014.shp,WPP_BFAR_merge.shp,KKP_IDN_merge_20161208.shp,VNF-VBD_npp_20120301-20151231_global_asia-enhanced_c201607211230.bitmask,NCEI_NGA.union.nga_lead2.add_2015ntl.mask,timezone.shp,VBD_platforms-recurring_2015_r20170330.shp,999999,VBD_bridges_c20160811.shp,2.701723;0.592520;-1.537733;-6.424739;-11.321091;-16.224911;-21.132078;-19.454973;-16.614069;-11.826628;-7.007390;-2.161976,98.595314;112.244095;125.823792;124.798187;123.864281;123.023224;122.264351;107.621338;93.259468;94.789581;96.172417;97.426979,npp_d20140716_t1803247_e1809051_b14079,144.285,57.3959,62.3708,-81.8476,26.3143,83.0139
1434,VBD_npp_d20140716_t1804344_x1220109E_y050991S_l0626_s3627_v23,2017-05-23 13:08:46,-5.099075,122.010933,7.24461,2014-07-16 18:04:34,2014-07-17 02:04:34,626,3627,0.363894,1,2529,0.388219,0.161326,0.869103,0.4,0.839249,0.75,0.0515428,0.0001,0.00635951,999999,-2.096786e-02,3,Indonesian Exclusive Economic Zone,WPP714,,SVDNB_npp_d20140716_t1803247_e1809051_b14079_c20140717000905445784_noaa_ops.h5,GDNBO_npp_d20140716_t1803247_e1809051_b14079_c20140717000905445471_noaa_ops.h5,SVI04_npp_d20140716_t1803247_e1809051_b14079_c20140717000905432367_noaa_ops.dspace_rad,VNFF_npp_d20140716_t1803247_e1809051_b14079_v21.csv,World_EEZ_v8_2014.shp,WPP_BFAR_merge.shp,KKP_IDN_merge_20161208.shp,VNF-VBD_npp_20120301-20151231_global_asia-enhanced_c201607211230.bitmask,NCEI_NGA.union.nga_lead2.add_2015ntl.mask,timezone.shp,VBD_platforms-recurring_2015_r20170330.shp,999999,VBD_bridges_c20160811.shp,2.701723;0.592520;-1.537733;-6.424739;-11.321091;-16.224911;-21.132078;-19.454973;-16.614069;-11.826628;-7.007390;-2.161976,98.595314;112.244095;125.823792;124.798187;123.864281;123.023224;122.264351;107.621338;93.259468;94.789581;96.172417;97.426979,npp_d20140716_t1803247_e1809051_b14079,145.336,59.2279,62.399,-82.1845,26.7903,79.7854
1435,VBD_npp_d20140716_t1804344_x1220167E_y051069S_l0627_s3628_v23,2017-05-23 13:08:46,-5.106936,122.016655,6.79198,2014-07-16 18:04:34,2014-07-17 02:04:34,627,3628,0.364612,8,18913,0.319771,0.153657,0.892821,0.4,0.772324,0.75,0.0515451,0.0001,0.00632176,999999,4.975029e-02,3,Indonesian Exclusive Economic Zone,WPP714,,SVDNB_npp_d20140716_t1803247_e1809051_b14079_c20140717000905445784_noaa_ops.h5,GDNBO_npp_d20140716_t1803247_e1809051_b14079_c20140717000905445471_noaa_ops.h5,SVI04_npp_d20140716_t1803247_e1809051_b14079_c20140717000905432367_noaa_ops.dspace_rad,VNFF_npp_d20140716_t1803247_e1809051_b14079_v21.csv,World_EEZ_v8_2014.shp,WPP_BFAR_merge.shp,KKP_IDN_merge_20161208.shp,VNF-VBD_npp_20120301-20151231_global_asia-enhanced_c201607211230.bitmask,NCEI_NGA.union.nga_lead2.add_2015ntl.mask,timezone.shp,VBD_platforms-recurring_2015_r20170330.shp,0.771087,VBD_bridges_c20160811.shp,2.701723;0.592520;-1.537733;-6.424739;-11.321091;-16.224911;-21.132078;-19.454973;-16.614069;-11.826628;-7.007390;-2.161976,98.595314;112.244095;125.823792;124.798187;123.864281;123.023224;122.264351;107.621338;93.259468;94.789581;96.172417;97.426979,npp_d20140716_t1803247_e1809051_b14079,145.335,59.2414,62.4188,-82.1484,26.786,79.7672
1436,VBD_npp_d20140716_t1804344_x1220214E_y051217S_l0629_s3629_v23,2017-05-23 13:08:46,-5.121731,122.021400,82.2177,2014-07-16 18:04:34,2014-07-17 02:04:34,629,3629,0.368258,1,2529,1.25543,0.147833,0.892821,0.4,0.836567,0.75,0.0515459,0.0001,0.00626808,999999,1.034560e-01,3,Indonesian Exclusive Economic Zone,WPP714,,SVDNB_npp_d20140716_t1803247_e1809051_b14079_c20140717000905445784_noaa_ops.h5,GDNBO_npp_d20140716_t1803247_e1809051_b14079_c20140717000905445471_noaa_ops.h5,SVI04_npp_d20140716_t1803247_e1809051_b14079_c20140717000905432367_noaa_ops.dspace_rad,VNFF_npp_d20140716_t1803247_e1809051_b14079_v21.csv,World_EEZ_v8_2014.shp,WPP_BFAR_merge.shp,KKP_IDN_merge_20161208.shp,VNF-VBD_npp_20120301-20151231_global_asia-enhanced_c201607211230.bitmask,NCEI_NGA.union.nga_lead2.add_2015ntl.mask,timezone.shp,VBD_platforms-recurring_2015_r20170330.shp,999999,VBD_bridges_c20160811.shp,2.701723;0.592520;-1.537733;-6.424739;-11.321091;-16.224911;-21.132078;-19.454973;-16.614069;-11.826628;-7.007390;-2.161976,98.595314;112.244095;125.823792;124.798187;123.864281;123.023224;122.264351;107.621338;93.259468;94.789581;96.172417;97.426979,npp_d20140716_t1803247_e1809051_b14079,145.338,59.2628,62.4385,-82.0757,26.784,79.7357
1437,VBD_npp_d20140716_t1804344_x1220560E_y051691S_l0635_s3635_v23,2017-05-23 13:08:46,-5.169117,122.056030,64.5215,2014-07-16 18:04:34,2014-07-17 02:04:34,635,3635,0.363065,1,2529,1.15659,0.156737,0.889997,0.4,0.967507,0.75,0.0515596,0.0001,0.00604463,999999,2.134150e-02,3,Indonesian Exclusive Economic Zone,WPP714,,SVDNB_npp_d20140716_t1803247_e1809051_b14079_c20140717000905445784_noaa_ops.h5,GDNBO_npp_d20140716_t1803247_e1809051_b14079_c20140717000905445471_noaa_ops.h5,SVI04_npp_d20140716_t1803247_e1809051_b14079_c20140717000905432367_noaa_ops.dspace_rad,VNFF_npp_d20140716_t1803247_e1809051_b14079_v21.csv,World_EEZ_v8_2014.shp,WPP_BFAR_merge.shp,KKP_IDN_merge_20161208.shp,VNF-VBD_npp_20120301-20151231_global_asia-enhanced_c201607211230.bitmask,NCEI_NGA.union.nga_lead2.add_2015ntl.mask,timezone.shp,VBD_platforms-recurring_2015_r20170330.shp,999999,VBD_bridges_c20160811.shp,2.701723;0.592520;-1.537733;-6.424739;-11.321091;-16.224911;-21.132078;-19.454973;-16.614069;-11.826628;-7.007390;-2.161976,98.595314;112.244095;125.823792;124.798187;123.864281;123.023224;122.264351;107.621338;93.259468;94.789581;96.172417;97.426979,npp_d20140716_t1803247_e1809051_b14079,145.333,59.3441,62.5581,-81.8596,26.7581,79.6259
1438,VBD_npp_d20140716_t1804362_x1220777E_y052644S_l0649_s3641_v23,2017-05-23 13:08:46,-5.264413,122.077652,12.7962,2014-07-16 18:04:36,2014-07-17 02:04:36,649,3641,0.363728,8,18913,0.57489,0.161937,0.819636,0.4,0.852695,0.75,0.0515617,0.0001,0.00591272,999999,-2.660711e-02,3,Indonesian Exclusive Economic Zone,WPP714,,SVDNB_npp_d20140716_t1803247_e1809051_b14079_c20140717000905445784_noaa_ops.h5,GDNBO_npp_d20140716_t1803247_e1809051_b14079_c20140717000905445471_noaa_ops.h5,SVI04_npp_d20140716_t1803247_e1809051_b14079_c20140717000905432367_noaa_ops.dspace_rad,VNFF_npp_d20140716_t1803247_e1809051_b14079_v21.csv,World_EEZ_v8_2014.shp,WPP_BFAR_merge.shp,KKP_IDN_merge_20161208.shp,VNF-VBD_npp_20120301-20151231_global_asia-enhanced_c201607211230.bitmask,NCEI_NGA.union.nga_lead2.add_2015ntl.mask,timezone.shp,VBD_platforms-recurring_2015_r20170330.shp,0.301565,VBD_bridges_c20160811.shp,2.701723;0.592520;-1.537733;-6.424739;-11.321091;-16.224911;-21.132078;-19.454973;-16.614069;-11.826628;-7.007390;-2.161976,98.595314;112.244095;125.823792;124.798187;123.864281;123.023224;122.264351;107.621338;93.259468;94.789581;96.172417;97.426979,npp_d20140716_t1803247_e1809051_b14079,145.357,59.4814,62.6795,-81.9531,26.7471,79.423
1439,VBD_npp_d20140716_t1804309_x1223190E_y049941S_l0603_s3668_v23,2017-05-23 13:08:46,-4.994133,122.319046,4.09103,2014-07-16 18:04:30,2014-07-17 02:04:30,603,3668,0.365883,2,2465,0.222443,0.17494,0.570906,0.4,0.704622,0.75,0.0517286,0.0001,0.00546547,999999,-1.465085e-01,3,Indonesian Exclusive Economic Zone,WPP714,,SVDNB_npp_d20140716_t1803247_e1809051_b14079_c20140717000905445784_noaa_ops.h5,GDNBO_npp_d20140716_t1803247_e1809051_b14079_c20140717000905445471_noaa_ops.h5,SVI04_npp_d20140716_t1803247_e1809051_b14079_c20140717000905432367_noaa_ops.dspace_rad,VNFF_npp_d20140716_t1803247_e1809051_b14079_v21.csv,World_EEZ_v8_2014.shp,WPP_BFAR_merge.shp,KKP_IDN_merge_20161208.shp,VNF-VBD_npp_20120301-20151231_global_asia-enhanced_c201607211230.bitmask,NCEI_NGA.union.nga_lead2.add_2015ntl.mask,timezone.shp,VBD_platforms-recurring_2015_r20170330.shp,999999,VBD_bridges_c20160811.shp,2.701723;0.592520;-1.537733;-6.424739;-11.321091;-16.224911;-21.132078;-19.454973;-16.614069;-11.826628;-7.007390;-2.161976,98.595314;112.244095;125.823792;124.798187;123.864281;123.023224;122.264351;107.621338;93.259468;94.789581;96.172417;97.426979,npp_d20140716_t1803247_e1809051_b14079,145.031,59.2872,63.1977,-81.8459,26.4788,79.8648
1440,VBD_npp_d20140716_t1804131_x1227386E_y040096S_l0445_s3698_v23,2017-05-23 13:08:46,-4.009621,122.738571,5.8261,2014-07-16 18:04:13,2014-07-17 02:04:13,445,3698,0.356657,1,2529,0.331267,0.149262,0.815624,0.4,0.809226,0.75,0.0519323,0.0001,0.00518206,999999,9.027588e-02,3,Indonesian Exclusive Economic Zone,WPP714,KKPD South Sulawesi Regional Aquatic Conservation Area,SVDNB_npp_d20140716_t1803247_e1809051_b14079_c20140717000905445784_noaa_ops.h5,GDNBO_npp_d20140716_t1803247_e1809051_b14079_c20140717000905445471_noaa_ops.h5,SVI04_npp_d20140716_t1803247_e1809051_b14079_c20140717000905432367_noaa_ops.dspace_rad,VNFF_npp_d20140716_t1803247_e1809051_b14079_v21.csv,World_EEZ_v8_2014.shp,WPP_BFAR_merge.shp,KKP_IDN_merge_20161208.shp,VNF-VBD_npp_20120301-20151231_global_asia-enhanced_c201607211230.bitmask,NCEI_NGA.union.nga_lead2.add_2015ntl.mask,timezone.shp,VBD_platforms-recurring_2015_r20170330.shp,999999,VBD_bridges_c20160811.shp,2.701723;0.592520;-1.537733;-6.424739;-11.321091;-16.224911;-21.132078;-19.454973;-16.614069;-11.826628;-7.007390;-2.161976,98.595314;112.244095;125.823792;124.798187;123.864281;123.023224;122.264351;107.621338;93.259468;94.789581;96.172417;97.426979,npp_d20140716_t1803247_e1809051_b14079,144.226,58.325,63.7779,-81.5992,25.9707,81.7364
1441,VBD_npp_d20140716_t1804148_x1227256E_y040372S_l0450_s3698_v23,2017-05-23 13:08:46,-4.037229,122.725616,12.5436,2014-07-16 18:04:14,2014-07-17 02:04:14,450,3698,0.354779,1,2529,0.559415,0.177295,0.841107,0.4,0.915843,0.75,0.0519259,0.0001,0.00528794,999999,-1.682214e-01,3,Indonesian Exclusive Economic Zone,WPP714,KKPD South Sulawesi Regional Aquatic Conservation Area,SVDNB_npp_d20140716_t1803247_e1809051_b14079_c20140717000905445784_noaa_ops.h5,GDNBO_npp_d20140716_t1803247_e1809051_b14079_c20140717000905445471_noaa_ops.h5,SVI04_npp_d20140716_t1803247_e1809051_b14079_c20140717000905432367_noaa_ops.dspace_rad,VNFF_npp_d20140716_t1803247_e1809051_b14079_v21.csv,World_EEZ_v8_2014.shp,WPP_BFAR_merge.shp,KKP_IDN_merge_20161208.shp,VNF-VBD_npp_20120301-20151231_global_asia-enhanced_c201607211230.bitmask,NCEI_NGA.union.nga_lead2.add_2015ntl.mask,timezone.shp,VBD_platforms-recurring_2015_r20170330.shp,999999,VBD_bridges_c20160811.shp,2.701723;0.592520;-1.537733;-6.424739;-11.321091;-16.224911;-21.132078;-19.454973;-16.614069;-11.826628;-7.007390;-2.161976,98.595314;112.244095;125.823792;124.798187;123.864281;123.023224;122.264351;107.621338;93.259468;94.789581;96.172417;97.426979,npp_d20140716_t1803247_e1809051_b14079,144.246,58.354,63.7729,-81.9979,25.9806,81.6811
1442,VBD_npp_d20140716_t1804148_x1227383E_y040460S_l0451_s3700_v23,2017-05-23 13:08:46,-4.046024,122.738312,11.3597,2014-07-16 18:04:14,2014-07-17 02:04:14,451,3700,0.313622,1,2529,0.501183,0.174698,0.836494,0.4,0.905325,0.75,0.0519319,0.0001,0.00523869,999999,-1.442751e-01,3,Indonesian Exclusive Economic Zone,WPP714,KKPD South Sulawesi Regional Aquatic Conservation Area,SVDNB_npp_d20140716_t1803247_e1809051_b14079_c20140717000905445784_noaa_ops.h5,GDNBO_npp_d20140716_t1803247_e1809051_b14079_c20140717000905445471_noaa_ops.h5,SVI04_npp_d20140716_t1803247_e1809051_b14079_c20140717000905432367_noaa_ops.dspace_rad,VNFF_npp_d20140716_t1803247_e1809051_b14079_v21.csv,World_EEZ_v8_2014.shp,WPP_BFAR_merge.shp,KKP_IDN_merge_20161208.shp,VNF-VBD_npp_20120301-20151231_global_asia-enhanced_c201607211230.bitmask,NCEI_NGA.union.nga_lead2.add_2015ntl.mask,timezone.shp,VBD_platforms-recurring_2015_r20170330.shp,999999,VBD_bridges_c20160811.shp,2.701723;0.592520;-1.537733;-6.424739;-11.321091;-16.224911;-21.132078;-19.454973;-16.614069;-11.826628;-7.007390;-2.161976,98.595314;112.244095;125.823792;124.798187;123.864281;123.023224;122.264351;107.621338;93.259468;94.789581;96.172417;97.426979,npp_d20140716_t1803247_e1809051_b14079,144.239,58.3727,63.8115,-81.9641,25.9691,81.6582
1443,VBD_npp_d20140716_t1804148_x1228875E_y040885S_l0454_s3722_v23,2017-05-23 13:08:46,-4.088481,122.887520,7.64691,2014-07-16 18:04:14,2014-07-17 02:04:14,454,3722,0.352514,2,2465,0.326523,0.17644,0.720465,0.4,0.681602,0.75,0.0520092,0.0001,0.0048042,999999,-1.603422e-01,3,Indonesian Exclusive Economic Zone,WPP714,,SVDNB_npp_d20140716_t1803247_e1809051_b14079_c20140717000905445784_noaa_ops.h5,GDNBO_npp_d20140716_t1803247_e1809051_b14079_c20140717000905445471_noaa_ops.h5,SVI04_npp_d20140716_t1803247_e1809051_b14079_c20140717000905432367_noaa_ops.dspace_rad,VNFF_npp_d20140716_t1803247_e1809051_b14079_v21.csv,World_EEZ_v8_2014.shp,WPP_BFAR_merge.shp,KKP_IDN_merge_20161208.shp,VNF-VBD_npp_20120301-20151231_global_asia-enhanced_c201607211230.bitmask,NCEI_NGA.union.nga_lead2.add_2015ntl.mask,timezone.shp,VBD_platforms-recurring_2015_r20170330.shp,999999,VBD_bridges_c20160811.shp,2.701723;0.592520;-1.537733;-6.424739;-11.321091;-16.224911;-21.132078;-19.454973;-16.614069;-11.826628;-7.007390;-2.161976,98.595314;112.244095;125.823792;124.798187;123.864281;123.023224;122.264351;107.621338;93.259468;94.789581;96.172417;97.426979,npp_d20140716_t1803247_e1809051_b14079,144.135,58.5202,64.2366,-81.871,25.8259,81.5137
1444,VBD_npp_d20140716_t1805563_x1217380E_y099240S_l1362_s3727_v23,2017-05-23 13:08:46,-9.924029,121.737976,19.3876,2014-07-16 18:05:56,2014-07-17 02:05:56,1362,3727,0.339587,1,2529,0.755697,0.143683,0.885862,0.4,0.950298,0.75,0.0507674,0.0001,0.0031302,999999,1.417217e-01,3,Indonesian Exclusive Economic Zone,WPP573,,SVDNB_npp_d20140716_t1803247_e1809051_b14079_c20140717000905445784_noaa_ops.h5,GDNBO_npp_d20140716_t1803247_e1809051_b14079_c20140717000905445471_noaa_ops.h5,SVI04_npp_d20140716_t1803247_e1809051_b14079_c20140717000905432367_noaa_ops.dspace_rad,VNFF_npp_d20140716_t1803247_e1809051_b14079_v21.csv,World_EEZ_v8_2014.shp,WPP_BFAR_merge.shp,KKP_IDN_merge_20161208.shp,VNF-VBD_npp_20120301-20151231_global_asia-enhanced_c201607211230.bitmask,NCEI_NGA.union.nga_lead2.add_2015ntl.mask,timezone.shp,VBD_platforms-recurring_2015_r20170330.shp,999999,VBD_bridges_c20160811.shp,2.701723;0.592520;-1.537733;-6.424739;-11.321091;-16.224911;-21.132078;-19.454973;-16.614069;-11.826628;-7.007390;-2.161976,98.595314;112.244095;125.823792;124.798187;123.864281;123.023224;122.264351;107.621338;93.259468;94.789581;96.172417;97.426979,npp_d20140716_t1803247_e1809051_b14079,147.511,65.7186,64.3457,-83.1195,27.9963,70.5475
1445,VBD_npp_d20140716_t1806247_x1228707E_y117514S_l1620_s3936_v23,2017-05-23 13:08:46,-11.751371,122.870743,4.14069,2014-07-16 18:06:24,2014-07-17 02:06:24,1620,3936,0.333178,1,2273,0.186393,0.171286,0.573405,0.4,0.762855,0.75,0.0510151,0.0001,0.00113386,999999,-1.128142e-01,3,Australian Exclusive Economic Zone,WPP573,,SVDNB_npp_d20140716_t1803247_e1809051_b14079_c20140717000905445784_noaa_ops.h5,GDNBO_npp_d20140716_t1803247_e1809051_b14079_c20140717000905445471_noaa_ops.h5,SVI04_npp_d20140716_t1803247_e1809051_b14079_c20140717000905432367_noaa_ops.dspace_rad,VNFF_npp_d20140716_t1803247_e1809051_b14079_v21.csv,World_EEZ_v8_2014.shp,WPP_BFAR_merge.shp,KKP_IDN_merge_20161208.shp,VNF-VBD_npp_20120301-20151231_global_asia-enhanced_c201607211230.bitmask,NCEI_NGA.union.nga_lead2.add_2015ntl.mask,timezone.shp,VBD_platforms-recurring_2015_r20170330.shp,999999,VBD_bridges_c20160811.shp,2.701723;0.592520;-1.537733;-6.424739;-11.321091;-16.224911;-21.132078;-19.454973;-16.614069;-11.826628;-7.007390;-2.161976,98.595314;112.244095;125.823792;124.798187;123.864281;123.023224;122.264351;107.621338;93.259468;94.789581;96.172417;97.426979,npp_d20140716_t1803247_e1809051_b14079,147.082,68.8486,67.994,-83.6283,27.5247,66.1419
1446,VBD_npp_d20140716_t1806568_x1228024E_y136923S_l1918_s3974_v23,2017-05-23 13:08:46,-13.692348,122.802376,26.9289,2014-07-16 18:06:56,2014-07-17 02:06:56,1918,3974,0.322627,1,2529,0.776916,0.164475,0.852802,0.4,0.924894,0.75,0.050517,0.0001,0.0007262,999999,-5.000440e-02,3,Australian Exclusive Economic Zone,,,SVDNB_npp_d20140716_t1803247_e1809051_b14079_c20140717000905445784_noaa_ops.h5,GDNBO_npp_d20140716_t1803247_e1809051_b14079_c20140717000905445471_noaa_ops.h5,SVI04_npp_d20140716_t1803247_e1809051_b14079_c20140717000905432367_noaa_ops.dspace_rad,VNFF_npp_d20140716_t1803247_e1809051_b14079_v21.csv,World_EEZ_v8_2014.shp,WPP_BFAR_merge.shp,KKP_IDN_merge_20161208.shp,VNF-VBD_npp_20120301-20151231_global_asia-enhanced_c201607211230.bitmask,NCEI_NGA.union.nga_lead2.add_2015ntl.mask,timezone.shp,VBD_platforms-recurring_2015_r20170330.shp,999999,VBD_bridges_c20160811.shp,2.701723;0.592520;-1.537733;-6.424739;-11.321091;-16.224911;-21.132078;-19.454973;-16.614069;-11.826628;-7.007390;-2.161976,98.595314;112.244095;125.823792;124.798187;123.864281;123.023224;122.264351;107.621338;93.259468;94.789581;96.172417;97.426979,npp_d20140716_t1803247_e1809051_b14079,147.677,71.7231,68.6211,-83.7772,28.3229,62.7067
1447,VBD_npp_d20140716_t1805545_x1236277E_y100836S_l1351_s3999_v23,2017-05-23 13:08:46,-10.083626,123.627747,7.52488,2014-07-16 18:05:54,2014-07-17 02:05:54,1351,3999,0.341741,1,2529,0.339739,0.140677,0.750629,0.4,0.882914,0.75,0.0516387,0.0001,0.0010405,999999,1.694396e-01,3,Indonesian Exclusive Economic Zone,WPP573,Teluk Kupang Marine Nature Recreational Park,SVDNB_npp_d20140716_t1803247_e1809051_b14079_c20140717000905445784_noaa_ops.h5,GDNBO_npp_d20140716_t1803247_e1809051_b14079_c20140717000905445471_noaa_ops.h5,SVI04_npp_d20140716_t1803247_e1809051_b14079_c20140717000905432367_noaa_ops.dspace_rad,VNFF_npp_d20140716_t1803247_e1809051_b14079_v21.csv,World_EEZ_v8_2014.shp,WPP_BFAR_merge.shp,KKP_IDN_merge_20161208.shp,VNF-VBD_npp_20120301-20151231_global_asia-enhanced_c201607211230.bitmask,NCEI_NGA.union.nga_lead2.add_2015ntl.mask,timezone.shp,VBD_platforms-recurring_2015_r20170330.shp,999999,VBD_bridges_c20160811.shp,2.701723;0.592520;-1.537733;-6.424739;-11.321091;-16.224911;-21.132078;-19.454973;-16.614069;-11.826628;-7.007390;-2.161976,98.595314;112.244095;125.823792;124.798187;123.864281;123.023224;122.264351;107.621338;93.259468;94.789581;96.172417;97.426979,npp_d20140716_t1803247_e1809051_b14079,145.878,66.7511,68.9955,-83.245,26.2875,68.6366
1448,VBD_npp_d20140716_t1805545_x1236453E_y101063S_l1354_s4002_v23,2017-05-23 13:08:46,-10.106330,123.645340,5.98483,2014-07-16 18:05:54,2014-07-17 02:05:54,1354,4002,0.342459,1,2529,0.203851,0.13413,0.750629,0.4,0.798676,0.75,0.0516328,0.0001,0.0010158,999999,2.298110e-01,3,Indonesian Exclusive Economic Zone,WPP573,Teluk Kupang Marine Nature Recreational Park,SVDNB_npp_d20140716_t1803247_e1809051_b14079_c20140717000905445784_noaa_ops.h5,GDNBO_npp_d20140716_t1803247_e1809051_b14079_c20140717000905445471_noaa_ops.h5,SVI04_npp_d20140716_t1803247_e1809051_b14079_c20140717000905432367_noaa_ops.dspace_rad,VNFF_npp_d20140716_t1803247_e1809051_b14079_v21.csv,World_EEZ_v8_2014.shp,WPP_BFAR_merge.shp,KKP_IDN_merge_20161208.shp,VNF-VBD_npp_20120301-20151231_global_asia-enhanced_c201607211230.bitmask,NCEI_NGA.union.nga_lead2.add_2015ntl.mask,timezone.shp,VBD_platforms-recurring_2015_r20170330.shp,999999,VBD_bridges_c20160811.shp,2.701723;0.592520;-1.537733;-6.424739;-11.321091;-16.224911;-21.132078;-19.454973;-16.614069;-11.826628;-7.007390;-2.161976,98.595314;112.244095;125.823792;124.798187;123.864281;123.023224;122.264351;107.621338;93.259468;94.789581;96.172417;97.426979,npp_d20140716_t1803247_e1809051_b14079,145.871,66.7889,69.0409,-83.1622,26.2795,68.5769
1449,VBD_npp_d20140716_t1806585_x1233245E_y138166S_l1929_s4051_v23,2017-05-23 13:08:46,-13.816566,123.324478,12.2417,2014-07-16 18:06:58,2014-07-17 02:06:58,1929,4051,0.32445,4,51685,0.491601,0.16258,0.783718,0.4,0.919879,0.75,0.0504907,0.0001,0.000522576,999999,-3.253537e-02,3,Australian Exclusive Economic Zone,,,SVDNB_npp_d20140716_t1803247_e1809051_b14079_c20140717000905445784_noaa_ops.h5,GDNBO_npp_d20140716_t1803247_e1809051_b14079_c20140717000905445471_noaa_ops.h5,SVI04_npp_d20140716_t1803247_e1809051_b14079_c20140717000905432367_noaa_ops.dspace_rad,VNFF_npp_d20140716_t1803247_e1809051_b14079_v21.csv,World_EEZ_v8_2014.shp,WPP_BFAR_merge.shp,KKP_IDN_merge_20161208.shp,VNF-VBD_npp_20120301-20151231_global_asia-enhanced_c201607211230.bitmask,NCEI_NGA.union.nga_lead2.add_2015ntl.mask,timezone.shp,VBD_platforms-recurring_2015_r20170330.shp,0.0574788,VBD_bridges_c20160811.shp,2.701723;0.592520;-1.537733;-6.424739;-11.321091;-16.224911;-21.132078;-19.454973;-16.614069;-11.826628;-7.007390;-2.161976,98.595314;112.244095;125.823792;124.798187;123.864281;123.023224;122.264351;107.621338;93.259468;94.789581;96.172417;97.426979,npp_d20140716_t1803247_e1809051_b14079,147.227,72.0329,69.8074,-84.0703,27.9192,61.9148
21,VBD_npp_d20140716_t1942563_x0926020E_y067941N_l1520_s2653_v23,2017-05-23 13:09:12,6.794091,92.601967,16.0824,2014-07-16 19:42:56,2014-07-17 01:12:56,1520,2653,0.34837,2,2977,0.22501,0.199646,0.507567,0.4,0.476637,0.75,0.0468046,0.0001,0.0529633,999999,-4.088985e-01,3,Indian Exclusive Economic Zone (Andaman and Nicobar Islands),,,SVDNB_npp_d20140716_t1940087_e1945491_b14080_c20140717014549591992_noaa_ops.h5,GDNBO_npp_d20140716_t1940087_e1945491_b14080_c20140717014549591757_noaa_ops.h5,SVI04_npp_d20140716_t1940087_e1945491_b14080_c20140717014549047847_noaa_ops.dspace_rad,VNFF_npp_d20140716_t1940087_e1945491_b14080_v21.csv,World_EEZ_v8_2014.shp,WPP_BFAR_merge.shp,KKP_IDN_merge_20161208.shp,VNF-VBD_npp_20120301-20151231_global_asia-enhanced_c201607211230.bitmask,NCEI_NGA.union.nga_lead2.add_2015ntl.mask,timezone.shp,VBD_platforms-recurring_2015_r20170330.shp,999999,VBD_bridges_c20160811.shp,19.107107;17.397036;14.693351;9.872889;5.028845;0.164623;-4.717433;-2.668029;-0.463942;4.408493;9.296770;14.195400,76.296768;90.732086;104.737396;103.313332;102.017212;100.838966;99.779457;86.144508;72.459229;73.563164;74.566231;75.490944,npp_d20140716_t1940087_e1945491_b14080,141.532,42.5057,32.9739,-79.8137,32.704,100.446
22,VBD_npp_d20140716_t1943407_x0934695E_y040502N_l1905_s2874_v23,2017-05-23 13:09:12,4.050220,93.469475,5.34673,2014-07-16 19:43:40,2014-07-17 01:43:40,1905,2874,0.424994,2,2721,0.197762,0.134271,0.485795,0.4,0.62021,0.75,0.0477721,0.0001,0.0508424,999999,2.052650e-01,3,Indonesian Exclusive Economic Zone,WPP572,,SVDNB_npp_d20140716_t1940087_e1945491_b14080_c20140717014549591992_noaa_ops.h5,GDNBO_npp_d20140716_t1940087_e1945491_b14080_c20140717014549591757_noaa_ops.h5,SVI04_npp_d20140716_t1940087_e1945491_b14080_c20140717014549047847_noaa_ops.dspace_rad,VNFF_npp_d20140716_t1940087_e1945491_b14080_v21.csv,World_EEZ_v8_2014.shp,WPP_BFAR_merge.shp,KKP_IDN_merge_20161208.shp,VNF-VBD_npp_20120301-20151231_global_asia-enhanced_c201607211230.bitmask,NCEI_NGA.union.nga_lead2.add_2015ntl.mask,timezone.shp,VBD_platforms-recurring_2015_r20170330.shp,999999,VBD_bridges_c20160811.shp,19.107107;17.397036;14.693351;9.872889;5.028845;0.164623;-4.717433;-2.668029;-0.463942;4.408493;9.296770;14.195400,76.296768;90.732086;104.737396;103.313332;102.017212;100.838966;99.779457;86.144508;72.459229;73.563164;74.566231;75.490944,npp_d20140716_t1940087_e1945491_b14080,142.766,46.0371,41.8137,-81.1684,31.2496,96.3495
23,VBD_npp_d20140716_t1943354_x0936926E_y043235N_l1859_s2897_v23,2017-05-23 13:09:12,4.323456,93.692612,4.73772,2014-07-16 19:43:35,2014-07-17 01:43:35,1859,2897,0.398864,2,2209,0.181991,0.166148,0.481256,0.4,0.600612,0.75,0.0478918,0.0001,0.0498158,999999,-9.420356e-02,3,Indonesian Exclusive Economic Zone,WPP572,,SVDNB_npp_d20140716_t1940087_e1945491_b14080_c20140717014549591992_noaa_ops.h5,GDNBO_npp_d20140716_t1940087_e1945491_b14080_c20140717014549591757_noaa_ops.h5,SVI04_npp_d20140716_t1940087_e1945491_b14080_c20140717014549047847_noaa_ops.dspace_rad,VNFF_npp_d20140716_t1940087_e1945491_b14080_v21.csv,World_EEZ_v8_2014.shp,WPP_BFAR_merge.shp,KKP_IDN_merge_20161208.shp,VNF-VBD_npp_20120301-20151231_global_asia-enhanced_c201607211230.bitmask,NCEI_NGA.union.nga_lead2.add_2015ntl.mask,timezone.shp,VBD_platforms-recurring_2015_r20170330.shp,999999,VBD_bridges_c20160811.shp,19.107107;17.397036;14.693351;9.872889;5.028845;0.164623;-4.717433;-2.668029;-0.463942;4.408493;9.296770;14.195400,76.296768;90.732086;104.737396;103.313332;102.017212;100.838966;99.779457;86.144508;72.459229;73.563164;74.566231;75.490944,npp_d20140716_t1940087_e1945491_b14080,142.432,45.9766,42.6462,-80.9787,31.0787,96.8618
24,VBD_npp_d20140716_t1943158_x0944360E_y053450N_l1689_s2970_v23,2017-05-23 13:09:12,5.345037,94.435951,4.75052,2014-07-16 19:43:15,2014-07-17 02:43:15,1689,2970,0.412012,2,2209,0.193747,0.169157,0.514342,0.4,0.639566,0.75,0.0481334,0.0001,0.0459041,999999,-1.224724e-01,3,Indonesian Exclusive Economic Zone,WPP572,,SVDNB_npp_d20140716_t1940087_e1945491_b14080_c20140717014549591992_noaa_ops.h5,GDNBO_npp_d20140716_t1940087_e1945491_b14080_c20140717014549591757_noaa_ops.h5,SVI04_npp_d20140716_t1940087_e1945491_b14080_c20140717014549047847_noaa_ops.dspace_rad,VNFF_npp_d20140716_t1940087_e1945491_b14080_v21.csv,World_EEZ_v8_2014.shp,WPP_BFAR_merge.shp,KKP_IDN_merge_20161208.shp,VNF-VBD_npp_20120301-20151231_global_asia-enhanced_c201607211230.bitmask,NCEI_NGA.union.nga_lead2.add_2015ntl.mask,timezone.shp,VBD_platforms-recurring_2015_r20170330.shp,999999,VBD_bridges_c20160811.shp,19.107107;17.397036;14.693351;9.872889;5.028845;0.164623;-4.717433;-2.668029;-0.463942;4.408493;9.296770;14.195400,76.296768;90.732086;104.737396;103.313332;102.017212;100.838966;99.779457;86.144508;72.459229;73.563164;74.566231;75.490944,npp_d20140716_t1940087_e1945491_b14080,141.247,45.6846,45.1658,-80.4103,30.5541,98.8057
25,VBD_npp_d20140716_t1943140_x0948856E_y053903N_l1671_s3033_v23,2017-05-23 13:09:12,5.390290,94.885612,7.06079,2014-07-16 19:43:14,2014-07-17 02:43:14,1671,3033,0.404002,1,2529,0.33344,0.14809,0.688655,0.4,0.776982,0.75,0.0483998,0.0001,0.0418102,999999,7.544758e-02,3,Indonesian Exclusive Economic Zone,WPP572,,SVDNB_npp_d20140716_t1940087_e1945491_b14080_c20140717014549591992_noaa_ops.h5,GDNBO_npp_d20140716_t1940087_e1945491_b14080_c20140717014549591757_noaa_ops.h5,SVI04_npp_d20140716_t1940087_e1945491_b14080_c20140717014549047847_noaa_ops.dspace_rad,VNFF_npp_d20140716_t1940087_e1945491_b14080_v21.csv,World_EEZ_v8_2014.shp,WPP_BFAR_merge.shp,KKP_IDN_merge_20161208.shp,VNF-VBD_npp_20120301-20151231_global_asia-enhanced_c201607211230.bitmask,NCEI_NGA.union.nga_lead2.add_2015ntl.mask,timezone.shp,VBD_platforms-recurring_2015_r20170330.shp,999999,VBD_bridges_c20160811.shp,19.107107;17.397036;14.693351;9.872889;5.028845;0.164623;-4.717433;-2.668029;-0.463942;4.408493;9.296770;14.195400,76.296768;90.732086;104.737396;103.313332;102.017212;100.838966;99.779457;86.144508;72.459229;73.563164;74.566231;75.490944,npp_d20140716_t1940087_e1945491_b14080,140.899,46.0654,47.2573,-80.4747,30.1194,99.0444
27,VBD_npp_d20140716_t1943265_x0949727E_y046277N_l1782_s3072_v23,2017-05-23 13:09:12,4.627741,94.972694,6.52671,2014-07-16 19:43:26,2014-07-17 02:43:26,1782,3072,0.403781,1,2529,0.298687,0.148907,0.596144,0.4,0.765581,0.75,0.048658,0.0001,0.0390941,999999,6.777404e-02,3,Indonesian Exclusive Economic Zone,WPP572,,SVDNB_npp_d20140716_t1940087_e1945491_b14080_c20140717014549591992_noaa_ops.h5,GDNBO_npp_d20140716_t1940087_e1945491_b14080_c20140717014549591757_noaa_ops.h5,SVI04_npp_d20140716_t1940087_e1945491_b14080_c20140717014549047847_noaa_ops.dspace_rad,VNFF_npp_d20140716_t1940087_e1945491_b14080_v21.csv,World_EEZ_v8_2014.shp,WPP_BFAR_merge.shp,KKP_IDN_merge_20161208.shp,VNF-VBD_npp_20120301-20151231_global_asia-enhanced_c201607211230.bitmask,NCEI_NGA.union.nga_lead2.add_2015ntl.mask,timezone.shp,VBD_platforms-recurring_2015_r20170330.shp,999999,VBD_bridges_c20160811.shp,19.107107;17.397036;14.693351;9.872889;5.028845;0.164623;-4.717433;-2.668029;-0.463942;4.408493;9.296770;14.195400,76.296768;90.732086;104.737396;103.313332;102.017212;100.838966;99.779457;86.144508;72.459229;73.563164;74.566231;75.490944,npp_d20140716_t1940087_e1945491_b14080,141.324,46.8812,48.4824,-80.6047,29.8689,97.757
28,VBD_npp_d20140716_t1943105_x0952558E_y055701N_l1635_s3081_v23,2017-05-23 13:09:12,5.570140,95.255821,5.45226,2014-07-16 19:43:10,2014-07-17 02:43:10,1635,3081,0.407924,2,2465,0.239852,0.195713,0.608837,0.4,0.69906,0.75,0.0486116,0.0001,0.0385712,999999,-3.719437e-01,3,Indonesian Exclusive Economic Zone,WPP572,Aceh Besar Regional Aquatic Conservation Area,SVDNB_npp_d20140716_t1940087_e1945491_b14080_c20140717014549591992_noaa_ops.h5,GDNBO_npp_d20140716_t1940087_e1945491_b14080_c20140717014549591757_noaa_ops.h5,SVI04_npp_d20140716_t1940087_e1945491_b14080_c20140717014549047847_noaa_ops.dspace_rad,VNFF_npp_d20140716_t1940087_e1945491_b14080_v21.csv,World_EEZ_v8_2014.shp,WPP_BFAR_merge.shp,KKP_IDN_merge_20161208.shp,VNF-VBD_npp_20120301-20151231_global_asia-enhanced_c201607211230.bitmask,NCEI_NGA.union.nga_lead2.add_2015ntl.mask,timezone.shp,VBD_platforms-recurring_2015_r20170330.shp,999999,VBD_bridges_c20160811.shp,19.107107;17.397036;14.693351;9.872889;5.028845;0.164623;-4.717433;-2.668029;-0.463942;4.408493;9.296770;14.195400,76.296768;90.732086;104.737396;103.313332;102.017212;100.838966;99.779457;86.144508;72.459229;73.563164;74.566231;75.490944,npp_d20140716_t1940087_e1945491_b14080,140.52,46.2403,48.7489,-80.6299,29.7938,99.494
29,VBD_npp_d20140716_t1943016_x0956654E_y060049N_l1560_s3125_v23,2017-05-23 13:09:12,6.004854,95.665436,8.11891,2014-07-16 19:43:01,2014-07-17 02:43:01,1560,3125,0.290474,1,2529,0.347185,0.18749,0.661744,0.4,0.762326,0.75,0.0488117,0.0001,0.0355411,999999,-2.946988e-01,3,Indonesian Exclusive Economic Zone,WPP571,,SVDNB_npp_d20140716_t1940087_e1945491_b14080_c20140717014549591992_noaa_ops.h5,GDNBO_npp_d20140716_t1940087_e1945491_b14080_c20140717014549591757_noaa_ops.h5,SVI04_npp_d20140716_t1940087_e1945491_b14080_c20140717014549047847_noaa_ops.dspace_rad,VNFF_npp_d20140716_t1940087_e1945491_b14080_v21.csv,World_EEZ_v8_2014.shp,WPP_BFAR_merge.shp,KKP_IDN_merge_20161208.shp,VNF-VBD_npp_20120301-20151231_global_asia-enhanced_c201607211230.bitmask,NCEI_NGA.union.nga_lead2.add_2015ntl.mask,timezone.shp,VBD_platforms-recurring_2015_r20170330.shp,999999,VBD_bridges_c20160811.shp,19.107107;17.397036;14.693351;9.872889;5.028845;0.164623;-4.717433;-2.668029;-0.463942;4.408493;9.296770;14.195400,76.296768;90.732086;104.737396;103.313332;102.017212;100.838966;99.779457;86.144508;72.459229;73.563164;74.566231;75.490944,npp_d20140716_t1940087_e1945491_b14080,139.951,46.2088,50.0663,-80.2576,29.4982,100.415
30,VBD_npp_d20140716_t1943283_x0955088E_y044017N_l1802_s3158_v23,2017-05-23 13:09:12,4.401680,95.508781,3.04353,2014-07-16 19:43:28,2014-07-17 02:43:28,1802,3158,0.402952,2,2209,0.166598,0.152292,0.578929,0.4,0.698004,0.75,0.0490026,0.0001,0.0331814,999999,3.597099e-02,3,Indonesian Exclusive Economic Zone,WPP572,,SVDNB_npp_d20140716_t1940087_e1945491_b14080_c20140717014549591992_noaa_ops.h5,GDNBO_npp_d20140716_t1940087_e1945491_b14080_c20140717014549591757_noaa_ops.h5,SVI04_npp_d20140716_t1940087_e1945491_b14080_c20140717014549047847_noaa_ops.dspace_rad,VNFF_npp_d20140716_t1940087_e1945491_b14080_v21.csv,World_EEZ_v8_2014.shp,WPP_BFAR_merge.shp,KKP_IDN_merge_20161208.shp,VNF-VBD_npp_20120301-20151231_global_asia-enhanced_c201607211230.bitmask,NCEI_NGA.union.nga_lead2.add_2015ntl.mask,timezone.shp,VBD_platforms-recurring_2015_r20170330.shp,999999,VBD_bridges_c20160811.shp,19.107107;17.397036;14.693351;9.872889;5.028845;0.164623;-4.717433;-2.668029;-0.463942;4.408493;9.296770;14.195400,76.296768;90.732086;104.737396;103.313332;102.017212;100.838966;99.779457;86.144508;72.459229;73.563164;74.566231;75.490944,npp_d20140716_t1940087_e1945491_b14080,141.08,47.588,51.0244,-80.3628,29.2933,97.5263
31,VBD_npp_d20140716_t1943283_x0955527E_y044218N_l1798_s3164_v23,2017-05-23 13:09:12,4.421813,95.552711,4.90303,2014-07-16 19:43:28,2014-07-17 02:43:28,1798,3164,0.388588,1,2529,0.270258,0.173912,0.681648,0.4,0.780425,0.75,0.0490287,0.0001,0.032816,999999,-1.671350e-01,3,Indonesian Exclusive Economic Zone,WPP572,,SVDNB_npp_d20140716_t1940087_e1945491_b14080_c20140717014549591992_noaa_ops.h5,GDNBO_npp_d20140716_t1940087_e1945491_b14080_c20140717014549591757_noaa_ops.h5,SVI04_npp_d20140716_t1940087_e1945491_b14080_c20140717014549047847_noaa_ops.dspace_rad,VNFF_npp_d20140716_t1940087_e1945491_b14080_v21.csv,World_EEZ_v8_2014.shp,WPP_BFAR_merge.shp,KKP_IDN_merge_20161208.shp,VNF-VBD_npp_20120301-20151231_global_asia-enhanced_c201607211230.bitmask,NCEI_NGA.union.nga_lead2.add_2015ntl.mask,timezone.shp,VBD_platforms-recurring_2015_r20170330.shp,999999,VBD_bridges_c20160811.shp,19.107107;17.397036;14.693351;9.872889;5.028845;0.164623;-4.717433;-2.668029;-0.463942;4.408493;9.296770;14.195400,76.296768;90.732086;104.737396;103.313332;102.017212;100.838966;99.779457;86.144508;72.459229;73.563164;74.566231;75.490944,npp_d20140716_t1940087_e1945491_b14080,141.034,47.6096,51.1951,-80.5627,29.2519,97.5765
32,VBD_npp_d20140716_t1943283_x0955636E_y044062N_l1800_s3166_v23,2017-05-23 13:09:12,4.406173,95.563591,3.70811,2014-07-16 19:43:28,2014-07-17 02:43:28,1800,3166,0.397427,2,2209,0.190865,0.169936,0.705625,0.4,0.680076,0.75,0.049036,0.0001,0.0326635,999999,-1.297851e-01,3,Indonesian Exclusive Economic Zone,WPP572,,SVDNB_npp_d20140716_t1940087_e1945491_b14080_c20140717014549591992_noaa_ops.h5,GDNBO_npp_d20140716_t1940087_e1945491_b14080_c20140717014549591757_noaa_ops.h5,SVI04_npp_d20140716_t1940087_e1945491_b14080_c20140717014549047847_noaa_ops.dspace_rad,VNFF_npp_d20140716_t1940087_e1945491_b14080_v21.csv,World_EEZ_v8_2014.shp,WPP_BFAR_merge.shp,KKP_IDN_merge_20161208.shp,VNF-VBD_npp_20120301-20151231_global_asia-enhanced_c201607211230.bitmask,NCEI_NGA.union.nga_lead2.add_2015ntl.mask,timezone.shp,VBD_platforms-recurring_2015_r20170330.shp,999999,VBD_bridges_c20160811.shp,19.107107;17.397036;14.693351;9.872889;5.028845;0.164623;-4.717433;-2.668029;-0.463942;4.408493;9.296770;14.195400,76.296768;90.732086;104.737396;103.313332;102.017212;100.838966;99.779457;86.144508;72.459229;73.563164;74.566231;75.490944,npp_d20140716_t1940087_e1945491_b14080,141.036,47.6337,51.2516,-80.4605,29.2389,97.5517
33,VBD_npp_d20140716_t1943301_x0957942E_y042107N_l1823_s3205_v23,2017-05-23 13:09:12,4.210656,95.794189,5.79499,2014-07-16 19:43:30,2014-07-17 02:43:30,1823,3205,0.253792,2,2465,0.237043,0.182811,0.498944,0.4,0.638082,0.75,0.0491855,0.0001,0.0299185,999999,-2.507405e-01,3,Indonesian Exclusive Economic Zone,WPP572,,SVDNB_npp_d20140716_t1940087_e1945491_b14080_c20140717014549591992_noaa_ops.h5,GDNBO_npp_d20140716_t1940087_e1945491_b14080_c20140717014549591757_noaa_ops.h5,SVI04_npp_d20140716_t1940087_e1945491_b14080_c20140717014549047847_noaa_ops.dspace_rad,VNFF_npp_d20140716_t1940087_e1945491_b14080_v21.csv,World_EEZ_v8_2014.shp,WPP_BFAR_merge.shp,KKP_IDN_merge_20161208.shp,VNF-VBD_npp_20120301-20151231_global_asia-enhanced_c201607211230.bitmask,NCEI_NGA.union.nga_lead2.add_2015ntl.mask,timezone.shp,VBD_platforms-recurring_2015_r20170330.shp,999999,VBD_bridges_c20160811.shp,19.107107;17.397036;14.693351;9.872889;5.028845;0.164623;-4.717433;-2.668029;-0.463942;4.408493;9.296770;14.195400,76.296768;90.732086;104.737396;103.313332;102.017212;100.838966;99.779457;86.144508;72.459229;73.563164;74.566231;75.490944,npp_d20140716_t1940087_e1945491_b14080,140.992,48.0275,52.3678,-80.111,28.9746,97.2702
36,VBD_npp_d20140716_t1944448_x0952753E_y001288S_l2483_s3276_v23,2017-05-23 13:09:12,-0.128820,95.275261,15.7016,2014-07-16 19:44:44,2014-07-17 01:44:44,2483,3276,0.363176,1,2529,0.595721,0.138626,0.820146,0.4,0.895437,0.75,0.0491555,0.0001,0.0238768,999999,1.643571e-01,3,Indonesian Exclusive Economic Zone,WPP572,,SVDNB_npp_d20140716_t1940087_e1945491_b14080_c20140717014549591992_noaa_ops.h5,GDNBO_npp_d20140716_t1940087_e1945491_b14080_c20140717014549591757_noaa_ops.h5,SVI04_npp_d20140716_t1940087_e1945491_b14080_c20140717014549047847_noaa_ops.dspace_rad,VNFF_npp_d20140716_t1940087_e1945491_b14080_v21.csv,World_EEZ_v8_2014.shp,WPP_BFAR_merge.shp,KKP_IDN_merge_20161208.shp,VNF-VBD_npp_20120301-20151231_global_asia-enhanced_c201607211230.bitmask,NCEI_NGA.union.nga_lead2.add_2015ntl.mask,timezone.shp,VBD_platforms-recurring_2015_r20170330.shp,999999,VBD_bridges_c20160811.shp,19.107107;17.397036;14.693351;9.872889;5.028845;0.164623;-4.717433;-2.668029;-0.463942;4.408493;9.296770;14.195400,76.296768;90.732086;104.737396;103.313332;102.017212;100.838966;99.779457;86.144508;72.459229;73.563164;74.566231;75.490944,npp_d20140716_t1940087_e1945491_b14080,143.937,52.1831,54.2882,-81.3316,28.9455,89.2354
42,VBD_npp_d20140716_t1944074_x0960311E_y019370N_l2156_s3317_v23,2017-05-23 13:09:12,1.936976,96.031067,7.89418,2014-07-16 19:44:07,2014-07-17 02:44:07,2156,3317,0.355552,1,2529,0.36514,0.177555,0.641825,0.4,0.820956,0.75,0.0494511,0.0001,0.0224022,999999,-2.013617e-01,3,Indonesian Exclusive Economic Zone,WPP572,,SVDNB_npp_d20140716_t1940087_e1945491_b14080_c20140717014549591992_noaa_ops.h5,GDNBO_npp_d20140716_t1940087_e1945491_b14080_c20140717014549591757_noaa_ops.h5,SVI04_npp_d20140716_t1940087_e1945491_b14080_c20140717014549047847_noaa_ops.dspace_rad,VNFF_npp_d20140716_t1940087_e1945491_b14080_v21.csv,World_EEZ_v8_2014.shp,WPP_BFAR_merge.shp,KKP_IDN_merge_20161208.shp,VNF-VBD_npp_20120301-20151231_global_asia-enhanced_c201607211230.bitmask,NCEI_NGA.union.nga_lead2.add_2015ntl.mask,timezone.shp,VBD_platforms-recurring_2015_r20170330.shp,999999,VBD_bridges_c20160811.shp,19.107107;17.397036;14.693351;9.872889;5.028845;0.164623;-4.717433;-2.668029;-0.463942;4.408493;9.296770;14.195400,76.296768;90.732086;104.737396;103.313332;102.017212;100.838966;99.779457;86.144508;72.459229;73.563164;74.566231;75.490944,npp_d20140716_t1940087_e1945491_b14080,142.178,50.5447,55.329,-80.5776,28.3737,93.1278
49,VBD_npp_d20140716_t1945328_x0951200E_y030710S_l2926_s3347_v23,2017-05-23 13:09:12,-3.070953,95.120018,4.48037,2014-07-16 19:45:32,2014-07-17 01:45:32,2926,3347,0.3708,1,2529,0.248126,0.188817,0.585784,0.4,0.768076,0.75,0.0490784,0.0001,0.0177111,999999,-3.071606e-01,3,,,,SVDNB_npp_d20140716_t1940087_e1945491_b14080_c20140717014549591992_noaa_ops.h5,GDNBO_npp_d20140716_t1940087_e1945491_b14080_c20140717014549591757_noaa_ops.h5,SVI04_npp_d20140716_t1940087_e1945491_b14080_c20140717014549047847_noaa_ops.dspace_rad,VNFF_npp_d20140716_t1940087_e1945491_b14080_v21.csv,World_EEZ_v8_2014.shp,WPP_BFAR_merge.shp,KKP_IDN_merge_20161208.shp,VNF-VBD_npp_20120301-20151231_global_asia-enhanced_c201607211230.bitmask,NCEI_NGA.union.nga_lead2.add_2015ntl.mask,timezone.shp,VBD_platforms-recurring_2015_r20170330.shp,999999,VBD_bridges_c20160811.shp,19.107107;17.397036;14.693351;9.872889;5.028845;0.164623;-4.717433;-2.668029;-0.463942;4.408493;9.296770;14.195400,76.296768;90.732086;104.737396;103.313332;102.017212;100.838966;99.779457;86.144508;72.459229;73.563164;74.566231;75.490944,npp_d20140716_t1940087_e1945491_b14080,145.636,55.5881,56.1024,-81.2585,29.0884,83.8214
50,VBD_npp_d20140716_t1943479_x0965214E_y030842N_l1973_s3349_v23,2017-05-23 13:09:12,3.084209,96.521355,9.81797,2014-07-16 19:43:47,2014-07-17 02:43:47,1973,3349,0.368645,1,2529,0.431516,0.170035,0.769439,0.4,0.831275,0.75,0.0496955,0.0001,0.0210567,999999,-1.060829e-01,3,Indonesian Exclusive Economic Zone,WPP572,,SVDNB_npp_d20140716_t1940087_e1945491_b14080_c20140717014549591992_noaa_ops.h5,GDNBO_npp_d20140716_t1940087_e1945491_b14080_c20140717014549591757_noaa_ops.h5,SVI04_npp_d20140716_t1940087_e1945491_b14080_c20140717014549047847_noaa_ops.dspace_rad,VNFF_npp_d20140716_t1940087_e1945491_b14080_v21.csv,World_EEZ_v8_2014.shp,WPP_BFAR_merge.shp,KKP_IDN_merge_20161208.shp,VNF-VBD_npp_20120301-20151231_global_asia-enhanced_c201607211230.bitmask,NCEI_NGA.union.nga_lead2.add_2015ntl.mask,timezone.shp,VBD_platforms-recurring_2015_r20170330.shp,999999,VBD_bridges_c20160811.shp,19.107107;17.397036;14.693351;9.872889;5.028845;0.164623;-4.717433;-2.668029;-0.463942;4.408493;9.296770;14.195400,76.296768;90.732086;104.737396;103.313332;102.017212;100.838966;99.779457;86.144508;72.459229;73.563164;74.566231;75.490944,npp_d20140716_t1940087_e1945491_b14080,141.13,49.7797,56.1438,-80.6959,28.0437,95.3815
52,VBD_npp_d20140716_t1943105_x0971284E_y052412N_l1636_s3362_v23,2017-05-23 13:09:12,5.241175,97.128403,14.2804,2014-07-16 19:43:10,2014-07-17 02:43:10,1636,3362,0.367264,7,2465,0.367615,0.169263,0.782288,0.4,0.710091,0.75,0.0497544,0.0001,0.0205837,999999,-9.894436e-02,3,,,,SVDNB_npp_d20140716_t1940087_e1945491_b14080_c20140717014549591992_noaa_ops.h5,GDNBO_npp_d20140716_t1940087_e1945491_b14080_c20140717014549591757_noaa_ops.h5,SVI04_npp_d20140716_t1940087_e1945491_b14080_c20140717014549047847_noaa_ops.dspace_rad,VNFF_npp_d20140716_t1940087_e1945491_b14080_v21.csv,World_EEZ_v8_2014.shp,WPP_BFAR_merge.shp,KKP_IDN_merge_20161208.shp,VNF-VBD_npp_20120301-20151231_global_asia-enhanced_c201607211230.bitmask,NCEI_NGA.union.nga_lead2.add_2015ntl.mask,timezone.shp,VBD_platforms-recurring_2015_r20170330.shp,999999,VBD_bridges_c20160811.shp,19.107107;17.397036;14.693351;9.872889;5.028845;0.164623;-4.717433;-2.668029;-0.463942;4.408493;9.296770;14.195400,76.296768;90.732086;104.737396;103.313332;102.017212;100.838966;99.779457;86.144508;72.459229;73.563164;74.566231;75.490944,npp_d20140716_t1940087_e1945491_b14080,139.374,48.2102,56.4655,-80.3614,27.8714,99.6437
53,VBD_npp_d20140716_t1943105_x0971419E_y052389N_l1636_s3364_v23,2017-05-23 13:09:12,5.238858,97.141891,21.8587,2014-07-16 19:43:10,2014-07-17 02:43:10,1636,3364,0.362016,11,18913,0.524663,0.148285,0.788565,0.4,0.787069,0.75,0.0497624,0.0001,0.020475,999999,9.509901e-02,3,Indonesian Exclusive Economic Zone,WPP571,,SVDNB_npp_d20140716_t1940087_e1945491_b14080_c20140717014549591992_noaa_ops.h5,GDNBO_npp_d20140716_t1940087_e1945491_b14080_c20140717014549591757_noaa_ops.h5,SVI04_npp_d20140716_t1940087_e1945491_b14080_c20140717014549047847_noaa_ops.dspace_rad,VNFF_npp_d20140716_t1940087_e1945491_b14080_v21.csv,World_EEZ_v8_2014.shp,WPP_BFAR_merge.shp,KKP_IDN_merge_20161208.shp,VNF-VBD_npp_20120301-20151231_global_asia-enhanced_c201607211230.bitmask,NCEI_NGA.union.nga_lead2.add_2015ntl.mask,timezone.shp,VBD_platforms-recurring_2015_r20170330.shp,0.536887,VBD_bridges_c20160811.shp,19.107107;17.397036;14.693351;9.872889;5.028845;0.164623;-4.717433;-2.668029;-0.463942;4.408493;9.296770;14.195400,76.296768;90.732086;104.737396;103.313332;102.017212;100.838966;99.779457;86.144508;72.459229;73.563164;74.566231;75.490944,npp_d20140716_t1940087_e1945491_b14080,139.366,48.2239,56.5149,-80.3601,27.8576,99.6449
55,VBD_npp_d20140716_t1943105_x0971462E_y052240N_l1638_s3365_v23,2017-05-23 13:09:12,5.223990,97.146210,4.19758,2014-07-16 19:43:10,2014-07-17 02:43:10,1638,3365,0.356049,7,2209,0.128908,0.12748,0.788565,0.4,0.457912,0.75,0.0497659,0.0001,0.0204211,999999,2.875361e-01,3,,,,SVDNB_npp_d20140716_t1940087_e1945491_b14080_c20140717014549591992_noaa_ops.h5,GDNBO_npp_d20140716_t1940087_e1945491_b14080_c20140717014549591757_noaa_ops.h5,SVI04_npp_d20140716_t1940087_e1945491_b14080_c20140717014549047847_noaa_ops.dspace_rad,VNFF_npp_d20140716_t1940087_e1945491_b14080_v21.csv,World_EEZ_v8_2014.shp,WPP_BFAR_merge.shp,KKP_IDN_merge_20161208.shp,VNF-VBD_npp_20120301-20151231_global_asia-enhanced_c201607211230.bitmask,NCEI_NGA.union.nga_lead2.add_2015ntl.mask,timezone.shp,VBD_platforms-recurring_2015_r20170330.shp,999999,VBD_bridges_c20160811.shp,19.107107;17.397036;14.693351;9.872889;5.028845;0.164623;-4.717433;-2.668029;-0.463942;4.408493;9.296770;14.195400,76.296768;90.732086;104.737396;103.313332;102.017212;100.838966;99.779457;86.144508;72.459229;73.563164;74.566231;75.490944,npp_d20140716_t1940087_e1945491_b14080,139.373,48.2405,56.5392,-80.2718,27.8508,99.6184
56,VBD_npp_d20140716_t1943105_x0971566E_y052434N_l1635_s3366_v23,2017-05-23 13:09:12,5.243394,97.156624,17.9905,2014-07-16 19:43:10,2014-07-17 02:43:10,1635,3366,0.359364,1,2529,0.566362,0.164958,0.788565,0.4,0.786194,0.75,0.0497707,0.0001,0.0203661,999999,-5.912510e-02,3,Indonesian Exclusive Economic Zone,WPP571,,SVDNB_npp_d20140716_t1940087_e1945491_b14080_c20140717014549591992_noaa_ops.h5,GDNBO_npp_d20140716_t1940087_e1945491_b14080_c20140717014549591757_noaa_ops.h5,SVI04_npp_d20140716_t1940087_e1945491_b14080_c20140717014549047847_noaa_ops.dspace_rad,VNFF_npp_d20140716_t1940087_e1945491_b14080_v21.csv,World_EEZ_v8_2014.shp,WPP_BFAR_merge.shp,KKP_IDN_merge_20161208.shp,VNF-VBD_npp_20120301-20151231_global_asia-enhanced_c201607211230.bitmask,NCEI_NGA.union.nga_lead2.add_2015ntl.mask,timezone.shp,VBD_platforms-recurring_2015_r20170330.shp,999999,VBD_bridges_c20160811.shp,19.107107;17.397036;14.693351;9.872889;5.028845;0.164623;-4.717433;-2.668029;-0.463942;4.408493;9.296770;14.195400,76.296768;90.732086;104.737396;103.313332;102.017212;100.838966;99.779457;86.144508;72.459229;73.563164;74.566231;75.490944,npp_d20140716_t1940087_e1945491_b14080,139.352,48.2327,56.5644,-80.4025,27.8437,99.6596
57,VBD_npp_d20140716_t1943105_x0971745E_y052262N_l1637_s3369_v23,2017-05-23 13:09:12,5.226179,97.174500,12.3528,2014-07-16 19:43:10,2014-07-17 02:43:10,1637,3369,0.350635,1,2529,0.462227,0.142073,0.773614,0.4,0.818374,0.75,0.0497821,0.0001,0.0202045,999999,1.525576e-01,3,Indonesian Exclusive Economic Zone,WPP571,,SVDNB_npp_d20140716_t1940087_e1945491_b14080_c20140717014549591992_noaa_ops.h5,GDNBO_npp_d20140716_t1940087_e1945491_b14080_c20140717014549591757_noaa_ops.h5,SVI04_npp_d20140716_t1940087_e1945491_b14080_c20140717014549047847_noaa_ops.dspace_rad,VNFF_npp_d20140716_t1940087_e1945491_b14080_v21.csv,World_EEZ_v8_2014.shp,WPP_BFAR_merge.shp,KKP_IDN_merge_20161208.shp,VNF-VBD_npp_20120301-20151231_global_asia-enhanced_c201607211230.bitmask,NCEI_NGA.union.nga_lead2.add_2015ntl.mask,timezone.shp,VBD_platforms-recurring_2015_r20170330.shp,999999,VBD_bridges_c20160811.shp,19.107107;17.397036;14.693351;9.872889;5.028845;0.164623;-4.717433;-2.668029;-0.463942;4.408493;9.296770;14.195400,76.296768;90.732086;104.737396;103.313332;102.017212;100.838966;99.779457;86.144508;72.459229;73.563164;74.566231;75.490944,npp_d20140716_t1940087_e1945491_b14080,139.35,48.2631,56.6381,-80.3131,27.8229,99.6342
62,VBD_npp_d20140716_t1944021_x0966847E_y021996N_l2101_s3402_v23,2017-05-23 13:09:12,2.199591,96.684669,8.28086,2014-07-16 19:44:02,2014-07-17 02:44:02,2101,3402,0.36417,1,2529,0.400062,0.170138,0.715037,0.4,0.841174,0.75,0.0498268,0.0001,0.0180684,999999,-1.070336e-01,3,Indonesian Exclusive Economic Zone,WPP572,,SVDNB_npp_d20140716_t1940087_e1945491_b14080_c20140717014549591992_noaa_ops.h5,GDNBO_npp_d20140716_t1940087_e1945491_b14080_c20140717014549591757_noaa_ops.h5,SVI04_npp_d20140716_t1940087_e1945491_b14080_c20140717014549047847_noaa_ops.dspace_rad,VNFF_npp_d20140716_t1940087_e1945491_b14080_v21.csv,World_EEZ_v8_2014.shp,WPP_BFAR_merge.shp,KKP_IDN_merge_20161208.shp,VNF-VBD_npp_20120301-20151231_global_asia-enhanced_c201607211230.bitmask,NCEI_NGA.union.nga_lead2.add_2015ntl.mask,timezone.shp,VBD_platforms-recurring_2015_r20170330.shp,999999,VBD_bridges_c20160811.shp,19.107107;17.397036;14.693351;9.872889;5.028845;0.164623;-4.717433;-2.668029;-0.463942;4.408493;9.296770;14.195400,76.296768;90.732086;104.737396;103.313332;102.017212;100.838966;99.779457;86.144508;72.459229;73.563164;74.566231;75.490944,npp_d20140716_t1940087_e1945491_b14080,141.524,50.8179,57.4391,-80.8134,27.7492,93.7249
63,VBD_npp_d20140716_t1944394_x0962580E_y000132S_l2442_s3413_v23,2017-05-23 13:09:12,-0.013162,96.258049,4.53402,2014-07-16 19:44:39,2014-07-17 01:44:39,2442,3413,0.341189,2,2209,0.186983,0.185115,0.450862,0.4,0.698014,0.75,0.0497377,0.0001,0.0166157,999999,-2.455697e-01,3,Indonesian Exclusive Economic Zone,WPP572,,SVDNB_npp_d20140716_t1940087_e1945491_b14080_c20140717014549591992_noaa_ops.h5,GDNBO_npp_d20140716_t1940087_e1945491_b14080_c20140717014549591757_noaa_ops.h5,SVI04_npp_d20140716_t1940087_e1945491_b14080_c20140717014549047847_noaa_ops.dspace_rad,VNFF_npp_d20140716_t1940087_e1945491_b14080_v21.csv,World_EEZ_v8_2014.shp,WPP_BFAR_merge.shp,KKP_IDN_merge_20161208.shp,VNF-VBD_npp_20120301-20151231_global_asia-enhanced_c201607211230.bitmask,NCEI_NGA.union.nga_lead2.add_2015ntl.mask,timezone.shp,VBD_platforms-recurring_2015_r20170330.shp,999999,VBD_bridges_c20160811.shp,19.107107;17.397036;14.693351;9.872889;5.028845;0.164623;-4.717433;-2.668029;-0.463942;4.408493;9.296770;14.195400,76.296768;90.732086;104.737396;103.313332;102.017212;100.838966;99.779457;86.144508;72.459229;73.563164;74.566231;75.490944,npp_d20140716_t1940087_e1945491_b14080,143.104,52.8484,57.7111,-80.9643,27.968,89.4314
64,VBD_npp_d20140716_t1942598_x0978383E_y057396N_l1543_s3445_v23,2017-05-23 13:09:12,5.739614,97.838333,9.23158,2014-07-16 19:42:59,2014-07-17 02:42:59,1543,3445,0.198161,4,18853,0.261918,0.172679,0.562723,0.4,0.628458,0.75,0.0501074,0.0001,0.0163692,999999,-1.305393e-01,3,Indonesian Exclusive Economic Zone,WPP571,,SVDNB_npp_d20140716_t1940087_e1945491_b14080_c20140717014549591992_noaa_ops.h5,GDNBO_npp_d20140716_t1940087_e1945491_b14080_c20140717014549591757_noaa_ops.h5,SVI04_npp_d20140716_t1940087_e1945491_b14080_c20140717014549047847_noaa_ops.dspace_rad,VNFF_npp_d20140716_t1940087_e1945491_b14080_v21.csv,World_EEZ_v8_2014.shp,WPP_BFAR_merge.shp,KKP_IDN_merge_20161208.shp,VNF-VBD_npp_20120301-20151231_global_asia-enhanced_c201607211230.bitmask,NCEI_NGA.union.nga_lead2.add_2015ntl.mask,timezone.shp,VBD_platforms-recurring_2015_r20170330.shp,0.601028,VBD_bridges_c20160811.shp,19.107107;17.397036;14.693351;9.872889;5.028845;0.164623;-4.717433;-2.668029;-0.463942;4.408493;9.296770;14.195400,76.296768;90.732086;104.737396;103.313332;102.017212;100.838966;99.779457;86.144508;72.459229;73.563164;74.566231;75.490944,npp_d20140716_t1940087_e1945491_b14080,138.548,48.3529,58.4568,-80.0622,27.2982,100.897
76,VBD_npp_d20140716_t1942367_x0984083E_y069982N_l1340_s3481_v23,2017-05-23 13:09:12,6.998236,98.408310,23.2669,2014-07-16 19:42:36,2014-07-17 02:42:36,1340,3481,0.167776,1,2529,0.582945,0.194503,0.707667,0.4,0.843176,0.75,0.0502736,0.0001,0.0146699,999999,-3.323976e-01,3,Thailand Exclusive Economic Zone,,,SVDNB_npp_d20140716_t1940087_e1945491_b14080_c20140717014549591992_noaa_ops.h5,GDNBO_npp_d20140716_t1940087_e1945491_b14080_c20140717014549591757_noaa_ops.h5,SVI04_npp_d20140716_t1940087_e1945491_b14080_c20140717014549047847_noaa_ops.dspace_rad,VNFF_npp_d20140716_t1940087_e1945491_b14080_v21.csv,World_EEZ_v8_2014.shp,WPP_BFAR_merge.shp,KKP_IDN_merge_20161208.shp,VNF-VBD_npp_20120301-20151231_global_asia-enhanced_c201607211230.bitmask,NCEI_NGA.union.nga_lead2.add_2015ntl.mask,timezone.shp,VBD_platforms-recurring_2015_r20170330.shp,999999,VBD_bridges_c20160811.shp,19.107107;17.397036;14.693351;9.872889;5.028845;0.164623;-4.717433;-2.668029;-0.463942;4.408493;9.296770;14.195400,76.296768;90.732086;104.737396;103.313332;102.017212;100.838966;99.779457;86.144508;72.459229;73.563164;74.566231;75.490944,npp_d20140716_t1940087_e1945491_b14080,137.357,47.7167,59.2764,-79.5823,27.0991,103.593
77,VBD_npp_d20140716_t1944021_x0972215E_y021244N_l2099_s3481_v23,2017-05-23 13:09:12,2.124415,97.221542,9.37643,2014-07-16 19:44:02,2014-07-17 02:44:02,2099,3481,0.371905,1,2529,0.444647,0.159977,0.774459,0.4,0.853018,0.75,0.0501398,0.0001,0.0144462,999999,-1.304675e-02,3,Indonesian Exclusive Economic Zone,WPP572,Kepulauan Banyak Marine Nature Recreational Park,SVDNB_npp_d20140716_t1940087_e1945491_b14080_c20140717014549591992_noaa_ops.h5,GDNBO_npp_d20140716_t1940087_e1945491_b14080_c20140717014549591757_noaa_ops.h5,SVI04_npp_d20140716_t1940087_e1945491_b14080_c20140717014549047847_noaa_ops.dspace_rad,VNFF_npp_d20140716_t1940087_e1945491_b14080_v21.csv,World_EEZ_v8_2014.shp,WPP_BFAR_merge.shp,KKP_IDN_merge_20161208.shp,VNF-VBD_npp_20120301-20151231_global_asia-enhanced_c201607211230.bitmask,NCEI_NGA.union.nga_lead2.add_2015ntl.mask,timezone.shp,VBD_platforms-recurring_2015_r20170330.shp,999999,VBD_bridges_c20160811.shp,19.107107;17.397036;14.693351;9.872889;5.028845;0.164623;-4.717433;-2.668029;-0.463942;4.408493;9.296770;14.195400,76.296768;90.732086;104.737396;103.313332;102.017212;100.838966;99.779457;86.144508;72.459229;73.563164;74.566231;75.490944,npp_d20140716_t1940087_e1945491_b14080,141.153,51.3325,59.2799,-80.8652,27.2005,93.6659
79,VBD_npp_d20140716_t1942367_x0984212E_y070305N_l1335_s3482_v23,2017-05-23 13:09:12,7.030493,98.421227,12.3408,2014-07-16 19:42:36,2014-07-17 02:42:36,1335,3482,0.136066,2,2465,0.317919,0.192715,0.701217,0.4,0.666595,0.75,0.0502776,0.0001,0.0145935,999999,-3.158621e-01,3,Thailand Exclusive Economic Zone,,,SVDNB_npp_d20140716_t1940087_e1945491_b14080_c20140717014549591992_noaa_ops.h5,GDNBO_npp_d20140716_t1940087_e1945491_b14080_c20140717014549591757_noaa_ops.h5,SVI04_npp_d20140716_t1940087_e1945491_b14080_c20140717014549047847_noaa_ops.dspace_rad,VNFF_npp_d20140716_t1940087_e1945491_b14080_v21.csv,World_EEZ_v8_2014.shp,WPP_BFAR_merge.shp,KKP_IDN_merge_20161208.shp,VNF-VBD_npp_20120301-20151231_global_asia-enhanced_c201607211230.bitmask,NCEI_NGA.union.nga_lead2.add_2015ntl.mask,timezone.shp,VBD_platforms-recurring_2015_r20170330.shp,999999,VBD_bridges_c20160811.shp,19.107107;17.397036;14.693351;9.872889;5.028845;0.164623;-4.717433;-2.668029;-0.463942;4.408493;9.296770;14.195400,76.296768;90.732086;104.737396;103.313332;102.017212;100.838966;99.779457;86.144508;72.459229;73.563164;74.566231;75.490944,npp_d20140716_t1940087_e1945491_b14080,137.325,47.7018,59.2989,-79.7776,27.0941,103.663
80,VBD_npp_d20140716_t1942367_x0984163E_y070037N_l1339_s3482_v23,2017-05-23 13:09:12,7.003705,98.416260,18.2127,2014-07-16 19:42:36,2014-07-17 02:42:36,1339,3482,0.218215,1,2529,0.49353,0.193319,0.707667,0.4,0.797954,0.75,0.0502775,0.0001,0.014621,999999,-3.214505e-01,3,Thailand Exclusive Economic Zone,,,SVDNB_npp_d20140716_t1940087_e1945491_b14080_c20140717014549591992_noaa_ops.h5,GDNBO_npp_d20140716_t1940087_e1945491_b14080_c20140717014549591757_noaa_ops.h5,SVI04_npp_d20140716_t1940087_e1945491_b14080_c20140717014549047847_noaa_ops.dspace_rad,VNFF_npp_d20140716_t1940087_e1945491_b14080_v21.csv,World_EEZ_v8_2014.shp,WPP_BFAR_merge.shp,KKP_IDN_merge_20161208.shp,VNF-VBD_npp_20120301-20151231_global_asia-enhanced_c201607211230.bitmask,NCEI_NGA.union.nga_lead2.add_2015ntl.mask,timezone.shp,VBD_platforms-recurring_2015_r20170330.shp,999999,VBD_bridges_c20160811.shp,19.107107;17.397036;14.693351;9.872889;5.028845;0.164623;-4.717433;-2.668029;-0.463942;4.408493;9.296770;14.195400,76.296768;90.732086;104.737396;103.313332;102.017212;100.838966;99.779457;86.144508;72.459229;73.563164;74.566231;75.490944,npp_d20140716_t1940087_e1945491_b14080,137.347,47.7191,59.2987,-79.6207,27.0926,103.608
98,VBD_npp_d20140716_t1942207_x0986882E_y079407N_l1192_s3487_v23,2017-05-23 13:09:12,7.940680,98.688187,9.62303,2014-07-16 19:42:20,2014-07-17 02:42:20,1192,3487,0.223076,2,2465,0.3091,0.18451,0.55107,0.4,0.67418,0.75,0.0501739,0.0001,0.0142282,999999,-2.399655e-01,3,Thailand Exclusive Economic Zone,,,SVDNB_npp_d20140716_t1940087_e1945491_b14080_c20140717014549591992_noaa_ops.h5,GDNBO_npp_d20140716_t1940087_e1945491_b14080_c20140717014549591757_noaa_ops.h5,SVI04_npp_d20140716_t1940087_e1945491_b14080_c20140717014549047847_noaa_ops.dspace_rad,VNFF_npp_d20140716_t1940087_e1945491_b14080_v21.csv,World_EEZ_v8_2014.shp,WPP_BFAR_merge.shp,KKP_IDN_merge_20161208.shp,VNF-VBD_npp_20120301-20151231_global_asia-enhanced_c201607211230.bitmask,NCEI_NGA.union.nga_lead2.add_2015ntl.mask,timezone.shp,VBD_platforms-recurring_2015_r20170330.shp,999999,VBD_bridges_c20160811.shp,19.107107;17.397036;14.693351;9.872889;5.028845;0.164623;-4.717433;-2.668029;-0.463942;4.408493;9.296770;14.195400,76.296768;90.732086;104.737396;103.313332;102.017212;100.838966;99.779457;86.144508;72.459229;73.563164;74.566231;75.490944,npp_d20140716_t1940087_e1945491_b14080,136.563,47.1542,59.4095,-79.5478,27.1301,105.547
126,VBD_npp_d20140716_t1943069_x0980474E_y053153N_l1601_s3490_v23,2017-05-23 13:09:12,5.315332,98.047379,11.9511,2014-07-16 19:43:06,2014-07-17 02:43:06,1601,3490,0.119382,8,18849,0.306599,0.20106,0.510088,0.4,0.670086,0.75,0.0502698,0.0001,0.0143888,999999,-3.930473e-01,3,Indonesian Exclusive Economic Zone,WPP571,,SVDNB_npp_d20140716_t1940087_e1945491_b14080_c20140717014549591992_noaa_ops.h5,GDNBO_npp_d20140716_t1940087_e1945491_b14080_c20140717014549591757_noaa_ops.h5,SVI04_npp_d20140716_t1940087_e1945491_b14080_c20140717014549047847_noaa_ops.dspace_rad,VNFF_npp_d20140716_t1940087_e1945491_b14080_v21.csv,World_EEZ_v8_2014.shp,WPP_BFAR_merge.shp,KKP_IDN_merge_20161208.shp,VNF-VBD_npp_20120301-20151231_global_asia-enhanced_c201607211230.bitmask,NCEI_NGA.union.nga_lead2.add_2015ntl.mask,timezone.shp,VBD_platforms-recurring_2015_r20170330.shp,0.428286,VBD_bridges_c20160811.shp,19.107107;17.397036;14.693351;9.872889;5.028845;0.164623;-4.717433;-2.668029;-0.463942;4.408493;9.296770;14.195400,76.296768;90.732086;104.737396;103.313332;102.017212;100.838966;99.779457;86.144508;72.459229;73.563164;74.566231;75.490944,npp_d20140716_t1940087_e1945491_b14080,138.65,48.9152,59.4777,-80.3443,26.9831,100.176
158,VBD_npp_d20140716_t1944021_x0972899E_y020369N_l2110_s3493_v23,2017-05-23 13:09:12,2.036939,97.289864,20.4656,2014-07-16 19:44:02,2014-07-17 02:44:02,2110,3493,0.372899,1,2529,0.72801,0.155825,0.860461,0.4,0.93382,0.75,0.0501787,0.0001,0.0138252,999999,2.535592e-02,3,Indonesian Exclusive Economic Zone,WPP572,Kepulauan Banyak Marine Nature Recreational Park,SVDNB_npp_d20140716_t1940087_e1945491_b14080_c20140717014549591992_noaa_ops.h5,GDNBO_npp_d20140716_t1940087_e1945491_b14080_c20140717014549591757_noaa_ops.h5,SVI04_npp_d20140716_t1940087_e1945491_b14080_c20140717014549047847_noaa_ops.dspace_rad,VNFF_npp_d20140716_t1940087_e1945491_b14080_v21.csv,World_EEZ_v8_2014.shp,WPP_BFAR_merge.shp,KKP_IDN_merge_20161208.shp,VNF-VBD_npp_20120301-20151231_global_asia-enhanced_c201607211230.bitmask,NCEI_NGA.union.nga_lead2.add_2015ntl.mask,timezone.shp,VBD_platforms-recurring_2015_r20170330.shp,999999,VBD_bridges_c20160811.shp,19.107107;17.397036;14.693351;9.872889;5.028845;0.164623;-4.717433;-2.668029;-0.463942;4.408493;9.296770;14.195400,76.296768;90.732086;104.737396;103.313332;102.017212;100.838966;99.779457;86.144508;72.459229;73.563164;74.566231;75.490944,npp_d20140716_t1940087_e1945491_b14080,141.155,51.4728,59.5472,-80.4303,27.1257,93.5034
217,VBD_npp_d20140716_t1942260_x0987045E_y076440N_l1236_s3500_v23,2017-05-23 13:09:12,7.644000,98.704521,13.4867,2014-07-16 19:42:26,2014-07-17 02:42:26,1236,3500,0.296606,2,2465,0.285367,0.194118,0.509725,0.4,0.635047,0.75,0.0502799,0.0001,0.0137058,999999,-3.288404e-01,3,Thailand Exclusive Economic Zone,,,SVDNB_npp_d20140716_t1940087_e1945491_b14080_c20140717014549591992_noaa_ops.h5,GDNBO_npp_d20140716_t1940087_e1945491_b14080_c20140717014549591757_noaa_ops.h5,SVI04_npp_d20140716_t1940087_e1945491_b14080_c20140717014549047847_noaa_ops.dspace_rad,VNFF_npp_d20140716_t1940087_e1945491_b14080_v21.csv,World_EEZ_v8_2014.shp,WPP_BFAR_merge.shp,KKP_IDN_merge_20161208.shp,VNF-VBD_npp_20120301-20151231_global_asia-enhanced_c201607211230.bitmask,NCEI_NGA.union.nga_lead2.add_2015ntl.mask,timezone.shp,VBD_platforms-recurring_2015_r20170330.shp,999999,VBD_bridges_c20160811.shp,19.107107;17.397036;14.693351;9.872889;5.028845;0.164623;-4.717433;-2.668029;-0.463942;4.408493;9.296770;14.195400,76.296768;90.732086;104.737396;103.313332;102.017212;100.838966;99.779457;86.144508;72.459229;73.563164;74.566231;75.490944,npp_d20140716_t1940087_e1945491_b14080,136.737,47.4178,59.7054,-79.7568,27.0139,105
250,VBD_npp_d20140716_t1942242_x0988134E_y076960N_l1225_s3513_v23,2017-05-23 13:09:12,7.695969,98.813416,8.49796,2014-07-16 19:42:24,2014-07-17 02:42:24,1225,3513,0.28948,2,2465,0.323533,0.195819,0.619881,0.4,0.745952,0.75,0.050316,0.0001,0.0132066,999999,-3.445684e-01,3,Thailand Exclusive Economic Zone,,,SVDNB_npp_d20140716_t1940087_e1945491_b14080_c20140717014549591992_noaa_ops.h5,GDNBO_npp_d20140716_t1940087_e1945491_b14080_c20140717014549591757_noaa_ops.h5,SVI04_npp_d20140716_t1940087_e1945491_b14080_c20140717014549047847_noaa_ops.dspace_rad,VNFF_npp_d20140716_t1940087_e1945491_b14080_v21.csv,World_EEZ_v8_2014.shp,WPP_BFAR_merge.shp,KKP_IDN_merge_20161208.shp,VNF-VBD_npp_20120301-20151231_global_asia-enhanced_c201607211230.bitmask,NCEI_NGA.union.nga_lead2.add_2015ntl.mask,timezone.shp,VBD_platforms-recurring_2015_r20170330.shp,999999,VBD_bridges_c20160811.shp,19.107107;17.397036;14.693351;9.872889;5.028845;0.164623;-4.717433;-2.668029;-0.463942;4.408493;9.296770;14.195400,76.296768;90.732086;104.737396;103.313332;102.017212;100.838966;99.779457;86.144508;72.459229;73.563164;74.566231;75.490944,npp_d20140716_t1940087_e1945491_b14080,136.627,47.4629,59.995,-79.527,26.9288,105.167
257,VBD_npp_d20140716_t1942224_x0988751E_y078415N_l1202_s3517_v23,2017-05-23 13:09:12,7.841527,98.875099,17.4925,2014-07-16 19:42:22,2014-07-17 02:42:22,1202,3517,0.255118,1,2529,0.544833,0.165287,0.69214,0.4,0.85017,0.75,0.0503022,0.0001,0.0129682,999999,-6.216951e-02,3,Thailand Exclusive Economic Zone,,,SVDNB_npp_d20140716_t1940087_e1945491_b14080_c20140717014549591992_noaa_ops.h5,GDNBO_npp_d20140716_t1940087_e1945491_b14080_c20140717014549591757_noaa_ops.h5,SVI04_npp_d20140716_t1940087_e1945491_b14080_c20140717014549047847_noaa_ops.dspace_rad,VNFF_npp_d20140716_t1940087_e1945491_b14080_v21.csv,World_EEZ_v8_2014.shp,WPP_BFAR_merge.shp,KKP_IDN_merge_20161208.shp,VNF-VBD_npp_20120301-20151231_global_asia-enhanced_c201607211230.bitmask,NCEI_NGA.union.nga_lead2.add_2015ntl.mask,timezone.shp,VBD_platforms-recurring_2015_r20170330.shp,999999,VBD_bridges_c20160811.shp,19.107107;17.397036;14.693351;9.872889;5.028845;0.164623;-4.717433;-2.668029;-0.463942;4.408493;9.296770;14.195400,76.296768;90.732086;104.737396;103.313332;102.017212;100.838966;99.779457;86.144508;72.459229;73.563164;74.566231;75.490944,npp_d20140716_t1940087_e1945491_b14080,136.489,47.3954,60.0811,-79.7764,26.915,105.485
314,VBD_npp_d20140716_t1942331_x0989012E_y071223N_l1308_s3546_v23,2017-05-23 13:09:12,7.122313,98.901154,9.1781,2014-07-16 19:42:33,2014-07-17 02:42:33,1308,3546,0.270807,2,2465,0.294248,0.158212,0.527091,0.4,0.647598,0.75,0.0505235,0.0001,0.0120582,999999,3.276598e-03,3,Thailand Exclusive Economic Zone,,,SVDNB_npp_d20140716_t1940087_e1945491_b14080_c20140717014549591992_noaa_ops.h5,GDNBO_npp_d20140716_t1940087_e1945491_b14080_c20140717014549591757_noaa_ops.h5,SVI04_npp_d20140716_t1940087_e1945491_b14080_c20140717014549047847_noaa_ops.dspace_rad,VNFF_npp_d20140716_t1940087_e1945491_b14080_v21.csv,World_EEZ_v8_2014.shp,WPP_BFAR_merge.shp,KKP_IDN_merge_20161208.shp,VNF-VBD_npp_20120301-20151231_global_asia-enhanced_c201607211230.bitmask,NCEI_NGA.union.nga_lead2.add_2015ntl.mask,timezone.shp,VBD_platforms-recurring_2015_r20170330.shp,999999,VBD_bridges_c20160811.shp,19.107107;17.397036;14.693351;9.872889;5.028845;0.164623;-4.717433;-2.668029;-0.463942;4.408493;9.296770;14.195400,76.296768;90.732086;104.737396;103.313332;102.017212;100.838966;99.779457;86.144508;72.459229;73.563164;74.566231;75.490944,npp_d20140716_t1940087_e1945491_b14080,136.922,48.0193,60.7062,-79.4899,26.661,104.124
326,VBD_npp_d20140716_t1944003_x0977144E_y020718N_l2094_s3552_v23,2017-05-23 13:09:12,2.071820,97.714363,3.55803,2014-07-16 19:44:00,2014-07-17 02:44:00,2094,3552,0.3866,2,2209,0.16223,0.127286,0.480302,0.4,0.657745,0.75,0.0504163,0.0001,0.0115833,999999,2.893292e-01,3,Indonesian Exclusive Economic Zone,WPP572,,SVDNB_npp_d20140716_t1940087_e1945491_b14080_c20140717014549591992_noaa_ops.h5,GDNBO_npp_d20140716_t1940087_e1945491_b14080_c20140717014549591757_noaa_ops.h5,SVI04_npp_d20140716_t1940087_e1945491_b14080_c20140717014549047847_noaa_ops.dspace_rad,VNFF_npp_d20140716_t1940087_e1945491_b14080_v21.csv,World_EEZ_v8_2014.shp,WPP_BFAR_merge.shp,KKP_IDN_merge_20161208.shp,VNF-VBD_npp_20120301-20151231_global_asia-enhanced_c201607211230.bitmask,NCEI_NGA.union.nga_lead2.add_2015ntl.mask,timezone.shp,VBD_platforms-recurring_2015_r20170330.shp,999999,VBD_bridges_c20160811.shp,19.107107;17.397036;14.693351;9.872889;5.028845;0.164623;-4.717433;-2.668029;-0.463942;4.408493;9.296770;14.195400,76.296768;90.732086;104.737396;103.313332;102.017212;100.838966;99.779457;86.144508;72.459229;73.563164;74.566231;75.490944,npp_d20140716_t1940087_e1945491_b14080,140.806,51.7734,60.8418,-80.3986,26.7051,93.6407
329,VBD_npp_d20140716_t1944288_x0973759E_y004350N_l2348_s3558_v23,2017-05-23 13:09:12,0.434990,97.375923,4.20096,2014-07-16 19:44:28,2014-07-17 02:44:28,2348,3558,0.36522,1,2529,0.219741,0.181625,0.573023,0.4,0.772046,0.75,0.0503416,0.0001,0.0109787,999999,-2.132837e-01,3,Indonesian Exclusive Economic Zone,WPP572,,SVDNB_npp_d20140716_t1940087_e1945491_b14080_c20140717014549591992_noaa_ops.h5,GDNBO_npp_d20140716_t1940087_e1945491_b14080_c20140717014549591757_noaa_ops.h5,SVI04_npp_d20140716_t1940087_e1945491_b14080_c20140717014549047847_noaa_ops.dspace_rad,VNFF_npp_d20140716_t1940087_e1945491_b14080_v21.csv,World_EEZ_v8_2014.shp,WPP_BFAR_merge.shp,KKP_IDN_merge_20161208.shp,VNF-VBD_npp_20120301-20151231_global_asia-enhanced_c201607211230.bitmask,NCEI_NGA.union.nga_lead2.add_2015ntl.mask,timezone.shp,VBD_platforms-recurring_2015_r20170330.shp,999999,VBD_bridges_c20160811.shp,19.107107;17.397036;14.693351;9.872889;5.028845;0.164623;-4.717433;-2.668029;-0.463942;4.408493;9.296770;14.195400,76.296768;90.732086;104.737396;103.313332;102.017212;100.838966;99.779457;86.144508;72.459229;73.563164;74.566231;75.490944,npp_d20140716_t1940087_e1945491_b14080,141.977,53.2274,60.9678,-80.7875,26.8751,90.3127
346,VBD_npp_d20140716_t1942331_x0990358E_y071399N_l1302_s3565_v23,2017-05-23 13:09:12,7.139877,99.035805,45.5268,2014-07-16 19:42:33,2014-07-17 02:42:33,1302,3565,0.324615,8,18913,0.849813,0.15428,0.783161,0.4,0.92484,0.75,0.0505964,0.0001,0.0113486,999999,3.964850e-02,3,Thailand Exclusive Economic Zone,,,SVDNB_npp_d20140716_t1940087_e1945491_b14080_c20140717014549591992_noaa_ops.h5,GDNBO_npp_d20140716_t1940087_e1945491_b14080_c20140717014549591757_noaa_ops.h5,SVI04_npp_d20140716_t1940087_e1945491_b14080_c20140717014549047847_noaa_ops.dspace_rad,VNFF_npp_d20140716_t1940087_e1945491_b14080_v21.csv,World_EEZ_v8_2014.shp,WPP_BFAR_merge.shp,KKP_IDN_merge_20161208.shp,VNF-VBD_npp_20120301-20151231_global_asia-enhanced_c201607211230.bitmask,NCEI_NGA.union.nga_lead2.add_2015ntl.mask,timezone.shp,VBD_platforms-recurring_2015_r20170330.shp,0.337521,VBD_bridges_c20160811.shp,19.107107;17.397036;14.693351;9.872889;5.028845;0.164623;-4.717433;-2.668029;-0.463942;4.408493;9.296770;14.195400,76.296768;90.732086;104.737396;103.313332;102.017212;100.838966;99.779457;86.144508;72.459229;73.563164;74.566231;75.490944,npp_d20140716_t1940087_e1945491_b14080,136.81,48.1173,61.1053,-79.7019,26.5337,104.242
361,VBD_npp_d20140716_t1942331_x0990987E_y071076N_l1305_s3575_v23,2017-05-23 13:09:12,7.107612,99.098717,8.79207,2014-07-16 19:42:33,2014-07-17 02:42:33,1305,3575,0.252963,8,18849,0.31697,0.216818,0.850718,0.4,0.704917,0.75,0.0506342,0.0001,0.0110266,999999,-5.388050e-01,3,Thailand Exclusive Economic Zone,,,SVDNB_npp_d20140716_t1940087_e1945491_b14080_c20140717014549591992_noaa_ops.h5,GDNBO_npp_d20140716_t1940087_e1945491_b14080_c20140717014549591757_noaa_ops.h5,SVI04_npp_d20140716_t1940087_e1945491_b14080_c20140717014549047847_noaa_ops.dspace_rad,VNFF_npp_d20140716_t1940087_e1945491_b14080_v21.csv,World_EEZ_v8_2014.shp,WPP_BFAR_merge.shp,KKP_IDN_merge_20161208.shp,VNF-VBD_npp_20120301-20151231_global_asia-enhanced_c201607211230.bitmask,NCEI_NGA.union.nga_lead2.add_2015ntl.mask,timezone.shp,VBD_platforms-recurring_2015_r20170330.shp,0.162743,VBD_bridges_c20160811.shp,19.107107;17.397036;14.693351;9.872889;5.028845;0.164623;-4.717433;-2.668029;-0.463942;4.408493;9.296770;14.195400,76.296768;90.732086;104.737396;103.313332;102.017212;100.838966;99.779457;86.144508;72.459229;73.563164;74.566231;75.490944,npp_d20140716_t1940087_e1945491_b14080,136.785,48.1951,61.3121,-79.583,26.4642,104.217
367,VBD_npp_d20140716_t1942331_x0991004E_y070795N_l1309_s3576_v23,2017-05-23 13:09:12,7.079543,99.100403,15.9046,2014-07-16 19:42:33,2014-07-17 02:42:33,1309,3576,0.295281,2,2465,0.451497,0.171276,0.792771,0.4,0.67118,0.75,0.0506379,0.0001,0.0110152,999999,-1.175642e-01,3,Thailand Exclusive Economic Zone,,,SVDNB_npp_d20140716_t1940087_e1945491_b14080_c20140717014549591992_noaa_ops.h5,GDNBO_npp_d20140716_t1940087_e1945491_b14080_c20140717014549591757_noaa_ops.h5,SVI04_npp_d20140716_t1940087_e1945491_b14080_c20140717014549047847_noaa_ops.dspace_rad,VNFF_npp_d20140716_t1940087_e1945491_b14080_v21.csv,World_EEZ_v8_2014.shp,WPP_BFAR_merge.shp,KKP_IDN_merge_20161208.shp,VNF-VBD_npp_20120301-20151231_global_asia-enhanced_c201607211230.bitmask,NCEI_NGA.union.nga_lead2.add_2015ntl.mask,timezone.shp,VBD_platforms-recurring_2015_r20170330.shp,999999,VBD_bridges_c20160811.shp,19.107107;17.397036;14.693351;9.872889;5.028845;0.164623;-4.717433;-2.668029;-0.463942;4.408493;9.296770;14.195400,76.296768;90.732086;104.737396;103.313332;102.017212;100.838966;99.779457;86.144508;72.459229;73.563164;74.566231;75.490944,npp_d20140716_t1940087_e1945491_b14080,136.803,48.2187,61.3328,-79.4349,26.4556,104.162
371,VBD_npp_d20140716_t1942331_x0991172E_y071320N_l1301_s3577_v23,2017-05-23 13:09:12,7.131992,99.117188,62.4621,2014-07-16 19:42:33,2014-07-17 02:42:33,1301,3577,0.337598,8,18913,1.03312,0.155062,0.871233,0.4,0.949574,0.75,0.0506417,0.0001,0.010935,999999,3.241439e-02,3,Thailand Exclusive Economic Zone,,,SVDNB_npp_d20140716_t1940087_e1945491_b14080_c20140717014549591992_noaa_ops.h5,GDNBO_npp_d20140716_t1940087_e1945491_b14080_c20140717014549591757_noaa_ops.h5,SVI04_npp_d20140716_t1940087_e1945491_b14080_c20140717014549047847_noaa_ops.dspace_rad,VNFF_npp_d20140716_t1940087_e1945491_b14080_v21.csv,World_EEZ_v8_2014.shp,WPP_BFAR_merge.shp,KKP_IDN_merge_20161208.shp,VNF-VBD_npp_20120301-20151231_global_asia-enhanced_c201607211230.bitmask,NCEI_NGA.union.nga_lead2.add_2015ntl.mask,timezone.shp,VBD_platforms-recurring_2015_r20170330.shp,0.159812,VBD_bridges_c20160811.shp,19.107107;17.397036;14.693351;9.872889;5.028845;0.164623;-4.717433;-2.668029;-0.463942;4.408493;9.296770;14.195400,76.296768;90.732086;104.737396;103.313332;102.017212;100.838966;99.779457;86.144508;72.459229;73.563164;74.566231;75.490944,npp_d20140716_t1940087_e1945491_b14080,136.755,48.191,61.354,-79.7287,26.4523,104.277
374,VBD_npp_d20140716_t1942331_x0991277E_y071509N_l1298_s3578_v23,2017-05-23 13:09:12,7.150909,99.127708,24.0367,2014-07-16 19:42:33,2014-07-17 02:42:33,1298,3578,0.344393,1,2529,0.665413,0.177595,0.849581,0.4,0.836437,0.75,0.0506455,0.0001,0.0108823,999999,-1.760083e-01,3,Thailand Exclusive Economic Zone,,,SVDNB_npp_d20140716_t1940087_e1945491_b14080_c20140717014549591992_noaa_ops.h5,GDNBO_npp_d20140716_t1940087_e1945491_b14080_c20140717014549591757_noaa_ops.h5,SVI04_npp_d20140716_t1940087_e1945491_b14080_c20140717014549047847_noaa_ops.dspace_rad,VNFF_npp_d20140716_t1940087_e1945491_b14080_v21.csv,World_EEZ_v8_2014.shp,WPP_BFAR_merge.shp,KKP_IDN_merge_20161208.shp,VNF-VBD_npp_20120301-20151231_global_asia-enhanced_c201607211230.bitmask,NCEI_NGA.union.nga_lead2.add_2015ntl.mask,timezone.shp,VBD_platforms-recurring_2015_r20170330.shp,999999,VBD_bridges_c20160811.shp,19.107107;17.397036;14.693351;9.872889;5.028845;0.164623;-4.717433;-2.668029;-0.463942;4.408493;9.296770;14.195400,76.296768;90.732086;104.737396;103.313332;102.017212;100.838966;99.779457;86.144508;72.459229;73.563164;74.566231;75.490944,npp_d20140716_t1940087_e1945491_b14080,136.735,48.1847,61.3752,-79.8383,26.4467,104.321
392,VBD_npp_d20140716_t1942367_x0991153E_y069390N_l1330_s3584_v23,2017-05-23 13:09:12,6.938987,99.115273,20.3827,2014-07-16 19:42:36,2014-07-17 02:42:36,1330,3584,0.139823,8,18913,0.490365,0.177248,0.687402,0.4,0.793182,0.75,0.0506674,0.0001,0.0107133,999999,-1.727968e-01,3,Thailand Exclusive Economic Zone,,,SVDNB_npp_d20140716_t1940087_e1945491_b14080_c20140717014549591992_noaa_ops.h5,GDNBO_npp_d20140716_t1940087_e1945491_b14080_c20140717014549591757_noaa_ops.h5,SVI04_npp_d20140716_t1940087_e1945491_b14080_c20140717014549047847_noaa_ops.dspace_rad,VNFF_npp_d20140716_t1940087_e1945491_b14080_v21.csv,World_EEZ_v8_2014.shp,WPP_BFAR_merge.shp,KKP_IDN_merge_20161208.shp,VNF-VBD_npp_20120301-20151231_global_asia-enhanced_c201607211230.bitmask,NCEI_NGA.union.nga_lead2.add_2015ntl.mask,timezone.shp,VBD_platforms-recurring_2015_r20170330.shp,0.427075,VBD_bridges_c20160811.shp,19.107107;17.397036;14.693351;9.872889;5.028845;0.164623;-4.717433;-2.668029;-0.463942;4.408493;9.296770;14.195400,76.296768;90.732086;104.737396;103.313332;102.017212;100.838966;99.779457;86.144508;72.459229;73.563164;74.566231;75.490944,npp_d20140716_t1940087_e1945491_b14080,136.874,48.3552,61.4975,-79.8762,26.3924,103.9
393,VBD_npp_d20140716_t1942367_x0991090E_y069053N_l1335_s3584_v23,2017-05-23 13:09:12,6.905326,99.108955,11.9671,2014-07-16 19:42:36,2014-07-17 02:42:36,1335,3584,0.10071,8,18849,0.312503,0.189172,0.616618,0.4,0.65189,0.75,0.0506673,0.0001,0.0107413,999999,-2.830939e-01,3,Thailand Exclusive Economic Zone,,,SVDNB_npp_d20140716_t1940087_e1945491_b14080_c20140717014549591992_noaa_ops.h5,GDNBO_npp_d20140716_t1940087_e1945491_b14080_c20140717014549591757_noaa_ops.h5,SVI04_npp_d20140716_t1940087_e1945491_b14080_c20140717014549047847_noaa_ops.dspace_rad,VNFF_npp_d20140716_t1940087_e1945491_b14080_v21.csv,World_EEZ_v8_2014.shp,WPP_BFAR_merge.shp,KKP_IDN_merge_20161208.shp,VNF-VBD_npp_20120301-20151231_global_asia-enhanced_c201607211230.bitmask,NCEI_NGA.union.nga_lead2.add_2015ntl.mask,timezone.shp,VBD_platforms-recurring_2015_r20170330.shp,0.34135,VBD_bridges_c20160811.shp,19.107107;17.397036;14.693351;9.872889;5.028845;0.164623;-4.717433;-2.668029;-0.463942;4.408493;9.296770;14.195400,76.296768;90.732086;104.737396;103.313332;102.017212;100.838966;99.779457;86.144508;72.459229;73.563164;74.566231;75.490944,npp_d20140716_t1940087_e1945491_b14080,136.901,48.3768,61.4968,-79.6923,26.3904,103.829
394,VBD_npp_d20140716_t1943194_x0984898E_y043986N_l1726_s3584_v23,2017-05-23 13:09:12,4.398615,98.489769,8.47307,2014-07-16 19:43:19,2014-07-17 02:43:19,1726,3584,0.382346,1,2529,0.391663,0.143364,0.71367,0.4,0.802007,0.75,0.0506435,0.0001,0.0108187,999999,1.406111e-01,3,Indonesian Exclusive Economic Zone,WPP571,,SVDNB_npp_d20140716_t1940087_e1945491_b14080_c20140717014549591992_noaa_ops.h5,GDNBO_npp_d20140716_t1940087_e1945491_b14080_c20140717014549591757_noaa_ops.h5,SVI04_npp_d20140716_t1940087_e1945491_b14080_c20140717014549047847_noaa_ops.dspace_rad,VNFF_npp_d20140716_t1940087_e1945491_b14080_v21.csv,World_EEZ_v8_2014.shp,WPP_BFAR_merge.shp,KKP_IDN_merge_20161208.shp,VNF-VBD_npp_20120301-20151231_global_asia-enhanced_c201607211230.bitmask,NCEI_NGA.union.nga_lead2.add_2015ntl.mask,timezone.shp,VBD_platforms-recurring_2015_r20170330.shp,999999,VBD_bridges_c20160811.shp,19.107107;17.397036;14.693351;9.872889;5.028845;0.164623;-4.717433;-2.668029;-0.463942;4.408493;9.296770;14.195400,76.296768;90.732086;104.737396;103.313332;102.017212;100.838966;99.779457;86.144508;72.459229;73.563164;74.566231;75.490944,npp_d20140716_t1940087_e1945491_b14080,138.871,50.1172,61.5002,-79.9393,26.3397,98.5411
417,VBD_npp_d20140716_t1942385_x0991881E_y067974N_l1349_s3599_v23,2017-05-23 13:09:12,6.797410,99.188118,14.4672,2014-07-16 19:42:38,2014-07-17 02:42:38,1349,3599,0.352238,1,2529,0.51897,0.162932,0.793742,0.4,0.850321,0.75,0.0507232,0.0001,0.0102452,999999,-4.038039e-02,3,Thailand Exclusive Economic Zone,,,SVDNB_npp_d20140716_t1940087_e1945491_b14080_c20140717014549591992_noaa_ops.h5,GDNBO_npp_d20140716_t1940087_e1945491_b14080_c20140717014549591757_noaa_ops.h5,SVI04_npp_d20140716_t1940087_e1945491_b14080_c20140717014549047847_noaa_ops.dspace_rad,VNFF_npp_d20140716_t1940087_e1945491_b14080_v21.csv,World_EEZ_v8_2014.shp,WPP_BFAR_merge.shp,KKP_IDN_merge_20161208.shp,VNF-VBD_npp_20120301-20151231_global_asia-enhanced_c201607211230.bitmask,NCEI_NGA.union.nga_lead2.add_2015ntl.mask,timezone.shp,VBD_platforms-recurring_2015_r20170330.shp,999999,VBD_bridges_c20160811.shp,19.107107;17.397036;14.693351;9.872889;5.028845;0.164623;-4.717433;-2.668029;-0.463942;4.408493;9.296770;14.195400,76.296768;90.732086;104.737396;103.313332;102.017212;100.838966;99.779457;86.144508;72.459229;73.563164;74.566231;75.490944,npp_d20140716_t1940087_e1945491_b14080,136.909,48.5344,61.811,-79.7728,26.2797,103.665
420,VBD_npp_d20140716_t1942331_x0992742E_y070683N_l1306_s3601_v23,2017-05-23 13:09:12,7.068333,99.274216,38.7774,2014-07-16 19:42:33,2014-07-17 02:42:33,1306,3601,0.317876,1,2529,0.865735,0.170846,0.847411,0.4,0.935363,0.75,0.0507314,0.0001,0.0101691,999999,-1.135818e-01,3,Thailand Exclusive Economic Zone,,,SVDNB_npp_d20140716_t1940087_e1945491_b14080_c20140717014549591992_noaa_ops.h5,GDNBO_npp_d20140716_t1940087_e1945491_b14080_c20140717014549591757_noaa_ops.h5,SVI04_npp_d20140716_t1940087_e1945491_b14080_c20140717014549047847_noaa_ops.dspace_rad,VNFF_npp_d20140716_t1940087_e1945491_b14080_v21.csv,World_EEZ_v8_2014.shp,WPP_BFAR_merge.shp,KKP_IDN_merge_20161208.shp,VNF-VBD_npp_20120301-20151231_global_asia-enhanced_c201607211230.bitmask,NCEI_NGA.union.nga_lead2.add_2015ntl.mask,timezone.shp,VBD_platforms-recurring_2015_r20170330.shp,999999,VBD_bridges_c20160811.shp,19.107107;17.397036;14.693351;9.872889;5.028845;0.164623;-4.717433;-2.668029;-0.463942;4.408493;9.296770;14.195400,76.296768;90.732086;104.737396;103.313332;102.017212;100.838966;99.779457;86.144508;72.459229;73.563164;74.566231;75.490944,npp_d20140716_t1940087_e1945491_b14080,136.682,48.371,61.8538,-79.5251,26.2829,104.248
421,VBD_npp_d20140716_t1942402_x0991628E_y066182N_l1376_s3601_v23,2017-05-23 13:09:12,6.618194,99.162796,70.7253,2014-07-16 19:42:40,2014-07-17 02:42:40,1376,3601,0.354447,8,18913,0.991392,0.132493,0.841095,0.4,0.891977,0.75,0.0507303,0.0001,0.0102338,999999,2.411652e-01,3,Thailand Exclusive Economic Zone,,,SVDNB_npp_d20140716_t1940087_e1945491_b14080_c20140717014549591992_noaa_ops.h5,GDNBO_npp_d20140716_t1940087_e1945491_b14080_c20140717014549591757_noaa_ops.h5,SVI04_npp_d20140716_t1940087_e1945491_b14080_c20140717014549047847_noaa_ops.dspace_rad,VNFF_npp_d20140716_t1940087_e1945491_b14080_v21.csv,World_EEZ_v8_2014.shp,WPP_BFAR_merge.shp,KKP_IDN_merge_20161208.shp,VNF-VBD_npp_20120301-20151231_global_asia-enhanced_c201607211230.bitmask,NCEI_NGA.union.nga_lead2.add_2015ntl.mask,timezone.shp,VBD_platforms-recurring_2015_r20170330.shp,0.172998,VBD_bridges_c20160811.shp,19.107107;17.397036;14.693351;9.872889;5.028845;0.164623;-4.717433;-2.668029;-0.463942;4.408493;9.296770;14.195400,76.296768;90.732086;104.737396;103.313332;102.017212;100.838966;99.779457;86.144508;72.459229;73.563164;74.566231;75.490944,npp_d20140716_t1940087_e1945491_b14080,137.041,48.6637,61.8544,-79.392,26.2551,103.294
424,VBD_npp_d20140716_t1942331_x0992735E_y070263N_l1312_s3602_v23,2017-05-23 13:09:12,7.026328,99.273506,41.9006,2014-07-16 19:42:33,2014-07-17 02:42:33,1312,3602,0.275393,1,2529,0.78054,0.164414,0.815687,0.4,0.886815,0.75,0.050735,0.0001,0.0101668,999999,-5.409267e-02,3,Thailand Exclusive Economic Zone,,,SVDNB_npp_d20140716_t1940087_e1945491_b14080_c20140717014549591992_noaa_ops.h5,GDNBO_npp_d20140716_t1940087_e1945491_b14080_c20140717014549591757_noaa_ops.h5,SVI04_npp_d20140716_t1940087_e1945491_b14080_c20140717014549047847_noaa_ops.dspace_rad,VNFF_npp_d20140716_t1940087_e1945491_b14080_v21.csv,World_EEZ_v8_2014.shp,WPP_BFAR_merge.shp,KKP_IDN_merge_20161208.shp,VNF-VBD_npp_20120301-20151231_global_asia-enhanced_c201607211230.bitmask,NCEI_NGA.union.nga_lead2.add_2015ntl.mask,timezone.shp,VBD_platforms-recurring_2015_r20170330.shp,999999,VBD_bridges_c20160811.shp,19.107107;17.397036;14.693351;9.872889;5.028845;0.164623;-4.717433;-2.668029;-0.463942;4.408493;9.296770;14.195400,76.296768;90.732086;104.737396;103.313332;102.017212;100.838966;99.779457;86.144508;72.459229;73.563164;74.566231;75.490944,npp_d20140716_t1940087_e1945491_b14080,136.71,48.4037,61.8748,-79.3046,26.2731,104.164
425,VBD_npp_d20140716_t1942420_x0991631E_y066159N_l1377_s3602_v23,2017-05-23 13:09:12,6.615949,99.163139,73.0515,2014-07-16 19:42:42,2014-07-17 02:42:42,1377,3602,0.354447,8,18913,1.0303,0.134253,0.841095,0.4,0.94765,0.75,0.050734,0.0001,0.0101443,999999,2.248870e-01,3,Thailand Exclusive Economic Zone,,,SVDNB_npp_d20140716_t1940087_e1945491_b14080_c20140717014549591992_noaa_ops.h5,GDNBO_npp_d20140716_t1940087_e1945491_b14080_c20140717014549591757_noaa_ops.h5,SVI04_npp_d20140716_t1940087_e1945491_b14080_c20140717014549047847_noaa_ops.dspace_rad,VNFF_npp_d20140716_t1940087_e1945491_b14080_v21.csv,World_EEZ_v8_2014.shp,WPP_BFAR_merge.shp,KKP_IDN_merge_20161208.shp,VNF-VBD_npp_20120301-20151231_global_asia-enhanced_c201607211230.bitmask,NCEI_NGA.union.nga_lead2.add_2015ntl.mask,timezone.shp,VBD_platforms-recurring_2015_r20170330.shp,0.106553,VBD_bridges_c20160811.shp,19.107107;17.397036;14.693351;9.872889;5.028845;0.164623;-4.717433;-2.668029;-0.463942;4.408493;9.296770;14.195400,76.296768;90.732086;104.737396;103.313332;102.017212;100.838966;99.779457;86.144508;72.459229;73.563164;74.566231;75.490944,npp_d20140716_t1940087_e1945491_b14080,137.036,48.6719,61.8779,-79.9602,26.2472,103.294
429,VBD_npp_d20140716_t1942349_x0992740E_y070240N_l1313_s3603_v23,2017-05-23 13:09:12,7.024012,99.274010,53.0776,2014-07-16 19:42:34,2014-07-17 02:42:34,1313,3603,0.275393,1,2529,0.875434,0.150537,0.812957,0.4,0.91775,0.75,0.0507387,0.0001,0.0100632,999999,7.426512e-02,3,Thailand Exclusive Economic Zone,,,SVDNB_npp_d20140716_t1940087_e1945491_b14080_c20140717014549591992_noaa_ops.h5,GDNBO_npp_d20140716_t1940087_e1945491_b14080_c20140717014549591757_noaa_ops.h5,SVI04_npp_d20140716_t1940087_e1945491_b14080_c20140717014549047847_noaa_ops.dspace_rad,VNFF_npp_d20140716_t1940087_e1945491_b14080_v21.csv,World_EEZ_v8_2014.shp,WPP_BFAR_merge.shp,KKP_IDN_merge_20161208.shp,VNF-VBD_npp_20120301-20151231_global_asia-enhanced_c201607211230.bitmask,NCEI_NGA.union.nga_lead2.add_2015ntl.mask,timezone.shp,VBD_platforms-recurring_2015_r20170330.shp,999999,VBD_bridges_c20160811.shp,19.107107;17.397036;14.693351;9.872889;5.028845;0.164623;-4.717433;-2.668029;-0.463942;4.408493;9.296770;14.195400,76.296768;90.732086;104.737396;103.313332;102.017212;100.838966;99.779457;86.144508;72.459229;73.563164;74.566231;75.490944,npp_d20140716_t1940087_e1945491_b14080,136.706,48.4121,61.8987,-79.8722,26.2651,104.164
430,VBD_npp_d20140716_t1942385_x0992195E_y068128N_l1346_s3603_v23,2017-05-23 13:09:12,6.812785,99.219521,19.6635,2014-07-16 19:42:38,2014-07-17 02:42:38,1346,3603,0.291413,1,2529,0.575911,0.187881,0.772689,0.4,0.877241,0.75,0.0507382,0.0001,0.0100994,999999,-2.711514e-01,3,Thailand Exclusive Economic Zone,,,SVDNB_npp_d20140716_t1940087_e1945491_b14080_c20140717014549591992_noaa_ops.h5,GDNBO_npp_d20140716_t1940087_e1945491_b14080_c20140717014549591757_noaa_ops.h5,SVI04_npp_d20140716_t1940087_e1945491_b14080_c20140717014549047847_noaa_ops.dspace_rad,VNFF_npp_d20140716_t1940087_e1945491_b14080_v21.csv,World_EEZ_v8_2014.shp,WPP_BFAR_merge.shp,KKP_IDN_merge_20161208.shp,VNF-VBD_npp_20120301-20151231_global_asia-enhanced_c201607211230.bitmask,NCEI_NGA.union.nga_lead2.add_2015ntl.mask,timezone.shp,VBD_platforms-recurring_2015_r20170330.shp,999999,VBD_bridges_c20160811.shp,19.107107;17.397036;14.693351;9.872889;5.028845;0.164623;-4.717433;-2.668029;-0.463942;4.408493;9.296770;14.195400,76.296768;90.732086;104.737396;103.313332;102.017212;100.838966;99.779457;86.144508;72.459229;73.563164;74.566231;75.490944,npp_d20140716_t1940087_e1945491_b14080,136.875,48.5479,61.8951,-79.8794,26.2526,103.715
434,VBD_npp_d20140716_t1944074_x0979694E_y016171N_l2156_s3604_v23,2017-05-23 13:09:12,1.617126,97.969421,10.9776,2014-07-16 19:44:07,2014-07-17 02:44:07,2156,3604,0.339089,1,2529,0.467014,0.15697,0.732967,0.4,0.844757,0.75,0.0505723,0.0001,0.00979935,999999,1.476566e-02,3,Indonesian Exclusive Economic Zone,WPP572,,SVDNB_npp_d20140716_t1940087_e1945491_b14080_c20140717014549591992_noaa_ops.h5,GDNBO_npp_d20140716_t1940087_e1945491_b14080_c20140717014549591757_noaa_ops.h5,SVI04_npp_d20140716_t1940087_e1945491_b14080_c20140717014549047847_noaa_ops.dspace_rad,VNFF_npp_d20140716_t1940087_e1945491_b14080_v21.csv,World_EEZ_v8_2014.shp,WPP_BFAR_merge.shp,KKP_IDN_merge_20161208.shp,VNF-VBD_npp_20120301-20151231_global_asia-enhanced_c201607211230.bitmask,NCEI_NGA.union.nga_lead2.add_2015ntl.mask,timezone.shp,VBD_platforms-recurring_2015_r20170330.shp,999999,VBD_bridges_c20160811.shp,19.107107;17.397036;14.693351;9.872889;5.028845;0.164623;-4.717433;-2.668029;-0.463942;4.408493;9.296770;14.195400,76.296768;90.732086;104.737396;103.313332;102.017212;100.838966;99.779457;86.144508;72.459229;73.563164;74.566231;75.490944,npp_d20140716_t1940087_e1945491_b14080,140.861,52.4376,61.9223,-80.5495,26.3917,92.7548
443,VBD_npp_d20140716_t1942402_x0992125E_y066160N_l1375_s3608_v23,2017-05-23 13:09:12,6.616004,99.212471,67.571,2014-07-16 19:42:40,2014-07-17 02:42:40,1375,3608,0.33699,8,18913,1.03052,0.148587,0.858586,0.4,0.94978,0.75,0.0507565,0.0001,0.010002,999999,9.230457e-02,3,Thailand Exclusive Economic Zone,,,SVDNB_npp_d20140716_t1940087_e1945491_b14080_c20140717014549591992_noaa_ops.h5,GDNBO_npp_d20140716_t1940087_e1945491_b14080_c20140717014549591757_noaa_ops.h5,SVI04_npp_d20140716_t1940087_e1945491_b14080_c20140717014549047847_noaa_ops.dspace_rad,VNFF_npp_d20140716_t1940087_e1945491_b14080_v21.csv,World_EEZ_v8_2014.shp,WPP_BFAR_merge.shp,KKP_IDN_merge_20161208.shp,VNF-VBD_npp_20120301-20151231_global_asia-enhanced_c201607211230.bitmask,NCEI_NGA.union.nga_lead2.add_2015ntl.mask,timezone.shp,VBD_platforms-recurring_2015_r20170330.shp,0.46292,VBD_bridges_c20160811.shp,19.107107;17.397036;14.693351;9.872889;5.028845;0.164623;-4.717433;-2.668029;-0.463942;4.408493;9.296770;14.195400,76.296768;90.732086;104.737396;103.313332;102.017212;100.838966;99.779457;86.144508;72.459229;73.563164;74.566231;75.490944,npp_d20140716_t1940087_e1945491_b14080,137.005,48.7062,62.0012,-79.4235,26.2058,103.319
450,VBD_npp_d20140716_t1942349_x0993067E_y069336N_l1325_s3610_v23,2017-05-23 13:09:12,6.933614,99.306686,17.7523,2014-07-16 19:42:34,2014-07-17 02:42:34,1325,3610,0.212138,2,2465,0.431423,0.166962,0.629894,0.4,0.652286,0.75,0.0507647,0.0001,0.00990337,999999,-7.765906e-02,3,Thailand Exclusive Economic Zone,,,SVDNB_npp_d20140716_t1940087_e1945491_b14080_c20140717014549591992_noaa_ops.h5,GDNBO_npp_d20140716_t1940087_e1945491_b14080_c20140717014549591757_noaa_ops.h5,SVI04_npp_d20140716_t1940087_e1945491_b14080_c20140717014549047847_noaa_ops.dspace_rad,VNFF_npp_d20140716_t1940087_e1945491_b14080_v21.csv,World_EEZ_v8_2014.shp,WPP_BFAR_merge.shp,KKP_IDN_merge_20161208.shp,VNF-VBD_npp_20120301-20151231_global_asia-enhanced_c201607211230.bitmask,NCEI_NGA.union.nga_lead2.add_2015ntl.mask,timezone.shp,VBD_platforms-recurring_2015_r20170330.shp,999999,VBD_bridges_c20160811.shp,19.107107;17.397036;14.693351;9.872889;5.028845;0.164623;-4.717433;-2.668029;-0.463942;4.408493;9.296770;14.195400,76.296768;90.732086;104.737396;103.313332;102.017212;100.838966;99.779457;86.144508;72.459229;73.563164;74.566231;75.490944,npp_d20140716_t1940087_e1945491_b14080,136.741,48.5108,62.0427,-79.4275,26.2108,104.003
451,VBD_npp_d20140716_t1942367_x0992780E_y068252N_l1342_s3610_v23,2017-05-23 13:09:12,6.825182,99.278038,19.5862,2014-07-16 19:42:36,2014-07-17 02:42:36,1342,3610,0.331245,8,18913,0.531922,0.164892,0.745398,0.4,0.827,0.75,0.0507645,0.0001,0.00992373,999999,-5.851098e-02,3,Thailand Exclusive Economic Zone,,,SVDNB_npp_d20140716_t1940087_e1945491_b14080_c20140717014549591992_noaa_ops.h5,GDNBO_npp_d20140716_t1940087_e1945491_b14080_c20140717014549591757_noaa_ops.h5,SVI04_npp_d20140716_t1940087_e1945491_b14080_c20140717014549047847_noaa_ops.dspace_rad,VNFF_npp_d20140716_t1940087_e1945491_b14080_v21.csv,World_EEZ_v8_2014.shp,WPP_BFAR_merge.shp,KKP_IDN_merge_20161208.shp,VNF-VBD_npp_20120301-20151231_global_asia-enhanced_c201607211230.bitmask,NCEI_NGA.union.nga_lead2.add_2015ntl.mask,timezone.shp,VBD_platforms-recurring_2015_r20170330.shp,0.126265,VBD_bridges_c20160811.shp,19.107107;17.397036;14.693351;9.872889;5.028845;0.164623;-4.717433;-2.668029;-0.463942;4.408493;9.296770;14.195400,76.296768;90.732086;104.737396;103.313332;102.017212;100.838966;99.779457;86.144508;72.459229;73.563164;74.566231;75.490944,npp_d20140716_t1940087_e1945491_b14080,136.829,48.5799,62.0384,-79.4152,26.2053,103.771
452,VBD_npp_d20140716_t1942385_x0992535E_y067292N_l1357_s3610_v23,2017-05-23 13:09:12,6.729206,99.253532,49.7772,2014-07-16 19:42:38,2014-07-17 02:42:38,1357,3610,0.362513,1,2529,0.834259,0.146,0.816156,0.4,0.89668,0.75,0.0507642,0.0001,0.00992726,999999,1.162331e-01,3,Thailand Exclusive Economic Zone,,,SVDNB_npp_d20140716_t1940087_e1945491_b14080_c20140717014549591992_noaa_ops.h5,GDNBO_npp_d20140716_t1940087_e1945491_b14080_c20140717014549591757_noaa_ops.h5,SVI04_npp_d20140716_t1940087_e1945491_b14080_c20140717014549047847_noaa_ops.dspace_rad,VNFF_npp_d20140716_t1940087_e1945491_b14080_v21.csv,World_EEZ_v8_2014.shp,WPP_BFAR_merge.shp,KKP_IDN_merge_20161208.shp,VNF-VBD_npp_20120301-20151231_global_asia-enhanced_c201607211230.bitmask,NCEI_NGA.union.nga_lead2.add_2015ntl.mask,timezone.shp,VBD_platforms-recurring_2015_r20170330.shp,999999,VBD_bridges_c20160811.shp,19.107107;17.397036;14.693351;9.872889;5.028845;0.164623;-4.717433;-2.668029;-0.463942;4.408493;9.296770;14.195400,76.296768;90.732086;104.737396;103.313332;102.017212;100.838966;99.779457;86.144508;72.459229;73.563164;74.566231;75.490944,npp_d20140716_t1940087_e1945491_b14080,136.905,48.6427,62.0393,-79.4713,26.1993,103.567
457,VBD_npp_d20140716_t1942385_x0992820E_y068086N_l1345_s3612_v23,2017-05-23 13:09:12,6.808590,99.282036,14.4973,2014-07-16 19:42:38,2014-07-17 02:42:38,1345,3612,0.312462,8,18849,0.306702,0.160044,0.741999,0.4,0.598402,0.75,0.0507719,0.0001,0.00981004,999999,-1.367342e-02,3,Thailand Exclusive Economic Zone,,,SVDNB_npp_d20140716_t1940087_e1945491_b14080_c20140717014549591992_noaa_ops.h5,GDNBO_npp_d20140716_t1940087_e1945491_b14080_c20140717014549591757_noaa_ops.h5,SVI04_npp_d20140716_t1940087_e1945491_b14080_c20140717014549047847_noaa_ops.dspace_rad,VNFF_npp_d20140716_t1940087_e1945491_b14080_v21.csv,World_EEZ_v8_2014.shp,WPP_BFAR_merge.shp,KKP_IDN_merge_20161208.shp,VNF-VBD_npp_20120301-20151231_global_asia-enhanced_c201607211230.bitmask,NCEI_NGA.union.nga_lead2.add_2015ntl.mask,timezone.shp,VBD_platforms-recurring_2015_r20170330.shp,0.512323,VBD_bridges_c20160811.shp,19.107107;17.397036;14.693351;9.872889;5.028845;0.164623;-4.717433;-2.668029;-0.463942;4.408493;9.296770;14.195400,76.296768;90.732086;104.737396;103.313332;102.017212;100.838966;99.779457;86.144508;72.459229;73.563164;74.566231;75.490944,npp_d20140716_t1940087_e1945491_b14080,136.831,48.6025,62.0802,-79.9084,26.1904,103.744
458,VBD_npp_d20140716_t1942385_x0992680E_y067336N_l1356_s3612_v23,2017-05-23 13:09:12,6.733589,99.267982,37.1113,2014-07-16 19:42:38,2014-07-17 02:42:38,1356,3612,0.296551,1,2529,0.647403,0.143426,0.815338,0.4,0.852554,0.75,0.0507717,0.0001,0.00986218,999999,1.400380e-01,3,Thailand Exclusive Economic Zone,,,SVDNB_npp_d20140716_t1940087_e1945491_b14080_c20140717014549591992_noaa_ops.h5,GDNBO_npp_d20140716_t1940087_e1945491_b14080_c20140717014549591757_noaa_ops.h5,SVI04_npp_d20140716_t1940087_e1945491_b14080_c20140717014549047847_noaa_ops.dspace_rad,VNFF_npp_d20140716_t1940087_e1945491_b14080_v21.csv,World_EEZ_v8_2014.shp,WPP_BFAR_merge.shp,KKP_IDN_merge_20161208.shp,VNF-VBD_npp_20120301-20151231_global_asia-enhanced_c201607211230.bitmask,NCEI_NGA.union.nga_lead2.add_2015ntl.mask,timezone.shp,VBD_platforms-recurring_2015_r20170330.shp,999999,VBD_bridges_c20160811.shp,19.107107;17.397036;14.693351;9.872889;5.028845;0.164623;-4.717433;-2.668029;-0.463942;4.408493;9.296770;14.195400,76.296768;90.732086;104.737396;103.313332;102.017212;100.838966;99.779457;86.144508;72.459229;73.563164;74.566231;75.490944,npp_d20140716_t1940087_e1945491_b14080,136.891,48.651,62.0791,-79.5064,26.1861,103.585
461,VBD_npp_d20140716_t1942420_x0992251E_y065344N_l1387_s3613_v23,2017-05-23 13:09:12,6.534376,99.225090,17.3988,2014-07-16 19:42:42,2014-07-17 02:42:42,1387,3613,0.285723,1,2529,0.580756,0.181212,0.768117,0.4,0.873222,0.75,0.050775,0.0001,0.00983947,999999,-2.094598e-01,3,Thailand Exclusive Economic Zone,,,SVDNB_npp_d20140716_t1940087_e1945491_b14080_c20140717014549591992_noaa_ops.h5,GDNBO_npp_d20140716_t1940087_e1945491_b14080_c20140717014549591757_noaa_ops.h5,SVI04_npp_d20140716_t1940087_e1945491_b14080_c20140717014549047847_noaa_ops.dspace_rad,VNFF_npp_d20140716_t1940087_e1945491_b14080_v21.csv,World_EEZ_v8_2014.shp,WPP_BFAR_merge.shp,KKP_IDN_merge_20161208.shp,VNF-VBD_npp_20120301-20151231_global_asia-enhanced_c201607211230.bitmask,NCEI_NGA.union.nga_lead2.add_2015ntl.mask,timezone.shp,VBD_platforms-recurring_2015_r20170330.shp,999999,VBD_bridges_c20160811.shp,19.107107;17.397036;14.693351;9.872889;5.028845;0.164623;-4.717433;-2.668029;-0.463942;4.408493;9.296770;14.195400,76.296768;90.732086;104.737396;103.313332;102.017212;100.838966;99.779457;86.144508;72.459229;73.563164;74.566231;75.490944,npp_d20140716_t1940087_e1945491_b14080,137.044,48.7885,62.1025,-79.5858,26.1673,103.166
462,VBD_npp_d20140716_t1944519_x0974479E_y009402S_l2553_s3613_v23,2017-05-23 13:09:12,-0.940210,97.447937,16.2537,2014-07-16 19:44:51,2014-07-17 01:44:51,2553,3613,0.375937,2,2465,0.537836,0.151242,0.76649,0.4,0.670418,0.75,0.0504019,0.0001,0.00889115,999999,6.774543e-02,3,Indonesian Exclusive Economic Zone,WPP572,,SVDNB_npp_d20140716_t1940087_e1945491_b14080_c20140717014549591992_noaa_ops.h5,GDNBO_npp_d20140716_t1940087_e1945491_b14080_c20140717014549591757_noaa_ops.h5,SVI04_npp_d20140716_t1940087_e1945491_b14080_c20140717014549047847_noaa_ops.dspace_rad,VNFF_npp_d20140716_t1940087_e1945491_b14080_v21.csv,World_EEZ_v8_2014.shp,WPP_BFAR_merge.shp,KKP_IDN_merge_20161208.shp,VNF-VBD_npp_20120301-20151231_global_asia-enhanced_c201607211230.bitmask,NCEI_NGA.union.nga_lead2.add_2015ntl.mask,timezone.shp,VBD_platforms-recurring_2015_r20170330.shp,999999,VBD_bridges_c20160811.shp,19.107107;17.397036;14.693351;9.872889;5.028845;0.164623;-4.717433;-2.668029;-0.463942;4.408493;9.296770;14.195400,76.296768;90.732086;104.737396;103.313332;102.017212;100.838966;99.779457;86.144508;72.459229;73.563164;74.566231;75.490944,npp_d20140716_t1940087_e1945491_b14080,142.649,54.7951,62.1106,-81.1528,26.7339,87.5278
464,VBD_npp_d20140716_t1942491_x0991310E_y061021N_l1454_s3615_v23,2017-05-23 13:09:12,6.102075,99.131035,15.31,2014-07-16 19:42:49,2014-07-17 02:42:49,1454,3615,0.274398,8,18913,0.493406,0.169348,0.740719,0.4,0.7514,0.75,0.0507752,0.0001,0.00981529,999999,-9.972556e-02,3,Malaysian Exclusive Economic Zone,,,SVDNB_npp_d20140716_t1940087_e1945491_b14080_c20140717014549591992_noaa_ops.h5,GDNBO_npp_d20140716_t1940087_e1945491_b14080_c20140717014549591757_noaa_ops.h5,SVI04_npp_d20140716_t1940087_e1945491_b14080_c20140717014549047847_noaa_ops.dspace_rad,VNFF_npp_d20140716_t1940087_e1945491_b14080_v21.csv,World_EEZ_v8_2014.shp,WPP_BFAR_merge.shp,KKP_IDN_merge_20161208.shp,VNF-VBD_npp_20120301-20151231_global_asia-enhanced_c201607211230.bitmask,NCEI_NGA.union.nga_lead2.add_2015ntl.mask,timezone.shp,VBD_platforms-recurring_2015_r20170330.shp,0.344504,VBD_bridges_c20160811.shp,19.107107;17.397036;14.693351;9.872889;5.028845;0.164623;-4.717433;-2.668029;-0.463942;4.408493;9.296770;14.195400,76.296768;90.732086;104.737396;103.313332;102.017212;100.838966;99.779457;86.144508;72.459229;73.563164;74.566231;75.490944,npp_d20140716_t1940087_e1945491_b14080,137.376,49.0881,62.1413,-79.5611,26.1351,102.252
472,VBD_npp_d20140716_t1944003_x0981604E_y020191N_l2091_s3618_v23,2017-05-23 13:09:12,2.019119,98.160400,10.5695,2014-07-16 19:44:00,2014-07-17 02:44:00,2091,3618,0.213629,1,2529,0.377778,0.14479,0.686404,0.4,0.767703,0.75,0.0506676,0.0001,0.00946064,999999,1.274235e-01,3,Indonesian Exclusive Economic Zone,WPP572,,SVDNB_npp_d20140716_t1940087_e1945491_b14080_c20140717014549591992_noaa_ops.h5,GDNBO_npp_d20140716_t1940087_e1945491_b14080_c20140717014549591757_noaa_ops.h5,SVI04_npp_d20140716_t1940087_e1945491_b14080_c20140717014549047847_noaa_ops.dspace_rad,VNFF_npp_d20140716_t1940087_e1945491_b14080_v21.csv,World_EEZ_v8_2014.shp,WPP_BFAR_merge.shp,KKP_IDN_merge_20161208.shp,VNF-VBD_npp_20120301-20151231_global_asia-enhanced_c201607211230.bitmask,NCEI_NGA.union.nga_lead2.add_2015ntl.mask,timezone.shp,VBD_platforms-recurring_2015_r20170330.shp,999999,VBD_bridges_c20160811.shp,19.107107;17.397036;14.693351;9.872889;5.028845;0.164623;-4.717433;-2.668029;-0.463942;4.408493;9.296770;14.195400,76.296768;90.732086;104.737396;103.313332;102.017212;100.838966;99.779457;86.144508;72.459229;73.563164;74.566231;75.490944,npp_d20140716_t1940087_e1945491_b14080,140.487,52.1748,62.2057,-80.5048,26.2498,93.6066
479,VBD_npp_d20140716_t1944021_x0981581E_y019345N_l2104_s3621_v23,2017-05-23 13:09:12,1.934453,98.158051,14.5731,2014-07-16 19:44:02,2014-07-17 02:44:02,2104,3621,0.209155,1,2529,0.50432,0.168203,0.772823,0.4,0.847497,0.75,0.0506703,0.0001,0.00938551,999999,-8.913992e-02,3,Indonesian Exclusive Economic Zone,WPP572,,SVDNB_npp_d20140716_t1940087_e1945491_b14080_c20140717014549591992_noaa_ops.h5,GDNBO_npp_d20140716_t1940087_e1945491_b14080_c20140717014549591757_noaa_ops.h5,SVI04_npp_d20140716_t1940087_e1945491_b14080_c20140717014549047847_noaa_ops.dspace_rad,VNFF_npp_d20140716_t1940087_e1945491_b14080_v21.csv,World_EEZ_v8_2014.shp,WPP_BFAR_merge.shp,KKP_IDN_merge_20161208.shp,VNF-VBD_npp_20120301-20151231_global_asia-enhanced_c201607211230.bitmask,NCEI_NGA.union.nga_lead2.add_2015ntl.mask,timezone.shp,VBD_platforms-recurring_2015_r20170330.shp,999999,VBD_bridges_c20160811.shp,19.107107;17.397036;14.693351;9.872889;5.028845;0.164623;-4.717433;-2.668029;-0.463942;4.408493;9.296770;14.195400,76.296768;90.732086;104.737396;103.313332;102.017212;100.838966;99.779457;86.144508;72.459229;73.563164;74.566231;75.490944,npp_d20140716_t1940087_e1945491_b14080,140.535,52.26,62.2605,-80.6363,26.2396,93.4324
481,VBD_npp_d20140716_t1942402_x0993091E_y066193N_l1372_s3622_v23,2017-05-23 13:09:12,6.619336,99.309067,16.9941,2014-07-16 19:42:40,2014-07-17 02:42:40,1372,3622,0.290751,8,18913,0.525246,0.195755,0.72352,0.4,0.838135,0.75,0.0508089,0.0001,0.00956573,999999,-3.439795e-01,3,Thailand Exclusive Economic Zone,,,SVDNB_npp_d20140716_t1940087_e1945491_b14080_c20140717014549591992_noaa_ops.h5,GDNBO_npp_d20140716_t1940087_e1945491_b14080_c20140717014549591757_noaa_ops.h5,SVI04_npp_d20140716_t1940087_e1945491_b14080_c20140717014549047847_noaa_ops.dspace_rad,VNFF_npp_d20140716_t1940087_e1945491_b14080_v21.csv,World_EEZ_v8_2014.shp,WPP_BFAR_merge.shp,KKP_IDN_merge_20161208.shp,VNF-VBD_npp_20120301-20151231_global_asia-enhanced_c201607211230.bitmask,NCEI_NGA.union.nga_lead2.add_2015ntl.mask,timezone.shp,VBD_platforms-recurring_2015_r20170330.shp,0.307671,VBD_bridges_c20160811.shp,19.107107;17.397036;14.693351;9.872889;5.028845;0.164623;-4.717433;-2.668029;-0.463942;4.408493;9.296770;14.195400,76.296768;90.732086;104.737396;103.313332;102.017212;100.838966;99.779457;86.144508;72.459229;73.563164;74.566231;75.490944,npp_d20140716_t1940087_e1945491_b14080,136.931,48.7824,62.2801,-79.523,26.1117,103.383
482,VBD_npp_d20140716_t1942456_x0992434E_y063806N_l1410_s3622_v23,2017-05-23 13:09:12,6.380609,99.243385,10.7589,2014-07-16 19:42:45,2014-07-17 02:42:45,1410,3622,0.176174,8,18849,0.331066,0.16502,0.587752,0.4,0.647086,0.75,0.0508063,0.0001,0.00955555,999999,-5.969965e-02,3,Thailand Exclusive Economic Zone,,,SVDNB_npp_d20140716_t1940087_e1945491_b14080_c20140717014549591992_noaa_ops.h5,GDNBO_npp_d20140716_t1940087_e1945491_b14080_c20140717014549591757_noaa_ops.h5,SVI04_npp_d20140716_t1940087_e1945491_b14080_c20140717014549047847_noaa_ops.dspace_rad,VNFF_npp_d20140716_t1940087_e1945491_b14080_v21.csv,World_EEZ_v8_2014.shp,WPP_BFAR_merge.shp,KKP_IDN_merge_20161208.shp,VNF-VBD_npp_20120301-20151231_global_asia-enhanced_c201607211230.bitmask,NCEI_NGA.union.nga_lead2.add_2015ntl.mask,timezone.shp,VBD_platforms-recurring_2015_r20170330.shp,0.248567,VBD_bridges_c20160811.shp,19.107107;17.397036;14.693351;9.872889;5.028845;0.164623;-4.717433;-2.668029;-0.463942;4.408493;9.296770;14.195400,76.296768;90.732086;104.737396;103.313332;102.017212;100.838966;99.779457;86.144508;72.459229;73.563164;74.566231;75.490944,npp_d20140716_t1940087_e1945491_b14080,137.12,48.94,62.279,-79.9511,26.1,102.873
498,VBD_npp_d20140716_t1942474_x0992705E_y062622N_l1427_s3630_v23,2017-05-23 13:09:12,6.262175,99.270477,16.8519,2014-07-16 19:42:47,2014-07-17 02:42:47,1427,3630,0.295502,8,18913,0.5179,0.180005,0.681114,0.4,0.848781,0.75,0.0508344,0.0001,0.00932713,999999,-1.982999e-01,3,Malaysian Exclusive Economic Zone,,,SVDNB_npp_d20140716_t1940087_e1945491_b14080_c20140717014549591992_noaa_ops.h5,GDNBO_npp_d20140716_t1940087_e1945491_b14080_c20140717014549591757_noaa_ops.h5,SVI04_npp_d20140716_t1940087_e1945491_b14080_c20140717014549047847_noaa_ops.dspace_rad,VNFF_npp_d20140716_t1940087_e1945491_b14080_v21.csv,World_EEZ_v8_2014.shp,WPP_BFAR_merge.shp,KKP_IDN_merge_20161208.shp,VNF-VBD_npp_20120301-20151231_global_asia-enhanced_c201607211230.bitmask,NCEI_NGA.union.nga_lead2.add_2015ntl.mask,timezone.shp,VBD_platforms-recurring_2015_r20170330.shp,0.0534385,VBD_bridges_c20160811.shp,19.107107;17.397036;14.693351;9.872889;5.028845;0.164623;-4.717433;-2.668029;-0.463942;4.408493;9.296770;14.195400,76.296768;90.732086;104.737396;103.313332;102.017212;100.838966;99.779457;86.144508;72.459229;73.563164;74.566231;75.490944,npp_d20140716_t1940087_e1945491_b14080,137.172,49.0644,62.4402,-79.9324,26.0397,102.651
499,VBD_npp_d20140716_t1943229_x0987576E_y041870N_l1751_s3630_v23,2017-05-23 13:09:12,4.187024,98.757622,8.78337,2014-07-16 19:43:22,2014-07-17 02:43:22,1751,3630,0.374722,8,18849,0.372757,0.155342,0.63569,0.4,0.644741,0.75,0.0508382,0.0001,0.00936828,999999,2.982077e-02,3,Indonesian Exclusive Economic Zone,WPP571,,SVDNB_npp_d20140716_t1940087_e1945491_b14080_c20140717014549591992_noaa_ops.h5,GDNBO_npp_d20140716_t1940087_e1945491_b14080_c20140717014549591757_noaa_ops.h5,SVI04_npp_d20140716_t1940087_e1945491_b14080_c20140717014549047847_noaa_ops.dspace_rad,VNFF_npp_d20140716_t1940087_e1945491_b14080_v21.csv,World_EEZ_v8_2014.shp,WPP_BFAR_merge.shp,KKP_IDN_merge_20161208.shp,VNF-VBD_npp_20120301-20151231_global_asia-enhanced_c201607211230.bitmask,NCEI_NGA.union.nga_lead2.add_2015ntl.mask,timezone.shp,VBD_platforms-recurring_2015_r20170330.shp,0.561487,VBD_bridges_c20160811.shp,19.107107;17.397036;14.693351;9.872889;5.028845;0.164623;-4.717433;-2.668029;-0.463942;4.408493;9.296770;14.195400,76.296768;90.732086;104.737396;103.313332;102.017212;100.838966;99.779457;86.144508;72.459229;73.563164;74.566231;75.490944,npp_d20140716_t1940087_e1945491_b14080,138.789,50.5304,62.4383,-80.2153,26.0255,98.2127
502,VBD_npp_d20140716_t1942456_x0993104E_y063686N_l1410_s3632_v23,2017-05-23 13:09:12,6.368634,99.310410,11.3306,2014-07-16 19:42:45,2014-07-17 02:42:45,1410,3632,0.161423,2,2465,0.319035,0.177499,0.588558,0.4,0.683938,0.75,0.0508437,0.0001,0.00925856,999999,-1.751179e-01,3,Thailand Exclusive Economic Zone,,,SVDNB_npp_d20140716_t1940087_e1945491_b14080_c20140717014549591992_noaa_ops.h5,GDNBO_npp_d20140716_t1940087_e1945491_b14080_c20140717014549591757_noaa_ops.h5,SVI04_npp_d20140716_t1940087_e1945491_b14080_c20140717014549047847_noaa_ops.dspace_rad,VNFF_npp_d20140716_t1940087_e1945491_b14080_v21.csv,World_EEZ_v8_2014.shp,WPP_BFAR_merge.shp,KKP_IDN_merge_20161208.shp,VNF-VBD_npp_20120301-20151231_global_asia-enhanced_c201607211230.bitmask,NCEI_NGA.union.nga_lead2.add_2015ntl.mask,timezone.shp,VBD_platforms-recurring_2015_r20170330.shp,999999,VBD_bridges_c20160811.shp,19.107107;17.397036;14.693351;9.872889;5.028845;0.164623;-4.717433;-2.668029;-0.463942;4.408493;9.296770;14.195400,76.296768;90.732086;104.737396;103.313332;102.017212;100.838966;99.779457;86.144508;72.459229;73.563164;74.566231;75.490944,npp_d20140716_t1940087_e1945491_b14080,137.078,49.0042,62.4787,-79.9433,26.0313,102.887
505,VBD_npp_d20140716_t1942420_x0993573E_y065030N_l1388_s3633_v23,2017-05-23 13:09:12,6.502996,99.357285,42.6155,2014-07-16 19:42:42,2014-07-17 02:42:42,1388,3633,0.343122,1,2529,0.802001,0.126694,0.890219,0.4,0.845565,0.75,0.0508499,0.0001,0.00924467,999999,2.948036e-01,3,Thailand Exclusive Economic Zone,,,SVDNB_npp_d20140716_t1940087_e1945491_b14080_c20140717014549591992_noaa_ops.h5,GDNBO_npp_d20140716_t1940087_e1945491_b14080_c20140717014549591757_noaa_ops.h5,SVI04_npp_d20140716_t1940087_e1945491_b14080_c20140717014549047847_noaa_ops.dspace_rad,VNFF_npp_d20140716_t1940087_e1945491_b14080_v21.csv,World_EEZ_v8_2014.shp,WPP_BFAR_merge.shp,KKP_IDN_merge_20161208.shp,VNF-VBD_npp_20120301-20151231_global_asia-enhanced_c201607211230.bitmask,NCEI_NGA.union.nga_lead2.add_2015ntl.mask,timezone.shp,VBD_platforms-recurring_2015_r20170330.shp,999999,VBD_bridges_c20160811.shp,19.107107;17.397036;14.693351;9.872889;5.028845;0.164623;-4.717433;-2.668029;-0.463942;4.408493;9.296770;14.195400,76.296768;90.732086;104.737396;103.313332;102.017212;100.838966;99.779457;86.144508;72.459229;73.563164;74.566231;75.490944,npp_d20140716_t1940087_e1945491_b14080,136.965,48.9215,62.5012,-79.5349,26.0301,103.179
506,VBD_npp_d20140716_t1942420_x0993535E_y064823N_l1391_s3633_v23,2017-05-23 13:09:12,6.482341,99.353470,44.9075,2014-07-16 19:42:42,2014-07-17 02:42:42,1391,3633,0.295225,1,2529,0.846487,0.130058,0.880168,0.4,0.90643,0.75,0.0508496,0.0001,0.00925474,999999,2.636835e-01,3,Thailand Exclusive Economic Zone,,,SVDNB_npp_d20140716_t1940087_e1945491_b14080_c20140717014549591992_noaa_ops.h5,GDNBO_npp_d20140716_t1940087_e1945491_b14080_c20140717014549591757_noaa_ops.h5,SVI04_npp_d20140716_t1940087_e1945491_b14080_c20140717014549047847_noaa_ops.dspace_rad,VNFF_npp_d20140716_t1940087_e1945491_b14080_v21.csv,World_EEZ_v8_2014.shp,WPP_BFAR_merge.shp,KKP_IDN_merge_20161208.shp,VNF-VBD_npp_20120301-20151231_global_asia-enhanced_c201607211230.bitmask,NCEI_NGA.union.nga_lead2.add_2015ntl.mask,timezone.shp,VBD_platforms-recurring_2015_r20170330.shp,999999,VBD_bridges_c20160811.shp,19.107107;17.397036;14.693351;9.872889;5.028845;0.164623;-4.717433;-2.668029;-0.463942;4.408493;9.296770;14.195400,76.296768;90.732086;104.737396;103.313332;102.017212;100.838966;99.779457;86.144508;72.459229;73.563164;74.566231;75.490944,npp_d20140716_t1940087_e1945491_b14080,136.982,48.9351,62.5013,-79.4257,26.0291,103.135
507,VBD_npp_d20140716_t1944021_x0982313E_y018797N_l2110_s3633_v23,2017-05-23 13:09:12,1.879684,98.231300,16.4493,2014-07-16 19:44:02,2014-07-17 02:44:02,2110,3633,0.251085,1,2529,0.577808,0.163676,0.807227,0.4,0.895764,0.75,0.0507114,0.0001,0.00898932,999999,-4.726627e-02,3,Indonesian Exclusive Economic Zone,WPP572,,SVDNB_npp_d20140716_t1940087_e1945491_b14080_c20140717014549591992_noaa_ops.h5,GDNBO_npp_d20140716_t1940087_e1945491_b14080_c20140717014549591757_noaa_ops.h5,SVI04_npp_d20140716_t1940087_e1945491_b14080_c20140717014549047847_noaa_ops.dspace_rad,VNFF_npp_d20140716_t1940087_e1945491_b14080_v21.csv,World_EEZ_v8_2014.shp,WPP_BFAR_merge.shp,KKP_IDN_merge_20161208.shp,VNF-VBD_npp_20120301-20151231_global_asia-enhanced_c201607211230.bitmask,NCEI_NGA.union.nga_lead2.add_2015ntl.mask,timezone.shp,VBD_platforms-recurring_2015_r20170330.shp,999999,VBD_bridges_c20160811.shp,19.107107;17.397036;14.693351;9.872889;5.028845;0.164623;-4.717433;-2.668029;-0.463942;4.408493;9.296770;14.195400,76.296768;90.732086;104.737396;103.313332;102.017212;100.838966;99.779457;86.144508;72.459229;73.563164;74.566231;75.490944,npp_d20140716_t1940087_e1945491_b14080,140.511,52.3694,62.5,-80.4147,26.1621,93.3305
510,VBD_npp_d20140716_t1942420_x0993721E_y065074N_l1387_s3635_v23,2017-05-23 13:09:12,6.507401,99.372070,26.988,2014-07-16 19:42:42,2014-07-17 02:42:42,1387,3635,0.324836,1,2529,0.675585,0.124681,0.887863,0.4,0.891454,0.75,0.0508574,0.0001,0.00918232,999999,3.134202e-01,3,Thailand Exclusive Economic Zone,,,SVDNB_npp_d20140716_t1940087_e1945491_b14080_c20140717014549591992_noaa_ops.h5,GDNBO_npp_d20140716_t1940087_e1945491_b14080_c20140717014549591757_noaa_ops.h5,SVI04_npp_d20140716_t1940087_e1945491_b14080_c20140717014549047847_noaa_ops.dspace_rad,VNFF_npp_d20140716_t1940087_e1945491_b14080_v21.csv,World_EEZ_v8_2014.shp,WPP_BFAR_merge.shp,KKP_IDN_merge_20161208.shp,VNF-VBD_npp_20120301-20151231_global_asia-enhanced_c201607211230.bitmask,NCEI_NGA.union.nga_lead2.add_2015ntl.mask,timezone.shp,VBD_platforms-recurring_2015_r20170330.shp,999999,VBD_bridges_c20160811.shp,19.107107;17.397036;14.693351;9.872889;5.028845;0.164623;-4.717433;-2.668029;-0.463942;4.408493;9.296770;14.195400,76.296768;90.732086;104.737396;103.313332;102.017212;100.838966;99.779457;86.144508;72.459229;73.563164;74.566231;75.490944,npp_d20140716_t1940087_e1945491_b14080,136.952,48.93,62.5413,-79.5698,26.0166,103.197
511,VBD_npp_d20140716_t1942438_x0993563E_y064678N_l1394_s3635_v23,2017-05-23 13:09:12,6.467828,99.356339,55.9852,2014-07-16 19:42:43,2014-07-17 02:42:43,1394,3635,0.287767,1,2529,0.96018,0.143992,0.874786,0.4,0.943641,0.75,0.0508567,0.0001,0.00916229,999999,1.348074e-01,3,Thailand Exclusive Economic Zone,,,SVDNB_npp_d20140716_t1940087_e1945491_b14080_c20140717014549591992_noaa_ops.h5,GDNBO_npp_d20140716_t1940087_e1945491_b14080_c20140717014549591757_noaa_ops.h5,SVI04_npp_d20140716_t1940087_e1945491_b14080_c20140717014549047847_noaa_ops.dspace_rad,VNFF_npp_d20140716_t1940087_e1945491_b14080_v21.csv,World_EEZ_v8_2014.shp,WPP_BFAR_merge.shp,KKP_IDN_merge_20161208.shp,VNF-VBD_npp_20120301-20151231_global_asia-enhanced_c201607211230.bitmask,NCEI_NGA.union.nga_lead2.add_2015ntl.mask,timezone.shp,VBD_platforms-recurring_2015_r20170330.shp,999999,VBD_bridges_c20160811.shp,19.107107;17.397036;14.693351;9.872889;5.028845;0.164623;-4.717433;-2.668029;-0.463942;4.408493;9.296770;14.195400,76.296768;90.732086;104.737396;103.313332;102.017212;100.838966;99.779457;86.144508;72.459229;73.563164;74.566231;75.490944,npp_d20140716_t1940087_e1945491_b14080,136.984,48.9552,62.5379,-79.9216,26.0159,103.111
514,VBD_npp_d20140716_t1942420_x0993840E_y065337N_l1383_s3636_v23,2017-05-23 13:09:12,6.533729,99.383965,33.9557,2014-07-16 19:42:42,2014-07-17 02:42:42,1383,3636,0.342846,8,18913,0.84024,0.136437,0.880317,0.4,0.930448,0.75,0.0508612,0.0001,0.00913804,999999,2.046832e-01,3,Thailand Exclusive Economic Zone,,,SVDNB_npp_d20140716_t1940087_e1945491_b14080_c20140717014549591992_noaa_ops.h5,GDNBO_npp_d20140716_t1940087_e1945491_b14080_c20140717014549591757_noaa_ops.h5,SVI04_npp_d20140716_t1940087_e1945491_b14080_c20140717014549047847_noaa_ops.dspace_rad,VNFF_npp_d20140716_t1940087_e1945491_b14080_v21.csv,World_EEZ_v8_2014.shp,WPP_BFAR_merge.shp,KKP_IDN_merge_20161208.shp,VNF-VBD_npp_20120301-20151231_global_asia-enhanced_c201607211230.bitmask,NCEI_NGA.union.nga_lead2.add_2015ntl.mask,timezone.shp,VBD_platforms-recurring_2015_r20170330.shp,0.675804,VBD_bridges_c20160811.shp,19.107107;17.397036;14.693351;9.872889;5.028845;0.164623;-4.717433;-2.668029;-0.463942;4.408493;9.296770;14.195400,76.296768;90.732086;104.737396;103.313332;102.017212;100.838966;99.779457;86.144508;72.459229;73.563164;74.566231;75.490944,npp_d20140716_t1940087_e1945491_b14080,136.925,48.9184,62.5615,-79.7145,26.0111,103.257
515,VBD_npp_d20140716_t1942420_x0993814E_y065199N_l1385_s3636_v23,2017-05-23 13:09:12,6.519945,99.381393,18.9198,2014-07-16 19:42:42,2014-07-17 02:42:42,1385,3636,0.337708,1,2529,0.603417,0.135759,0.880317,0.4,0.870972,0.75,0.0508611,0.0001,0.00914569,999999,2.109605e-01,3,Thailand Exclusive Economic Zone,,,SVDNB_npp_d20140716_t1940087_e1945491_b14080_c20140717014549591992_noaa_ops.h5,GDNBO_npp_d20140716_t1940087_e1945491_b14080_c20140717014549591757_noaa_ops.h5,SVI04_npp_d20140716_t1940087_e1945491_b14080_c20140717014549047847_noaa_ops.dspace_rad,VNFF_npp_d20140716_t1940087_e1945491_b14080_v21.csv,World_EEZ_v8_2014.shp,WPP_BFAR_merge.shp,KKP_IDN_merge_20161208.shp,VNF-VBD_npp_20120301-20151231_global_asia-enhanced_c201607211230.bitmask,NCEI_NGA.union.nga_lead2.add_2015ntl.mask,timezone.shp,VBD_platforms-recurring_2015_r20170330.shp,999999,VBD_bridges_c20160811.shp,19.107107;17.397036;14.693351;9.872889;5.028845;0.164623;-4.717433;-2.668029;-0.463942;4.408493;9.296770;14.195400,76.296768;90.732086;104.737396;103.313332;102.017212;100.838966;99.779457;86.144508;72.459229;73.563164;74.566231;75.490944,npp_d20140716_t1940087_e1945491_b14080,136.936,48.9274,62.5614,-79.6418,26.0104,103.228
518,VBD_npp_d20140716_t1944021_x0982583E_y018751N_l2110_s3637_v23,2017-05-23 13:09:12,1.875127,98.258278,11.5851,2014-07-16 19:44:02,2014-07-17 02:44:02,2110,3637,0.231805,1,2529,0.424914,0.163564,0.792091,0.4,0.823988,0.75,0.0507265,0.0001,0.00887447,999999,-4.623175e-02,3,Indonesian Exclusive Economic Zone,WPP572,,SVDNB_npp_d20140716_t1940087_e1945491_b14080_c20140717014549591992_noaa_ops.h5,GDNBO_npp_d20140716_t1940087_e1945491_b14080_c20140717014549591757_noaa_ops.h5,SVI04_npp_d20140716_t1940087_e1945491_b14080_c20140717014549047847_noaa_ops.dspace_rad,VNFF_npp_d20140716_t1940087_e1945491_b14080_v21.csv,World_EEZ_v8_2014.shp,WPP_BFAR_merge.shp,KKP_IDN_merge_20161208.shp,VNF-VBD_npp_20120301-20151231_global_asia-enhanced_c201607211230.bitmask,NCEI_NGA.union.nga_lead2.add_2015ntl.mask,timezone.shp,VBD_platforms-recurring_2015_r20170330.shp,999999,VBD_bridges_c20160811.shp,19.107107;17.397036;14.693351;9.872889;5.028845;0.164623;-4.717433;-2.668029;-0.463942;4.408493;9.296770;14.195400,76.296768;90.732086;104.737396;103.313332;102.017212;100.838966;99.779457;86.144508;72.459229;73.563164;74.566231;75.490944,npp_d20140716_t1940087_e1945491_b14080,140.492,52.3946,62.5802,-80.414,26.1345,93.3252
526,VBD_npp_d20140716_t1942402_x0994660E_y065617N_l1376_s3646_v23,2017-05-23 13:09:12,6.561748,99.465965,9.2132,2014-07-16 19:42:40,2014-07-17 02:42:40,1376,3646,0.285502,1,2529,0.337926,0.177292,0.71301,0.4,0.768346,0.75,0.0508987,0.0001,0.0088737,999999,-1.732101e-01,3,Thailand Exclusive Economic Zone,,,SVDNB_npp_d20140716_t1940087_e1945491_b14080_c20140717014549591992_noaa_ops.h5,GDNBO_npp_d20140716_t1940087_e1945491_b14080_c20140717014549591757_noaa_ops.h5,SVI04_npp_d20140716_t1940087_e1945491_b14080_c20140717014549047847_noaa_ops.dspace_rad,VNFF_npp_d20140716_t1940087_e1945491_b14080_v21.csv,World_EEZ_v8_2014.shp,WPP_BFAR_merge.shp,KKP_IDN_merge_20161208.shp,VNF-VBD_npp_20120301-20151231_global_asia-enhanced_c201607211230.bitmask,NCEI_NGA.union.nga_lead2.add_2015ntl.mask,timezone.shp,VBD_platforms-recurring_2015_r20170330.shp,999999,VBD_bridges_c20160811.shp,19.107107;17.397036;14.693351;9.872889;5.028845;0.164623;-4.717433;-2.668029;-0.463942;4.408493;9.296770;14.195400,76.296768;90.732086;104.737396;103.313332;102.017212;100.838966;99.779457;86.144508;72.459229;73.563164;74.566231;75.490944,npp_d20140716_t1940087_e1945491_b14080,136.851,48.9563,62.7606,-79.3601,25.9441,103.359
528,VBD_npp_d20140716_t1942420_x0994667E_y065616N_l1377_s3647_v23,2017-05-23 13:09:12,6.561647,99.466690,11.1231,2014-07-16 19:42:42,2014-07-17 02:42:42,1377,3647,0.285502,1,2529,0.398952,0.180231,0.644224,0.4,0.789031,0.75,0.0509024,0.0001,0.00879429,999999,-2.003899e-01,3,Thailand Exclusive Economic Zone,,,SVDNB_npp_d20140716_t1940087_e1945491_b14080_c20140717014549591992_noaa_ops.h5,GDNBO_npp_d20140716_t1940087_e1945491_b14080_c20140717014549591757_noaa_ops.h5,SVI04_npp_d20140716_t1940087_e1945491_b14080_c20140717014549047847_noaa_ops.dspace_rad,VNFF_npp_d20140716_t1940087_e1945491_b14080_v21.csv,World_EEZ_v8_2014.shp,WPP_BFAR_merge.shp,KKP_IDN_merge_20161208.shp,VNF-VBD_npp_20120301-20151231_global_asia-enhanced_c201607211230.bitmask,NCEI_NGA.union.nga_lead2.add_2015ntl.mask,timezone.shp,VBD_platforms-recurring_2015_r20170330.shp,999999,VBD_bridges_c20160811.shp,19.107107;17.397036;14.693351;9.872889;5.028845;0.164623;-4.717433;-2.668029;-0.463942;4.408493;9.296770;14.195400,76.296768;90.732086;104.737396;103.313332;102.017212;100.838966;99.779457;86.144508;72.459229;73.563164;74.566231;75.490944,npp_d20140716_t1940087_e1945491_b14080,136.845,48.963,62.7833,-79.9238,25.9364,103.363
552,VBD_npp_d20140716_t1944056_x0983996E_y016947N_l2134_s3664_v23,2017-05-23 13:09:12,1.694688,98.399597,26.8533,2014-07-16 19:44:05,2014-07-17 02:44:05,2134,3664,0.345663,1,2529,0.801547,0.14622,0.862727,0.4,0.943272,0.75,0.0508121,0.0001,0.00816189,999999,1.141933e-01,3,Indonesian Exclusive Economic Zone,WPP572,,SVDNB_npp_d20140716_t1940087_e1945491_b14080_c20140717014549591992_noaa_ops.h5,GDNBO_npp_d20140716_t1940087_e1945491_b14080_c20140717014549591757_noaa_ops.h5,SVI04_npp_d20140716_t1940087_e1945491_b14080_c20140717014549047847_noaa_ops.dspace_rad,VNFF_npp_d20140716_t1940087_e1945491_b14080_v21.csv,World_EEZ_v8_2014.shp,WPP_BFAR_merge.shp,KKP_IDN_merge_20161208.shp,VNF-VBD_npp_20120301-20151231_global_asia-enhanced_c201607211230.bitmask,NCEI_NGA.union.nga_lead2.add_2015ntl.mask,timezone.shp,VBD_platforms-recurring_2015_r20170330.shp,999999,VBD_bridges_c20160811.shp,19.107107;17.397036;14.693351;9.872889;5.028845;0.164623;-4.717433;-2.668029;-0.463942;4.408493;9.296770;14.195400,76.296768;90.732086;104.737396;103.313332;102.017212;100.838966;99.779457;86.144508;72.459229;73.563164;74.566231;75.490944,npp_d20140716_t1940087_e1945491_b14080,140.478,52.6882,63.1098,-80.7361,25.9666,92.9717
568,VBD_npp_d20140716_t1943016_x0993356E_y053456N_l1562_s3672_v23,2017-05-23 13:09:12,5.345603,99.335617,18.277,2014-07-16 19:43:01,2014-07-17 02:43:01,1562,3672,0.20921,8,18913,0.51479,0.144693,0.713201,0.4,0.826306,0.75,0.0509695,0.0001,0.00821239,999999,1.283171e-01,3,Malaysian Exclusive Economic Zone,,,SVDNB_npp_d20140716_t1940087_e1945491_b14080_c20140717014549591992_noaa_ops.h5,GDNBO_npp_d20140716_t1940087_e1945491_b14080_c20140717014549591757_noaa_ops.h5,SVI04_npp_d20140716_t1940087_e1945491_b14080_c20140717014549047847_noaa_ops.dspace_rad,VNFF_npp_d20140716_t1940087_e1945491_b14080_v21.csv,World_EEZ_v8_2014.shp,WPP_BFAR_merge.shp,KKP_IDN_merge_20161208.shp,VNF-VBD_npp_20120301-20151231_global_asia-enhanced_c201607211230.bitmask,NCEI_NGA.union.nga_lead2.add_2015ntl.mask,timezone.shp,VBD_platforms-recurring_2015_r20170330.shp,0.210033,VBD_bridges_c20160811.shp,19.107107;17.397036;14.693351;9.872889;5.028845;0.164623;-4.717433;-2.668029;-0.463942;4.408493;9.296770;14.195400,76.296768;90.732086;104.737396;103.313332;102.017212;100.838966;99.779457;86.144508;72.459229;73.563164;74.566231;75.490944,npp_d20140716_t1940087_e1945491_b14080,137.673,49.923,63.2574,-79.8273,25.7289,100.828
569,VBD_npp_d20140716_t1944039_x0984643E_y017210N_l2128_s3672_v23,2017-05-23 13:09:12,1.720971,98.464256,18.1265,2014-07-16 19:44:03,2014-07-17 02:44:03,2128,3672,0.353563,1,2529,0.669383,0.158992,0.864703,0.4,0.925333,0.75,0.0508459,0.0001,0.00790607,999999,-3.935935e-03,3,Indonesian Exclusive Economic Zone,WPP572,Tapanuli Tengah District Marine Conservation Area,SVDNB_npp_d20140716_t1940087_e1945491_b14080_c20140717014549591992_noaa_ops.h5,GDNBO_npp_d20140716_t1940087_e1945491_b14080_c20140717014549591757_noaa_ops.h5,SVI04_npp_d20140716_t1940087_e1945491_b14080_c20140717014549047847_noaa_ops.dspace_rad,VNFF_npp_d20140716_t1940087_e1945491_b14080_v21.csv,World_EEZ_v8_2014.shp,WPP_BFAR_merge.shp,KKP_IDN_merge_20161208.shp,VNF-VBD_npp_20120301-20151231_global_asia-enhanced_c201607211230.bitmask,NCEI_NGA.union.nga_lead2.add_2015ntl.mask,timezone.shp,VBD_platforms-recurring_2015_r20170330.shp,999999,VBD_bridges_c20160811.shp,19.107107;17.397036;14.693351;9.872889;5.028845;0.164623;-4.717433;-2.668029;-0.463942;4.408493;9.296770;14.195400,76.296768;90.732086;104.737396;103.313332;102.017212;100.838966;99.779457;86.144508;72.459229;73.563164;74.566231;75.490944,npp_d20140716_t1940087_e1945491_b14080,140.417,52.7066,63.2604,-80.365,25.9097,93.0349
573,VBD_npp_d20140716_t1944056_x0984646E_y017186N_l2129_s3673_v23,2017-05-23 13:09:12,1.718614,98.464561,19.1988,2014-07-16 19:44:05,2014-07-17 02:44:05,2129,3673,0.359861,1,2529,0.695256,0.155412,0.864703,0.4,0.928841,0.75,0.0508489,0.0001,0.00796302,999999,2.917228e-02,3,Indonesian Exclusive Economic Zone,WPP572,Tapanuli Tengah District Marine Conservation Area,SVDNB_npp_d20140716_t1940087_e1945491_b14080_c20140717014549591992_noaa_ops.h5,GDNBO_npp_d20140716_t1940087_e1945491_b14080_c20140717014549591757_noaa_ops.h5,SVI04_npp_d20140716_t1940087_e1945491_b14080_c20140717014549047847_noaa_ops.dspace_rad,VNFF_npp_d20140716_t1940087_e1945491_b14080_v21.csv,World_EEZ_v8_2014.shp,WPP_BFAR_merge.shp,KKP_IDN_merge_20161208.shp,VNF-VBD_npp_20120301-20151231_global_asia-enhanced_c201607211230.bitmask,NCEI_NGA.union.nga_lead2.add_2015ntl.mask,timezone.shp,VBD_platforms-recurring_2015_r20170330.shp,999999,VBD_bridges_c20160811.shp,19.107107;17.397036;14.693351;9.872889;5.028845;0.164623;-4.717433;-2.668029;-0.463942;4.408493;9.296770;14.195400,76.296768;90.732086;104.737396;103.313332;102.017212;100.838966;99.779457;86.144508;72.459229;73.563164;74.566231;75.490944,npp_d20140716_t1940087_e1945491_b14080,140.412,52.7148,63.2825,-80.9079,25.902,93.0308
584,VBD_npp_d20140716_t1944074_x0984598E_y016057N_l2146_s3676_v23,2017-05-23 13:09:12,1.605652,98.459755,10.6427,2014-07-16 19:44:07,2014-07-17 02:44:07,2146,3676,0.360745,1,2529,0.45757,0.15254,0.797143,0.4,0.873779,0.75,0.0508489,0.0001,0.007863,999999,5.574009e-02,3,Indonesian Exclusive Economic Zone,WPP572,Tapanuli Tengah District Marine Conservation Area,SVDNB_npp_d20140716_t1940087_e1945491_b14080_c20140717014549591992_noaa_ops.h5,GDNBO_npp_d20140716_t1940087_e1945491_b14080_c20140717014549591757_noaa_ops.h5,SVI04_npp_d20140716_t1940087_e1945491_b14080_c20140717014549047847_noaa_ops.dspace_rad,VNFF_npp_d20140716_t1940087_e1945491_b14080_v21.csv,World_EEZ_v8_2014.shp,WPP_BFAR_merge.shp,KKP_IDN_merge_20161208.shp,VNF-VBD_npp_20120301-20151231_global_asia-enhanced_c201607211230.bitmask,NCEI_NGA.union.nga_lead2.add_2015ntl.mask,timezone.shp,VBD_platforms-recurring_2015_r20170330.shp,999999,VBD_bridges_c20160811.shp,19.107107;17.397036;14.693351;9.872889;5.028845;0.164623;-4.717433;-2.668029;-0.463942;4.408493;9.296770;14.195400,76.296768;90.732086;104.737396;103.313332;102.017212;100.838966;99.779457;86.144508;72.459229;73.563164;74.566231;75.490944,npp_d20140716_t1940087_e1945491_b14080,140.478,52.8256,63.341,-80.8913,25.8938,92.794
590,VBD_npp_d20140716_t1943051_x0993300E_y051956N_l1585_s3677_v23,2017-05-23 13:09:12,5.195611,99.329971,16.4601,2014-07-16 19:43:05,2014-07-17 02:43:05,1585,3677,0.298706,2,2465,0.512001,0.165659,0.714105,0.4,0.676819,0.75,0.0509833,0.0001,0.00807387,999999,-6.561011e-02,3,Malaysian Exclusive Economic Zone,,,SVDNB_npp_d20140716_t1940087_e1945491_b14080_c20140717014549591992_noaa_ops.h5,GDNBO_npp_d20140716_t1940087_e1945491_b14080_c20140717014549591757_noaa_ops.h5,SVI04_npp_d20140716_t1940087_e1945491_b14080_c20140717014549047847_noaa_ops.dspace_rad,VNFF_npp_d20140716_t1940087_e1945491_b14080_v21.csv,World_EEZ_v8_2014.shp,WPP_BFAR_merge.shp,KKP_IDN_merge_20161208.shp,VNF-VBD_npp_20120301-20151231_global_asia-enhanced_c201607211230.bitmask,NCEI_NGA.union.nga_lead2.add_2015ntl.mask,timezone.shp,VBD_platforms-recurring_2015_r20170330.shp,999999,VBD_bridges_c20160811.shp,19.107107;17.397036;14.693351;9.872889;5.028845;0.164623;-4.717433;-2.668029;-0.463942;4.408493;9.296770;14.195400,76.296768;90.732086;104.737396;103.313332;102.017212;100.838966;99.779457;86.144508;72.459229;73.563164;74.566231;75.490944,npp_d20140716_t1940087_e1945491_b14080,137.763,50.0567,63.3569,-80.1802,25.6921,100.52
593,VBD_npp_d20140716_t1944039_x0985074E_y017345N_l2125_s3678_v23,2017-05-23 13:09:12,1.734491,98.507401,14.9287,2014-07-16 19:44:03,2014-07-17 02:44:03,2125,3678,0.356933,1,2529,0.566007,0.160148,0.858111,0.4,0.905307,0.75,0.0508701,0.0001,0.00777524,999999,-1.462968e-02,3,Indonesian Exclusive Economic Zone,WPP572,,SVDNB_npp_d20140716_t1940087_e1945491_b14080_c20140717014549591992_noaa_ops.h5,GDNBO_npp_d20140716_t1940087_e1945491_b14080_c20140717014549591757_noaa_ops.h5,SVI04_npp_d20140716_t1940087_e1945491_b14080_c20140717014549047847_noaa_ops.dspace_rad,VNFF_npp_d20140716_t1940087_e1945491_b14080_v21.csv,World_EEZ_v8_2014.shp,WPP_BFAR_merge.shp,KKP_IDN_merge_20161208.shp,VNF-VBD_npp_20120301-20151231_global_asia-enhanced_c201607211230.bitmask,NCEI_NGA.union.nga_lead2.add_2015ntl.mask,timezone.shp,VBD_platforms-recurring_2015_r20170330.shp,999999,VBD_bridges_c20160811.shp,19.107107;17.397036;14.693351;9.872889;5.028845;0.164623;-4.717433;-2.668029;-0.463942;4.408493;9.296770;14.195400,76.296768;90.732086;104.737396;103.313332;102.017212;100.838966;99.779457;86.144508;72.459229;73.563164;74.566231;75.490944,npp_d20140716_t1940087_e1945491_b14080,140.374,52.7265,63.3751,-80.4682,25.8667,93.0694
595,VBD_npp_d20140716_t1944039_x0985107E_y017131N_l2128_s3679_v23,2017-05-23 13:09:12,1.713100,98.510674,4.70155,2014-07-16 19:44:03,2014-07-17 02:44:03,2128,3679,0.354447,7,2209,0.180965,0.154388,0.833809,0.4,0.637809,0.75,0.0508718,0.0001,0.00772934,999999,3.864937e-02,3,,,,SVDNB_npp_d20140716_t1940087_e1945491_b14080_c20140717014549591992_noaa_ops.h5,GDNBO_npp_d20140716_t1940087_e1945491_b14080_c20140717014549591757_noaa_ops.h5,SVI04_npp_d20140716_t1940087_e1945491_b14080_c20140717014549047847_noaa_ops.dspace_rad,VNFF_npp_d20140716_t1940087_e1945491_b14080_v21.csv,World_EEZ_v8_2014.shp,WPP_BFAR_merge.shp,KKP_IDN_merge_20161208.shp,VNF-VBD_npp_20120301-20151231_global_asia-enhanced_c201607211230.bitmask,NCEI_NGA.union.nga_lead2.add_2015ntl.mask,timezone.shp,VBD_platforms-recurring_2015_r20170330.shp,999999,VBD_bridges_c20160811.shp,19.107107;17.397036;14.693351;9.872889;5.028845;0.164623;-4.717433;-2.668029;-0.463942;4.408493;9.296770;14.195400,76.296768;90.732086;104.737396;103.313332;102.017212;100.838966;99.779457;86.144508;72.459229;73.563164;74.566231;75.490944,npp_d20140716_t1940087_e1945491_b14080,140.385,52.7495,63.3944,-80.364,25.8622,93.025
603,VBD_npp_d20140716_t1944074_x0985132E_y015970N_l2146_s3684_v23,2017-05-23 13:09:12,1.596972,98.513153,18.971,2014-07-16 19:44:07,2014-07-17 02:44:07,2146,3684,0.365054,1,2529,0.626953,0.168826,0.880331,0.4,0.796099,0.75,0.0508785,0.0001,0.00766106,999999,-9.489774e-02,3,Indonesian Exclusive Economic Zone,WPP572,Tapanuli Tengah District Marine Conservation Area,SVDNB_npp_d20140716_t1940087_e1945491_b14080_c20140717014549591992_noaa_ops.h5,GDNBO_npp_d20140716_t1940087_e1945491_b14080_c20140717014549591757_noaa_ops.h5,SVI04_npp_d20140716_t1940087_e1945491_b14080_c20140717014549047847_noaa_ops.dspace_rad,VNFF_npp_d20140716_t1940087_e1945491_b14080_v21.csv,World_EEZ_v8_2014.shp,WPP_BFAR_merge.shp,KKP_IDN_merge_20161208.shp,VNF-VBD_npp_20120301-20151231_global_asia-enhanced_c201607211230.bitmask,NCEI_NGA.union.nga_lead2.add_2015ntl.mask,timezone.shp,VBD_platforms-recurring_2015_r20170330.shp,999999,VBD_bridges_c20160811.shp,19.107107;17.397036;14.693351;9.872889;5.028845;0.164623;-4.717433;-2.668029;-0.463942;4.408493;9.296770;14.195400,76.296768;90.732086;104.737396;103.313332;102.017212;100.838966;99.779457;86.144508;72.459229;73.563164;74.566231;75.490944,npp_d20140716_t1940087_e1945491_b14080,140.441,52.8745,63.4945,-80.8896,25.8392,92.7828
606,VBD_npp_d20140716_t1944039_x0985586E_y017119N_l2127_s3686_v23,2017-05-23 13:09:12,1.711942,98.558601,4.3698,2014-07-16 19:44:03,2014-07-17 02:44:03,2127,3686,0.348315,2,2209,0.175518,0.150407,0.824157,0.4,0.688227,0.75,0.0508983,0.0001,0.00756139,999999,7.546627e-02,3,Indonesian Exclusive Economic Zone,WPP572,Tapanuli Tengah District Marine Conservation Area,SVDNB_npp_d20140716_t1940087_e1945491_b14080_c20140717014549591992_noaa_ops.h5,GDNBO_npp_d20140716_t1940087_e1945491_b14080_c20140717014549591757_noaa_ops.h5,SVI04_npp_d20140716_t1940087_e1945491_b14080_c20140717014549047847_noaa_ops.dspace_rad,VNFF_npp_d20140716_t1940087_e1945491_b14080_v21.csv,World_EEZ_v8_2014.shp,WPP_BFAR_merge.shp,KKP_IDN_merge_20161208.shp,VNF-VBD_npp_20120301-20151231_global_asia-enhanced_c201607211230.bitmask,NCEI_NGA.union.nga_lead2.add_2015ntl.mask,timezone.shp,VBD_platforms-recurring_2015_r20170330.shp,999999,VBD_bridges_c20160811.shp,19.107107;17.397036;14.693351;9.872889;5.028845;0.164623;-4.717433;-2.668029;-0.463942;4.408493;9.296770;14.195400,76.296768;90.732086;104.737396;103.313332;102.017212;100.838966;99.779457;86.144508;72.459229;73.563164;74.566231;75.490944,npp_d20140716_t1940087_e1945491_b14080,140.347,52.7871,63.5288,-80.3976,25.8135,93.0293
607,VBD_npp_d20140716_t1944056_x0985353E_y016097N_l2143_s3686_v23,2017-05-23 13:09:12,1.609658,98.535339,6.62545,2014-07-16 19:44:05,2014-07-17 02:44:05,2143,3686,0.377319,1,2529,0.315548,0.160695,0.880331,0.4,0.807192,0.75,0.0508879,0.0001,0.00754255,999999,-1.969112e-02,3,Indonesian Exclusive Economic Zone,WPP572,Tapanuli Tengah District Marine Conservation Area,SVDNB_npp_d20140716_t1940087_e1945491_b14080_c20140717014549591992_noaa_ops.h5,GDNBO_npp_d20140716_t1940087_e1945491_b14080_c20140717014549591757_noaa_ops.h5,SVI04_npp_d20140716_t1940087_e1945491_b14080_c20140717014549047847_noaa_ops.dspace_rad,VNFF_npp_d20140716_t1940087_e1945491_b14080_v21.csv,World_EEZ_v8_2014.shp,WPP_BFAR_merge.shp,KKP_IDN_merge_20161208.shp,VNF-VBD_npp_20120301-20151231_global_asia-enhanced_c201607211230.bitmask,NCEI_NGA.union.nga_lead2.add_2015ntl.mask,timezone.shp,VBD_platforms-recurring_2015_r20170330.shp,999999,VBD_bridges_c20160811.shp,19.107107;17.397036;14.693351;9.872889;5.028845;0.164623;-4.717433;-2.668029;-0.463942;4.408493;9.296770;14.195400,76.296768;90.732086;104.737396;103.313332;102.017212;100.838966;99.779457;86.144508;72.459229;73.563164;74.566231;75.490944,npp_d20140716_t1940087_e1945491_b14080,140.422,52.8735,63.5307,-80.4201,25.8246,92.8116
610,VBD_npp_d20140716_t1944074_x0985377E_y015790N_l2148_s3688_v23,2017-05-23 13:09:12,1.579040,98.537735,25.6487,2014-07-16 19:44:07,2014-07-17 02:44:07,2148,3688,0.370302,1,2529,0.737834,0.156053,0.893655,0.4,0.894902,0.75,0.050892,0.0001,0.00754841,999999,2.324469e-02,3,Indonesian Exclusive Economic Zone,WPP572,Tapanuli Tengah District Marine Conservation Area,SVDNB_npp_d20140716_t1940087_e1945491_b14080_c20140717014549591992_noaa_ops.h5,GDNBO_npp_d20140716_t1940087_e1945491_b14080_c20140717014549591757_noaa_ops.h5,SVI04_npp_d20140716_t1940087_e1945491_b14080_c20140717014549047847_noaa_ops.dspace_rad,VNFF_npp_d20140716_t1940087_e1945491_b14080_v21.csv,World_EEZ_v8_2014.shp,WPP_BFAR_merge.shp,KKP_IDN_merge_20161208.shp,VNF-VBD_npp_20120301-20151231_global_asia-enhanced_c201607211230.bitmask,NCEI_NGA.union.nga_lead2.add_2015ntl.mask,timezone.shp,VBD_platforms-recurring_2015_r20170330.shp,999999,VBD_bridges_c20160811.shp,19.107107;17.397036;14.693351;9.872889;5.028845;0.164623;-4.717433;-2.668029;-0.463942;4.408493;9.296770;14.195400,76.296768;90.732086;104.737396;103.313332;102.017212;100.838966;99.779457;86.144508;72.459229;73.563164;74.566231;75.490944,npp_d20140716_t1940087_e1945491_b14080,140.432,52.9105,63.5711,-80.8195,25.8134,92.7482
614,VBD_npp_d20140716_t1944056_x0985703E_y016945N_l2130_s3689_v23,2017-05-23 13:09:12,1.694468,98.570290,14.5172,2014-07-16 19:44:05,2014-07-17 02:44:05,2130,3689,0.357044,1,2529,0.570666,0.165762,0.843288,0.4,0.904258,0.75,0.0509075,0.0001,0.00755294,999999,-6.655460e-02,3,Indonesian Exclusive Economic Zone,WPP572,Tapanuli Tengah District Marine Conservation Area,SVDNB_npp_d20140716_t1940087_e1945491_b14080_c20140717014549591992_noaa_ops.h5,GDNBO_npp_d20140716_t1940087_e1945491_b14080_c20140717014549591757_noaa_ops.h5,SVI04_npp_d20140716_t1940087_e1945491_b14080_c20140717014549047847_noaa_ops.dspace_rad,VNFF_npp_d20140716_t1940087_e1945491_b14080_v21.csv,World_EEZ_v8_2014.shp,WPP_BFAR_merge.shp,KKP_IDN_merge_20161208.shp,VNF-VBD_npp_20120301-20151231_global_asia-enhanced_c201607211230.bitmask,NCEI_NGA.union.nga_lead2.add_2015ntl.mask,timezone.shp,VBD_platforms-recurring_2015_r20170330.shp,999999,VBD_bridges_c20160811.shp,19.107107;17.397036;14.693351;9.872889;5.028845;0.164623;-4.717433;-2.668029;-0.463942;4.408493;9.296770;14.195400,76.296768;90.732086;104.737396;103.313332;102.017212;100.838966;99.779457;86.144508;72.459229;73.563164;74.566231;75.490944,npp_d20140716_t1940087_e1945491_b14080,140.342,52.8184,63.5893,-80.8697,25.7935,92.9949
615,VBD_npp_d20140716_t1944056_x0985544E_y015995N_l2144_s3689_v23,2017-05-23 13:09:12,1.599467,98.554375,7.58966,2014-07-16 19:44:05,2014-07-17 02:44:05,2144,3689,0.372457,1,2529,0.35201,0.147815,0.888309,0.4,0.766155,0.75,0.0508983,0.0001,0.00746142,999999,9.944079e-02,3,Indonesian Exclusive Economic Zone,WPP572,Tapanuli Tengah District Marine Conservation Area,SVDNB_npp_d20140716_t1940087_e1945491_b14080_c20140717014549591992_noaa_ops.h5,GDNBO_npp_d20140716_t1940087_e1945491_b14080_c20140717014549591757_noaa_ops.h5,SVI04_npp_d20140716_t1940087_e1945491_b14080_c20140717014549047847_noaa_ops.dspace_rad,VNFF_npp_d20140716_t1940087_e1945491_b14080_v21.csv,World_EEZ_v8_2014.shp,WPP_BFAR_merge.shp,KKP_IDN_merge_20161208.shp,VNF-VBD_npp_20120301-20151231_global_asia-enhanced_c201607211230.bitmask,NCEI_NGA.union.nga_lead2.add_2015ntl.mask,timezone.shp,VBD_platforms-recurring_2015_r20170330.shp,999999,VBD_bridges_c20160811.shp,19.107107;17.397036;14.693351;9.872889;5.028845;0.164623;-4.717433;-2.668029;-0.463942;4.408493;9.296770;14.195400,76.296768;90.732086;104.737396;103.313332;102.017212;100.838966;99.779457;86.144508;72.459229;73.563164;74.566231;75.490944,npp_d20140716_t1940087_e1945491_b14080,140.413,52.8978,63.5884,-80.3851,25.8048,92.7927
618,VBD_npp_d20140716_t1944074_x0985535E_y015904N_l2146_s3690_v23,2017-05-23 13:09:12,1.590413,98.553497,7.64798,2014-07-16 19:44:07,2014-07-17 02:44:07,2146,3690,0.372899,7,2465,0.30905,0.145019,0.888309,0.4,0.739624,0.75,0.0509007,0.0001,0.00751144,999999,1.253036e-01,3,,,,SVDNB_npp_d20140716_t1940087_e1945491_b14080_c20140717014549591992_noaa_ops.h5,GDNBO_npp_d20140716_t1940087_e1945491_b14080_c20140717014549591757_noaa_ops.h5,SVI04_npp_d20140716_t1940087_e1945491_b14080_c20140717014549047847_noaa_ops.dspace_rad,VNFF_npp_d20140716_t1940087_e1945491_b14080_v21.csv,World_EEZ_v8_2014.shp,WPP_BFAR_merge.shp,KKP_IDN_merge_20161208.shp,VNF-VBD_npp_20120301-20151231_global_asia-enhanced_c201607211230.bitmask,NCEI_NGA.union.nga_lead2.add_2015ntl.mask,timezone.shp,VBD_platforms-recurring_2015_r20170330.shp,999999,VBD_bridges_c20160811.shp,19.107107;17.397036;14.693351;9.872889;5.028845;0.164623;-4.717433;-2.668029;-0.463942;4.408493;9.296770;14.195400,76.296768;90.732086;104.737396;103.313332;102.017212;100.838966;99.779457;86.144508;72.459229;73.563164;74.566231;75.490944,npp_d20140716_t1940087_e1945491_b14080,140.413,52.9114,63.6099,-80.8883,25.798,92.7742
619,VBD_npp_d20140716_t1944074_x0985478E_y015565N_l2151_s3690_v23,2017-05-23 13:09:12,1.556472,98.547783,8.84393,2014-07-16 19:44:07,2014-07-17 02:44:07,2151,3690,0.372402,1,2529,0.37304,0.176301,0.878408,0.4,0.808935,0.75,0.0508975,0.0001,0.00747934,999999,-1.640407e-01,3,Indonesian Exclusive Economic Zone,WPP572,Tapanuli Tengah District Marine Conservation Area,SVDNB_npp_d20140716_t1940087_e1945491_b14080_c20140717014549591992_noaa_ops.h5,GDNBO_npp_d20140716_t1940087_e1945491_b14080_c20140717014549591757_noaa_ops.h5,SVI04_npp_d20140716_t1940087_e1945491_b14080_c20140717014549047847_noaa_ops.dspace_rad,VNFF_npp_d20140716_t1940087_e1945491_b14080_v21.csv,World_EEZ_v8_2014.shp,WPP_BFAR_merge.shp,KKP_IDN_merge_20161208.shp,VNF-VBD_npp_20120301-20151231_global_asia-enhanced_c201607211230.bitmask,NCEI_NGA.union.nga_lead2.add_2015ntl.mask,timezone.shp,VBD_platforms-recurring_2015_r20170330.shp,999999,VBD_bridges_c20160811.shp,19.107107;17.397036;14.693351;9.872889;5.028845;0.164623;-4.717433;-2.668029;-0.463942;4.408493;9.296770;14.195400,76.296768;90.732086;104.737396;103.313332;102.017212;100.838966;99.779457;86.144508;72.459229;73.563164;74.566231;75.490944,npp_d20140716_t1940087_e1945491_b14080,140.438,52.9399,63.6092,-80.7153,25.8021,92.702
623,VBD_npp_d20140716_t1944074_x0985591E_y015825N_l2147_s3691_v23,2017-05-23 13:09:12,1.582525,98.559097,28.3112,2014-07-16 19:44:07,2014-07-17 02:44:07,2147,3691,0.376656,1,2529,0.776953,0.145611,0.887266,0.4,0.926838,0.75,0.0509038,0.0001,0.0074804,999999,1.198313e-01,3,Indonesian Exclusive Economic Zone,WPP572,Tapanuli Tengah District Marine Conservation Area,SVDNB_npp_d20140716_t1940087_e1945491_b14080_c20140717014549591992_noaa_ops.h5,GDNBO_npp_d20140716_t1940087_e1945491_b14080_c20140717014549591757_noaa_ops.h5,SVI04_npp_d20140716_t1940087_e1945491_b14080_c20140717014549047847_noaa_ops.dspace_rad,VNFF_npp_d20140716_t1940087_e1945491_b14080_v21.csv,World_EEZ_v8_2014.shp,WPP_BFAR_merge.shp,KKP_IDN_merge_20161208.shp,VNF-VBD_npp_20120301-20151231_global_asia-enhanced_c201607211230.bitmask,NCEI_NGA.union.nga_lead2.add_2015ntl.mask,timezone.shp,VBD_platforms-recurring_2015_r20170330.shp,999999,VBD_bridges_c20160811.shp,19.107107;17.397036;14.693351;9.872889;5.028845;0.164623;-4.717433;-2.668029;-0.463942;4.408493;9.296770;14.195400,76.296768;90.732086;104.737396;103.313332;102.017212;100.838966;99.779457;86.144508;72.459229;73.563164;74.566231;75.490944,npp_d20140716_t1940087_e1945491_b14080,140.413,52.9233,63.629,-80.8535,25.7919,92.7583
627,VBD_npp_d20140716_t1944074_x0985624E_y015191N_l2156_s3693_v23,2017-05-23 13:09:12,1.519140,98.562355,13.287,2014-07-16 19:44:07,2014-07-17 02:44:07,2156,3693,0.377595,1,2529,0.51446,0.149401,0.884276,0.4,0.851938,0.75,0.0509053,0.0001,0.00737195,999999,8.477649e-02,3,Indonesian Exclusive Economic Zone,WPP572,,SVDNB_npp_d20140716_t1940087_e1945491_b14080_c20140717014549591992_noaa_ops.h5,GDNBO_npp_d20140716_t1940087_e1945491_b14080_c20140717014549591757_noaa_ops.h5,SVI04_npp_d20140716_t1940087_e1945491_b14080_c20140717014549047847_noaa_ops.dspace_rad,VNFF_npp_d20140716_t1940087_e1945491_b14080_v21.csv,World_EEZ_v8_2014.shp,WPP_BFAR_merge.shp,KKP_IDN_merge_20161208.shp,VNF-VBD_npp_20120301-20151231_global_asia-enhanced_c201607211230.bitmask,NCEI_NGA.union.nga_lead2.add_2015ntl.mask,timezone.shp,VBD_platforms-recurring_2015_r20170330.shp,999999,VBD_bridges_c20160811.shp,19.107107;17.397036;14.693351;9.872889;5.028845;0.164623;-4.717433;-2.668029;-0.463942;4.408493;9.296770;14.195400,76.296768;90.732086;104.737396;103.313332;102.017212;100.838966;99.779457;86.144508;72.459229;73.563164;74.566231;75.490944,npp_d20140716_t1940087_e1945491_b14080,140.449,52.987,63.6667,-80.5418,25.7856,92.6251
628,VBD_npp_d20140716_t1944039_x0986147E_y017164N_l2125_s3694_v23,2017-05-23 13:09:12,1.716428,98.614746,18.5416,2014-07-16 19:44:03,2014-07-17 02:44:03,2125,3694,0.332847,1,2529,0.633247,0.158028,0.839998,0.4,0.90937,0.75,0.0509293,0.0001,0.00737729,999999,4.973316e-03,3,Indonesian Exclusive Economic Zone,WPP572,Tapanuli Tengah District Marine Conservation Area,SVDNB_npp_d20140716_t1940087_e1945491_b14080_c20140717014549591992_noaa_ops.h5,GDNBO_npp_d20140716_t1940087_e1945491_b14080_c20140717014549591757_noaa_ops.h5,SVI04_npp_d20140716_t1940087_e1945491_b14080_c20140717014549047847_noaa_ops.dspace_rad,VNFF_npp_d20140716_t1940087_e1945491_b14080_v21.csv,World_EEZ_v8_2014.shp,WPP_BFAR_merge.shp,KKP_IDN_merge_20161208.shp,VNF-VBD_npp_20120301-20151231_global_asia-enhanced_c201607211230.bitmask,NCEI_NGA.union.nga_lead2.add_2015ntl.mask,timezone.shp,VBD_platforms-recurring_2015_r20170330.shp,999999,VBD_bridges_c20160811.shp,19.107107;17.397036;14.693351;9.872889;5.028845;0.164623;-4.717433;-2.668029;-0.463942;4.408493;9.296770;14.195400,76.296768;90.732086;104.737396;103.313332;102.017212;100.838966;99.779457;86.144508;72.459229;73.563164;74.566231;75.490944,npp_d20140716_t1940087_e1945491_b14080,140.3,52.8253,63.6827,-80.4656,25.7568,93.0467
629,VBD_npp_d20140716_t1944074_x0985805E_y015860N_l2146_s3694_v23,2017-05-23 13:09:12,1.586016,98.580536,5.1365,2014-07-16 19:44:07,2014-07-17 02:44:07,2146,3694,0.37207,7,2209,0.196575,0.14119,0.875214,0.4,0.66039,0.75,0.0509155,0.0001,0.00741256,999999,1.607217e-01,3,,,,SVDNB_npp_d20140716_t1940087_e1945491_b14080_c20140717014549591992_noaa_ops.h5,GDNBO_npp_d20140716_t1940087_e1945491_b14080_c20140717014549591757_noaa_ops.h5,SVI04_npp_d20140716_t1940087_e1945491_b14080_c20140717014549047847_noaa_ops.dspace_rad,VNFF_npp_d20140716_t1940087_e1945491_b14080_v21.csv,World_EEZ_v8_2014.shp,WPP_BFAR_merge.shp,KKP_IDN_merge_20161208.shp,VNF-VBD_npp_20120301-20151231_global_asia-enhanced_c201607211230.bitmask,NCEI_NGA.union.nga_lead2.add_2015ntl.mask,timezone.shp,VBD_platforms-recurring_2015_r20170330.shp,999999,VBD_bridges_c20160811.shp,19.107107;17.397036;14.693351;9.872889;5.028845;0.164623;-4.717433;-2.668029;-0.463942;4.408493;9.296770;14.195400,76.296768;90.732086;104.737396;103.313332;102.017212;100.838966;99.779457;86.144508;72.459229;73.563164;74.566231;75.490944,npp_d20140716_t1940087_e1945491_b14080,140.394,52.9361,63.687,-80.8875,25.7703,92.7684
631,VBD_npp_d20140716_t1944074_x0985736E_y015033N_l2158_s3695_v23,2017-05-23 13:09:12,1.503266,98.573639,11.7806,2014-07-16 19:44:07,2014-07-17 02:44:07,2158,3695,0.375993,1,2529,0.476945,0.149617,0.911673,0.4,0.860483,0.75,0.0509114,0.0001,0.00730928,999999,8.277780e-02,3,Indonesian Exclusive Economic Zone,WPP572,,SVDNB_npp_d20140716_t1940087_e1945491_b14080_c20140717014549591992_noaa_ops.h5,GDNBO_npp_d20140716_t1940087_e1945491_b14080_c20140717014549591757_noaa_ops.h5,SVI04_npp_d20140716_t1940087_e1945491_b14080_c20140717014549047847_noaa_ops.dspace_rad,VNFF_npp_d20140716_t1940087_e1945491_b14080_v21.csv,World_EEZ_v8_2014.shp,WPP_BFAR_merge.shp,KKP_IDN_merge_20161208.shp,VNF-VBD_npp_20120301-20151231_global_asia-enhanced_c201607211230.bitmask,NCEI_NGA.union.nga_lead2.add_2015ntl.mask,timezone.shp,VBD_platforms-recurring_2015_r20170330.shp,999999,VBD_bridges_c20160811.shp,19.107107;17.397036;14.693351;9.872889;5.028845;0.164623;-4.717433;-2.668029;-0.463942;4.408493;9.296770;14.195400,76.296768;90.732086;104.737396;103.313332;102.017212;100.838966;99.779457;86.144508;72.459229;73.563164;74.566231;75.490944,npp_d20140716_t1940087_e1945491_b14080,140.449,53.0108,63.7053,-80.4723,25.7734,92.593
632,VBD_npp_d20140716_t1943034_x0994639E_y051733N_l1584_s3696_v23,2017-05-23 13:09:12,5.173328,99.463936,24.7776,2014-07-16 19:43:03,2014-07-17 02:43:03,1584,3696,0.300474,8,18913,0.639114,0.165283,0.72471,0.4,0.876072,0.75,0.0510538,0.0001,0.00759721,999999,-6.212361e-02,3,Malaysian Exclusive Economic Zone,,,SVDNB_npp_d20140716_t1940087_e1945491_b14080_c20140717014549591992_noaa_ops.h5,GDNBO_npp_d20140716_t1940087_e1945491_b14080_c20140717014549591757_noaa_ops.h5,SVI04_npp_d20140716_t1940087_e1945491_b14080_c20140717014549047847_noaa_ops.dspace_rad,VNFF_npp_d20140716_t1940087_e1945491_b14080_v21.csv,World_EEZ_v8_2014.shp,WPP_BFAR_merge.shp,KKP_IDN_merge_20161208.shp,VNF-VBD_npp_20120301-20151231_global_asia-enhanced_c201607211230.bitmask,NCEI_NGA.union.nga_lead2.add_2015ntl.mask,timezone.shp,VBD_platforms-recurring_2015_r20170330.shp,0.354985,VBD_bridges_c20160811.shp,19.107107;17.397036;14.693351;9.872889;5.028845;0.164623;-4.717433;-2.668029;-0.463942;4.408493;9.296770;14.195400,76.296768;90.732086;104.737396;103.313332;102.017212;100.838966;99.779457;86.144508;72.459229;73.563164;74.566231;75.490944,npp_d20140716_t1940087_e1945491_b14080,137.68,50.1758,63.7192,-79.6264,25.5618,100.534
634,VBD_npp_d20140716_t1943051_x0994646E_y051720N_l1585_s3697_v23,2017-05-23 13:09:12,5.172050,99.464615,19.5619,2014-07-16 19:43:05,2014-07-17 02:43:05,1585,3697,0.303291,8,18913,0.552488,0.158742,0.72471,0.4,0.830383,0.75,0.0510573,0.0001,0.00756253,999999,-1.624592e-03,3,Malaysian Exclusive Economic Zone,,,SVDNB_npp_d20140716_t1940087_e1945491_b14080_c20140717014549591992_noaa_ops.h5,GDNBO_npp_d20140716_t1940087_e1945491_b14080_c20140717014549591757_noaa_ops.h5,SVI04_npp_d20140716_t1940087_e1945491_b14080_c20140717014549047847_noaa_ops.dspace_rad,VNFF_npp_d20140716_t1940087_e1945491_b14080_v21.csv,World_EEZ_v8_2014.shp,WPP_BFAR_merge.shp,KKP_IDN_merge_20161208.shp,VNF-VBD_npp_20120301-20151231_global_asia-enhanced_c201607211230.bitmask,NCEI_NGA.union.nga_lead2.add_2015ntl.mask,timezone.shp,VBD_platforms-recurring_2015_r20170330.shp,0.399051,VBD_bridges_c20160811.shp,19.107107;17.397036;14.693351;9.872889;5.028845;0.164623;-4.717433;-2.668029;-0.463942;4.408493;9.296770;14.195400,76.296768;90.732086;104.737396;103.313332;102.017212;100.838966;99.779457;86.144508;72.459229;73.563164;74.566231;75.490944,npp_d20140716_t1940087_e1945491_b14080,137.675,50.1833,63.7415,-80.1675,25.5537,100.535
635,VBD_npp_d20140716_t1943247_x0991747E_y039789N_l1771_s3697_v23,2017-05-23 13:09:12,3.978897,99.174675,11.4341,2014-07-16 19:43:24,2014-07-17 02:43:24,1771,3697,0.142751,8,18849,0.29647,0.207516,0.489002,0.4,0.685229,0.75,0.0511049,0.0001,0.00754468,999999,-4.527660e-01,3,Indonesian Exclusive Economic Zone,WPP571,,SVDNB_npp_d20140716_t1940087_e1945491_b14080_c20140717014549591992_noaa_ops.h5,GDNBO_npp_d20140716_t1940087_e1945491_b14080_c20140717014549591757_noaa_ops.h5,SVI04_npp_d20140716_t1940087_e1945491_b14080_c20140717014549047847_noaa_ops.dspace_rad,VNFF_npp_d20140716_t1940087_e1945491_b14080_v21.csv,World_EEZ_v8_2014.shp,WPP_BFAR_merge.shp,KKP_IDN_merge_20161208.shp,VNF-VBD_npp_20120301-20151231_global_asia-enhanced_c201607211230.bitmask,NCEI_NGA.union.nga_lead2.add_2015ntl.mask,timezone.shp,VBD_platforms-recurring_2015_r20170330.shp,0.494536,VBD_bridges_c20160811.shp,19.107107;17.397036;14.693351;9.872889;5.028845;0.164623;-4.717433;-2.668029;-0.463942;4.408493;9.296770;14.195400,76.296768;90.732086;104.737396;103.313332;102.017212;100.838966;99.779457;86.144508;72.459229;73.563164;74.566231;75.490944,npp_d20140716_t1940087_e1945491_b14080,138.592,51.0487,63.7382,-80.0621,25.5702,97.9334
636,VBD_npp_d20140716_t1944056_x0986187E_y016516N_l2135_s3697_v23,2017-05-23 13:09:12,1.651599,98.618721,22.4353,2014-07-16 19:44:05,2014-07-17 02:44:05,2135,3697,0.367319,1,2529,0.707475,0.15244,0.848611,0.4,0.915113,0.75,0.0509338,0.0001,0.00732451,999999,5.666640e-02,3,Indonesian Exclusive Economic Zone,WPP572,Tapanuli Tengah District Marine Conservation Area,SVDNB_npp_d20140716_t1940087_e1945491_b14080_c20140717014549591992_noaa_ops.h5,GDNBO_npp_d20140716_t1940087_e1945491_b14080_c20140717014549591757_noaa_ops.h5,SVI04_npp_d20140716_t1940087_e1945491_b14080_c20140717014549047847_noaa_ops.dspace_rad,VNFF_npp_d20140716_t1940087_e1945491_b14080_v21.csv,World_EEZ_v8_2014.shp,WPP_BFAR_merge.shp,KKP_IDN_merge_20161208.shp,VNF-VBD_npp_20120301-20151231_global_asia-enhanced_c201607211230.bitmask,NCEI_NGA.union.nga_lead2.add_2015ntl.mask,timezone.shp,VBD_platforms-recurring_2015_r20170330.shp,999999,VBD_bridges_c20160811.shp,19.107107;17.397036;14.693351;9.872889;5.028845;0.164623;-4.717433;-2.668029;-0.463942;4.408493;9.296770;14.195400,76.296768;90.732086;104.737396;103.313332;102.017212;100.838966;99.779457;86.144508;72.459229;73.563164;74.566231;75.490944,npp_d20140716_t1940087_e1945491_b14080,140.33,52.8962,63.7429,-80.6951,25.7421,92.9112
637,VBD_npp_d20140716_t1943069_x0994396E_y050062N_l1610_s3699_v23,2017-05-23 13:09:12,5.006226,99.439621,22.3893,2014-07-16 19:43:06,2014-07-17 02:43:06,1610,3699,0.267935,8,18913,0.561442,0.175885,0.682398,0.4,0.814031,0.75,0.0510581,0.0001,0.00752569,999999,-1.601900e-01,3,Malaysian Exclusive Economic Zone,,,SVDNB_npp_d20140716_t1940087_e1945491_b14080_c20140717014549591992_noaa_ops.h5,GDNBO_npp_d20140716_t1940087_e1945491_b14080_c20140717014549591757_noaa_ops.h5,SVI04_npp_d20140716_t1940087_e1945491_b14080_c20140717014549047847_noaa_ops.dspace_rad,VNFF_npp_d20140716_t1940087_e1945491_b14080_v21.csv,World_EEZ_v8_2014.shp,WPP_BFAR_merge.shp,KKP_IDN_merge_20161208.shp,VNF-VBD_npp_20120301-20151231_global_asia-enhanced_c201607211230.bitmask,NCEI_NGA.union.nga_lead2.add_2015ntl.mask,timezone.shp,VBD_platforms-recurring_2015_r20170330.shp,0.328101,VBD_bridges_c20160811.shp,19.107107;17.397036;14.693351;9.872889;5.028845;0.164623;-4.717433;-2.668029;-0.463942;4.408493;9.296770;14.195400,76.296768;90.732086;104.737396;103.313332;102.017212;100.838966;99.779457;86.144508;72.459229;73.563164;74.566231;75.490944,npp_d20140716_t1940087_e1945491_b14080,137.794,50.3097,63.7733,-79.8763,25.5412,100.179
638,VBD_npp_d20140716_t1944074_x0986042E_y015192N_l2155_s3699_v23,2017-05-23 13:09:12,1.519151,98.604225,17.1968,2014-07-16 19:44:07,2014-07-17 02:44:07,2155,3699,0.373838,1,2529,0.615714,0.148681,0.916291,0.4,0.894264,0.75,0.0509282,0.0001,0.00723233,999999,9.143034e-02,3,Indonesian Exclusive Economic Zone,WPP572,,SVDNB_npp_d20140716_t1940087_e1945491_b14080_c20140717014549591992_noaa_ops.h5,GDNBO_npp_d20140716_t1940087_e1945491_b14080_c20140717014549591757_noaa_ops.h5,SVI04_npp_d20140716_t1940087_e1945491_b14080_c20140717014549047847_noaa_ops.dspace_rad,VNFF_npp_d20140716_t1940087_e1945491_b14080_v21.csv,World_EEZ_v8_2014.shp,WPP_BFAR_merge.shp,KKP_IDN_merge_20161208.shp,VNF-VBD_npp_20120301-20151231_global_asia-enhanced_c201607211230.bitmask,NCEI_NGA.union.nga_lead2.add_2015ntl.mask,timezone.shp,VBD_platforms-recurring_2015_r20170330.shp,999999,VBD_bridges_c20160811.shp,19.107107;17.397036;14.693351;9.872889;5.028845;0.164623;-4.717433;-2.668029;-0.463942;4.408493;9.296770;14.195400,76.296768;90.732086;104.737396;103.313332;102.017212;100.838966;99.779457;86.144508;72.459229;73.563164;74.566231;75.490944,npp_d20140716_t1940087_e1945491_b14080,140.415,53.0186,63.7826,-80.5755,25.7431,92.6303
639,VBD_npp_d20140716_t1944092_x0985916E_y014784N_l2162_s3699_v23,2017-05-23 13:09:12,1.478392,98.591606,22.6701,2014-07-16 19:44:09,2014-07-17 02:44:09,2162,3699,0.368203,1,2529,0.732448,0.147162,0.907924,0.4,0.925295,0.75,0.0509236,0.0001,0.00727241,999999,1.054835e-01,3,Indonesian Exclusive Economic Zone,WPP572,,SVDNB_npp_d20140716_t1940087_e1945491_b14080_c20140717014549591992_noaa_ops.h5,GDNBO_npp_d20140716_t1940087_e1945491_b14080_c20140717014549591757_noaa_ops.h5,SVI04_npp_d20140716_t1940087_e1945491_b14080_c20140717014549047847_noaa_ops.dspace_rad,VNFF_npp_d20140716_t1940087_e1945491_b14080_v21.csv,World_EEZ_v8_2014.shp,WPP_BFAR_merge.shp,KKP_IDN_merge_20161208.shp,VNF-VBD_npp_20120301-20151231_global_asia-enhanced_c201607211230.bitmask,NCEI_NGA.union.nga_lead2.add_2015ntl.mask,timezone.shp,VBD_platforms-recurring_2015_r20170330.shp,999999,VBD_bridges_c20160811.shp,19.107107;17.397036;14.693351;9.872889;5.028845;0.164623;-4.717433;-2.668029;-0.463942;4.408493;9.296770;14.195400,76.296768;90.732086;104.737396;103.313332;102.017212;100.838966;99.779457;86.144508;72.459229;73.563164;74.566231;75.490944,npp_d20140716_t1940087_e1945491_b14080,140.444,53.054,63.7862,-80.91,25.7468,92.5434
642,VBD_npp_d20140716_t1944074_x0986213E_y015373N_l2152_s3701_v23,2017-05-23 13:09:12,1.537344,98.621284,20.9979,2014-07-16 19:44:07,2014-07-17 02:44:07,2152,3701,0.375882,1,2529,0.672092,0.162632,0.914956,0.4,0.891828,0.75,0.0509375,0.0001,0.00720348,999999,-3.760559e-02,3,Indonesian Exclusive Economic Zone,WPP572,Tapanuli Tengah District Marine Conservation Area,SVDNB_npp_d20140716_t1940087_e1945491_b14080_c20140717014549591992_noaa_ops.h5,GDNBO_npp_d20140716_t1940087_e1945491_b14080_c20140717014549591757_noaa_ops.h5,SVI04_npp_d20140716_t1940087_e1945491_b14080_c20140717014549047847_noaa_ops.dspace_rad,VNFF_npp_d20140716_t1940087_e1945491_b14080_v21.csv,World_EEZ_v8_2014.shp,WPP_BFAR_merge.shp,KKP_IDN_merge_20161208.shp,VNF-VBD_npp_20120301-20151231_global_asia-enhanced_c201607211230.bitmask,NCEI_NGA.union.nga_lead2.add_2015ntl.mask,timezone.shp,VBD_platforms-recurring_2015_r20170330.shp,999999,VBD_bridges_c20160811.shp,19.107107;17.397036;14.693351;9.872889;5.028845;0.164623;-4.717433;-2.668029;-0.463942;4.408493;9.296770;14.195400,76.296768;90.732086;104.737396;103.313332;102.017212;100.838966;99.779457;86.144508;72.459229;73.563164;74.566231;75.490944,npp_d20140716_t1940087_e1945491_b14080,140.391,53.0139,63.8215,-80.6788,25.7266,92.6709
643,VBD_npp_d20140716_t1944074_x0986133E_y014896N_l2159_s3701_v23,2017-05-23 13:09:12,1.489584,98.613319,22.8253,2014-07-16 19:44:07,2014-07-17 02:44:07,2159,3701,0.368645,1,2529,0.716782,0.156595,0.907924,0.4,0.931392,0.75,0.050933,0.0001,0.00715684,999999,1.822861e-02,3,Indonesian Exclusive Economic Zone,WPP572,,SVDNB_npp_d20140716_t1940087_e1945491_b14080_c20140717014549591992_noaa_ops.h5,GDNBO_npp_d20140716_t1940087_e1945491_b14080_c20140717014549591757_noaa_ops.h5,SVI04_npp_d20140716_t1940087_e1945491_b14080_c20140717014549047847_noaa_ops.dspace_rad,VNFF_npp_d20140716_t1940087_e1945491_b14080_v21.csv,World_EEZ_v8_2014.shp,WPP_BFAR_merge.shp,KKP_IDN_merge_20161208.shp,VNF-VBD_npp_20120301-20151231_global_asia-enhanced_c201607211230.bitmask,NCEI_NGA.union.nga_lead2.add_2015ntl.mask,timezone.shp,VBD_platforms-recurring_2015_r20170330.shp,999999,VBD_bridges_c20160811.shp,19.107107;17.397036;14.693351;9.872889;5.028845;0.164623;-4.717433;-2.668029;-0.463942;4.408493;9.296770;14.195400,76.296768;90.732086;104.737396;103.313332;102.017212;100.838966;99.779457;86.144508;72.459229;73.563164;74.566231;75.490944,npp_d20140716_t1940087_e1945491_b14080,140.426,53.054,63.8213,-80.437,25.7325,92.569
644,VBD_npp_d20140716_t1944074_x0986316E_y015567N_l2149_s3702_v23,2017-05-23 13:09:12,1.556688,98.631561,15.4402,2014-07-16 19:44:07,2014-07-17 02:44:07,2149,3702,0.371186,1,2529,0.575848,0.15098,0.893077,0.4,0.899564,0.75,0.0509432,0.0001,0.00719826,999999,7.017187e-02,3,Indonesian Exclusive Economic Zone,WPP572,Tapanuli Tengah District Marine Conservation Area,SVDNB_npp_d20140716_t1940087_e1945491_b14080_c20140717014549591992_noaa_ops.h5,GDNBO_npp_d20140716_t1940087_e1945491_b14080_c20140717014549591757_noaa_ops.h5,SVI04_npp_d20140716_t1940087_e1945491_b14080_c20140717014549047847_noaa_ops.dspace_rad,VNFF_npp_d20140716_t1940087_e1945491_b14080_v21.csv,World_EEZ_v8_2014.shp,WPP_BFAR_merge.shp,KKP_IDN_merge_20161208.shp,VNF-VBD_npp_20120301-20151231_global_asia-enhanced_c201607211230.bitmask,NCEI_NGA.union.nga_lead2.add_2015ntl.mask,timezone.shp,VBD_platforms-recurring_2015_r20170330.shp,999999,VBD_bridges_c20160811.shp,19.107107;17.397036;14.693351;9.872889;5.028845;0.164623;-4.717433;-2.668029;-0.463942;4.408493;9.296770;14.195400,76.296768;90.732086;104.737396;103.313332;102.017212;100.838966;99.779457;86.144508;72.459229;73.563164;74.566231;75.490944,npp_d20140716_t1940087_e1945491_b14080,140.371,53.0029,63.8411,-80.7822,25.7171,92.7131
647,VBD_npp_d20140716_t1944056_x0986620E_y016585N_l2133_s3703_v23,2017-05-23 13:09:12,1.658490,98.661957,7.41895,2014-07-16 19:44:05,2014-07-17 02:44:05,2133,3703,0.366877,1,2529,0.311743,0.160417,0.754018,0.4,0.775187,0.75,0.0509573,0.0001,0.00719057,999999,-1.712332e-02,3,Indonesian Exclusive Economic Zone,WPP572,Tapanuli Tengah District Marine Conservation Area,SVDNB_npp_d20140716_t1940087_e1945491_b14080_c20140717014549591992_noaa_ops.h5,GDNBO_npp_d20140716_t1940087_e1945491_b14080_c20140717014549591757_noaa_ops.h5,SVI04_npp_d20140716_t1940087_e1945491_b14080_c20140717014549047847_noaa_ops.dspace_rad,VNFF_npp_d20140716_t1940087_e1945491_b14080_v21.csv,World_EEZ_v8_2014.shp,WPP_BFAR_merge.shp,KKP_IDN_merge_20161208.shp,VNF-VBD_npp_20120301-20151231_global_asia-enhanced_c201607211230.bitmask,NCEI_NGA.union.nga_lead2.add_2015ntl.mask,timezone.shp,VBD_platforms-recurring_2015_r20170330.shp,999999,VBD_bridges_c20160811.shp,19.107107;17.397036;14.693351;9.872889;5.028845;0.164623;-4.717433;-2.668029;-0.463942;4.408493;9.296770;14.195400,76.296768;90.732086;104.737396;103.313332;102.017212;100.838966;99.779457;86.144508;72.459229;73.563164;74.566231;75.490944,npp_d20140716_t1940087_e1945491_b14080,140.291,52.9223,63.8591,-80.763,25.6986,92.9317
648,VBD_npp_d20140716_t1944074_x0986361E_y014998N_l2157_s3704_v23,2017-05-23 13:09:12,1.499795,98.636093,4.85573,2014-07-16 19:44:07,2014-07-17 02:44:07,2157,3704,0.375274,7,2209,0.192968,0.158629,0.894266,0.4,0.741227,0.75,0.0509454,0.0001,0.00709826,999999,-5.830274e-04,3,,,,SVDNB_npp_d20140716_t1940087_e1945491_b14080_c20140717014549591992_noaa_ops.h5,GDNBO_npp_d20140716_t1940087_e1945491_b14080_c20140717014549591757_noaa_ops.h5,SVI04_npp_d20140716_t1940087_e1945491_b14080_c20140717014549047847_noaa_ops.dspace_rad,VNFF_npp_d20140716_t1940087_e1945491_b14080_v21.csv,World_EEZ_v8_2014.shp,WPP_BFAR_merge.shp,KKP_IDN_merge_20161208.shp,VNF-VBD_npp_20120301-20151231_global_asia-enhanced_c201607211230.bitmask,NCEI_NGA.union.nga_lead2.add_2015ntl.mask,timezone.shp,VBD_platforms-recurring_2015_r20170330.shp,999999,VBD_bridges_c20160811.shp,19.107107;17.397036;14.693351;9.872889;5.028845;0.164623;-4.717433;-2.668029;-0.463942;4.408493;9.296770;14.195400,76.296768;90.732086;104.737396;103.313332;102.017212;100.838966;99.779457;86.144508;72.459229;73.563164;74.566231;75.490944,npp_d20140716_t1940087_e1945491_b14080,140.401,53.0613,63.8793,-80.5057,25.7098,92.5933
652,VBD_npp_d20140716_t1944074_x0986487E_y015328N_l2152_s3705_v23,2017-05-23 13:09:12,1.532821,98.648651,19.9704,2014-07-16 19:44:07,2014-07-17 02:44:07,2152,3705,0.374998,1,2529,0.680522,0.162706,0.896501,0.4,0.927307,0.75,0.0509523,0.0001,0.00710692,999999,-3.828940e-02,3,Indonesian Exclusive Economic Zone,WPP572,Tapanuli Tengah District Marine Conservation Area,SVDNB_npp_d20140716_t1940087_e1945491_b14080_c20140717014549591992_noaa_ops.h5,GDNBO_npp_d20140716_t1940087_e1945491_b14080_c20140717014549591757_noaa_ops.h5,SVI04_npp_d20140716_t1940087_e1945491_b14080_c20140717014549047847_noaa_ops.dspace_rad,VNFF_npp_d20140716_t1940087_e1945491_b14080_v21.csv,World_EEZ_v8_2014.shp,WPP_BFAR_merge.shp,KKP_IDN_merge_20161208.shp,VNF-VBD_npp_20120301-20151231_global_asia-enhanced_c201607211230.bitmask,NCEI_NGA.union.nga_lead2.add_2015ntl.mask,timezone.shp,VBD_platforms-recurring_2015_r20170330.shp,999999,VBD_bridges_c20160811.shp,19.107107;17.397036;14.693351;9.872889;5.028845;0.164623;-4.717433;-2.668029;-0.463942;4.408493;9.296770;14.195400,76.296768;90.732086;104.737396;103.313332;102.017212;100.838966;99.779457;86.144508;72.459229;73.563164;74.566231;75.490944,npp_d20140716_t1940087_e1945491_b14080,140.371,53.0388,63.8988,-80.6781,25.6986,92.6647
655,VBD_npp_d20140716_t1943034_x0995565E_y052551N_l1570_s3707_v23,2017-05-23 13:09:12,5.255107,99.556473,18.3555,2014-07-16 19:43:03,2014-07-17 02:43:03,1570,3707,0.302518,1,2529,0.523996,0.173232,0.676898,0.4,0.809107,0.75,0.0510973,0.0001,0.00731454,999999,-1.356543e-01,3,Malaysian Exclusive Economic Zone,,,SVDNB_npp_d20140716_t1940087_e1945491_b14080_c20140717014549591992_noaa_ops.h5,GDNBO_npp_d20140716_t1940087_e1945491_b14080_c20140717014549591757_noaa_ops.h5,SVI04_npp_d20140716_t1940087_e1945491_b14080_c20140717014549047847_noaa_ops.dspace_rad,VNFF_npp_d20140716_t1940087_e1945491_b14080_v21.csv,World_EEZ_v8_2014.shp,WPP_BFAR_merge.shp,KKP_IDN_merge_20161208.shp,VNF-VBD_npp_20120301-20151231_global_asia-enhanced_c201607211230.bitmask,NCEI_NGA.union.nga_lead2.add_2015ntl.mask,timezone.shp,VBD_platforms-recurring_2015_r20170330.shp,999999,VBD_bridges_c20160811.shp,19.107107;17.397036;14.693351;9.872889;5.028845;0.164623;-4.717433;-2.668029;-0.463942;4.408493;9.296770;14.195400,76.296768;90.732086;104.737396;103.313332;102.017212;100.838966;99.779457;86.144508;72.459229;73.563164;74.566231;75.490944,npp_d20140716_t1940087_e1945491_b14080,137.557,50.1801,63.9327,-80.1021,25.4851,100.751
656,VBD_npp_d20140716_t1943034_x0995615E_y052049N_l1577_s3709_v23,2017-05-23 13:09:12,5.204904,99.561516,7.93298,2014-07-16 19:43:03,2014-07-17 02:43:03,1577,3709,0.299258,2,2465,0.257593,0.16218,0.662635,0.4,0.698499,0.75,0.0511033,0.0001,0.0072709,999999,-3.342828e-02,3,Malaysian Exclusive Economic Zone,,,SVDNB_npp_d20140716_t1940087_e1945491_b14080_c20140717014549591992_noaa_ops.h5,GDNBO_npp_d20140716_t1940087_e1945491_b14080_c20140717014549591757_noaa_ops.h5,SVI04_npp_d20140716_t1940087_e1945491_b14080_c20140717014549047847_noaa_ops.dspace_rad,VNFF_npp_d20140716_t1940087_e1945491_b14080_v21.csv,World_EEZ_v8_2014.shp,WPP_BFAR_merge.shp,KKP_IDN_merge_20161208.shp,VNF-VBD_npp_20120301-20151231_global_asia-enhanced_c201607211230.bitmask,NCEI_NGA.union.nga_lead2.add_2015ntl.mask,timezone.shp,VBD_platforms-recurring_2015_r20170330.shp,999999,VBD_bridges_c20160811.shp,19.107107;17.397036;14.693351;9.872889;5.028845;0.164623;-4.717433;-2.668029;-0.463942;4.408493;9.296770;14.195400,76.296768;90.732086;104.737396;103.313332;102.017212;100.838966;99.779457;86.144508;72.459229;73.563164;74.566231;75.490944,npp_d20140716_t1940087_e1945491_b14080,137.585,50.2262,63.9707,-79.86,25.4706,100.647
658,VBD_npp_d20140716_t1944092_x0986751E_y014719N_l2161_s3711_v23,2017-05-23 13:09:12,1.471880,98.675148,13.0781,2014-07-16 19:44:09,2014-07-17 02:44:09,2161,3711,0.345829,1,2529,0.452293,0.152934,0.731738,0.4,0.778082,0.75,0.0509687,0.0001,0.00698872,999999,5.209195e-02,3,Indonesian Exclusive Economic Zone,WPP572,,SVDNB_npp_d20140716_t1940087_e1945491_b14080_c20140717014549591992_noaa_ops.h5,GDNBO_npp_d20140716_t1940087_e1945491_b14080_c20140717014549591757_noaa_ops.h5,SVI04_npp_d20140716_t1940087_e1945491_b14080_c20140717014549047847_noaa_ops.dspace_rad,VNFF_npp_d20140716_t1940087_e1945491_b14080_v21.csv,World_EEZ_v8_2014.shp,WPP_BFAR_merge.shp,KKP_IDN_merge_20161208.shp,VNF-VBD_npp_20120301-20151231_global_asia-enhanced_c201607211230.bitmask,NCEI_NGA.union.nga_lead2.add_2015ntl.mask,timezone.shp,VBD_platforms-recurring_2015_r20170330.shp,999999,VBD_bridges_c20160811.shp,19.107107;17.397036;14.693351;9.872889;5.028845;0.164623;-4.717433;-2.668029;-0.463942;4.408493;9.296770;14.195400,76.296768;90.732086;104.737396;103.313332;102.017212;100.838966;99.779457;86.144508;72.459229;73.563164;74.566231;75.490944,npp_d20140716_t1940087_e1945491_b14080,140.381,53.1232,64.0189,-80.942,25.6617,92.5396
662,VBD_npp_d20140716_t1943069_x0995484E_y049797N_l1611_s3715_v23,2017-05-23 13:09:12,4.979698,99.548378,17.0145,2014-07-16 19:43:06,2014-07-17 02:43:06,1611,3715,0.289369,8,18913,0.531879,0.160578,0.669682,0.4,0.832675,0.75,0.0511171,0.0001,0.00712996,999999,-1.860624e-02,3,Malaysian Exclusive Economic Zone,,,SVDNB_npp_d20140716_t1940087_e1945491_b14080_c20140717014549591992_noaa_ops.h5,GDNBO_npp_d20140716_t1940087_e1945491_b14080_c20140717014549591757_noaa_ops.h5,SVI04_npp_d20140716_t1940087_e1945491_b14080_c20140717014549047847_noaa_ops.dspace_rad,VNFF_npp_d20140716_t1940087_e1945491_b14080_v21.csv,World_EEZ_v8_2014.shp,WPP_BFAR_merge.shp,KKP_IDN_merge_20161208.shp,VNF-VBD_npp_20120301-20151231_global_asia-enhanced_c201607211230.bitmask,NCEI_NGA.union.nga_lead2.add_2015ntl.mask,timezone.shp,VBD_platforms-recurring_2015_r20170330.shp,0.189154,VBD_bridges_c20160811.shp,19.107107;17.397036;14.693351;9.872889;5.028845;0.164623;-4.717433;-2.668029;-0.463942;4.408493;9.296770;14.195400,76.296768;90.732086;104.737396;103.313332;102.017212;100.838966;99.779457;86.144508;72.459229;73.563164;74.566231;75.490944,npp_d20140716_t1940087_e1945491_b14080,137.728,50.4178,64.0834,-79.8327,25.4281,100.173
667,VBD_npp_d20140716_t1943051_x0995873E_y050657N_l1597_s3717_v23,2017-05-23 13:09:12,5.065718,99.587311,9.32321,2014-07-16 19:43:05,2014-07-17 02:43:05,1597,3717,0.256554,8,18849,0.273521,0.202078,0.523033,0.4,0.727469,0.75,0.0511282,0.0001,0.0070744,999999,-4.024658e-01,3,Malaysian Exclusive Economic Zone,,,SVDNB_npp_d20140716_t1940087_e1945491_b14080_c20140717014549591992_noaa_ops.h5,GDNBO_npp_d20140716_t1940087_e1945491_b14080_c20140717014549591757_noaa_ops.h5,SVI04_npp_d20140716_t1940087_e1945491_b14080_c20140717014549047847_noaa_ops.dspace_rad,VNFF_npp_d20140716_t1940087_e1945491_b14080_v21.csv,World_EEZ_v8_2014.shp,WPP_BFAR_merge.shp,KKP_IDN_merge_20161208.shp,VNF-VBD_npp_20120301-20151231_global_asia-enhanced_c201607211230.bitmask,NCEI_NGA.union.nga_lead2.add_2015ntl.mask,timezone.shp,VBD_platforms-recurring_2015_r20170330.shp,0.493864,VBD_bridges_c20160811.shp,19.107107;17.397036;14.693351;9.872889;5.028845;0.164623;-4.717433;-2.668029;-0.463942;4.408493;9.296770;14.195400,76.296768;90.732086;104.737396;103.313332;102.017212;100.838966;99.779457;86.144508;72.459229;73.563164;74.566231;75.490944,npp_d20140716_t1940087_e1945491_b14080,137.649,50.3697,64.128,-79.7423,25.412,100.37
668,VBD_npp_d20140716_t1943229_x0993452E_y041056N_l1748_s3717_v23,2017-05-23 13:09:12,4.105605,99.345215,13.2277,2014-07-16 19:43:22,2014-07-17 02:43:22,1748,3717,0.347652,1,2529,0.505897,0.14934,0.70368,0.4,0.865366,0.75,0.0511586,0.0001,0.00706822,999999,8.533713e-02,3,Indonesian Exclusive Economic Zone,WPP571,,SVDNB_npp_d20140716_t1940087_e1945491_b14080_c20140717014549591992_noaa_ops.h5,GDNBO_npp_d20140716_t1940087_e1945491_b14080_c20140717014549591757_noaa_ops.h5,SVI04_npp_d20140716_t1940087_e1945491_b14080_c20140717014549047847_noaa_ops.dspace_rad,VNFF_npp_d20140716_t1940087_e1945491_b14080_v21.csv,World_EEZ_v8_2014.shp,WPP_BFAR_merge.shp,KKP_IDN_merge_20161208.shp,VNF-VBD_npp_20120301-20151231_global_asia-enhanced_c201607211230.bitmask,NCEI_NGA.union.nga_lead2.add_2015ntl.mask,timezone.shp,VBD_platforms-recurring_2015_r20170330.shp,999999,VBD_bridges_c20160811.shp,19.107107;17.397036;14.693351;9.872889;5.028845;0.164623;-4.717433;-2.668029;-0.463942;4.408493;9.296770;14.195400,76.296768;90.732086;104.737396;103.313332;102.017212;100.838966;99.779457;86.144508;72.459229;73.563164;74.566231;75.490944,npp_d20140716_t1940087_e1945491_b14080,138.386,51.0644,64.1251,-80.2744,25.4244,98.2624
671,VBD_npp_d20140716_t1944270_x0984872E_y004044N_l2326_s3719_v23,2017-05-23 13:09:12,0.404371,98.487244,14.5946,2014-07-16 19:44:27,2014-07-17 02:44:27,2326,3719,0.378479,1,2529,0.556608,0.148996,0.790945,0.4,0.908423,0.75,0.0509338,0.0001,0.00660479,999999,8.851751e-02,3,Indonesian Exclusive Economic Zone,WPP572,,SVDNB_npp_d20140716_t1940087_e1945491_b14080_c20140717014549591992_noaa_ops.h5,GDNBO_npp_d20140716_t1940087_e1945491_b14080_c20140717014549591757_noaa_ops.h5,SVI04_npp_d20140716_t1940087_e1945491_b14080_c20140717014549047847_noaa_ops.dspace_rad,VNFF_npp_d20140716_t1940087_e1945491_b14080_v21.csv,World_EEZ_v8_2014.shp,WPP_BFAR_merge.shp,KKP_IDN_merge_20161208.shp,VNF-VBD_npp_20120301-20151231_global_asia-enhanced_c201607211230.bitmask,NCEI_NGA.union.nga_lead2.add_2015ntl.mask,timezone.shp,VBD_platforms-recurring_2015_r20170330.shp,999999,VBD_bridges_c20160811.shp,19.107107;17.397036;14.693351;9.872889;5.028845;0.164623;-4.717433;-2.668029;-0.463942;4.408493;9.296770;14.195400,76.296768;90.732086;104.737396;103.313332;102.017212;100.838966;99.779457;86.144508;72.459229;73.563164;74.566231;75.490944,npp_d20140716_t1940087_e1945491_b14080,141.106,54.0902,64.1722,-80.98,25.7532,90.2694
672,VBD_npp_d20140716_t1943176_x0994389E_y043945N_l1702_s3720_v23,2017-05-23 13:09:12,4.394468,99.438904,12.7634,2014-07-16 19:43:17,2014-07-17 02:43:17,1702,3720,0.233573,8,18849,0.369375,0.201162,0.632381,0.4,0.744919,0.75,0.0511299,0.0001,0.00700035,999999,-3.939939e-01,3,Malaysian Exclusive Economic Zone,WPP571,,SVDNB_npp_d20140716_t1940087_e1945491_b14080_c20140717014549591992_noaa_ops.h5,GDNBO_npp_d20140716_t1940087_e1945491_b14080_c20140717014549591757_noaa_ops.h5,SVI04_npp_d20140716_t1940087_e1945491_b14080_c20140717014549047847_noaa_ops.dspace_rad,VNFF_npp_d20140716_t1940087_e1945491_b14080_v21.csv,World_EEZ_v8_2014.shp,WPP_BFAR_merge.shp,KKP_IDN_merge_20161208.shp,VNF-VBD_npp_20120301-20151231_global_asia-enhanced_c201607211230.bitmask,NCEI_NGA.union.nga_lead2.add_2015ntl.mask,timezone.shp,VBD_platforms-recurring_2015_r20170330.shp,0.217362,VBD_bridges_c20160811.shp,19.107107;17.397036;14.693351;9.872889;5.028845;0.164623;-4.717433;-2.668029;-0.463942;4.408493;9.296770;14.195400,76.296768;90.732086;104.737396;103.313332;102.017212;100.838966;99.779457;86.144508;72.459229;73.563164;74.566231;75.490944,npp_d20140716_t1940087_e1945491_b14080,138.149,50.8684,64.1837,-80.1355,25.3959,98.9044
673,VBD_npp_d20140716_t1944377_x0983563E_y002474S_l2427_s3721_v23,2017-05-23 13:09:12,-0.247374,98.356346,32.1388,2014-07-16 19:44:37,2014-07-17 02:44:37,2427,3721,0.367485,1,2529,0.854628,0.157108,0.837616,0.4,0.953532,0.75,0.0509217,0.0001,0.00639398,999999,1.348385e-02,3,Indonesian Exclusive Economic Zone,WPP572,,SVDNB_npp_d20140716_t1940087_e1945491_b14080_c20140717014549591992_noaa_ops.h5,GDNBO_npp_d20140716_t1940087_e1945491_b14080_c20140717014549591757_noaa_ops.h5,SVI04_npp_d20140716_t1940087_e1945491_b14080_c20140717014549047847_noaa_ops.dspace_rad,VNFF_npp_d20140716_t1940087_e1945491_b14080_v21.csv,World_EEZ_v8_2014.shp,WPP_BFAR_merge.shp,KKP_IDN_merge_20161208.shp,VNF-VBD_npp_20120301-20151231_global_asia-enhanced_c201607211230.bitmask,NCEI_NGA.union.nga_lead2.add_2015ntl.mask,timezone.shp,VBD_platforms-recurring_2015_r20170330.shp,999999,VBD_bridges_c20160811.shp,19.107107;17.397036;14.693351;9.872889;5.028845;0.164623;-4.717433;-2.668029;-0.463942;4.408493;9.296770;14.195400,76.296768;90.732086;104.737396;103.313332;102.017212;100.838966;99.779457;86.144508;72.459229;73.563164;74.566231;75.490944,npp_d20140716_t1940087_e1945491_b14080,141.556,54.6893,64.2137,-80.9331,25.8475,88.8949
674,VBD_npp_d20140716_t1944128_x0986929E_y012000N_l2201_s3722_v23,2017-05-23 13:09:12,1.199960,98.692924,21.1548,2014-07-16 19:44:12,2014-07-17 02:44:12,2201,3722,0.289535,1,2529,0.614434,0.134635,0.749834,0.4,0.877555,0.75,0.0509821,0.0001,0.00665519,999999,2.213480e-01,3,Indonesian Exclusive Economic Zone,WPP572,,SVDNB_npp_d20140716_t1940087_e1945491_b14080_c20140717014549591992_noaa_ops.h5,GDNBO_npp_d20140716_t1940087_e1945491_b14080_c20140717014549591757_noaa_ops.h5,SVI04_npp_d20140716_t1940087_e1945491_b14080_c20140717014549047847_noaa_ops.dspace_rad,VNFF_npp_d20140716_t1940087_e1945491_b14080_v21.csv,World_EEZ_v8_2014.shp,WPP_BFAR_merge.shp,KKP_IDN_merge_20161208.shp,VNF-VBD_npp_20120301-20151231_global_asia-enhanced_c201607211230.bitmask,NCEI_NGA.union.nga_lead2.add_2015ntl.mask,timezone.shp,VBD_platforms-recurring_2015_r20170330.shp,999999,VBD_bridges_c20160811.shp,19.107107;17.397036;14.693351;9.872889;5.028845;0.164623;-4.717433;-2.668029;-0.463942;4.408493;9.296770;14.195400,76.296768;90.732086;104.737396;103.313332;102.017212;100.838966;99.779457;86.144508;72.459229;73.563164;74.566231;75.490944,npp_d20140716_t1940087_e1945491_b14080,140.518,53.4114,64.2271,-80.7075,25.6183,91.9655
676,VBD_npp_d20140716_t1943016_x0996855E_y053039N_l1559_s3723_v23,2017-05-23 13:09:12,5.303930,99.685493,10.1411,2014-07-16 19:43:01,2014-07-17 02:43:01,1559,3723,0.267161,8,18849,0.291798,0.146636,0.542226,0.4,0.710617,0.75,0.0511588,0.0001,0.00693203,999999,1.103496e-01,3,Malaysian Exclusive Economic Zone,,,SVDNB_npp_d20140716_t1940087_e1945491_b14080_c20140717014549591992_noaa_ops.h5,GDNBO_npp_d20140716_t1940087_e1945491_b14080_c20140717014549591757_noaa_ops.h5,SVI04_npp_d20140716_t1940087_e1945491_b14080_c20140717014549047847_noaa_ops.dspace_rad,VNFF_npp_d20140716_t1940087_e1945491_b14080_v21.csv,World_EEZ_v8_2014.shp,WPP_BFAR_merge.shp,KKP_IDN_merge_20161208.shp,VNF-VBD_npp_20120301-20151231_global_asia-enhanced_c201607211230.bitmask,NCEI_NGA.union.nga_lead2.add_2015ntl.mask,timezone.shp,VBD_platforms-recurring_2015_r20170330.shp,0.2406,VBD_bridges_c20160811.shp,19.107107;17.397036;14.693351;9.872889;5.028845;0.164623;-4.717433;-2.668029;-0.463942;4.408493;9.296770;14.195400,76.296768;90.732086;104.737396;103.313332;102.017212;100.838966;99.779457;86.144508;72.459229;73.563164;74.566231;75.490944,npp_d20140716_t1940087_e1945491_b14080,137.433,50.2349,64.2394,-79.8993,25.3734,100.914
679,VBD_npp_d20140716_t1944288_x0984995E_y002249N_l2352_s3726_v23,2017-05-23 13:09:12,0.224941,98.499466,25.6815,2014-07-16 19:44:28,2014-07-17 02:44:28,2352,3726,0.373728,1,2529,0.784619,0.165491,0.833091,0.4,0.938715,0.75,0.0509706,0.0001,0.00635164,999999,-6.405369e-02,3,Indonesian Exclusive Economic Zone,WPP572,,SVDNB_npp_d20140716_t1940087_e1945491_b14080_c20140717014549591992_noaa_ops.h5,GDNBO_npp_d20140716_t1940087_e1945491_b14080_c20140717014549591757_noaa_ops.h5,SVI04_npp_d20140716_t1940087_e1945491_b14080_c20140717014549047847_noaa_ops.dspace_rad,VNFF_npp_d20140716_t1940087_e1945491_b14080_v21.csv,World_EEZ_v8_2014.shp,WPP_BFAR_merge.shp,KKP_IDN_merge_20161208.shp,VNF-VBD_npp_20120301-20151231_global_asia-enhanced_c201607211230.bitmask,NCEI_NGA.union.nga_lead2.add_2015ntl.mask,timezone.shp,VBD_platforms-recurring_2015_r20170330.shp,999999,VBD_bridges_c20160811.shp,19.107107;17.397036;14.693351;9.872889;5.028845;0.164623;-4.717433;-2.668029;-0.463942;4.408493;9.296770;14.195400,76.296768;90.732086;104.737396;103.313332;102.017212;100.838966;99.779457;86.144508;72.459229;73.563164;74.566231;75.490944,npp_d20140716_t1940087_e1945491_b14080,141.195,54.2852,64.3028,-80.6547,25.7333,89.89
680,VBD_npp_d20140716_t1943176_x0994802E_y043588N_l1706_s3727_v23,2017-05-23 13:09:12,4.358846,99.480179,29.3371,2014-07-16 19:43:17,2014-07-17 02:43:17,1706,3727,0.305611,1,2529,0.716515,0.165457,0.793438,0.4,0.912409,0.75,0.0511593,0.0001,0.00683841,999999,-6.373625e-02,3,Malaysian Exclusive Economic Zone,WPP571,,SVDNB_npp_d20140716_t1940087_e1945491_b14080_c20140717014549591992_noaa_ops.h5,GDNBO_npp_d20140716_t1940087_e1945491_b14080_c20140717014549591757_noaa_ops.h5,SVI04_npp_d20140716_t1940087_e1945491_b14080_c20140717014549047847_noaa_ops.dspace_rad,VNFF_npp_d20140716_t1940087_e1945491_b14080_v21.csv,World_EEZ_v8_2014.shp,WPP_BFAR_merge.shp,KKP_IDN_merge_20161208.shp,VNF-VBD_npp_20120301-20151231_global_asia-enhanced_c201607211230.bitmask,NCEI_NGA.union.nga_lead2.add_2015ntl.mask,timezone.shp,VBD_platforms-recurring_2015_r20170330.shp,999999,VBD_bridges_c20160811.shp,19.107107;17.397036;14.693351;9.872889;5.028845;0.164623;-4.717433;-2.668029;-0.463942;4.408493;9.296770;14.195400,76.296768;90.732086;104.737396;103.313332;102.017212;100.838966;99.779457;86.144508;72.459229;73.563164;74.566231;75.490944,npp_d20140716_t1940087_e1945491_b14080,138.139,50.9314,64.3121,-79.9947,25.349,98.8455
681,VBD_npp_d20140716_t1944306_x0985003E_y002253N_l2353_s3727_v23,2017-05-23 13:09:12,0.225317,98.500305,26.0682,2014-07-16 19:44:30,2014-07-17 02:44:30,2353,3727,0.373728,1,2529,0.788611,0.165364,0.830146,0.4,0.939151,0.75,0.0509747,0.0001,0.00643009,999999,-6.287590e-02,3,Indonesian Exclusive Economic Zone,WPP572,,SVDNB_npp_d20140716_t1940087_e1945491_b14080_c20140717014549591992_noaa_ops.h5,GDNBO_npp_d20140716_t1940087_e1945491_b14080_c20140717014549591757_noaa_ops.h5,SVI04_npp_d20140716_t1940087_e1945491_b14080_c20140717014549047847_noaa_ops.dspace_rad,VNFF_npp_d20140716_t1940087_e1945491_b14080_v21.csv,World_EEZ_v8_2014.shp,WPP_BFAR_merge.shp,KKP_IDN_merge_20161208.shp,VNF-VBD_npp_20120301-20151231_global_asia-enhanced_c201607211230.bitmask,NCEI_NGA.union.nga_lead2.add_2015ntl.mask,timezone.shp,VBD_platforms-recurring_2015_r20170330.shp,999999,VBD_bridges_c20160811.shp,19.107107;17.397036;14.693351;9.872889;5.028845;0.164623;-4.717433;-2.668029;-0.463942;4.408493;9.296770;14.195400,76.296768;90.732086;104.737396;103.313332;102.017212;100.838966;99.779457;86.144508;72.459229;73.563164;74.566231;75.490944,npp_d20140716_t1940087_e1945491_b14080,141.188,54.2909,64.3243,-81.1938,25.7252,89.8906
690,VBD_npp_d20140716_t1942153_x1004342E_y079650N_l1140_s3733_v23,2017-05-23 13:09:12,7.964996,100.434212,7.51934,2014-07-16 19:42:15,2014-07-17 02:42:15,1140,3733,0.166727,2,2209,0.145944,0.141852,0.693895,0.4,0.503266,0.75,0.0510948,0.0001,0.00650061,999999,1.545998e-01,3,Thailand Exclusive Economic Zone,,,SVDNB_npp_d20140716_t1940087_e1945491_b14080_c20140717014549591992_noaa_ops.h5,GDNBO_npp_d20140716_t1940087_e1945491_b14080_c20140717014549591757_noaa_ops.h5,SVI04_npp_d20140716_t1940087_e1945491_b14080_c20140717014549047847_noaa_ops.dspace_rad,VNFF_npp_d20140716_t1940087_e1945491_b14080_v21.csv,World_EEZ_v8_2014.shp,WPP_BFAR_merge.shp,KKP_IDN_merge_20161208.shp,VNF-VBD_npp_20120301-20151231_global_asia-enhanced_c201607211230.bitmask,NCEI_NGA.union.nga_lead2.add_2015ntl.mask,timezone.shp,VBD_platforms-recurring_2015_r20170330.shp,999999,VBD_bridges_c20160811.shp,19.107107;17.397036;14.693351;9.872889;5.028845;0.164623;-4.717433;-2.668029;-0.463942;4.408493;9.296770;14.195400,76.296768;90.732086;104.737396;103.313332;102.017212;100.838966;99.779457;86.144508;72.459229;73.563164;74.566231;75.490944,npp_d20140716_t1940087_e1945491_b14080,135.281,48.5572,64.4225,-79.3924,25.4707,106.816
693,VBD_npp_d20140716_t1943016_x0997556E_y052771N_l1561_s3734_v23,2017-05-23 13:09:12,5.277132,99.755623,15.1269,2014-07-16 19:43:01,2014-07-17 02:43:01,1561,3734,0.20711,8,18849,0.3425,0.153315,0.594532,0.4,0.636272,0.75,0.051199,0.0001,0.00668816,999999,4.856749e-02,3,Malaysian Exclusive Economic Zone,,,SVDNB_npp_d20140716_t1940087_e1945491_b14080_c20140717014549591992_noaa_ops.h5,GDNBO_npp_d20140716_t1940087_e1945491_b14080_c20140717014549591757_noaa_ops.h5,SVI04_npp_d20140716_t1940087_e1945491_b14080_c20140717014549047847_noaa_ops.dspace_rad,VNFF_npp_d20140716_t1940087_e1945491_b14080_v21.csv,World_EEZ_v8_2014.shp,WPP_BFAR_merge.shp,KKP_IDN_merge_20161208.shp,VNF-VBD_npp_20120301-20151231_global_asia-enhanced_c201607211230.bitmask,NCEI_NGA.union.nga_lead2.add_2015ntl.mask,timezone.shp,VBD_platforms-recurring_2015_r20170330.shp,0.277821,VBD_bridges_c20160811.shp,19.107107;17.397036;14.693351;9.872889;5.028845;0.164623;-4.717433;-2.668029;-0.463942;4.408493;9.296770;14.195400,76.296768;90.732086;104.737396;103.313332;102.017212;100.838966;99.779457;86.144508;72.459229;73.563164;74.566231;75.490944,npp_d20140716_t1940087_e1945491_b14080,137.396,50.3124,64.4408,-79.8242,25.2985,100.892
694,VBD_npp_d20140716_t1944555_x0982173E_y012585S_l2583_s3734_v23,2017-05-23 13:09:12,-1.258507,98.217339,4.20767,2014-07-16 19:44:55,2014-07-17 02:44:55,2583,3734,0.349033,2,2209,0.180577,0.169136,0.561556,0.4,0.702967,0.75,0.0508225,0.0001,0.00593716,999999,-9.776312e-02,3,Indonesian Exclusive Economic Zone,WPP572,,SVDNB_npp_d20140716_t1940087_e1945491_b14080_c20140717014549591992_noaa_ops.h5,GDNBO_npp_d20140716_t1940087_e1945491_b14080_c20140717014549591757_noaa_ops.h5,SVI04_npp_d20140716_t1940087_e1945491_b14080_c20140717014549047847_noaa_ops.dspace_rad,VNFF_npp_d20140716_t1940087_e1945491_b14080_v21.csv,World_EEZ_v8_2014.shp,WPP_BFAR_merge.shp,KKP_IDN_merge_20161208.shp,VNF-VBD_npp_20120301-20151231_global_asia-enhanced_c201607211230.bitmask,NCEI_NGA.union.nga_lead2.add_2015ntl.mask,timezone.shp,VBD_platforms-recurring_2015_r20170330.shp,999999,VBD_bridges_c20160811.shp,19.107107;17.397036;14.693351;9.872889;5.028845;0.164623;-4.717433;-2.668029;-0.463942;4.408493;9.296770;14.195400,76.296768;90.732086;104.737396;103.313332;102.017212;100.838966;99.779457;86.144508;72.459229;73.563164;74.566231;75.490944,npp_d20140716_t1940087_e1945491_b14080,142.186,55.7007,64.4562,-81.2798,25.9549,86.7776
697,VBD_npp_d20140716_t1942153_x1004503E_y079763N_l1138_s3735_v23,2017-05-23 13:09:12,7.976264,100.450264,11.7069,2014-07-16 19:42:15,2014-07-17 02:42:15,1138,3735,0.193299,8,18849,0.315883,0.15644,0.757971,0.4,0.737771,0.75,0.0511019,0.0001,0.00644611,999999,1.966318e-02,3,Thailand Exclusive Economic Zone,,,SVDNB_npp_d20140716_t1940087_e1945491_b14080_c20140717014549591992_noaa_ops.h5,GDNBO_npp_d20140716_t1940087_e1945491_b14080_c20140717014549591757_noaa_ops.h5,SVI04_npp_d20140716_t1940087_e1945491_b14080_c20140717014549047847_noaa_ops.dspace_rad,VNFF_npp_d20140716_t1940087_e1945491_b14080_v21.csv,World_EEZ_v8_2014.shp,WPP_BFAR_merge.shp,KKP_IDN_merge_20161208.shp,VNF-VBD_npp_20120301-20151231_global_asia-enhanced_c201607211230.bitmask,NCEI_NGA.union.nga_lead2.add_2015ntl.mask,timezone.shp,VBD_platforms-recurring_2015_r20170330.shp,0.32403,VBD_bridges_c20160811.shp,19.107107;17.397036;14.693351;9.872889;5.028845;0.164623;-4.717433;-2.668029;-0.463942;4.408493;9.296770;14.195400,76.296768;90.732086;104.737396;103.313332;102.017212;100.838966;99.779457;86.144508;72.459229;73.563164;74.566231;75.490944,npp_d20140716_t1940087_e1945491_b14080,135.262,48.5615,64.4595,-79.4589,25.4585,106.851
702,VBD_npp_d20140716_t1944288_x0985746E_y002695N_l2344_s3736_v23,2017-05-23 13:09:12,0.269527,98.574646,8.41044,2014-07-16 19:44:28,2014-07-17 02:44:28,2344,3736,0.368645,1,2529,0.362456,0.174004,0.869036,0.4,0.795255,0.75,0.0510042,0.0001,0.00620698,999999,-1.427923e-01,3,Indonesian Exclusive Economic Zone,WPP572,,SVDNB_npp_d20140716_t1940087_e1945491_b14080_c20140717014549591992_noaa_ops.h5,GDNBO_npp_d20140716_t1940087_e1945491_b14080_c20140717014549591757_noaa_ops.h5,SVI04_npp_d20140716_t1940087_e1945491_b14080_c20140717014549047847_noaa_ops.dspace_rad,VNFF_npp_d20140716_t1940087_e1945491_b14080_v21.csv,World_EEZ_v8_2014.shp,WPP_BFAR_merge.shp,KKP_IDN_merge_20161208.shp,VNF-VBD_npp_20120301-20151231_global_asia-enhanced_c201607211230.bitmask,NCEI_NGA.union.nga_lead2.add_2015ntl.mask,timezone.shp,VBD_platforms-recurring_2015_r20170330.shp,999999,VBD_bridges_c20160811.shp,19.107107;17.397036;14.693351;9.872889;5.028845;0.164623;-4.717433;-2.668029;-0.463942;4.408493;9.296770;14.195400,76.296768;90.732086;104.737396;103.313332;102.017212;100.838966;99.779457;86.144508;72.459229;73.563164;74.566231;75.490944,npp_d20140716_t1940087_e1945491_b14080,141.108,54.2951,64.4865,-80.9297,25.6569,89.9846
709,VBD_npp_d20140716_t1944288_x0985947E_y002663N_l2344_s3739_v23,2017-05-23 13:09:12,0.266308,98.594666,19.1921,2014-07-16 19:44:28,2014-07-17 02:44:28,2344,3739,0.373949,1,2529,0.653051,0.158294,0.890464,0.4,0.911721,0.75,0.0510152,0.0001,0.00614473,999999,2.520034e-03,3,Indonesian Exclusive Economic Zone,WPP572,,SVDNB_npp_d20140716_t1940087_e1945491_b14080_c20140717014549591992_noaa_ops.h5,GDNBO_npp_d20140716_t1940087_e1945491_b14080_c20140717014549591757_noaa_ops.h5,SVI04_npp_d20140716_t1940087_e1945491_b14080_c20140717014549047847_noaa_ops.dspace_rad,VNFF_npp_d20140716_t1940087_e1945491_b14080_v21.csv,World_EEZ_v8_2014.shp,WPP_BFAR_merge.shp,KKP_IDN_merge_20161208.shp,VNF-VBD_npp_20120301-20151231_global_asia-enhanced_c201607211230.bitmask,NCEI_NGA.union.nga_lead2.add_2015ntl.mask,timezone.shp,VBD_platforms-recurring_2015_r20170330.shp,999999,VBD_bridges_c20160811.shp,19.107107;17.397036;14.693351;9.872889;5.028845;0.164623;-4.717433;-2.668029;-0.463942;4.408493;9.296770;14.195400,76.296768;90.732086;104.737396;103.313332;102.017212;100.838966;99.779457;86.144508;72.459229;73.563164;74.566231;75.490944,npp_d20140716_t1940087_e1945491_b14080,141.094,54.3129,64.5417,-80.9296,25.6365,89.9779
710,VBD_npp_d20140716_t1942153_x1004824E_y079631N_l1139_s3740_v23,2017-05-23 13:09:12,7.963114,100.482399,11.4588,2014-07-16 19:42:15,2014-07-17 02:42:15,1139,3740,0.182306,2,2465,0.300187,0.149017,0.728,0.4,0.461779,0.75,0.0511206,0.0001,0.00634504,999999,8.832081e-02,3,Thailand Exclusive Economic Zone,,,SVDNB_npp_d20140716_t1940087_e1945491_b14080_c20140717014549591992_noaa_ops.h5,GDNBO_npp_d20140716_t1940087_e1945491_b14080_c20140717014549591757_noaa_ops.h5,SVI04_npp_d20140716_t1940087_e1945491_b14080_c20140717014549047847_noaa_ops.dspace_rad,VNFF_npp_d20140716_t1940087_e1945491_b14080_v21.csv,World_EEZ_v8_2014.shp,WPP_BFAR_merge.shp,KKP_IDN_merge_20161208.shp,VNF-VBD_npp_20120301-20151231_global_asia-enhanced_c201607211230.bitmask,NCEI_NGA.union.nga_lead2.add_2015ntl.mask,timezone.shp,VBD_platforms-recurring_2015_r20170330.shp,999999,VBD_bridges_c20160811.shp,19.107107;17.397036;14.693351;9.872889;5.028845;0.164623;-4.717433;-2.668029;-0.463942;4.408493;9.296770;14.195400,76.296768;90.732086;104.737396;103.313332;102.017212;100.838966;99.779457;86.144508;72.459229;73.563164;74.566231;75.490944,npp_d20140716_t1940087_e1945491_b14080,135.247,48.5972,64.5513,-79.42,25.4237,106.849
712,VBD_npp_d20140716_t1943194_x0995489E_y042406N_l1722_s3741_v23,2017-05-23 13:09:12,4.240581,99.548943,32.1167,2014-07-16 19:43:19,2014-07-17 02:43:19,1722,3741,0.319257,1,2529,0.794052,0.148434,0.823194,0.4,0.932639,0.75,0.0512248,0.0001,0.00652377,999999,9.372179e-02,3,Malaysian Exclusive Economic Zone,WPP571,,SVDNB_npp_d20140716_t1940087_e1945491_b14080_c20140717014549591992_noaa_ops.h5,GDNBO_npp_d20140716_t1940087_e1945491_b14080_c20140717014549591757_noaa_ops.h5,SVI04_npp_d20140716_t1940087_e1945491_b14080_c20140717014549047847_noaa_ops.dspace_rad,VNFF_npp_d20140716_t1940087_e1945491_b14080_v21.csv,World_EEZ_v8_2014.shp,WPP_BFAR_merge.shp,KKP_IDN_merge_20161208.shp,VNF-VBD_npp_20120301-20151231_global_asia-enhanced_c201607211230.bitmask,NCEI_NGA.union.nga_lead2.add_2015ntl.mask,timezone.shp,VBD_platforms-recurring_2015_r20170330.shp,999999,VBD_bridges_c20160811.shp,19.107107;17.397036;14.693351;9.872889;5.028845;0.164623;-4.717433;-2.668029;-0.463942;4.408493;9.296770;14.195400,76.296768;90.732086;104.737396;103.313332;102.017212;100.838966;99.779457;86.144508;72.459229;73.563164;74.566231;75.490944,npp_d20140716_t1940087_e1945491_b14080,138.155,51.0931,64.5715,-80.0128,25.2547,98.6237
713,VBD_npp_d20140716_t1944288_x0986103E_y002781N_l2342_s3741_v23,2017-05-23 13:09:12,0.278051,98.610313,10.982,2014-07-16 19:44:28,2014-07-17 02:44:28,2342,3741,0.369419,1,2529,0.453252,0.156576,0.89361,0.4,0.839561,0.75,0.0510218,0.0001,0.00611856,999999,1.841092e-02,3,Indonesian Exclusive Economic Zone,WPP572,,SVDNB_npp_d20140716_t1940087_e1945491_b14080_c20140717014549591992_noaa_ops.h5,GDNBO_npp_d20140716_t1940087_e1945491_b14080_c20140717014549591757_noaa_ops.h5,SVI04_npp_d20140716_t1940087_e1945491_b14080_c20140717014549047847_noaa_ops.dspace_rad,VNFF_npp_d20140716_t1940087_e1945491_b14080_v21.csv,World_EEZ_v8_2014.shp,WPP_BFAR_merge.shp,KKP_IDN_merge_20161208.shp,VNF-VBD_npp_20120301-20151231_global_asia-enhanced_c201607211230.bitmask,NCEI_NGA.union.nga_lead2.add_2015ntl.mask,timezone.shp,VBD_platforms-recurring_2015_r20170330.shp,999999,VBD_bridges_c20160811.shp,19.107107;17.397036;14.693351;9.872889;5.028845;0.164623;-4.717433;-2.668029;-0.463942;4.408493;9.296770;14.195400,76.296768;90.732086;104.737396;103.313332;102.017212;100.838966;99.779457;86.144508;72.459229;73.563164;74.566231;75.490944,npp_d20140716_t1940087_e1945491_b14080,141.074,54.3125,64.5787,-80.9982,25.6206,90.0029
715,VBD_npp_d20140716_t1944288_x0986147E_y002631N_l2344_s3742_v23,2017-05-23 13:09:12,0.263079,98.614746,31.4826,2014-07-16 19:44:28,2014-07-17 02:44:28,2344,3742,0.368645,1,2529,0.833529,0.148959,0.890464,0.4,0.947634,0.75,0.0510263,0.0001,0.00608284,999999,8.886497e-02,3,Indonesian Exclusive Economic Zone,WPP572,,SVDNB_npp_d20140716_t1940087_e1945491_b14080_c20140717014549591992_noaa_ops.h5,GDNBO_npp_d20140716_t1940087_e1945491_b14080_c20140717014549591757_noaa_ops.h5,SVI04_npp_d20140716_t1940087_e1945491_b14080_c20140717014549047847_noaa_ops.dspace_rad,VNFF_npp_d20140716_t1940087_e1945491_b14080_v21.csv,World_EEZ_v8_2014.shp,WPP_BFAR_merge.shp,KKP_IDN_merge_20161208.shp,VNF-VBD_npp_20120301-20151231_global_asia-enhanced_c201607211230.bitmask,NCEI_NGA.union.nga_lead2.add_2015ntl.mask,timezone.shp,VBD_platforms-recurring_2015_r20170330.shp,999999,VBD_bridges_c20160811.shp,19.107107;17.397036;14.693351;9.872889;5.028845;0.164623;-4.717433;-2.668029;-0.463942;4.408493;9.296770;14.195400,76.296768;90.732086;104.737396;103.313332;102.017212;100.838966;99.779457;86.144508;72.459229;73.563164;74.566231;75.490944,npp_d20140716_t1940087_e1945491_b14080,141.079,54.3308,64.597,-80.9296,25.6161,89.9711
716,VBD_npp_d20140716_t1944323_x0985656E_y000373N_l2379_s3742_v23,2017-05-23 13:09:12,0.037259,98.565582,4.01226,2014-07-16 19:44:32,2014-07-17 02:44:32,2379,3742,0.369861,2,2209,0.185054,0.176653,0.439565,0.4,0.520412,0.75,0.051041,0.0001,0.00601911,999999,-1.672918e-01,3,Indonesian Exclusive Economic Zone,WPP572,,SVDNB_npp_d20140716_t1940087_e1945491_b14080_c20140717014549591992_noaa_ops.h5,GDNBO_npp_d20140716_t1940087_e1945491_b14080_c20140717014549591757_noaa_ops.h5,SVI04_npp_d20140716_t1940087_e1945491_b14080_c20140717014549047847_noaa_ops.dspace_rad,VNFF_npp_d20140716_t1940087_e1945491_b14080_v21.csv,World_EEZ_v8_2014.shp,WPP_BFAR_merge.shp,KKP_IDN_merge_20161208.shp,VNF-VBD_npp_20120301-20151231_global_asia-enhanced_c201607211230.bitmask,NCEI_NGA.union.nga_lead2.add_2015ntl.mask,timezone.shp,VBD_platforms-recurring_2015_r20170330.shp,999999,VBD_bridges_c20160811.shp,19.107107;17.397036;14.693351;9.872889;5.028845;0.164623;-4.717433;-2.668029;-0.463942;4.408493;9.296770;14.195400,76.296768;90.732086;104.737396;103.313332;102.017212;100.838966;99.779457;86.144508;72.459229;73.563164;74.566231;75.490944,npp_d20140716_t1940087_e1945491_b14080,141.238,54.534,64.5996,-80.8693,25.6526,89.4912
720,VBD_npp_d20140716_t1942153_x1004958E_y078890N_l1149_s3744_v23,2017-05-23 13:09:12,7.888950,100.495796,19.4468,2014-07-16 19:42:15,2014-07-17 02:42:15,1149,3744,0.204956,1,2529,0.460131,0.146261,0.751773,0.4,0.801435,0.75,0.0511367,0.0001,0.00631326,999999,1.138217e-01,3,Thailand Exclusive Economic Zone,,,SVDNB_npp_d20140716_t1940087_e1945491_b14080_c20140717014549591992_noaa_ops.h5,GDNBO_npp_d20140716_t1940087_e1945491_b14080_c20140717014549591757_noaa_ops.h5,SVI04_npp_d20140716_t1940087_e1945491_b14080_c20140717014549047847_noaa_ops.dspace_rad,VNFF_npp_d20140716_t1940087_e1945491_b14080_v21.csv,World_EEZ_v8_2014.shp,WPP_BFAR_merge.shp,KKP_IDN_merge_20161208.shp,VNF-VBD_npp_20120301-20151231_global_asia-enhanced_c201607211230.bitmask,NCEI_NGA.union.nga_lead2.add_2015ntl.mask,timezone.shp,VBD_platforms-recurring_2015_r20170330.shp,999999,VBD_bridges_c20160811.shp,19.107107;17.397036;14.693351;9.872889;5.028845;0.164623;-4.717433;-2.668029;-0.463942;4.408493;9.296770;14.195400,76.296768;90.732086;104.737396;103.313332;102.017212;100.838966;99.779457;86.144508;72.459229;73.563164;74.566231;75.490944,npp_d20140716_t1940087_e1945491_b14080,135.286,48.6641,64.6242,-79.0751,25.389,106.706
722,VBD_npp_d20140716_t1944288_x0986425E_y003062N_l2337_s3745_v23,2017-05-23 13:09:12,0.306208,98.642494,7.199,2014-07-16 19:44:28,2014-07-17 02:44:28,2337,3745,0.365717,7,2465,0.278416,0.16808,0.874009,0.4,0.742613,0.75,0.0510345,0.0001,0.00607032,999999,-8.799949e-02,3,,,,SVDNB_npp_d20140716_t1940087_e1945491_b14080_c20140717014549591992_noaa_ops.h5,GDNBO_npp_d20140716_t1940087_e1945491_b14080_c20140717014549591757_noaa_ops.h5,SVI04_npp_d20140716_t1940087_e1945491_b14080_c20140717014549047847_noaa_ops.dspace_rad,VNFF_npp_d20140716_t1940087_e1945491_b14080_v21.csv,World_EEZ_v8_2014.shp,WPP_BFAR_merge.shp,KKP_IDN_merge_20161208.shp,VNF-VBD_npp_20120301-20151231_global_asia-enhanced_c201607211230.bitmask,NCEI_NGA.union.nga_lead2.add_2015ntl.mask,timezone.shp,VBD_platforms-recurring_2015_r20170330.shp,999999,VBD_bridges_c20160811.shp,19.107107;17.397036;14.693351;9.872889;5.028845;0.164623;-4.717433;-2.668029;-0.463942;4.408493;9.296770;14.195400,76.296768;90.732086;104.737396;103.313332;102.017212;100.838966;99.779457;86.144508;72.459229;73.563164;74.566231;75.490944,npp_d20140716_t1940087_e1945491_b14080,141.031,54.3076,64.6532,-81.158,25.588,90.063
724,VBD_npp_d20140716_t1944270_x0986561E_y003083N_l2336_s3746_v23,2017-05-23 13:09:12,0.308265,98.656120,15.2491,2014-07-16 19:44:27,2014-07-17 02:44:27,2336,3746,0.372402,1,2529,0.530153,0.172533,0.874009,0.4,0.887314,0.75,0.0510378,0.0001,0.0059622,999999,-1.291885e-01,3,Indonesian Exclusive Economic Zone,WPP572,,SVDNB_npp_d20140716_t1940087_e1945491_b14080_c20140717014549591992_noaa_ops.h5,GDNBO_npp_d20140716_t1940087_e1945491_b14080_c20140717014549591757_noaa_ops.h5,SVI04_npp_d20140716_t1940087_e1945491_b14080_c20140717014549047847_noaa_ops.dspace_rad,VNFF_npp_d20140716_t1940087_e1945491_b14080_v21.csv,World_EEZ_v8_2014.shp,WPP_BFAR_merge.shp,KKP_IDN_merge_20161208.shp,VNF-VBD_npp_20120301-20151231_global_asia-enhanced_c201607211230.bitmask,NCEI_NGA.union.nga_lead2.add_2015ntl.mask,timezone.shp,VBD_platforms-recurring_2015_r20170330.shp,999999,VBD_bridges_c20160811.shp,19.107107;17.397036;14.693351;9.872889;5.028845;0.164623;-4.717433;-2.668029;-0.463942;4.408493;9.296770;14.195400,76.296768;90.732086;104.737396;103.313332;102.017212;100.838966;99.779457;86.144508;72.459229;73.563164;74.566231;75.490944,npp_d20140716_t1940087_e1945491_b14080,141.025,54.31,64.6696,-80.6476,25.5814,90.0677
726,VBD_npp_d20140716_t1944288_x0986560E_y003041N_l2337_s3747_v23,2017-05-23 13:09:12,0.304081,98.655968,18.025,2014-07-16 19:44:28,2014-07-17 02:44:28,2337,3747,0.370468,1,2529,0.589045,0.178114,0.872603,0.4,0.871625,0.75,0.0510419,0.0001,0.00602916,999999,-1.808107e-01,3,Indonesian Exclusive Economic Zone,WPP572,,SVDNB_npp_d20140716_t1940087_e1945491_b14080_c20140717014549591992_noaa_ops.h5,GDNBO_npp_d20140716_t1940087_e1945491_b14080_c20140717014549591757_noaa_ops.h5,SVI04_npp_d20140716_t1940087_e1945491_b14080_c20140717014549047847_noaa_ops.dspace_rad,VNFF_npp_d20140716_t1940087_e1945491_b14080_v21.csv,World_EEZ_v8_2014.shp,WPP_BFAR_merge.shp,KKP_IDN_merge_20161208.shp,VNF-VBD_npp_20120301-20151231_global_asia-enhanced_c201607211230.bitmask,NCEI_NGA.union.nga_lead2.add_2015ntl.mask,timezone.shp,VBD_platforms-recurring_2015_r20170330.shp,999999,VBD_bridges_c20160811.shp,19.107107;17.397036;14.693351;9.872889;5.028845;0.164623;-4.717433;-2.668029;-0.463942;4.408493;9.296770;14.195400,76.296768;90.732086;104.737396;103.313332;102.017212;100.838966;99.779457;86.144508;72.459229;73.563164;74.566231;75.490944,npp_d20140716_t1940087_e1945491_b14080,141.022,54.3195,64.6901,-81.1578,25.5743,90.0586
727,VBD_npp_d20140716_t1944288_x0986538E_y002908N_l2339_s3747_v23,2017-05-23 13:09:12,0.290778,98.653786,21.6139,2014-07-16 19:44:28,2014-07-17 02:44:28,2339,3747,0.37207,1,2529,0.716213,0.173935,0.890459,0.4,0.926589,0.75,0.0510427,0.0001,0.00601542,999999,-1.421549e-01,3,Indonesian Exclusive Economic Zone,WPP572,,SVDNB_npp_d20140716_t1940087_e1945491_b14080_c20140717014549591992_noaa_ops.h5,GDNBO_npp_d20140716_t1940087_e1945491_b14080_c20140717014549591757_noaa_ops.h5,SVI04_npp_d20140716_t1940087_e1945491_b14080_c20140717014549047847_noaa_ops.dspace_rad,VNFF_npp_d20140716_t1940087_e1945491_b14080_v21.csv,World_EEZ_v8_2014.shp,WPP_BFAR_merge.shp,KKP_IDN_merge_20161208.shp,VNF-VBD_npp_20120301-20151231_global_asia-enhanced_c201607211230.bitmask,NCEI_NGA.union.nga_lead2.add_2015ntl.mask,timezone.shp,VBD_platforms-recurring_2015_r20170330.shp,999999,VBD_bridges_c20160811.shp,19.107107;17.397036;14.693351;9.872889;5.028845;0.164623;-4.717433;-2.668029;-0.463942;4.408493;9.296770;14.195400,76.296768;90.732086;104.737396;103.313332;102.017212;100.838966;99.779457;86.144508;72.459229;73.563164;74.566231;75.490944,npp_d20140716_t1940087_e1945491_b14080,141.031,54.3313,64.6898,-81.0924,25.5765,90.0302
728,VBD_npp_d20140716_t1942135_x1005515E_y080000N_l1131_s3748_v23,2017-05-23 13:09:12,7.999958,100.551491,20.5862,2014-07-16 19:42:13,2014-07-17 02:42:13,1131,3748,0.20015,1,2529,0.520293,0.135808,0.753664,0.4,0.825702,0.75,0.0511492,0.0001,0.00620902,999999,2.105020e-01,3,Thailand Exclusive Economic Zone,,,SVDNB_npp_d20140716_t1940087_e1945491_b14080_c20140717014549591992_noaa_ops.h5,GDNBO_npp_d20140716_t1940087_e1945491_b14080_c20140717014549591757_noaa_ops.h5,SVI04_npp_d20140716_t1940087_e1945491_b14080_c20140717014549047847_noaa_ops.dspace_rad,VNFF_npp_d20140716_t1940087_e1945491_b14080_v21.csv,World_EEZ_v8_2014.shp,WPP_BFAR_merge.shp,KKP_IDN_merge_20161208.shp,VNF-VBD_npp_20120301-20151231_global_asia-enhanced_c201607211230.bitmask,NCEI_NGA.union.nga_lead2.add_2015ntl.mask,timezone.shp,VBD_platforms-recurring_2015_r20170330.shp,999999,VBD_bridges_c20160811.shp,19.107107;17.397036;14.693351;9.872889;5.028845;0.164623;-4.717433;-2.668029;-0.463942;4.408493;9.296770;14.195400,76.296768;90.732086;104.737396;103.313332;102.017212;100.838966;99.779457;86.144508;72.459229;73.563164;74.566231;75.490944,npp_d20140716_t1940087_e1945491_b14080,135.176,48.6186,64.6958,-79.1175,25.375,106.971
729,VBD_npp_d20140716_t1942153_x1005392E_y078958N_l1147_s3750_v23,2017-05-23 13:09:12,7.895809,100.539215,12.6199,2014-07-16 19:42:15,2014-07-17 02:42:15,1147,3750,0.204238,1,2529,0.369395,0.173231,0.749968,0.4,0.752692,0.75,0.0511587,0.0001,0.00617574,999999,-1.356462e-01,3,Thailand Exclusive Economic Zone,,,SVDNB_npp_d20140716_t1940087_e1945491_b14080_c20140717014549591992_noaa_ops.h5,GDNBO_npp_d20140716_t1940087_e1945491_b14080_c20140717014549591757_noaa_ops.h5,SVI04_npp_d20140716_t1940087_e1945491_b14080_c20140717014549047847_noaa_ops.dspace_rad,VNFF_npp_d20140716_t1940087_e1945491_b14080_v21.csv,World_EEZ_v8_2014.shp,WPP_BFAR_merge.shp,KKP_IDN_merge_20161208.shp,VNF-VBD_npp_20120301-20151231_global_asia-enhanced_c201607211230.bitmask,NCEI_NGA.union.nga_lead2.add_2015ntl.mask,timezone.shp,VBD_platforms-recurring_2015_r20170330.shp,999999,VBD_bridges_c20160811.shp,19.107107;17.397036;14.693351;9.872889;5.028845;0.164623;-4.717433;-2.668029;-0.463942;4.408493;9.296770;14.195400,76.296768;90.732086;104.737396;103.313332;102.017212;100.838966;99.779457;86.144508;72.459229;73.563164;74.566231;75.490944,npp_d20140716_t1940087_e1945491_b14080,135.249,48.6935,64.7351,-79.1417,25.3492,106.753
731,VBD_npp_d20140716_t1944288_x0986764E_y002598N_l2343_s3751_v23,2017-05-23 13:09:12,0.259834,98.676445,14.3985,2014-07-16 19:44:28,2014-07-17 02:44:28,2343,3751,0.372126,1,2529,0.564181,0.143321,0.882429,0.4,0.906925,0.75,0.0510591,0.0001,0.00590599,999999,1.410117e-01,3,Indonesian Exclusive Economic Zone,WPP572,,SVDNB_npp_d20140716_t1940087_e1945491_b14080_c20140717014549591992_noaa_ops.h5,GDNBO_npp_d20140716_t1940087_e1945491_b14080_c20140717014549591757_noaa_ops.h5,SVI04_npp_d20140716_t1940087_e1945491_b14080_c20140717014549047847_noaa_ops.dspace_rad,VNFF_npp_d20140716_t1940087_e1945491_b14080_v21.csv,World_EEZ_v8_2014.shp,WPP_BFAR_merge.shp,KKP_IDN_merge_20161208.shp,VNF-VBD_npp_20120301-20151231_global_asia-enhanced_c201607211230.bitmask,NCEI_NGA.union.nga_lead2.add_2015ntl.mask,timezone.shp,VBD_platforms-recurring_2015_r20170330.shp,999999,VBD_bridges_c20160811.shp,19.107107;17.397036;14.693351;9.872889;5.028845;0.164623;-4.717433;-2.668029;-0.463942;4.408493;9.296770;14.195400,76.296768;90.732086;104.737396;103.313332;102.017212;100.838966;99.779457;86.144508;72.459229;73.563164;74.566231;75.490944,npp_d20140716_t1940087_e1945491_b14080,141.031,54.3788,64.7633,-80.9613,25.5534,89.9644
732,VBD_npp_d20140716_t1944359_x0985844E_y001842S_l2412_s3752_v23,2017-05-23 13:09:12,-0.184232,98.584450,11.2957,2014-07-16 19:44:35,2014-07-17 02:44:35,2412,3752,0.370965,1,2529,0.512521,0.136485,0.847844,0.4,0.889209,0.75,0.0510492,0.0001,0.005775,999999,2.042417e-01,3,Indonesian Exclusive Economic Zone,WPP572,,SVDNB_npp_d20140716_t1940087_e1945491_b14080_c20140717014549591992_noaa_ops.h5,GDNBO_npp_d20140716_t1940087_e1945491_b14080_c20140717014549591757_noaa_ops.h5,SVI04_npp_d20140716_t1940087_e1945491_b14080_c20140717014549047847_noaa_ops.dspace_rad,VNFF_npp_d20140716_t1940087_e1945491_b14080_v21.csv,World_EEZ_v8_2014.shp,WPP_BFAR_merge.shp,KKP_IDN_merge_20161208.shp,VNF-VBD_npp_20120301-20151231_global_asia-enhanced_c201607211230.bitmask,NCEI_NGA.union.nga_lead2.add_2015ntl.mask,timezone.shp,VBD_platforms-recurring_2015_r20170330.shp,999999,VBD_bridges_c20160811.shp,19.107107;17.397036;14.693351;9.872889;5.028845;0.164623;-4.717433;-2.668029;-0.463942;4.408493;9.296770;14.195400,76.296768;90.732086;104.737396;103.313332;102.017212;100.838966;99.779457;86.144508;72.459229;73.563164;74.566231;75.490944,npp_d20140716_t1940087_e1945491_b14080,141.339,54.7837,64.7818,-80.8828,25.6219,89.0193
733,VBD_npp_d20140716_t1942153_x1005545E_y078654N_l1151_s3753_v23,2017-05-23 13:09:12,7.865396,100.554466,10.7334,2014-07-16 19:42:15,2014-07-17 02:42:15,1151,3753,0.262355,1,2529,0.355112,0.156807,0.71522,0.4,0.797852,0.75,0.0511703,0.0001,0.00613156,999999,1.627221e-02,3,Thailand Exclusive Economic Zone,,,SVDNB_npp_d20140716_t1940087_e1945491_b14080_c20140717014549591992_noaa_ops.h5,GDNBO_npp_d20140716_t1940087_e1945491_b14080_c20140717014549591757_noaa_ops.h5,SVI04_npp_d20140716_t1940087_e1945491_b14080_c20140717014549047847_noaa_ops.dspace_rad,VNFF_npp_d20140716_t1940087_e1945491_b14080_v21.csv,World_EEZ_v8_2014.shp,WPP_BFAR_merge.shp,KKP_IDN_merge_20161208.shp,VNF-VBD_npp_20120301-20151231_global_asia-enhanced_c201607211230.bitmask,NCEI_NGA.union.nga_lead2.add_2015ntl.mask,timezone.shp,VBD_platforms-recurring_2015_r20170330.shp,999999,VBD_bridges_c20160811.shp,19.107107;17.397036;14.693351;9.872889;5.028845;0.164623;-4.717433;-2.668029;-0.463942;4.408493;9.296770;14.195400,76.296768;90.732086;104.737396;103.313332;102.017212;100.838966;99.779457;86.144508;72.459229;73.563164;74.566231;75.490944,npp_d20140716_t1940087_e1945491_b14080,135.258,48.7287,64.7906,-79.0089,25.3256,106.702
739,VBD_npp_d20140716_t1943212_x0996268E_y041272N_l1737_s3756_v23,2017-05-23 13:09:12,4.127187,99.626770,14.4931,2014-07-16 19:43:21,2014-07-17 02:43:21,1737,3756,0.326936,1,2529,0.504084,0.161388,0.785528,0.4,0.861709,0.75,0.0512931,0.0001,0.00619765,999999,-2.610460e-02,3,Malaysian Exclusive Economic Zone,WPP571,,SVDNB_npp_d20140716_t1940087_e1945491_b14080_c20140717014549591992_noaa_ops.h5,GDNBO_npp_d20140716_t1940087_e1945491_b14080_c20140717014549591757_noaa_ops.h5,SVI04_npp_d20140716_t1940087_e1945491_b14080_c20140717014549047847_noaa_ops.dspace_rad,VNFF_npp_d20140716_t1940087_e1945491_b14080_v21.csv,World_EEZ_v8_2014.shp,WPP_BFAR_merge.shp,KKP_IDN_merge_20161208.shp,VNF-VBD_npp_20120301-20151231_global_asia-enhanced_c201607211230.bitmask,NCEI_NGA.union.nga_lead2.add_2015ntl.mask,timezone.shp,VBD_platforms-recurring_2015_r20170330.shp,999999,VBD_bridges_c20160811.shp,19.107107;17.397036;14.693351;9.872889;5.028845;0.164623;-4.717433;-2.668029;-0.463942;4.408493;9.296770;14.195400,76.296768;90.732086;104.737396;103.313332;102.017212;100.838966;99.779457;86.144508;72.459229;73.563164;74.566231;75.490944,npp_d20140716_t1940087_e1945491_b14080,138.16,51.2575,64.85,-80.061,25.1525,98.414
740,VBD_npp_d20140716_t1944288_x0987137E_y002744N_l2340_s3756_v23,2017-05-23 13:09:12,0.274418,98.713707,44.1956,2014-07-16 19:44:28,2014-07-17 02:44:28,2340,3756,0.370192,1,2529,0.971952,0.153482,0.896658,0.4,0.966158,0.75,0.0510764,0.0001,0.00582564,999999,4.702246e-02,3,Indonesian Exclusive Economic Zone,WPP572,,SVDNB_npp_d20140716_t1940087_e1945491_b14080_c20140717014549591992_noaa_ops.h5,GDNBO_npp_d20140716_t1940087_e1945491_b14080_c20140717014549591757_noaa_ops.h5,SVI04_npp_d20140716_t1940087_e1945491_b14080_c20140717014549047847_noaa_ops.dspace_rad,VNFF_npp_d20140716_t1940087_e1945491_b14080_v21.csv,World_EEZ_v8_2014.shp,WPP_BFAR_merge.shp,KKP_IDN_merge_20161208.shp,VNF-VBD_npp_20120301-20151231_global_asia-enhanced_c201607211230.bitmask,NCEI_NGA.union.nga_lead2.add_2015ntl.mask,timezone.shp,VBD_platforms-recurring_2015_r20170330.shp,999999,VBD_bridges_c20160811.shp,19.107107;17.397036;14.693351;9.872889;5.028845;0.164623;-4.717433;-2.668029;-0.463942;4.408493;9.296770;14.195400,76.296768;90.732086;104.737396;103.313332;102.017212;100.838966;99.779457;86.144508;72.459229;73.563164;74.566231;75.490944,npp_d20140716_t1940087_e1945491_b14080,140.992,54.3912,64.8563,-81.0593,25.5156,89.9956
741,VBD_npp_d20140716_t1944288_x0987050E_y002210N_l2348_s3756_v23,2017-05-23 13:09:12,0.220987,98.704987,4.799,2014-07-16 19:44:28,2014-07-17 02:44:28,2348,3756,0.36174,7,2465,0.2025,0.164233,0.81619,0.4,0.70098,0.75,0.0510797,0.0001,0.00576996,999999,-5.241149e-02,3,,,,SVDNB_npp_d20140716_t1940087_e1945491_b14080_c20140717014549591992_noaa_ops.h5,GDNBO_npp_d20140716_t1940087_e1945491_b14080_c20140717014549591757_noaa_ops.h5,SVI04_npp_d20140716_t1940087_e1945491_b14080_c20140717014549047847_noaa_ops.dspace_rad,VNFF_npp_d20140716_t1940087_e1945491_b14080_v21.csv,World_EEZ_v8_2014.shp,WPP_BFAR_merge.shp,KKP_IDN_merge_20161208.shp,VNF-VBD_npp_20120301-20151231_global_asia-enhanced_c201607211230.bitmask,NCEI_NGA.union.nga_lead2.add_2015ntl.mask,timezone.shp,VBD_platforms-recurring_2015_r20170330.shp,999999,VBD_bridges_c20160811.shp,19.107107;17.397036;14.693351;9.872889;5.028845;0.164623;-4.717433;-2.668029;-0.463942;4.408493;9.296770;14.195400,76.296768;90.732086;104.737396;103.313332;102.017212;100.838966;99.779457;86.144508;72.459229;73.563164;74.566231;75.490944,npp_d20140716_t1940087_e1945491_b14080,141.03,54.4385,64.8557,-80.7978,25.5245,89.8815
742,VBD_npp_d20140716_t1944377_x0986000E_y002239S_l2418_s3756_v23,2017-05-23 13:09:12,-0.223936,98.600044,27.3574,2014-07-16 19:44:37,2014-07-17 02:44:37,2418,3756,0.366104,1,2529,0.842602,0.170575,0.877108,0.4,0.946959,0.75,0.0510586,0.0001,0.00575026,999999,-1.110751e-01,3,Indonesian Exclusive Economic Zone,WPP572,,SVDNB_npp_d20140716_t1940087_e1945491_b14080_c20140717014549591992_noaa_ops.h5,GDNBO_npp_d20140716_t1940087_e1945491_b14080_c20140717014549591757_noaa_ops.h5,SVI04_npp_d20140716_t1940087_e1945491_b14080_c20140717014549047847_noaa_ops.dspace_rad,VNFF_npp_d20140716_t1940087_e1945491_b14080_v21.csv,World_EEZ_v8_2014.shp,WPP_BFAR_merge.shp,KKP_IDN_merge_20161208.shp,VNF-VBD_npp_20120301-20151231_global_asia-enhanced_c201607211230.bitmask,NCEI_NGA.union.nga_lead2.add_2015ntl.mask,timezone.shp,VBD_platforms-recurring_2015_r20170330.shp,999999,VBD_bridges_c20160811.shp,19.107107;17.397036;14.693351;9.872889;5.028845;0.164623;-4.717433;-2.668029;-0.463942;4.408493;9.296770;14.195400,76.296768;90.732086;104.737396;103.313332;102.017212;100.838966;99.779457;86.144508;72.459229;73.563164;74.566231;75.490944,npp_d20140716_t1940087_e1945491_b14080,141.343,54.8407,64.859,-81.2331,25.5995,88.9337
745,VBD_npp_d20140716_t1942224_x1004892E_y075258N_l1204_s3757_v23,2017-05-23 13:09:12,7.525761,100.489227,11.4946,2014-07-16 19:42:22,2014-07-17 02:42:22,1204,3757,0.244953,2,2465,0.322435,0.165544,0.841589,0.4,0.708136,0.75,0.051207,0.0001,0.00604226,999999,-6.454491e-02,3,Thailand Exclusive Economic Zone,,,SVDNB_npp_d20140716_t1940087_e1945491_b14080_c20140717014549591992_noaa_ops.h5,GDNBO_npp_d20140716_t1940087_e1945491_b14080_c20140717014549591757_noaa_ops.h5,SVI04_npp_d20140716_t1940087_e1945491_b14080_c20140717014549047847_noaa_ops.dspace_rad,VNFF_npp_d20140716_t1940087_e1945491_b14080_v21.csv,World_EEZ_v8_2014.shp,WPP_BFAR_merge.shp,KKP_IDN_merge_20161208.shp,VNF-VBD_npp_20120301-20151231_global_asia-enhanced_c201607211230.bitmask,NCEI_NGA.union.nga_lead2.add_2015ntl.mask,timezone.shp,VBD_platforms-recurring_2015_r20170330.shp,999999,VBD_bridges_c20160811.shp,19.107107;17.397036;14.693351;9.872889;5.028845;0.164623;-4.717433;-2.668029;-0.463942;4.408493;9.296770;14.195400,76.296768;90.732086;104.737396;103.313332;102.017212;100.838966;99.779457;86.144508;72.459229;73.563164;74.566231;75.490944,npp_d20140716_t1940087_e1945491_b14080,135.508,48.9596,64.865,-79.4584,25.2638,105.971
746,VBD_npp_d20140716_t1943051_x0998679E_y050851N_l1587_s3757_v23,2017-05-23 13:09:12,5.085143,99.867943,14.6833,2014-07-16 19:43:05,2014-07-17 02:43:05,1587,3757,0.230424,1,2529,0.41928,0.166073,0.610951,0.4,0.777293,0.75,0.0512789,0.0001,0.0061854,999999,-6.943528e-02,3,Malaysian Exclusive Economic Zone,,,SVDNB_npp_d20140716_t1940087_e1945491_b14080_c20140717014549591992_noaa_ops.h5,GDNBO_npp_d20140716_t1940087_e1945491_b14080_c20140717014549591757_noaa_ops.h5,SVI04_npp_d20140716_t1940087_e1945491_b14080_c20140717014549047847_noaa_ops.dspace_rad,VNFF_npp_d20140716_t1940087_e1945491_b14080_v21.csv,World_EEZ_v8_2014.shp,WPP_BFAR_merge.shp,KKP_IDN_merge_20161208.shp,VNF-VBD_npp_20120301-20151231_global_asia-enhanced_c201607211230.bitmask,NCEI_NGA.union.nga_lead2.add_2015ntl.mask,timezone.shp,VBD_platforms-recurring_2015_r20170330.shp,999999,VBD_bridges_c20160811.shp,19.107107;17.397036;14.693351;9.872889;5.028845;0.164623;-4.717433;-2.668029;-0.463942;4.408493;9.296770;14.195400,76.296768;90.732086;104.737396;103.313332;102.017212;100.838966;99.779457;86.144508;72.459229;73.563164;74.566231;75.490944,npp_d20140716_t1940087_e1945491_b14080,137.421,50.5726,64.869,-80.0528,25.1363,100.545
749,VBD_npp_d20140716_t1942189_x1005468E_y077080N_l1175_s3758_v23,2017-05-23 13:09:12,7.708021,100.546768,11.7877,2014-07-16 19:42:18,2014-07-17 02:42:18,1175,3758,0.247328,2,2465,0.332331,0.165761,0.648571,0.4,0.720292,0.75,0.051192,0.0001,0.00600891,999999,-6.654592e-02,3,Thailand Exclusive Economic Zone,,,SVDNB_npp_d20140716_t1940087_e1945491_b14080_c20140717014549591992_noaa_ops.h5,GDNBO_npp_d20140716_t1940087_e1945491_b14080_c20140717014549591757_noaa_ops.h5,SVI04_npp_d20140716_t1940087_e1945491_b14080_c20140717014549047847_noaa_ops.dspace_rad,VNFF_npp_d20140716_t1940087_e1945491_b14080_v21.csv,World_EEZ_v8_2014.shp,WPP_BFAR_merge.shp,KKP_IDN_merge_20161208.shp,VNF-VBD_npp_20120301-20151231_global_asia-enhanced_c201607211230.bitmask,NCEI_NGA.union.nga_lead2.add_2015ntl.mask,timezone.shp,VBD_platforms-recurring_2015_r20170330.shp,999999,VBD_bridges_c20160811.shp,19.107107;17.397036;14.693351;9.872889;5.028845;0.164623;-4.717433;-2.668029;-0.463942;4.408493;9.296770;14.195400,76.296768;90.732086;104.737396;103.313332;102.017212;100.838966;99.779457;86.144508;72.459229;73.563164;74.566231;75.490944,npp_d20140716_t1940087_e1945491_b14080,135.356,48.854,64.8869,-79.3121,25.2737,106.381
750,VBD_npp_d20140716_t1942224_x1005000E_y075444N_l1201_s3758_v23,2017-05-23 13:09:12,7.544414,100.499954,15.0608,2014-07-16 19:42:22,2014-07-17 02:42:22,1201,3758,0.232854,1,2529,0.433364,0.115789,0.838696,0.4,0.757579,0.75,0.051207,0.0001,0.00600791,999999,3.956698e-01,3,Thailand Exclusive Economic Zone,,,SVDNB_npp_d20140716_t1940087_e1945491_b14080_c20140717014549591992_noaa_ops.h5,GDNBO_npp_d20140716_t1940087_e1945491_b14080_c20140717014549591757_noaa_ops.h5,SVI04_npp_d20140716_t1940087_e1945491_b14080_c20140717014549047847_noaa_ops.dspace_rad,VNFF_npp_d20140716_t1940087_e1945491_b14080_v21.csv,World_EEZ_v8_2014.shp,WPP_BFAR_merge.shp,KKP_IDN_merge_20161208.shp,VNF-VBD_npp_20120301-20151231_global_asia-enhanced_c201607211230.bitmask,NCEI_NGA.union.nga_lead2.add_2015ntl.mask,timezone.shp,VBD_platforms-recurring_2015_r20170330.shp,999999,VBD_bridges_c20160811.shp,19.107107;17.397036;14.693351;9.872889;5.028845;0.164623;-4.717433;-2.668029;-0.463942;4.408493;9.296770;14.195400,76.296768;90.732086;104.737396;103.313332;102.017212;100.838966;99.779457;86.144508;72.459229;73.563164;74.566231;75.490944,npp_d20140716_t1940087_e1945491_b14080,135.487,48.9538,64.884,-79.5551,25.2587,106.017
751,VBD_npp_d20140716_t1943229_x0996223E_y040699N_l1746_s3758_v23,2017-05-23 13:09:12,4.069932,99.622322,18.9467,2014-07-16 19:43:22,2014-07-17 02:43:22,1746,3758,0.352845,1,2529,0.619421,0.146312,0.770662,0.4,0.868849,0.75,0.0513082,0.0001,0.0061645,999999,1.133463e-01,3,Indonesian Exclusive Economic Zone,WPP571,,SVDNB_npp_d20140716_t1940087_e1945491_b14080_c20140717014549591992_noaa_ops.h5,GDNBO_npp_d20140716_t1940087_e1945491_b14080_c20140717014549591757_noaa_ops.h5,SVI04_npp_d20140716_t1940087_e1945491_b14080_c20140717014549047847_noaa_ops.dspace_rad,VNFF_npp_d20140716_t1940087_e1945491_b14080_v21.csv,World_EEZ_v8_2014.shp,WPP_BFAR_merge.shp,KKP_IDN_merge_20161208.shp,VNF-VBD_npp_20120301-20151231_global_asia-enhanced_c201607211230.bitmask,NCEI_NGA.union.nga_lead2.add_2015ntl.mask,timezone.shp,VBD_platforms-recurring_2015_r20170330.shp,999999,VBD_bridges_c20160811.shp,19.107107;17.397036;14.693351;9.872889;5.028845;0.164623;-4.717433;-2.668029;-0.463942;4.408493;9.296770;14.195400,76.296768;90.732086;104.737396;103.313332;102.017212;100.838966;99.779457;86.144508;72.459229;73.563164;74.566231;75.490944,npp_d20140716_t1940087_e1945491_b14080,138.193,51.3097,64.884,-80.3127,25.1413,98.2918
752,VBD_npp_d20140716_t1944288_x0987241E_y002522N_l2343_s3758_v23,2017-05-23 13:09:12,0.252195,98.724068,29.5383,2014-07-16 19:44:28,2014-07-17 02:44:28,2343,3758,0.36522,1,2529,0.783972,0.14381,0.885921,0.4,0.902989,0.75,0.051085,0.0001,0.005765,999999,1.364901e-01,3,Indonesian Exclusive Economic Zone,WPP572,,SVDNB_npp_d20140716_t1940087_e1945491_b14080_c20140717014549591992_noaa_ops.h5,GDNBO_npp_d20140716_t1940087_e1945491_b14080_c20140717014549591757_noaa_ops.h5,SVI04_npp_d20140716_t1940087_e1945491_b14080_c20140717014549047847_noaa_ops.dspace_rad,VNFF_npp_d20140716_t1940087_e1945491_b14080_v21.csv,World_EEZ_v8_2014.shp,WPP_BFAR_merge.shp,KKP_IDN_merge_20161208.shp,VNF-VBD_npp_20120301-20151231_global_asia-enhanced_c201607211230.bitmask,NCEI_NGA.union.nga_lead2.add_2015ntl.mask,timezone.shp,VBD_platforms-recurring_2015_r20170330.shp,999999,VBD_bridges_c20160811.shp,19.107107;17.397036;14.693351;9.872889;5.028845;0.164623;-4.717433;-2.668029;-0.463942;4.408493;9.296770;14.195400,76.296768;90.732086;104.737396;103.313332;102.017212;100.838966;99.779457;86.144508;72.459229;73.563164;74.566231;75.490944,npp_d20140716_t1940087_e1945491_b14080,140.997,54.421,64.8931,-80.9612,25.5051,89.9482
756,VBD_npp_d20140716_t1942153_x1006019E_y078907N_l1146_s3759_v23,2017-05-23 13:09:12,7.890732,100.601891,19.2002,2014-07-16 19:42:15,2014-07-17 02:42:15,1146,3759,0.234733,1,2529,0.528562,0.164511,0.823787,0.4,0.844949,0.75,0.0511919,0.0001,0.00598346,999999,-5.499033e-02,3,Thailand Exclusive Economic Zone,,,SVDNB_npp_d20140716_t1940087_e1945491_b14080_c20140717014549591992_noaa_ops.h5,GDNBO_npp_d20140716_t1940087_e1945491_b14080_c20140717014549591757_noaa_ops.h5,SVI04_npp_d20140716_t1940087_e1945491_b14080_c20140717014549047847_noaa_ops.dspace_rad,VNFF_npp_d20140716_t1940087_e1945491_b14080_v21.csv,World_EEZ_v8_2014.shp,WPP_BFAR_merge.shp,KKP_IDN_merge_20161208.shp,VNF-VBD_npp_20120301-20151231_global_asia-enhanced_c201607211230.bitmask,NCEI_NGA.union.nga_lead2.add_2015ntl.mask,timezone.shp,VBD_platforms-recurring_2015_r20170330.shp,999999,VBD_bridges_c20160811.shp,19.107107;17.397036;14.693351;9.872889;5.028845;0.164623;-4.717433;-2.668029;-0.463942;4.408493;9.296770;14.195400,76.296768;90.732086;104.737396;103.313332;102.017212;100.838966;99.779457;86.144508;72.459229;73.563164;74.566231;75.490944,npp_d20140716_t1940087_e1945491_b14080,135.206,48.7472,64.9019,-79.166,25.2873,106.79
757,VBD_npp_d20140716_t1944252_x0987826E_y004344N_l2314_s3760_v23,2017-05-23 13:09:12,0.434444,98.782608,22.441,2014-07-16 19:44:25,2014-07-17 02:44:25,2314,3760,0.348923,1,2529,0.665927,0.17556,0.756611,0.4,0.904146,0.75,0.0510804,0.0001,0.00573504,999999,-1.571897e-01,3,Indonesian Exclusive Economic Zone,WPP572,,SVDNB_npp_d20140716_t1940087_e1945491_b14080_c20140717014549591992_noaa_ops.h5,GDNBO_npp_d20140716_t1940087_e1945491_b14080_c20140717014549591757_noaa_ops.h5,SVI04_npp_d20140716_t1940087_e1945491_b14080_c20140717014549047847_noaa_ops.dspace_rad,VNFF_npp_d20140716_t1940087_e1945491_b14080_v21.csv,World_EEZ_v8_2014.shp,WPP_BFAR_merge.shp,KKP_IDN_merge_20161208.shp,VNF-VBD_npp_20120301-20151231_global_asia-enhanced_c201607211230.bitmask,NCEI_NGA.union.nga_lead2.add_2015ntl.mask,timezone.shp,VBD_platforms-recurring_2015_r20170330.shp,999999,VBD_bridges_c20160811.shp,19.107107;17.397036;14.693351;9.872889;5.028845;0.164623;-4.717433;-2.668029;-0.463942;4.408493;9.296770;14.195400,76.296768;90.732086;104.737396;103.313332;102.017212;100.838966;99.779457;86.144508;72.459229;73.563164;74.566231;75.490944,npp_d20140716_t1940087_e1945491_b14080,140.855,54.2702,64.9332,-80.8201,25.4606,90.339
758,VBD_npp_d20140716_t1944270_x0987609E_y003528N_l2327_s3760_v23,2017-05-23 13:09:12,0.352844,98.760872,30.8695,2014-07-16 19:44:27,2014-07-17 02:44:27,2327,3760,0.358646,1,2529,0.807473,0.151736,0.831467,0.4,0.932381,0.75,0.0510858,0.0001,0.00574348,999999,6.317160e-02,3,Indonesian Exclusive Economic Zone,WPP572,,SVDNB_npp_d20140716_t1940087_e1945491_b14080_c20140717014549591992_noaa_ops.h5,GDNBO_npp_d20140716_t1940087_e1945491_b14080_c20140717014549591757_noaa_ops.h5,SVI04_npp_d20140716_t1940087_e1945491_b14080_c20140717014549047847_noaa_ops.dspace_rad,VNFF_npp_d20140716_t1940087_e1945491_b14080_v21.csv,World_EEZ_v8_2014.shp,WPP_BFAR_merge.shp,KKP_IDN_merge_20161208.shp,VNF-VBD_npp_20120301-20151231_global_asia-enhanced_c201607211230.bitmask,NCEI_NGA.union.nga_lead2.add_2015ntl.mask,timezone.shp,VBD_platforms-recurring_2015_r20170330.shp,999999,VBD_bridges_c20160811.shp,19.107107;17.397036;14.693351;9.872889;5.028845;0.164623;-4.717433;-2.668029;-0.463942;4.408493;9.296770;14.195400,76.296768;90.732086;104.737396;103.313332;102.017212;100.838966;99.779457;86.144508;72.459229;73.563164;74.566231;75.490944,npp_d20140716_t1940087_e1945491_b14080,140.914,54.3413,64.9291,-80.9417,25.475,90.1638
759,VBD_npp_d20140716_t1944288_x0987388E_y002567N_l2342_s3760_v23,2017-05-23 13:09:12,0.256692,98.738831,6.08699,2014-07-16 19:44:28,2014-07-17 02:44:28,2342,3760,0.322129,7,2465,0.210999,0.139541,0.87641,0.4,0.698204,0.75,0.051092,0.0001,0.00573187,999999,1.759737e-01,3,,,,SVDNB_npp_d20140716_t1940087_e1945491_b14080_c20140717014549591992_noaa_ops.h5,GDNBO_npp_d20140716_t1940087_e1945491_b14080_c20140717014549591757_noaa_ops.h5,SVI04_npp_d20140716_t1940087_e1945491_b14080_c20140717014549047847_noaa_ops.dspace_rad,VNFF_npp_d20140716_t1940087_e1945491_b14080_v21.csv,World_EEZ_v8_2014.shp,WPP_BFAR_merge.shp,KKP_IDN_merge_20161208.shp,VNF-VBD_npp_20120301-20151231_global_asia-enhanced_c201607211230.bitmask,NCEI_NGA.union.nga_lead2.add_2015ntl.mask,timezone.shp,VBD_platforms-recurring_2015_r20170330.shp,999999,VBD_bridges_c20160811.shp,19.107107;17.397036;14.693351;9.872889;5.028845;0.164623;-4.717433;-2.668029;-0.463942;4.408493;9.296770;14.195400,76.296768;90.732086;104.737396;103.313332;102.017212;100.838966;99.779457;86.144508;72.459229;73.563164;74.566231;75.490944,npp_d20140716_t1940087_e1945491_b14080,140.982,54.4271,64.9303,-80.9938,25.4901,89.9579
761,VBD_npp_d20140716_t1942135_x1006349E_y079564N_l1135_s3761_v23,2017-05-23 13:09:12,7.956390,100.634933,10.5538,2014-07-16 19:42:13,2014-07-17 02:42:13,1135,3761,0.202138,2,2465,0.267997,0.166943,0.76185,0.4,0.529931,0.75,0.0511979,0.0001,0.00595736,999999,-7.748127e-02,3,Thailand Exclusive Economic Zone,,,SVDNB_npp_d20140716_t1940087_e1945491_b14080_c20140717014549591992_noaa_ops.h5,GDNBO_npp_d20140716_t1940087_e1945491_b14080_c20140717014549591757_noaa_ops.h5,SVI04_npp_d20140716_t1940087_e1945491_b14080_c20140717014549047847_noaa_ops.dspace_rad,VNFF_npp_d20140716_t1940087_e1945491_b14080_v21.csv,World_EEZ_v8_2014.shp,WPP_BFAR_merge.shp,KKP_IDN_merge_20161208.shp,VNF-VBD_npp_20120301-20151231_global_asia-enhanced_c201607211230.bitmask,NCEI_NGA.union.nga_lead2.add_2015ntl.mask,timezone.shp,VBD_platforms-recurring_2015_r20170330.shp,999999,VBD_bridges_c20160811.shp,19.107107;17.397036;14.693351;9.872889;5.028845;0.164623;-4.717433;-2.668029;-0.463942;4.408493;9.296770;14.195400,76.296768;90.732086;104.737396;103.313332;102.017212;100.838966;99.779457;86.144508;72.459229;73.563164;74.566231;75.490944,npp_d20140716_t1940087_e1945491_b14080,135.143,48.7179,64.9366,-78.9756,25.2818,106.945
762,VBD_npp_d20140716_t1942224_x1005205E_y075406N_l1201_s3761_v23,2017-05-23 13:09:12,7.540606,100.520531,10.264,2014-07-16 19:42:22,2014-07-17 02:42:22,1201,3761,0.241749,7,2465,0.237032,0.144246,0.891712,0.4,0.683226,0.75,0.0512182,0.0001,0.00594597,999999,1.324516e-01,3,,,,SVDNB_npp_d20140716_t1940087_e1945491_b14080_c20140717014549591992_noaa_ops.h5,GDNBO_npp_d20140716_t1940087_e1945491_b14080_c20140717014549591757_noaa_ops.h5,SVI04_npp_d20140716_t1940087_e1945491_b14080_c20140717014549047847_noaa_ops.dspace_rad,VNFF_npp_d20140716_t1940087_e1945491_b14080_v21.csv,World_EEZ_v8_2014.shp,WPP_BFAR_merge.shp,KKP_IDN_merge_20161208.shp,VNF-VBD_npp_20120301-20151231_global_asia-enhanced_c201607211230.bitmask,NCEI_NGA.union.nga_lead2.add_2015ntl.mask,timezone.shp,VBD_platforms-recurring_2015_r20170330.shp,999999,VBD_bridges_c20160811.shp,19.107107;17.397036;14.693351;9.872889;5.028845;0.164623;-4.717433;-2.668029;-0.463942;4.408493;9.296770;14.195400,76.296768;90.732086;104.737396;103.313332;102.017212;100.838966;99.779457;86.144508;72.459229;73.563164;74.566231;75.490944,npp_d20140716_t1940087_e1945491_b14080,135.474,48.973,64.9397,-79.5523,25.2377,106.024
763,VBD_npp_d20140716_t1942224_x1005166E_y075207N_l1204_s3761_v23,2017-05-23 13:09:12,7.520651,100.516640,39.7213,2014-07-16 19:42:22,2014-07-17 02:42:22,1204,3761,0.311136,1,2529,0.799566,0.166845,0.8911,0.4,0.912955,0.75,0.0512218,0.0001,0.00595943,999999,-7.657159e-02,3,Thailand Exclusive Economic Zone,,,SVDNB_npp_d20140716_t1940087_e1945491_b14080_c20140717014549591992_noaa_ops.h5,GDNBO_npp_d20140716_t1940087_e1945491_b14080_c20140717014549591757_noaa_ops.h5,SVI04_npp_d20140716_t1940087_e1945491_b14080_c20140717014549047847_noaa_ops.dspace_rad,VNFF_npp_d20140716_t1940087_e1945491_b14080_v21.csv,World_EEZ_v8_2014.shp,WPP_BFAR_merge.shp,KKP_IDN_merge_20161208.shp,VNF-VBD_npp_20120301-20151231_global_asia-enhanced_c201607211230.bitmask,NCEI_NGA.union.nga_lead2.add_2015ntl.mask,timezone.shp,VBD_platforms-recurring_2015_r20170330.shp,999999,VBD_bridges_c20160811.shp,19.107107;17.397036;14.693351;9.872889;5.028845;0.164623;-4.717433;-2.668029;-0.463942;4.408493;9.296770;14.195400,76.296768;90.732086;104.737396;103.313332;102.017212;100.838966;99.779457;86.144508;72.459229;73.563164;74.566231;75.490944,npp_d20140716_t1940087_e1945491_b14080,135.49,48.9852,64.9392,-79.4548,25.2358,105.98
764,VBD_npp_d20140716_t1942224_x1005128E_y075007N_l1207_s3761_v23,2017-05-23 13:09:12,7.500694,100.512756,9.71632,2014-07-16 19:42:22,2014-07-17 02:42:22,1207,3761,0.323676,1,2529,0.360271,0.164417,0.864089,0.4,0.78957,0.75,0.0512254,0.0001,0.00597243,999999,-5.412021e-02,3,Thailand Exclusive Economic Zone,,,SVDNB_npp_d20140716_t1940087_e1945491_b14080_c20140717014549591992_noaa_ops.h5,GDNBO_npp_d20140716_t1940087_e1945491_b14080_c20140717014549591757_noaa_ops.h5,SVI04_npp_d20140716_t1940087_e1945491_b14080_c20140717014549047847_noaa_ops.dspace_rad,VNFF_npp_d20140716_t1940087_e1945491_b14080_v21.csv,World_EEZ_v8_2014.shp,WPP_BFAR_merge.shp,KKP_IDN_merge_20161208.shp,VNF-VBD_npp_20120301-20151231_global_asia-enhanced_c201607211230.bitmask,NCEI_NGA.union.nga_lead2.add_2015ntl.mask,timezone.shp,VBD_platforms-recurring_2015_r20170330.shp,999999,VBD_bridges_c20160811.shp,19.107107;17.397036;14.693351;9.872889;5.028845;0.164623;-4.717433;-2.668029;-0.463942;4.408493;9.296770;14.195400,76.296768;90.732086;104.737396;103.313332;102.017212;100.838966;99.779457;86.144508;72.459229;73.563164;74.566231;75.490944,npp_d20140716_t1940087_e1945491_b14080,135.506,48.9975,64.9389,-79.3573,25.234,105.936
767,VBD_npp_d20140716_t1942153_x1006385E_y079321N_l1139_s3763_v23,2017-05-23 13:09:12,7.932086,100.638512,12.3739,2014-07-16 19:42:15,2014-07-17 02:42:15,1139,3763,0.205729,8,18849,0.303616,0.151391,0.815563,0.4,0.643865,0.75,0.0512058,0.0001,0.00586712,999999,6.636392e-02,3,Thailand Exclusive Economic Zone,,,SVDNB_npp_d20140716_t1940087_e1945491_b14080_c20140717014549591992_noaa_ops.h5,GDNBO_npp_d20140716_t1940087_e1945491_b14080_c20140717014549591757_noaa_ops.h5,SVI04_npp_d20140716_t1940087_e1945491_b14080_c20140717014549047847_noaa_ops.dspace_rad,VNFF_npp_d20140716_t1940087_e1945491_b14080_v21.csv,World_EEZ_v8_2014.shp,WPP_BFAR_merge.shp,KKP_IDN_merge_20161208.shp,VNF-VBD_npp_20120301-20151231_global_asia-enhanced_c201607211230.bitmask,NCEI_NGA.union.nga_lead2.add_2015ntl.mask,timezone.shp,VBD_platforms-recurring_2015_r20170330.shp,0.343184,VBD_bridges_c20160811.shp,19.107107;17.397036;14.693351;9.872889;5.028845;0.164623;-4.717433;-2.668029;-0.463942;4.408493;9.296770;14.195400,76.296768;90.732086;104.737396;103.313332;102.017212;100.838966;99.779457;86.144508;72.459229;73.563164;74.566231;75.490944,npp_d20140716_t1940087_e1945491_b14080,135.151,48.745,64.9769,-79.3896,25.2642,106.903
768,VBD_npp_d20140716_t1942153_x1006294E_y078855N_l1146_s3763_v23,2017-05-23 13:09:12,7.885493,100.629372,12.6278,2014-07-16 19:42:15,2014-07-17 02:42:15,1146,3763,0.223684,7,2465,0.36036,0.172952,0.828573,0.4,0.701688,0.75,0.0512067,0.0001,0.00590113,999999,-1.330582e-01,3,,,,SVDNB_npp_d20140716_t1940087_e1945491_b14080_c20140717014549591992_noaa_ops.h5,GDNBO_npp_d20140716_t1940087_e1945491_b14080_c20140717014549591757_noaa_ops.h5,SVI04_npp_d20140716_t1940087_e1945491_b14080_c20140717014549047847_noaa_ops.dspace_rad,VNFF_npp_d20140716_t1940087_e1945491_b14080_v21.csv,World_EEZ_v8_2014.shp,WPP_BFAR_merge.shp,KKP_IDN_merge_20161208.shp,VNF-VBD_npp_20120301-20151231_global_asia-enhanced_c201607211230.bitmask,NCEI_NGA.union.nga_lead2.add_2015ntl.mask,timezone.shp,VBD_platforms-recurring_2015_r20170330.shp,999999,VBD_bridges_c20160811.shp,19.107107;17.397036;14.693351;9.872889;5.028845;0.164623;-4.717433;-2.668029;-0.463942;4.408493;9.296770;14.195400,76.296768;90.732086;104.737396;103.313332;102.017212;100.838966;99.779457;86.144508;72.459229;73.563164;74.566231;75.490944,npp_d20140716_t1940087_e1945491_b14080,135.188,48.773,64.9762,-79.1623,25.2593,106.8
769,VBD_npp_d20140716_t1942207_x1005521E_y075997N_l1191_s3763_v23,2017-05-23 13:09:12,7.599671,100.552086,14.6416,2014-07-16 19:42:20,2014-07-17 02:42:20,1191,3763,0.172914,1,2529,0.391352,0.171036,0.861416,0.4,0.750912,0.75,0.0512135,0.0001,0.00592381,999999,-1.153450e-01,3,Thailand Exclusive Economic Zone,,,SVDNB_npp_d20140716_t1940087_e1945491_b14080_c20140717014549591992_noaa_ops.h5,GDNBO_npp_d20140716_t1940087_e1945491_b14080_c20140717014549591757_noaa_ops.h5,SVI04_npp_d20140716_t1940087_e1945491_b14080_c20140717014549047847_noaa_ops.dspace_rad,VNFF_npp_d20140716_t1940087_e1945491_b14080_v21.csv,World_EEZ_v8_2014.shp,WPP_BFAR_merge.shp,KKP_IDN_merge_20161208.shp,VNF-VBD_npp_20120301-20151231_global_asia-enhanced_c201607211230.bitmask,NCEI_NGA.union.nga_lead2.add_2015ntl.mask,timezone.shp,VBD_platforms-recurring_2015_r20170330.shp,999999,VBD_bridges_c20160811.shp,19.107107;17.397036;14.693351;9.872889;5.028845;0.164623;-4.717433;-2.668029;-0.463942;4.408493;9.296770;14.195400,76.296768;90.732086;104.737396;103.313332;102.017212;100.838966;99.779457;86.144508;72.459229;73.563164;74.566231;75.490944,npp_d20140716_t1940087_e1945491_b14080,135.418,48.9469,64.9736,-79.3295,25.2307,106.165
770,VBD_npp_d20140716_t1942224_x1005343E_y075381N_l1201_s3763_v23,2017-05-23 13:09:12,7.538061,100.534271,12.1359,2014-07-16 19:42:22,2014-07-17 02:42:22,1201,3763,0.268211,7,2465,0.306813,0.151403,0.904683,0.4,0.653506,0.75,0.0512256,0.0001,0.0059049,999999,6.625916e-02,3,,,,SVDNB_npp_d20140716_t1940087_e1945491_b14080_c20140717014549591992_noaa_ops.h5,GDNBO_npp_d20140716_t1940087_e1945491_b14080_c20140717014549591757_noaa_ops.h5,SVI04_npp_d20140716_t1940087_e1945491_b14080_c20140717014549047847_noaa_ops.dspace_rad,VNFF_npp_d20140716_t1940087_e1945491_b14080_v21.csv,World_EEZ_v8_2014.shp,WPP_BFAR_merge.shp,KKP_IDN_merge_20161208.shp,VNF-VBD_npp_20120301-20151231_global_asia-enhanced_c201607211230.bitmask,NCEI_NGA.union.nga_lead2.add_2015ntl.mask,timezone.shp,VBD_platforms-recurring_2015_r20170330.shp,999999,VBD_bridges_c20160811.shp,19.107107;17.397036;14.693351;9.872889;5.028845;0.164623;-4.717433;-2.668029;-0.463942;4.408493;9.296770;14.195400,76.296768;90.732086;104.737396;103.313332;102.017212;100.838966;99.779457;86.144508;72.459229;73.563164;74.566231;75.490944,npp_d20140716_t1940087_e1945491_b14080,135.466,48.9859,64.9768,-79.5504,25.2236,106.029
774,VBD_npp_d20140716_t1942153_x1006402E_y079042N_l1143_s3764_v23,2017-05-23 13:09:12,7.904158,100.640182,27.2006,2014-07-16 19:42:15,2014-07-17 02:42:15,1143,3764,0.203299,1,2529,0.628506,0.145441,0.828573,0.4,0.880491,0.75,0.05121,0.0001,0.0058664,999999,1.214050e-01,3,Thailand Exclusive Economic Zone,,,SVDNB_npp_d20140716_t1940087_e1945491_b14080_c20140717014549591992_noaa_ops.h5,GDNBO_npp_d20140716_t1940087_e1945491_b14080_c20140717014549591757_noaa_ops.h5,SVI04_npp_d20140716_t1940087_e1945491_b14080_c20140717014549047847_noaa_ops.dspace_rad,VNFF_npp_d20140716_t1940087_e1945491_b14080_v21.csv,World_EEZ_v8_2014.shp,WPP_BFAR_merge.shp,KKP_IDN_merge_20161208.shp,VNF-VBD_npp_20120301-20151231_global_asia-enhanced_c201607211230.bitmask,NCEI_NGA.union.nga_lead2.add_2015ntl.mask,timezone.shp,VBD_platforms-recurring_2015_r20170330.shp,999999,VBD_bridges_c20160811.shp,19.107107;17.397036;14.693351;9.872889;5.028845;0.164623;-4.717433;-2.668029;-0.463942;4.408493;9.296770;14.195400,76.296768;90.732086;104.737396;103.313332;102.017212;100.838966;99.779457;86.144508;72.459229;73.563164;74.566231;75.490944,npp_d20140716_t1940087_e1945491_b14080,135.168,48.7675,64.995,-79.2588,25.2544,106.846
775,VBD_npp_d20140716_t1942207_x1005538E_y075717N_l1195_s3764_v23,2017-05-23 13:09:12,7.571730,100.553810,12.4033,2014-07-16 19:42:20,2014-07-17 02:42:20,1195,3764,0.256941,1,2529,0.355685,0.163622,0.891868,0.4,0.755044,0.75,0.051222,0.0001,0.00592035,999999,-4.676519e-02,3,Thailand Exclusive Economic Zone,,,SVDNB_npp_d20140716_t1940087_e1945491_b14080_c20140717014549591992_noaa_ops.h5,GDNBO_npp_d20140716_t1940087_e1945491_b14080_c20140717014549591757_noaa_ops.h5,SVI04_npp_d20140716_t1940087_e1945491_b14080_c20140717014549047847_noaa_ops.dspace_rad,VNFF_npp_d20140716_t1940087_e1945491_b14080_v21.csv,World_EEZ_v8_2014.shp,WPP_BFAR_merge.shp,KKP_IDN_merge_20161208.shp,VNF-VBD_npp_20120301-20151231_global_asia-enhanced_c201607211230.bitmask,NCEI_NGA.union.nga_lead2.add_2015ntl.mask,timezone.shp,VBD_platforms-recurring_2015_r20170330.shp,999999,VBD_bridges_c20160811.shp,19.107107;17.397036;14.693351;9.872889;5.028845;0.164623;-4.717433;-2.668029;-0.463942;4.408493;9.296770;14.195400,76.296768;90.732086;104.737396;103.313332;102.017212;100.838966;99.779457;86.144508;72.459229;73.563164;74.566231;75.490944,npp_d20140716_t1940087_e1945491_b14080,135.435,48.9696,64.9919,-79.1987,25.2212,106.108
776,VBD_npp_d20140716_t1942207_x1005474E_y075384N_l1200_s3764_v23,2017-05-23 13:09:12,7.538420,100.547379,20.8599,2014-07-16 19:42:20,2014-07-17 02:42:20,1200,3764,0.262963,1,2529,0.488757,0.15819,0.904683,0.4,0.821143,0.75,0.0512281,0.0001,0.00594055,999999,3.479854e-03,3,Thailand Exclusive Economic Zone,,,SVDNB_npp_d20140716_t1940087_e1945491_b14080_c20140717014549591992_noaa_ops.h5,GDNBO_npp_d20140716_t1940087_e1945491_b14080_c20140717014549591757_noaa_ops.h5,SVI04_npp_d20140716_t1940087_e1945491_b14080_c20140717014549047847_noaa_ops.dspace_rad,VNFF_npp_d20140716_t1940087_e1945491_b14080_v21.csv,World_EEZ_v8_2014.shp,WPP_BFAR_merge.shp,KKP_IDN_merge_20161208.shp,VNF-VBD_npp_20120301-20151231_global_asia-enhanced_c201607211230.bitmask,NCEI_NGA.union.nga_lead2.add_2015ntl.mask,timezone.shp,VBD_platforms-recurring_2015_r20170330.shp,999999,VBD_bridges_c20160811.shp,19.107107;17.397036;14.693351;9.872889;5.028845;0.164623;-4.717433;-2.668029;-0.463942;4.408493;9.296770;14.195400,76.296768;90.732086;104.737396;103.313332;102.017212;100.838966;99.779457;86.144508;72.459229;73.563164;74.566231;75.490944,npp_d20140716_t1940087_e1945491_b14080,135.461,48.9901,64.992,-79.0363,25.218,106.034
777,VBD_npp_d20140716_t1942224_x1005347E_y075035N_l1206_s3764_v23,2017-05-23 13:09:12,7.503483,100.534668,9.5167,2014-07-16 19:42:22,2014-07-17 02:42:22,1206,3764,0.334559,1,2529,0.340987,0.169069,0.907162,0.4,0.777033,0.75,0.0512353,0.0001,0.00590641,999999,-9.714508e-02,3,Thailand Exclusive Economic Zone,,,SVDNB_npp_d20140716_t1940087_e1945491_b14080_c20140717014549591992_noaa_ops.h5,GDNBO_npp_d20140716_t1940087_e1945491_b14080_c20140717014549591757_noaa_ops.h5,SVI04_npp_d20140716_t1940087_e1945491_b14080_c20140717014549047847_noaa_ops.dspace_rad,VNFF_npp_d20140716_t1940087_e1945491_b14080_v21.csv,World_EEZ_v8_2014.shp,WPP_BFAR_merge.shp,KKP_IDN_merge_20161208.shp,VNF-VBD_npp_20120301-20151231_global_asia-enhanced_c201607211230.bitmask,NCEI_NGA.union.nga_lead2.add_2015ntl.mask,timezone.shp,VBD_platforms-recurring_2015_r20170330.shp,999999,VBD_bridges_c20160811.shp,19.107107;17.397036;14.693351;9.872889;5.028845;0.164623;-4.717433;-2.668029;-0.463942;4.408493;9.296770;14.195400,76.296768;90.732086;104.737396;103.313332;102.017212;100.838966;99.779457;86.144508;72.459229;73.563164;74.566231;75.490944,npp_d20140716_t1940087_e1945491_b14080,135.488,49.0127,64.9947,-79.3871,25.2136,105.957
778,VBD_npp_d20140716_t1944288_x0987685E_y002657N_l2340_s3764_v23,2017-05-23 13:09:12,0.265707,98.768456,6.8186,2014-07-16 19:44:28,2014-07-17 02:44:28,2340,3764,0.329256,2,2465,0.26617,0.159923,0.802561,0.4,0.524575,0.75,0.0511059,0.0001,0.00566574,999999,-1.254689e-02,3,Indonesian Exclusive Economic Zone,WPP572,,SVDNB_npp_d20140716_t1940087_e1945491_b14080_c20140717014549591992_noaa_ops.h5,GDNBO_npp_d20140716_t1940087_e1945491_b14080_c20140717014549591757_noaa_ops.h5,SVI04_npp_d20140716_t1940087_e1945491_b14080_c20140717014549047847_noaa_ops.dspace_rad,VNFF_npp_d20140716_t1940087_e1945491_b14080_v21.csv,World_EEZ_v8_2014.shp,WPP_BFAR_merge.shp,KKP_IDN_merge_20161208.shp,VNF-VBD_npp_20120301-20151231_global_asia-enhanced_c201607211230.bitmask,NCEI_NGA.union.nga_lead2.add_2015ntl.mask,timezone.shp,VBD_platforms-recurring_2015_r20170330.shp,999999,VBD_bridges_c20160811.shp,19.107107;17.397036;14.693351;9.872889;5.028845;0.164623;-4.717433;-2.668029;-0.463942;4.408493;9.296770;14.195400,76.296768;90.732086;104.737396;103.313332;102.017212;100.838966;99.779457;86.144508;72.459229;73.563164;74.566231;75.490944,npp_d20140716_t1940087_e1945491_b14080,140.953,54.4395,65.0049,-81.0589,25.46,89.9772
779,VBD_npp_d20140716_t1944377_x0986397E_y003264S_l2432_s3764_v23,2017-05-23 13:09:12,-0.326374,98.639717,18.9323,2014-07-16 19:44:37,2014-07-17 02:44:37,2432,3764,0.368093,1,2529,0.666734,0.156635,0.860896,0.4,0.926578,0.75,0.0510758,0.0001,0.00548743,999999,1.786647e-02,3,Indonesian Exclusive Economic Zone,WPP572,,SVDNB_npp_d20140716_t1940087_e1945491_b14080_c20140717014549591992_noaa_ops.h5,GDNBO_npp_d20140716_t1940087_e1945491_b14080_c20140717014549591757_noaa_ops.h5,SVI04_npp_d20140716_t1940087_e1945491_b14080_c20140717014549047847_noaa_ops.dspace_rad,VNFF_npp_d20140716_t1940087_e1945491_b14080_v21.csv,World_EEZ_v8_2014.shp,WPP_BFAR_merge.shp,KKP_IDN_merge_20161208.shp,VNF-VBD_npp_20120301-20151231_global_asia-enhanced_c201607211230.bitmask,NCEI_NGA.union.nga_lead2.add_2015ntl.mask,timezone.shp,VBD_platforms-recurring_2015_r20170330.shp,999999,VBD_bridges_c20160811.shp,19.107107;17.397036;14.693351;9.872889;5.028845;0.164623;-4.717433;-2.668029;-0.463942;4.408493;9.296770;14.195400,76.296768;90.732086;104.737396;103.313332;102.017212;100.838966;99.779457;86.144508;72.459229;73.563164;74.566231;75.490944,npp_d20140716_t1940087_e1945491_b14080,141.37,54.9739,65.0068,-80.7762,25.5613,88.7137
783,VBD_npp_d20140716_t1942224_x1005481E_y075355N_l1201_s3765_v23,2017-05-23 13:09:12,7.535507,100.548058,11.1584,2014-07-16 19:42:22,2014-07-17 02:42:22,1201,3765,0.28506,7,2465,0.365957,0.17292,0.904683,0.4,0.728463,0.75,0.051233,0.0001,0.00586399,999999,-1.327704e-01,3,,,,SVDNB_npp_d20140716_t1940087_e1945491_b14080_c20140717014549591992_noaa_ops.h5,GDNBO_npp_d20140716_t1940087_e1945491_b14080_c20140717014549591757_noaa_ops.h5,SVI04_npp_d20140716_t1940087_e1945491_b14080_c20140717014549047847_noaa_ops.dspace_rad,VNFF_npp_d20140716_t1940087_e1945491_b14080_v21.csv,World_EEZ_v8_2014.shp,WPP_BFAR_merge.shp,KKP_IDN_merge_20161208.shp,VNF-VBD_npp_20120301-20151231_global_asia-enhanced_c201607211230.bitmask,NCEI_NGA.union.nga_lead2.add_2015ntl.mask,timezone.shp,VBD_platforms-recurring_2015_r20170330.shp,999999,VBD_bridges_c20160811.shp,19.107107;17.397036;14.693351;9.872889;5.028845;0.164623;-4.717433;-2.668029;-0.463942;4.408493;9.296770;14.195400,76.296768;90.732086;104.737396;103.313332;102.017212;100.838966;99.779457;86.144508;72.459229;73.563164;74.566231;75.490944,npp_d20140716_t1940087_e1945491_b14080,135.457,48.9987,65.014,-79.5486,25.2096,106.034
784,VBD_npp_d20140716_t1944377_x0986530E_y002872S_l2426_s3765_v23,2017-05-23 13:09:12,-0.287236,98.653046,5.87238,2014-07-16 19:44:37,2014-07-17 02:44:37,2426,3765,0.369916,2,2465,0.272935,0.145271,0.845806,0.4,0.640739,0.75,0.0510848,0.0001,0.00551381,999999,1.229742e-01,3,Indonesian Exclusive Economic Zone,WPP572,,SVDNB_npp_d20140716_t1940087_e1945491_b14080_c20140717014549591992_noaa_ops.h5,GDNBO_npp_d20140716_t1940087_e1945491_b14080_c20140717014549591757_noaa_ops.h5,SVI04_npp_d20140716_t1940087_e1945491_b14080_c20140717014549047847_noaa_ops.dspace_rad,VNFF_npp_d20140716_t1940087_e1945491_b14080_v21.csv,World_EEZ_v8_2014.shp,WPP_BFAR_merge.shp,KKP_IDN_merge_20161208.shp,VNF-VBD_npp_20120301-20151231_global_asia-enhanced_c201607211230.bitmask,NCEI_NGA.union.nga_lead2.add_2015ntl.mask,timezone.shp,VBD_platforms-recurring_2015_r20170330.shp,999999,VBD_bridges_c20160811.shp,19.107107;17.397036;14.693351;9.872889;5.028845;0.164623;-4.717433;-2.668029;-0.463942;4.408493;9.296770;14.195400,76.296768;90.732086;104.737396;103.313332;102.017212;100.838966;99.779457;86.144508;72.459229;73.563164;74.566231;75.490944,npp_d20140716_t1940087_e1945491_b14080,141.336,54.9433,65.0255,-80.9721,25.5469,88.7964
785,VBD_npp_d20140716_t1944394_x0986399E_y003297S_l2433_s3765_v23,2017-05-23 13:09:12,-0.329715,98.639893,22.5965,2014-07-16 19:44:39,2014-07-17 02:44:39,2433,3765,0.364502,1,2529,0.762462,0.156202,0.860896,0.4,0.938111,0.75,0.0510786,0.0001,0.00556039,999999,2.186860e-02,3,Indonesian Exclusive Economic Zone,WPP572,,SVDNB_npp_d20140716_t1940087_e1945491_b14080_c20140717014549591992_noaa_ops.h5,GDNBO_npp_d20140716_t1940087_e1945491_b14080_c20140717014549591757_noaa_ops.h5,SVI04_npp_d20140716_t1940087_e1945491_b14080_c20140717014549047847_noaa_ops.dspace_rad,VNFF_npp_d20140716_t1940087_e1945491_b14080_v21.csv,World_EEZ_v8_2014.shp,WPP_BFAR_merge.shp,KKP_IDN_merge_20161208.shp,VNF-VBD_npp_20120301-20151231_global_asia-enhanced_c201607211230.bitmask,NCEI_NGA.union.nga_lead2.add_2015ntl.mask,timezone.shp,VBD_platforms-recurring_2015_r20170330.shp,999999,VBD_bridges_c20160811.shp,19.107107;17.397036;14.693351;9.872889;5.028845;0.164623;-4.717433;-2.668029;-0.463942;4.408493;9.296770;14.195400,76.296768;90.732086;104.737396;103.313332;102.017212;100.838966;99.779457;86.144508;72.459229;73.563164;74.566231;75.490944,npp_d20140716_t1940087_e1945491_b14080,141.365,54.9827,65.0275,-81.2852,25.554,88.706
789,VBD_npp_d20140716_t1942207_x1005637E_y075491N_l1198_s3766_v23,2017-05-23 13:09:12,7.549109,100.563728,39.7617,2014-07-16 19:42:20,2014-07-17 02:42:20,1198,3766,0.240312,1,2529,0.801796,0.172963,0.891868,0.4,0.921979,0.75,0.0512331,0.0001,0.00589147,999999,-1.331629e-01,3,Thailand Exclusive Economic Zone,,,SVDNB_npp_d20140716_t1940087_e1945491_b14080_c20140717014549591992_noaa_ops.h5,GDNBO_npp_d20140716_t1940087_e1945491_b14080_c20140717014549591757_noaa_ops.h5,SVI04_npp_d20140716_t1940087_e1945491_b14080_c20140717014549047847_noaa_ops.dspace_rad,VNFF_npp_d20140716_t1940087_e1945491_b14080_v21.csv,World_EEZ_v8_2014.shp,WPP_BFAR_merge.shp,KKP_IDN_merge_20161208.shp,VNF-VBD_npp_20120301-20151231_global_asia-enhanced_c201607211230.bitmask,NCEI_NGA.union.nga_lead2.add_2015ntl.mask,timezone.shp,VBD_platforms-recurring_2015_r20170330.shp,999999,VBD_bridges_c20160811.shp,19.107107;17.397036;14.693351;9.872889;5.028845;0.164623;-4.717433;-2.668029;-0.463942;4.408493;9.296770;14.195400,76.296768;90.732086;104.737396;103.313332;102.017212;100.838966;99.779457;86.144508;72.459229;73.563164;74.566231;75.490944,npp_d20140716_t1940087_e1945491_b14080,135.442,48.9949,65.0291,-79.0996,25.2052,106.068
790,VBD_npp_d20140716_t1942224_x1005524E_y075209N_l1203_s3766_v23,2017-05-23 13:09:12,7.520897,100.552353,27.615,2014-07-16 19:42:22,2014-07-17 02:42:22,1203,3766,0.334117,1,2529,0.711654,0.184965,0.907162,0.4,0.897183,0.75,0.0512391,0.0001,0.00585247,999999,-2.441804e-01,3,Thailand Exclusive Economic Zone,,,SVDNB_npp_d20140716_t1940087_e1945491_b14080_c20140717014549591992_noaa_ops.h5,GDNBO_npp_d20140716_t1940087_e1945491_b14080_c20140717014549591757_noaa_ops.h5,SVI04_npp_d20140716_t1940087_e1945491_b14080_c20140717014549047847_noaa_ops.dspace_rad,VNFF_npp_d20140716_t1940087_e1945491_b14080_v21.csv,World_EEZ_v8_2014.shp,WPP_BFAR_merge.shp,KKP_IDN_merge_20161208.shp,VNF-VBD_npp_20120301-20151231_global_asia-enhanced_c201607211230.bitmask,NCEI_NGA.union.nga_lead2.add_2015ntl.mask,timezone.shp,VBD_platforms-recurring_2015_r20170330.shp,999999,VBD_bridges_c20160811.shp,19.107107;17.397036;14.693351;9.872889;5.028845;0.164623;-4.717433;-2.668029;-0.463942;4.408493;9.296770;14.195400,76.296768;90.732086;104.737396;103.313332;102.017212;100.838966;99.779457;86.144508;72.459229;73.563164;74.566231;75.490944,npp_d20140716_t1940087_e1945491_b14080,135.464,49.0133,65.0323,-79.4827,25.2013,106.006
793,VBD_npp_d20140716_t1942207_x1005771E_y075811N_l1193_s3767_v23,2017-05-23 13:09:12,7.581139,100.577087,12.9233,2014-07-16 19:42:20,2014-07-17 02:42:20,1193,3767,0.278983,8,18913,0.443024,0.184488,0.872134,0.4,0.824631,0.75,0.0512308,0.0001,0.00585042,999999,-2.397664e-01,3,Thailand Exclusive Economic Zone,,,SVDNB_npp_d20140716_t1940087_e1945491_b14080_c20140717014549591992_noaa_ops.h5,GDNBO_npp_d20140716_t1940087_e1945491_b14080_c20140717014549591757_noaa_ops.h5,SVI04_npp_d20140716_t1940087_e1945491_b14080_c20140717014549047847_noaa_ops.dspace_rad,VNFF_npp_d20140716_t1940087_e1945491_b14080_v21.csv,World_EEZ_v8_2014.shp,WPP_BFAR_merge.shp,KKP_IDN_merge_20161208.shp,VNF-VBD_npp_20120301-20151231_global_asia-enhanced_c201607211230.bitmask,NCEI_NGA.union.nga_lead2.add_2015ntl.mask,timezone.shp,VBD_platforms-recurring_2015_r20170330.shp,0.72007,VBD_bridges_c20160811.shp,19.107107;17.397036;14.693351;9.872889;5.028845;0.164623;-4.717433;-2.668029;-0.463942;4.408493;9.296770;14.195400,76.296768;90.732086;104.737396;103.313332;102.017212;100.838966;99.779457;86.144508;72.459229;73.563164;74.566231;75.490944,npp_d20140716_t1940087_e1945491_b14080,135.411,48.9809,65.0479,-79.261,25.2013,106.145
795,VBD_npp_d20140716_t1942153_x1006665E_y078922N_l1144_s3768_v23,2017-05-23 13:09:12,7.892249,100.666527,19.6648,2014-07-16 19:42:15,2014-07-17 02:42:15,1144,3768,0.219706,8,18913,0.522333,0.148346,0.791537,0.4,0.81998,0.75,0.0512249,0.0001,0.00578977,999999,9.452880e-02,3,Thailand Exclusive Economic Zone,,,SVDNB_npp_d20140716_t1940087_e1945491_b14080_c20140717014549591992_noaa_ops.h5,GDNBO_npp_d20140716_t1940087_e1945491_b14080_c20140717014549591757_noaa_ops.h5,SVI04_npp_d20140716_t1940087_e1945491_b14080_c20140717014549047847_noaa_ops.dspace_rad,VNFF_npp_d20140716_t1940087_e1945491_b14080_v21.csv,World_EEZ_v8_2014.shp,WPP_BFAR_merge.shp,KKP_IDN_merge_20161208.shp,VNF-VBD_npp_20120301-20151231_global_asia-enhanced_c201607211230.bitmask,NCEI_NGA.union.nga_lead2.add_2015ntl.mask,timezone.shp,VBD_platforms-recurring_2015_r20170330.shp,0.44821,VBD_bridges_c20160811.shp,19.107107;17.397036;14.693351;9.872889;5.028845;0.164623;-4.717433;-2.668029;-0.463942;4.408493;9.296770;14.195400,76.296768;90.732086;104.737396;103.313332;102.017212;100.838966;99.779457;86.144508;72.459229;73.563164;74.566231;75.490944,npp_d20140716_t1940087_e1945491_b14080,135.156,48.7974,65.0694,-79.2226,25.2255,106.842
796,VBD_npp_d20140716_t1942207_x1005750E_y075331N_l1200_s3768_v23,2017-05-23 13:09:12,7.533113,100.574989,32.9188,2014-07-16 19:42:20,2014-07-17 02:42:20,1200,3768,0.304285,1,2529,0.717422,0.191799,0.903674,0.4,0.893553,0.75,0.0512428,0.0001,0.00585831,999999,-3.073869e-01,3,Thailand Exclusive Economic Zone,,,SVDNB_npp_d20140716_t1940087_e1945491_b14080_c20140717014549591992_noaa_ops.h5,GDNBO_npp_d20140716_t1940087_e1945491_b14080_c20140717014549591757_noaa_ops.h5,SVI04_npp_d20140716_t1940087_e1945491_b14080_c20140717014549047847_noaa_ops.dspace_rad,VNFF_npp_d20140716_t1940087_e1945491_b14080_v21.csv,World_EEZ_v8_2014.shp,WPP_BFAR_merge.shp,KKP_IDN_merge_20161208.shp,VNF-VBD_npp_20120301-20151231_global_asia-enhanced_c201607211230.bitmask,NCEI_NGA.union.nga_lead2.add_2015ntl.mask,timezone.shp,VBD_platforms-recurring_2015_r20170330.shp,999999,VBD_bridges_c20160811.shp,19.107107;17.397036;14.693351;9.872889;5.028845;0.164623;-4.717433;-2.668029;-0.463942;4.408493;9.296770;14.195400,76.296768;90.732086;104.737396;103.313332;102.017212;100.838966;99.779457;86.144508;72.459229;73.563164;74.566231;75.490944,npp_d20140716_t1940087_e1945491_b14080,135.444,49.016,65.0664,-79.0329,25.1898,106.043
797,VBD_npp_d20140716_t1942224_x1005649E_y075117N_l1204_s3768_v23,2017-05-23 13:09:12,7.511652,100.564880,10.979,2014-07-16 19:42:22,2014-07-17 02:42:22,1204,3768,0.330692,1,2529,0.361613,0.168384,0.909077,0.4,0.80229,0.75,0.0512477,0.0001,0.00581608,999999,-9.081117e-02,3,Thailand Exclusive Economic Zone,,,SVDNB_npp_d20140716_t1940087_e1945491_b14080_c20140717014549591992_noaa_ops.h5,GDNBO_npp_d20140716_t1940087_e1945491_b14080_c20140717014549591757_noaa_ops.h5,SVI04_npp_d20140716_t1940087_e1945491_b14080_c20140717014549047847_noaa_ops.dspace_rad,VNFF_npp_d20140716_t1940087_e1945491_b14080_v21.csv,World_EEZ_v8_2014.shp,WPP_BFAR_merge.shp,KKP_IDN_merge_20161208.shp,VNF-VBD_npp_20120301-20151231_global_asia-enhanced_c201607211230.bitmask,NCEI_NGA.union.nga_lead2.add_2015ntl.mask,timezone.shp,VBD_platforms-recurring_2015_r20170330.shp,999999,VBD_bridges_c20160811.shp,19.107107;17.397036;14.693351;9.872889;5.028845;0.164623;-4.717433;-2.668029;-0.463942;4.408493;9.296770;14.195400,76.296768;90.732086;104.737396;103.313332;102.017212;100.838966;99.779457;86.144508;72.459229;73.563164;74.566231;75.490944,npp_d20140716_t1940087_e1945491_b14080,135.46,49.0304,65.0694,-79.4484,25.1866,105.996
798,VBD_npp_d20140716_t1942224_x1005615E_y074569N_l1212_s3769_v23,2017-05-23 13:09:12,7.456949,100.561455,58.4829,2014-07-16 19:42:22,2014-07-17 02:42:22,1212,3769,0.33351,1,2529,1.04276,0.1488,0.906181,0.4,0.961712,0.75,0.0512609,0.0001,0.00582861,999999,9.033474e-02,3,Thailand Exclusive Economic Zone,,,SVDNB_npp_d20140716_t1940087_e1945491_b14080_c20140717014549591992_noaa_ops.h5,GDNBO_npp_d20140716_t1940087_e1945491_b14080_c20140717014549591757_noaa_ops.h5,SVI04_npp_d20140716_t1940087_e1945491_b14080_c20140717014549047847_noaa_ops.dspace_rad,VNFF_npp_d20140716_t1940087_e1945491_b14080_v21.csv,World_EEZ_v8_2014.shp,WPP_BFAR_merge.shp,KKP_IDN_merge_20161208.shp,VNF-VBD_npp_20120301-20151231_global_asia-enhanced_c201607211230.bitmask,NCEI_NGA.union.nga_lead2.add_2015ntl.mask,timezone.shp,VBD_platforms-recurring_2015_r20170330.shp,999999,VBD_bridges_c20160811.shp,19.107107;17.397036;14.693351;9.872889;5.028845;0.164623;-4.717433;-2.668029;-0.463942;4.408493;9.296770;14.195400,76.296768;90.732086;104.737396;103.313332;102.017212;100.838966;99.779457;86.144508;72.459229;73.563164;74.566231;75.490944,npp_d20140716_t1940087_e1945491_b14080,135.499,49.0697,65.0874,-79.188,25.1747,105.88
800,VBD_npp_d20140716_t1942171_x1006538E_y077874N_l1160_s3770_v23,2017-05-23 13:09:12,7.787426,100.653801,19.0733,2014-07-16 19:42:17,2014-07-17 02:42:17,1160,3770,0.183521,1,2529,0.486964,0.161158,0.726084,0.4,0.807943,0.75,0.0512342,0.0001,0.00576005,999999,-2.397285e-02,3,Thailand Exclusive Economic Zone,,,SVDNB_npp_d20140716_t1940087_e1945491_b14080_c20140717014549591992_noaa_ops.h5,GDNBO_npp_d20140716_t1940087_e1945491_b14080_c20140717014549591757_noaa_ops.h5,SVI04_npp_d20140716_t1940087_e1945491_b14080_c20140717014549047847_noaa_ops.dspace_rad,VNFF_npp_d20140716_t1940087_e1945491_b14080_v21.csv,World_EEZ_v8_2014.shp,WPP_BFAR_merge.shp,KKP_IDN_merge_20161208.shp,VNF-VBD_npp_20120301-20151231_global_asia-enhanced_c201607211230.bitmask,NCEI_NGA.union.nga_lead2.add_2015ntl.mask,timezone.shp,VBD_platforms-recurring_2015_r20170330.shp,999999,VBD_bridges_c20160811.shp,19.107107;17.397036;14.693351;9.872889;5.028845;0.164623;-4.717433;-2.668029;-0.463942;4.408493;9.296770;14.195400,76.296768;90.732086;104.737396;103.313332;102.017212;100.838966;99.779457;86.144508;72.459229;73.563164;74.566231;75.490944,npp_d20140716_t1940087_e1945491_b14080,135.229,48.8726,65.1073,-79.2431,25.2002,106.62
801,VBD_npp_d20140716_t1942224_x1005748E_y074890N_l1207_s3770_v23,2017-05-23 13:09:12,7.489029,100.574844,9.03645,2014-07-16 19:42:22,2014-07-17 02:42:22,1207,3770,0.34489,1,2529,0.349574,0.153097,0.909894,0.4,0.808178,0.75,0.0512585,0.0001,0.00578811,999999,5.058342e-02,3,Thailand Exclusive Economic Zone,,,SVDNB_npp_d20140716_t1940087_e1945491_b14080_c20140717014549591992_noaa_ops.h5,GDNBO_npp_d20140716_t1940087_e1945491_b14080_c20140717014549591757_noaa_ops.h5,SVI04_npp_d20140716_t1940087_e1945491_b14080_c20140717014549047847_noaa_ops.dspace_rad,VNFF_npp_d20140716_t1940087_e1945491_b14080_v21.csv,World_EEZ_v8_2014.shp,WPP_BFAR_merge.shp,KKP_IDN_merge_20161208.shp,VNF-VBD_npp_20120301-20151231_global_asia-enhanced_c201607211230.bitmask,NCEI_NGA.union.nga_lead2.add_2015ntl.mask,timezone.shp,VBD_platforms-recurring_2015_r20170330.shp,999999,VBD_bridges_c20160811.shp,19.107107;17.397036;14.693351;9.872889;5.028845;0.164623;-4.717433;-2.668029;-0.463942;4.408493;9.296770;14.195400,76.296768;90.732086;104.737396;103.313332;102.017212;100.838966;99.779457;86.144508;72.459229;73.563164;74.566231;75.490944,npp_d20140716_t1940087_e1945491_b14080,135.468,49.0556,65.1063,-79.3493,25.1706,105.956
802,VBD_npp_d20140716_t1942207_x1005971E_y075358N_l1199_s3771_v23,2017-05-23 13:09:12,7.535799,100.597061,8.98316,2014-07-16 19:42:20,2014-07-17 02:42:20,1199,3771,0.33467,7,2465,0.29411,0.202543,0.896328,0.4,0.685172,0.75,0.0512524,0.0001,0.00579316,999999,-4.067627e-01,3,,,,SVDNB_npp_d20140716_t1940087_e1945491_b14080_c20140717014549591992_noaa_ops.h5,GDNBO_npp_d20140716_t1940087_e1945491_b14080_c20140717014549591757_noaa_ops.h5,SVI04_npp_d20140716_t1940087_e1945491_b14080_c20140717014549047847_noaa_ops.dspace_rad,VNFF_npp_d20140716_t1940087_e1945491_b14080_v21.csv,World_EEZ_v8_2014.shp,WPP_BFAR_merge.shp,KKP_IDN_merge_20161208.shp,VNF-VBD_npp_20120301-20151231_global_asia-enhanced_c201607211230.bitmask,NCEI_NGA.union.nga_lead2.add_2015ntl.mask,timezone.shp,VBD_platforms-recurring_2015_r20170330.shp,999999,VBD_bridges_c20160811.shp,19.107107;17.397036;14.693351;9.872889;5.028845;0.164623;-4.717433;-2.668029;-0.463942;4.408493;9.296770;14.195400,76.296768;90.732086;104.737396;103.313332;102.017212;100.838966;99.779457;86.144508;72.459229;73.563164;74.566231;75.490944,npp_d20140716_t1940087_e1945491_b14080,135.426,49.0314,65.1224,-79.0628,25.1692,106.065
803,VBD_npp_d20140716_t1944252_x0988638E_y004558N_l2309_s3771_v23,2017-05-23 13:09:12,0.455751,98.863838,7.95559,2014-07-16 19:44:25,2014-07-17 02:44:25,2309,3771,0.339531,2,2465,0.287251,0.167503,0.566174,0.4,0.744883,0.75,0.0511187,0.0001,0.00554959,999999,-8.265813e-02,3,Indonesian Exclusive Economic Zone,WPP572,,SVDNB_npp_d20140716_t1940087_e1945491_b14080_c20140717014549591992_noaa_ops.h5,GDNBO_npp_d20140716_t1940087_e1945491_b14080_c20140717014549591757_noaa_ops.h5,SVI04_npp_d20140716_t1940087_e1945491_b14080_c20140717014549047847_noaa_ops.dspace_rad,VNFF_npp_d20140716_t1940087_e1945491_b14080_v21.csv,World_EEZ_v8_2014.shp,WPP_BFAR_merge.shp,KKP_IDN_merge_20161208.shp,VNF-VBD_npp_20120301-20151231_global_asia-enhanced_c201607211230.bitmask,NCEI_NGA.union.nga_lead2.add_2015ntl.mask,timezone.shp,VBD_platforms-recurring_2015_r20170330.shp,999999,VBD_bridges_c20160811.shp,19.107107;17.397036;14.693351;9.872889;5.028845;0.164623;-4.717433;-2.668029;-0.463942;4.408493;9.296770;14.195400,76.296768;90.732086;104.737396;103.313332;102.017212;100.838966;99.779457;86.144508;72.459229;73.563164;74.566231;75.490944,npp_d20140716_t1940087_e1945491_b14080,140.776,54.3078,65.1384,-80.9827,25.3782,90.3864
804,VBD_npp_d20140716_t1944377_x0987010E_y002535S_l2420_s3771_v23,2017-05-23 13:09:12,-0.253503,98.700996,65.4735,2014-07-16 19:44:37,2014-07-17 02:44:37,2420,3771,0.366712,1,2529,1.13415,0.169628,0.89355,0.4,0.956895,0.75,0.0511118,0.0001,0.00544153,999999,-1.023173e-01,3,Indonesian Exclusive Economic Zone,WPP572,,SVDNB_npp_d20140716_t1940087_e1945491_b14080_c20140717014549591992_noaa_ops.h5,GDNBO_npp_d20140716_t1940087_e1945491_b14080_c20140717014549591757_noaa_ops.h5,SVI04_npp_d20140716_t1940087_e1945491_b14080_c20140717014549047847_noaa_ops.dspace_rad,VNFF_npp_d20140716_t1940087_e1945491_b14080_v21.csv,World_EEZ_v8_2014.shp,WPP_BFAR_merge.shp,KKP_IDN_merge_20161208.shp,VNF-VBD_npp_20120301-20151231_global_asia-enhanced_c201607211230.bitmask,NCEI_NGA.union.nga_lead2.add_2015ntl.mask,timezone.shp,VBD_platforms-recurring_2015_r20170330.shp,999999,VBD_bridges_c20160811.shp,19.107107;17.397036;14.693351;9.872889;5.028845;0.164623;-4.717433;-2.668029;-0.463942;4.408493;9.296770;14.195400,76.296768;90.732086;104.737396;103.313332;102.017212;100.838966;99.779457;86.144508;72.459229;73.563164;74.566231;75.490944,npp_d20140716_t1940087_e1945491_b14080,141.278,54.943,65.1378,-81.168,25.4975,88.8661
806,VBD_npp_d20140716_t1942224_x1005848E_y074664N_l1210_s3772_v23,2017-05-23 13:09:12,7.466362,100.584846,34.9889,2014-07-16 19:42:22,2014-07-17 02:42:22,1210,3772,0.342791,1,35297,0.814638,0.159206,0.909588,0.4,0.933652,0.75,0.0512693,0.0001,0.00575969,999999,-5.917851e-03,3,Thailand Exclusive Economic Zone,,,SVDNB_npp_d20140716_t1940087_e1945491_b14080_c20140717014549591992_noaa_ops.h5,GDNBO_npp_d20140716_t1940087_e1945491_b14080_c20140717014549591757_noaa_ops.h5,SVI04_npp_d20140716_t1940087_e1945491_b14080_c20140717014549047847_noaa_ops.dspace_rad,VNFF_npp_d20140716_t1940087_e1945491_b14080_v21.csv,World_EEZ_v8_2014.shp,WPP_BFAR_merge.shp,KKP_IDN_merge_20161208.shp,VNF-VBD_npp_20120301-20151231_global_asia-enhanced_c201607211230.bitmask,NCEI_NGA.union.nga_lead2.add_2015ntl.mask,timezone.shp,VBD_platforms-recurring_2015_r20170330.shp,999999,VBD_bridges_c20160811.shp,19.107107;17.397036;14.693351;9.872889;5.028845;0.164623;-4.717433;-2.668029;-0.463942;4.408493;9.296770;14.195400,76.296768;90.732086;104.737396;103.313332;102.017212;100.838966;99.779457;86.144508;72.459229;73.563164;74.566231;75.490944,npp_d20140716_t1940087_e1945491_b14080,135.475,49.0809,65.1434,-79.2502,25.1546,105.916
807,VBD_npp_d20140716_t1942224_x1005797E_y074396N_l1214_s3772_v23,2017-05-23 13:09:12,7.439616,100.579689,33.895,2014-07-16 19:42:22,2014-07-17 02:42:22,1214,3772,0.315942,1,35297,0.807035,0.156118,0.915105,0.4,0.912862,0.75,0.0512741,0.0001,0.00577518,999999,2.264808e-02,3,Thailand Exclusive Economic Zone,,,SVDNB_npp_d20140716_t1940087_e1945491_b14080_c20140717014549591992_noaa_ops.h5,GDNBO_npp_d20140716_t1940087_e1945491_b14080_c20140717014549591757_noaa_ops.h5,SVI04_npp_d20140716_t1940087_e1945491_b14080_c20140717014549047847_noaa_ops.dspace_rad,VNFF_npp_d20140716_t1940087_e1945491_b14080_v21.csv,World_EEZ_v8_2014.shp,WPP_BFAR_merge.shp,KKP_IDN_merge_20161208.shp,VNF-VBD_npp_20120301-20151231_global_asia-enhanced_c201607211230.bitmask,NCEI_NGA.union.nga_lead2.add_2015ntl.mask,timezone.shp,VBD_platforms-recurring_2015_r20170330.shp,999999,VBD_bridges_c20160811.shp,19.107107;17.397036;14.693351;9.872889;5.028845;0.164623;-4.717433;-2.668029;-0.463942;4.408493;9.296770;14.195400,76.296768;90.732086;104.737396;103.313332;102.017212;100.838966;99.779457;86.144508;72.459229;73.563164;74.566231;75.490944,npp_d20140716_t1940087_e1945491_b14080,135.496,49.0974,65.1434,-79.1205,25.1522,105.857
808,VBD_npp_d20140716_t1942207_x1006187E_y075733N_l1193_s3773_v23,2017-05-23 13:09:12,7.573262,100.618713,23.6408,2014-07-16 19:42:20,2014-07-17 02:42:20,1193,3773,0.313787,8,18913,0.689139,0.137163,0.878855,0.4,0.914237,0.75,0.0512524,0.0001,0.00572848,999999,1.979709e-01,3,Thailand Exclusive Economic Zone,,,SVDNB_npp_d20140716_t1940087_e1945491_b14080_c20140717014549591992_noaa_ops.h5,GDNBO_npp_d20140716_t1940087_e1945491_b14080_c20140717014549591757_noaa_ops.h5,SVI04_npp_d20140716_t1940087_e1945491_b14080_c20140717014549047847_noaa_ops.dspace_rad,VNFF_npp_d20140716_t1940087_e1945491_b14080_v21.csv,World_EEZ_v8_2014.shp,WPP_BFAR_merge.shp,KKP_IDN_merge_20161208.shp,VNF-VBD_npp_20120301-20151231_global_asia-enhanced_c201607211230.bitmask,NCEI_NGA.union.nga_lead2.add_2015ntl.mask,timezone.shp,VBD_platforms-recurring_2015_r20170330.shp,0.35713,VBD_bridges_c20160811.shp,19.107107;17.397036;14.693351;9.872889;5.028845;0.164623;-4.717433;-2.668029;-0.463942;4.408493;9.296770;14.195400,76.296768;90.732086;104.737396;103.313332;102.017212;100.838966;99.779457;86.144508;72.459229;73.563164;74.566231;75.490944,npp_d20140716_t1940087_e1945491_b14080,135.385,49.0199,65.1598,-79.2556,25.1588,106.159
810,VBD_npp_d20140716_t1942135_x1007262E_y079457N_l1134_s3774_v23,2017-05-23 13:09:12,7.945689,100.726173,16.2346,2014-07-16 19:42:13,2014-07-17 02:42:13,1134,3774,0.196006,8,18913,0.448348,0.168745,0.70971,0.4,0.777374,0.75,0.0512452,0.0001,0.0056881,999999,-9.415100e-02,3,Thailand Exclusive Economic Zone,,,SVDNB_npp_d20140716_t1940087_e1945491_b14080_c20140717014549591992_noaa_ops.h5,GDNBO_npp_d20140716_t1940087_e1945491_b14080_c20140717014549591757_noaa_ops.h5,SVI04_npp_d20140716_t1940087_e1945491_b14080_c20140717014549047847_noaa_ops.dspace_rad,VNFF_npp_d20140716_t1940087_e1945491_b14080_v21.csv,World_EEZ_v8_2014.shp,WPP_BFAR_merge.shp,KKP_IDN_merge_20161208.shp,VNF-VBD_npp_20120301-20151231_global_asia-enhanced_c201607211230.bitmask,NCEI_NGA.union.nga_lead2.add_2015ntl.mask,timezone.shp,VBD_platforms-recurring_2015_r20170330.shp,0.33004,VBD_bridges_c20160811.shp,19.107107;17.397036;14.693351;9.872889;5.028845;0.164623;-4.717433;-2.668029;-0.463942;4.408493;9.296770;14.195400,76.296768;90.732086;104.737396;103.313332;102.017212;100.838966;99.779457;86.144508;72.459229;73.563164;74.566231;75.490944,npp_d20140716_t1940087_e1945491_b14080,135.082,48.7984,65.1788,-78.9961,25.1908,106.993
811,VBD_npp_d20140716_t1942189_x1006508E_y076537N_l1180_s3774_v23,2017-05-23 13:09:12,7.653715,100.650810,15.4223,2014-07-16 19:42:18,2014-07-17 02:42:18,1180,3774,0.302628,1,2529,0.504336,0.165683,0.787759,0.4,0.836736,0.75,0.0512513,0.0001,0.00570391,999999,-6.582594e-02,3,Thailand Exclusive Economic Zone,,,SVDNB_npp_d20140716_t1940087_e1945491_b14080_c20140717014549591992_noaa_ops.h5,GDNBO_npp_d20140716_t1940087_e1945491_b14080_c20140717014549591757_noaa_ops.h5,SVI04_npp_d20140716_t1940087_e1945491_b14080_c20140717014549047847_noaa_ops.dspace_rad,VNFF_npp_d20140716_t1940087_e1945491_b14080_v21.csv,World_EEZ_v8_2014.shp,WPP_BFAR_merge.shp,KKP_IDN_merge_20161208.shp,VNF-VBD_npp_20120301-20151231_global_asia-enhanced_c201607211230.bitmask,NCEI_NGA.union.nga_lead2.add_2015ntl.mask,timezone.shp,VBD_platforms-recurring_2015_r20170330.shp,999999,VBD_bridges_c20160811.shp,19.107107;17.397036;14.693351;9.872889;5.028845;0.164623;-4.717433;-2.668029;-0.463942;4.408493;9.296770;14.195400,76.296768;90.732086;104.737396;103.313332;102.017212;100.838966;99.779457;86.144508;72.459229;73.563164;74.566231;75.490944,npp_d20140716_t1940087_e1945491_b14080,135.314,48.9779,65.1845,-79.1353,25.1576,106.345
812,VBD_npp_d20140716_t1942224_x1006092E_y075172N_l1202_s3774_v23,2017-05-23 13:09:12,7.517248,100.609177,19.4242,2014-07-16 19:42:22,2014-07-17 02:42:22,1202,3774,0.343067,8,18913,0.599355,0.177524,0.896328,0.4,0.848147,0.75,0.0512669,0.0001,0.00568605,999999,-1.753561e-01,3,Thailand Exclusive Economic Zone,,,SVDNB_npp_d20140716_t1940087_e1945491_b14080_c20140717014549591992_noaa_ops.h5,GDNBO_npp_d20140716_t1940087_e1945491_b14080_c20140717014549591757_noaa_ops.h5,SVI04_npp_d20140716_t1940087_e1945491_b14080_c20140717014549047847_noaa_ops.dspace_rad,VNFF_npp_d20140716_t1940087_e1945491_b14080_v21.csv,World_EEZ_v8_2014.shp,WPP_BFAR_merge.shp,KKP_IDN_merge_20161208.shp,VNF-VBD_npp_20120301-20151231_global_asia-enhanced_c201607211230.bitmask,NCEI_NGA.union.nga_lead2.add_2015ntl.mask,timezone.shp,VBD_platforms-recurring_2015_r20170330.shp,0.40931,VBD_bridges_c20160811.shp,19.107107;17.397036;14.693351;9.872889;5.028845;0.164623;-4.717433;-2.668029;-0.463942;4.408493;9.296770;14.195400,76.296768;90.732086;104.737396;103.313332;102.017212;100.838966;99.779457;86.144508;72.459229;73.563164;74.566231;75.490944,npp_d20140716_t1940087_e1945491_b14080,135.423,49.0611,65.1816,-79.5077,25.1453,106.04
813,VBD_npp_d20140716_t1943194_x0997776E_y042214N_l1719_s3774_v23,2017-05-23 13:09:12,4.221417,99.777634,5.59439,2014-07-16 19:43:19,2014-07-17 02:43:19,1719,3774,0.314948,8,18849,0.202512,0.155836,0.537587,0.4,0.652251,0.75,0.0513436,0.0001,0.00582795,999999,2.524819e-02,3,Malaysian Exclusive Economic Zone,WPP571,,SVDNB_npp_d20140716_t1940087_e1945491_b14080_c20140717014549591992_noaa_ops.h5,GDNBO_npp_d20140716_t1940087_e1945491_b14080_c20140717014549591757_noaa_ops.h5,SVI04_npp_d20140716_t1940087_e1945491_b14080_c20140717014549047847_noaa_ops.dspace_rad,VNFF_npp_d20140716_t1940087_e1945491_b14080_v21.csv,World_EEZ_v8_2014.shp,WPP_BFAR_merge.shp,KKP_IDN_merge_20161208.shp,VNF-VBD_npp_20120301-20151231_global_asia-enhanced_c201607211230.bitmask,NCEI_NGA.union.nga_lead2.add_2015ntl.mask,timezone.shp,VBD_platforms-recurring_2015_r20170330.shp,0.493915,VBD_bridges_c20160811.shp,19.107107;17.397036;14.693351;9.872889;5.028845;0.164623;-4.717433;-2.668029;-0.463942;4.408493;9.296770;14.195400,76.296768;90.732086;104.737396;103.313332;102.017212;100.838966;99.779457;86.144508;72.459229;73.563164;74.566231;75.490944,npp_d20140716_t1940087_e1945491_b14080,137.989,51.2858,65.184,-80.0966,25.0227,98.674
815,VBD_npp_d20140716_t1942224_x1006083E_y074758N_l1208_s3775_v23,2017-05-23 13:09:12,7.475794,100.608337,8.24783,2014-07-16 19:42:22,2014-07-17 02:42:22,1208,3775,0.340691,7,18849,0.319068,0.161576,0.9016,0.4,0.747059,0.75,0.0512777,0.0001,0.00569105,999999,-2.783750e-02,3,,,,SVDNB_npp_d20140716_t1940087_e1945491_b14080_c20140717014549591992_noaa_ops.h5,GDNBO_npp_d20140716_t1940087_e1945491_b14080_c20140717014549591757_noaa_ops.h5,SVI04_npp_d20140716_t1940087_e1945491_b14080_c20140717014549047847_noaa_ops.dspace_rad,VNFF_npp_d20140716_t1940087_e1945491_b14080_v21.csv,World_EEZ_v8_2014.shp,WPP_BFAR_merge.shp,KKP_IDN_merge_20161208.shp,VNF-VBD_npp_20120301-20151231_global_asia-enhanced_c201607211230.bitmask,NCEI_NGA.union.nga_lead2.add_2015ntl.mask,timezone.shp,VBD_platforms-recurring_2015_r20170330.shp,0.551621,VBD_bridges_c20160811.shp,19.107107;17.397036;14.693351;9.872889;5.028845;0.164623;-4.717433;-2.668029;-0.463942;4.408493;9.296770;14.195400,76.296768;90.732086;104.737396;103.313332;102.017212;100.838966;99.779457;86.144508;72.459229;73.563164;74.566231;75.490944,npp_d20140716_t1940087_e1945491_b14080,135.451,49.0922,65.1996,-79.3124,25.1345,105.953
816,VBD_npp_d20140716_t1942224_x1006006E_y074356N_l1214_s3775_v23,2017-05-23 13:09:12,7.435627,100.600578,53.4222,2014-07-16 19:42:22,2014-07-17 02:42:22,1214,3775,0.31329,4,51685,0.873732,0.194163,0.91055,0.4,0.879186,0.75,0.0512849,0.0001,0.00571438,999999,-3.292543e-01,3,Thailand Exclusive Economic Zone,,,SVDNB_npp_d20140716_t1940087_e1945491_b14080_c20140717014549591992_noaa_ops.h5,GDNBO_npp_d20140716_t1940087_e1945491_b14080_c20140717014549591757_noaa_ops.h5,SVI04_npp_d20140716_t1940087_e1945491_b14080_c20140717014549047847_noaa_ops.dspace_rad,VNFF_npp_d20140716_t1940087_e1945491_b14080_v21.csv,World_EEZ_v8_2014.shp,WPP_BFAR_merge.shp,KKP_IDN_merge_20161208.shp,VNF-VBD_npp_20120301-20151231_global_asia-enhanced_c201607211230.bitmask,NCEI_NGA.union.nga_lead2.add_2015ntl.mask,timezone.shp,VBD_platforms-recurring_2015_r20170330.shp,0.470731,VBD_bridges_c20160811.shp,19.107107;17.397036;14.693351;9.872889;5.028845;0.164623;-4.717433;-2.668029;-0.463942;4.408493;9.296770;14.195400,76.296768;90.732086;104.737396;103.313332;102.017212;100.838966;99.779457;86.144508;72.459229;73.563164;74.566231;75.490944,npp_d20140716_t1940087_e1945491_b14080,135.483,49.117,65.1994,-79.1179,25.1308,105.863
817,VBD_npp_d20140716_t1942242_x1005885E_y074070N_l1219_s3775_v23,2017-05-23 13:09:12,7.407046,100.588493,35.1586,2014-07-16 19:42:24,2014-07-17 02:42:24,1219,3775,0.323842,1,2529,0.86066,0.159732,0.888609,0.4,0.94196,0.75,0.0512909,0.0001,0.00567999,999999,-1.078101e-02,3,Thailand Exclusive Economic Zone,,,SVDNB_npp_d20140716_t1940087_e1945491_b14080_c20140717014549591992_noaa_ops.h5,GDNBO_npp_d20140716_t1940087_e1945491_b14080_c20140717014549591757_noaa_ops.h5,SVI04_npp_d20140716_t1940087_e1945491_b14080_c20140717014549047847_noaa_ops.dspace_rad,VNFF_npp_d20140716_t1940087_e1945491_b14080_v21.csv,World_EEZ_v8_2014.shp,WPP_BFAR_merge.shp,KKP_IDN_merge_20161208.shp,VNF-VBD_npp_20120301-20151231_global_asia-enhanced_c201607211230.bitmask,NCEI_NGA.union.nga_lead2.add_2015ntl.mask,timezone.shp,VBD_platforms-recurring_2015_r20170330.shp,999999,VBD_bridges_c20160811.shp,19.107107;17.397036;14.693351;9.872889;5.028845;0.164623;-4.717433;-2.668029;-0.463942;4.408493;9.296770;14.195400,76.296768;90.732086;104.737396;103.313332;102.017212;100.838966;99.779457;86.144508;72.459229;73.563164;74.566231;75.490944,npp_d20140716_t1940087_e1945491_b14080,135.506,49.1353,65.2008,-79.4968,25.1277,105.8
818,VBD_npp_d20140716_t1942207_x1006370E_y075559N_l1195_s3776_v23,2017-05-23 13:09:12,7.555909,100.637032,30.0672,2014-07-16 19:42:20,2014-07-17 02:42:20,1195,3776,0.326825,1,2529,0.754824,0.164129,0.887414,0.4,0.895852,0.75,0.0512656,0.0001,0.00567619,999999,-5.145142e-02,3,Thailand Exclusive Economic Zone,,,SVDNB_npp_d20140716_t1940087_e1945491_b14080_c20140717014549591992_noaa_ops.h5,GDNBO_npp_d20140716_t1940087_e1945491_b14080_c20140717014549591757_noaa_ops.h5,SVI04_npp_d20140716_t1940087_e1945491_b14080_c20140717014549047847_noaa_ops.dspace_rad,VNFF_npp_d20140716_t1940087_e1945491_b14080_v21.csv,World_EEZ_v8_2014.shp,WPP_BFAR_merge.shp,KKP_IDN_merge_20161208.shp,VNF-VBD_npp_20120301-20151231_global_asia-enhanced_c201607211230.bitmask,NCEI_NGA.union.nga_lead2.add_2015ntl.mask,timezone.shp,VBD_platforms-recurring_2015_r20170330.shp,999999,VBD_bridges_c20160811.shp,19.107107;17.397036;14.693351;9.872889;5.028845;0.164623;-4.717433;-2.668029;-0.463942;4.408493;9.296770;14.195400,76.296768;90.732086;104.737396;103.313332;102.017212;100.838966;99.779457;86.144508;72.459229;73.563164;74.566231;75.490944,npp_d20140716_t1940087_e1945491_b14080,135.383,49.0476,65.2157,-79.1881,25.1362,106.136
819,VBD_npp_d20140716_t1942189_x1006728E_y076565N_l1179_s3777_v23,2017-05-23 13:09:12,7.656457,100.672821,23.6286,2014-07-16 19:42:18,2014-07-17 02:42:18,1179,3777,0.273404,1,2529,0.646107,0.154016,0.822598,0.4,0.867501,0.75,0.051262,0.0001,0.00564015,999999,4.208667e-02,3,Thailand Exclusive Economic Zone,,,SVDNB_npp_d20140716_t1940087_e1945491_b14080_c20140717014549591992_noaa_ops.h5,GDNBO_npp_d20140716_t1940087_e1945491_b14080_c20140717014549591757_noaa_ops.h5,SVI04_npp_d20140716_t1940087_e1945491_b14080_c20140717014549047847_noaa_ops.dspace_rad,VNFF_npp_d20140716_t1940087_e1945491_b14080_v21.csv,World_EEZ_v8_2014.shp,WPP_BFAR_merge.shp,KKP_IDN_merge_20161208.shp,VNF-VBD_npp_20120301-20151231_global_asia-enhanced_c201607211230.bitmask,NCEI_NGA.union.nga_lead2.add_2015ntl.mask,timezone.shp,VBD_platforms-recurring_2015_r20170330.shp,999999,VBD_bridges_c20160811.shp,19.107107;17.397036;14.693351;9.872889;5.028845;0.164623;-4.717433;-2.668029;-0.463942;4.408493;9.296770;14.195400,76.296768;90.732086;104.737396;103.313332;102.017212;100.838966;99.779457;86.144508;72.459229;73.563164;74.566231;75.490944,npp_d20140716_t1940087_e1945491_b14080,135.296,48.9932,65.24,-79.165,25.1371,106.367
820,VBD_npp_d20140716_t1942224_x1006482E_y075030N_l1203_s3780_v23,2017-05-23 13:09:12,7.503040,100.648216,31.3811,2014-07-16 19:42:22,2014-07-17 02:42:22,1203,3780,0.352348,1,2529,0.764648,0.137437,0.88948,0.4,0.906785,0.75,0.0512897,0.0001,0.005575,999999,1.954354e-01,3,Thailand Exclusive Economic Zone,,,SVDNB_npp_d20140716_t1940087_e1945491_b14080_c20140717014549591992_noaa_ops.h5,GDNBO_npp_d20140716_t1940087_e1945491_b14080_c20140717014549591757_noaa_ops.h5,SVI04_npp_d20140716_t1940087_e1945491_b14080_c20140717014549047847_noaa_ops.dspace_rad,VNFF_npp_d20140716_t1940087_e1945491_b14080_v21.csv,World_EEZ_v8_2014.shp,WPP_BFAR_merge.shp,KKP_IDN_merge_20161208.shp,VNF-VBD_npp_20120301-20151231_global_asia-enhanced_c201607211230.bitmask,NCEI_NGA.union.nga_lead2.add_2015ntl.mask,timezone.shp,VBD_platforms-recurring_2015_r20170330.shp,999999,VBD_bridges_c20160811.shp,19.107107;17.397036;14.693351;9.872889;5.028845;0.164623;-4.717433;-2.668029;-0.463942;4.408493;9.296770;14.195400,76.296768;90.732086;104.737396;103.313332;102.017212;100.838966;99.779457;86.144508;72.459229;73.563164;74.566231;75.490944,npp_d20140716_t1940087_e1945491_b14080,135.403,49.1028,65.2893,-79.47,25.1035,106.039
821,VBD_npp_d20140716_t1942135_x1007888E_y079823N_l1127_s3782_v23,2017-05-23 13:09:12,7.982350,100.788780,11.1134,2014-07-16 19:42:13,2014-07-17 02:42:13,1127,3782,0.211309,8,18913,0.343206,0.182152,0.760924,0.4,0.762142,0.75,0.0512731,0.0001,0.00550403,999999,-2.181629e-01,3,Thailand Exclusive Economic Zone,,,SVDNB_npp_d20140716_t1940087_e1945491_b14080_c20140717014549591992_noaa_ops.h5,GDNBO_npp_d20140716_t1940087_e1945491_b14080_c20140717014549591757_noaa_ops.h5,SVI04_npp_d20140716_t1940087_e1945491_b14080_c20140717014549047847_noaa_ops.dspace_rad,VNFF_npp_d20140716_t1940087_e1945491_b14080_v21.csv,World_EEZ_v8_2014.shp,WPP_BFAR_merge.shp,KKP_IDN_merge_20161208.shp,VNF-VBD_npp_20120301-20151231_global_asia-enhanced_c201607211230.bitmask,NCEI_NGA.union.nga_lead2.add_2015ntl.mask,timezone.shp,VBD_platforms-recurring_2015_r20170330.shp,0.178385,VBD_bridges_c20160811.shp,19.107107;17.397036;14.693351;9.872889;5.028845;0.164623;-4.717433;-2.668029;-0.463942;4.408493;9.296770;14.195400,76.296768;90.732086;104.737396;103.313332;102.017212;100.838966;99.779457;86.144508;72.459229;73.563164;74.566231;75.490944,npp_d20140716_t1940087_e1945491_b14080,135.011,48.8204,65.3218,-79.2156,25.1415,107.117
822,VBD_npp_d20140716_t1942224_x1006470E_y074267N_l1214_s3782_v23,2017-05-23 13:09:12,7.426749,100.647018,40.1541,2014-07-16 19:42:22,2014-07-17 02:42:22,1214,3782,0.33478,1,2529,0.898155,0.162812,0.895246,0.4,0.94593,0.75,0.0513101,0.0001,0.00558118,999999,-3.927380e-02,3,Thailand Exclusive Economic Zone,,,SVDNB_npp_d20140716_t1940087_e1945491_b14080_c20140717014549591992_noaa_ops.h5,GDNBO_npp_d20140716_t1940087_e1945491_b14080_c20140717014549591757_noaa_ops.h5,SVI04_npp_d20140716_t1940087_e1945491_b14080_c20140717014549047847_noaa_ops.dspace_rad,VNFF_npp_d20140716_t1940087_e1945491_b14080_v21.csv,World_EEZ_v8_2014.shp,WPP_BFAR_merge.shp,KKP_IDN_merge_20161208.shp,VNF-VBD_npp_20120301-20151231_global_asia-enhanced_c201607211230.bitmask,NCEI_NGA.union.nga_lead2.add_2015ntl.mask,timezone.shp,VBD_platforms-recurring_2015_r20170330.shp,999999,VBD_bridges_c20160811.shp,19.107107;17.397036;14.693351;9.872889;5.028845;0.164623;-4.717433;-2.668029;-0.463942;4.408493;9.296770;14.195400,76.296768;90.732086;104.737396;103.313332;102.017212;100.838966;99.779457;86.144508;72.459229;73.563164;74.566231;75.490944,npp_d20140716_t1940087_e1945491_b14080,135.454,49.1604,65.3236,-79.1122,25.0834,105.878
823,VBD_npp_d20140716_t1942242_x1006232E_y073380N_l1228_s3782_v23,2017-05-23 13:09:12,7.337984,100.623238,16.1941,2014-07-16 19:42:24,2014-07-17 02:42:24,1228,3782,0.324173,8,18913,0.555096,0.133431,0.821172,0.4,0.884928,0.75,0.0513269,0.0001,0.00558205,999999,2.324867e-01,3,Thailand Exclusive Economic Zone,,,SVDNB_npp_d20140716_t1940087_e1945491_b14080_c20140717014549591992_noaa_ops.h5,GDNBO_npp_d20140716_t1940087_e1945491_b14080_c20140717014549591757_noaa_ops.h5,SVI04_npp_d20140716_t1940087_e1945491_b14080_c20140717014549047847_noaa_ops.dspace_rad,VNFF_npp_d20140716_t1940087_e1945491_b14080_v21.csv,World_EEZ_v8_2014.shp,WPP_BFAR_merge.shp,KKP_IDN_merge_20161208.shp,VNF-VBD_npp_20120301-20151231_global_asia-enhanced_c201607211230.bitmask,NCEI_NGA.union.nga_lead2.add_2015ntl.mask,timezone.shp,VBD_platforms-recurring_2015_r20170330.shp,0.656107,VBD_bridges_c20160811.shp,19.107107;17.397036;14.693351;9.872889;5.028845;0.164623;-4.717433;-2.668029;-0.463942;4.408493;9.296770;14.195400,76.296768;90.732086;104.737396;103.313332;102.017212;100.838966;99.779457;86.144508;72.459229;73.563164;74.566231;75.490944,npp_d20140716_t1940087_e1945491_b14080,135.525,49.2159,65.3242,-79.1993,25.0749,105.68
824,VBD_npp_d20140716_t1942135_x1007875E_y079408N_l1133_s3783_v23,2017-05-23 13:09:12,7.940822,100.787453,15.2661,2014-07-16 19:42:13,2014-07-17 02:42:13,1133,3783,0.255063,2,2465,0.489954,0.147626,0.740567,0.4,0.723631,0.75,0.0512775,0.0001,0.005513,999999,1.011889e-01,3,Thailand Exclusive Economic Zone,,,SVDNB_npp_d20140716_t1940087_e1945491_b14080_c20140717014549591992_noaa_ops.h5,GDNBO_npp_d20140716_t1940087_e1945491_b14080_c20140717014549591757_noaa_ops.h5,SVI04_npp_d20140716_t1940087_e1945491_b14080_c20140717014549047847_noaa_ops.dspace_rad,VNFF_npp_d20140716_t1940087_e1945491_b14080_v21.csv,World_EEZ_v8_2014.shp,WPP_BFAR_merge.shp,KKP_IDN_merge_20161208.shp,VNF-VBD_npp_20120301-20151231_global_asia-enhanced_c201607211230.bitmask,NCEI_NGA.union.nga_lead2.add_2015ntl.mask,timezone.shp,VBD_platforms-recurring_2015_r20170330.shp,999999,VBD_bridges_c20160811.shp,19.107107;17.397036;14.693351;9.872889;5.028845;0.164623;-4.717433;-2.668029;-0.463942;4.408493;9.296770;14.195400,76.296768;90.732086;104.737396;103.313332;102.017212;100.838966;99.779457;86.144508;72.459229;73.563164;74.566231;75.490944,npp_d20140716_t1940087_e1945491_b14080,135.04,48.8506,65.339,-79.0205,25.1304,107.03
825,VBD_npp_d20140716_t1944483_x0986366E_y009277S_l2523_s3783_v23,2017-05-23 13:09:12,-0.927676,98.636581,16.0177,2014-07-16 19:44:48,2014-07-17 02:44:48,2523,3783,0.287049,1,2529,0.517779,0.182149,0.680654,0.4,0.862238,0.75,0.0510604,0.0001,0.0050569,999999,-2.181308e-01,3,Indonesian Exclusive Economic Zone,WPP572,,SVDNB_npp_d20140716_t1940087_e1945491_b14080_c20140717014549591992_noaa_ops.h5,GDNBO_npp_d20140716_t1940087_e1945491_b14080_c20140717014549591757_noaa_ops.h5,SVI04_npp_d20140716_t1940087_e1945491_b14080_c20140717014549047847_noaa_ops.dspace_rad,VNFF_npp_d20140716_t1940087_e1945491_b14080_v21.csv,World_EEZ_v8_2014.shp,WPP_BFAR_merge.shp,KKP_IDN_merge_20161208.shp,VNF-VBD_npp_20120301-20151231_global_asia-enhanced_c201607211230.bitmask,NCEI_NGA.union.nga_lead2.add_2015ntl.mask,timezone.shp,VBD_platforms-recurring_2015_r20170330.shp,999999,VBD_bridges_c20160811.shp,19.107107;17.397036;14.693351;9.872889;5.028845;0.164623;-4.717433;-2.668029;-0.463942;4.408493;9.296770;14.195400,76.296768;90.732086;104.737396;103.313332;102.017212;100.838966;99.779457;86.144508;72.459229;73.563164;74.566231;75.490944,npp_d20140716_t1940087_e1945491_b14080,141.678,55.625,65.3567,-81.0702,25.5415,87.4276
827,VBD_npp_d20140716_t1942224_x1006824E_y075036N_l1202_s3785_v23,2017-05-23 13:09:12,7.503639,100.682381,37.5224,2014-07-16 19:42:22,2014-07-17 02:42:22,1202,3785,0.350194,1,2529,0.783771,0.154238,0.902042,0.4,0.876585,0.75,0.0513065,0.0001,0.00547844,999999,4.003350e-02,3,Thailand Exclusive Economic Zone,,,SVDNB_npp_d20140716_t1940087_e1945491_b14080_c20140717014549591992_noaa_ops.h5,GDNBO_npp_d20140716_t1940087_e1945491_b14080_c20140717014549591757_noaa_ops.h5,SVI04_npp_d20140716_t1940087_e1945491_b14080_c20140717014549047847_noaa_ops.dspace_rad,VNFF_npp_d20140716_t1940087_e1945491_b14080_v21.csv,World_EEZ_v8_2014.shp,WPP_BFAR_merge.shp,KKP_IDN_merge_20161208.shp,VNF-VBD_npp_20120301-20151231_global_asia-enhanced_c201607211230.bitmask,NCEI_NGA.union.nga_lead2.add_2015ntl.mask,timezone.shp,VBD_platforms-recurring_2015_r20170330.shp,999999,VBD_bridges_c20160811.shp,19.107107;17.397036;14.693351;9.872889;5.028845;0.164623;-4.717433;-2.668029;-0.463942;4.408493;9.296770;14.195400,76.296768;90.732086;104.737396;103.313332;102.017212;100.838966;99.779457;86.144508;72.459229;73.563164;74.566231;75.490944,npp_d20140716_t1940087_e1945491_b14080,135.377,49.1293,65.377,-79.498,25.0706,106.065
828,VBD_npp_d20140716_t1944217_x0989992E_y006184N_l2281_s3785_v23,2017-05-23 13:09:12,0.618414,98.999237,14.7482,2014-07-16 19:44:21,2014-07-17 02:44:21,2281,3785,0.351409,1,2529,0.490435,0.150166,0.752986,0.4,0.808063,0.75,0.0511577,0.0001,0.00529799,999999,7.769586e-02,3,Indonesian Exclusive Economic Zone,WPP572,,SVDNB_npp_d20140716_t1940087_e1945491_b14080_c20140717014549591992_noaa_ops.h5,GDNBO_npp_d20140716_t1940087_e1945491_b14080_c20140717014549591757_noaa_ops.h5,SVI04_npp_d20140716_t1940087_e1945491_b14080_c20140717014549047847_noaa_ops.dspace_rad,VNFF_npp_d20140716_t1940087_e1945491_b14080_v21.csv,World_EEZ_v8_2014.shp,WPP_BFAR_merge.shp,KKP_IDN_merge_20161208.shp,VNF-VBD_npp_20120301-20151231_global_asia-enhanced_c201607211230.bitmask,NCEI_NGA.union.nga_lead2.add_2015ntl.mask,timezone.shp,VBD_platforms-recurring_2015_r20170330.shp,999999,VBD_bridges_c20160811.shp,19.107107;17.397036;14.693351;9.872889;5.028845;0.164623;-4.717433;-2.668029;-0.463942;4.408493;9.296770;14.195400,76.296768;90.732086;104.737396;103.313332;102.017212;100.838966;99.779457;86.144508;72.459229;73.563164;74.566231;75.490944,npp_d20140716_t1940087_e1945491_b14080,140.584,54.2337,65.3866,-80.8082,25.2568,90.741
829,VBD_npp_d20140716_t1944217_x0989937E_y005846N_l2286_s3785_v23,2017-05-23 13:09:12,0.584607,98.993698,12.1666,2014-07-16 19:44:21,2014-07-17 02:44:21,2286,3785,0.359419,1,2529,0.457813,0.203302,0.748358,0.4,0.848338,0.75,0.0511597,0.0001,0.00526788,999999,-4.137834e-01,3,Indonesian Exclusive Economic Zone,WPP572,,SVDNB_npp_d20140716_t1940087_e1945491_b14080_c20140717014549591992_noaa_ops.h5,GDNBO_npp_d20140716_t1940087_e1945491_b14080_c20140717014549591757_noaa_ops.h5,SVI04_npp_d20140716_t1940087_e1945491_b14080_c20140717014549047847_noaa_ops.dspace_rad,VNFF_npp_d20140716_t1940087_e1945491_b14080_v21.csv,World_EEZ_v8_2014.shp,WPP_BFAR_merge.shp,KKP_IDN_merge_20161208.shp,VNF-VBD_npp_20120301-20151231_global_asia-enhanced_c201607211230.bitmask,NCEI_NGA.union.nga_lead2.add_2015ntl.mask,timezone.shp,VBD_platforms-recurring_2015_r20170330.shp,999999,VBD_bridges_c20160811.shp,19.107107;17.397036;14.693351;9.872889;5.028845;0.164623;-4.717433;-2.668029;-0.463942;4.408493;9.296770;14.195400,76.296768;90.732086;104.737396;103.313332;102.017212;100.838966;99.779457;86.144508;72.459229;73.563164;74.566231;75.490944,npp_d20140716_t1940087_e1945491_b14080,140.608,54.2631,65.3865,-80.6457,25.262,90.6678
830,VBD_npp_d20140716_t1942242_x1006495E_y073330N_l1228_s3786_v23,2017-05-23 13:09:12,7.332990,100.649521,19.6274,2014-07-16 19:42:24,2014-07-17 02:42:24,1228,3786,0.309644,1,2529,0.624392,0.169709,0.84113,0.4,0.894707,0.75,0.0513412,0.0001,0.00550786,999999,-1.030706e-01,3,Thailand Exclusive Economic Zone,,,SVDNB_npp_d20140716_t1940087_e1945491_b14080_c20140717014549591992_noaa_ops.h5,GDNBO_npp_d20140716_t1940087_e1945491_b14080_c20140717014549591757_noaa_ops.h5,SVI04_npp_d20140716_t1940087_e1945491_b14080_c20140717014549047847_noaa_ops.dspace_rad,VNFF_npp_d20140716_t1940087_e1945491_b14080_v21.csv,World_EEZ_v8_2014.shp,WPP_BFAR_merge.shp,KKP_IDN_merge_20161208.shp,VNF-VBD_npp_20120301-20151231_global_asia-enhanced_c201607211230.bitmask,NCEI_NGA.union.nga_lead2.add_2015ntl.mask,timezone.shp,VBD_platforms-recurring_2015_r20170330.shp,999999,VBD_bridges_c20160811.shp,19.107107;17.397036;14.693351;9.872889;5.028845;0.164623;-4.717433;-2.668029;-0.463942;4.408493;9.296770;14.195400,76.296768;90.732086;104.737396;103.313332;102.017212;100.838966;99.779457;86.144508;72.459229;73.563164;74.566231;75.490944,npp_d20140716_t1940087_e1945491_b14080,135.508,49.2404,65.3942,-79.1961,25.0481,105.688
831,VBD_npp_d20140716_t1942260_x1006368E_y072988N_l1234_s3786_v23,2017-05-23 13:09:12,7.298780,100.636826,7.11163,2014-07-16 19:42:26,2014-07-17 02:42:26,1234,3786,0.303346,2,2465,0.253824,0.178009,0.799649,0.4,0.72752,0.75,0.0513484,0.0001,0.00547725,999999,-1.798387e-01,3,Thailand Exclusive Economic Zone,,,SVDNB_npp_d20140716_t1940087_e1945491_b14080_c20140717014549591992_noaa_ops.h5,GDNBO_npp_d20140716_t1940087_e1945491_b14080_c20140717014549591757_noaa_ops.h5,SVI04_npp_d20140716_t1940087_e1945491_b14080_c20140717014549047847_noaa_ops.dspace_rad,VNFF_npp_d20140716_t1940087_e1945491_b14080_v21.csv,World_EEZ_v8_2014.shp,WPP_BFAR_merge.shp,KKP_IDN_merge_20161208.shp,VNF-VBD_npp_20120301-20151231_global_asia-enhanced_c201607211230.bitmask,NCEI_NGA.union.nga_lead2.add_2015ntl.mask,timezone.shp,VBD_platforms-recurring_2015_r20170330.shp,999999,VBD_bridges_c20160811.shp,19.107107;17.397036;14.693351;9.872889;5.028845;0.164623;-4.717433;-2.668029;-0.463942;4.408493;9.296770;14.195400,76.296768;90.732086;104.737396;103.313332;102.017212;100.838966;99.779457;86.144508;72.459229;73.563164;74.566231;75.490944,npp_d20140716_t1940087_e1945491_b14080,135.534,49.2626,65.397,-79.5459,25.0441,105.612
832,VBD_npp_d20140716_t1942207_x1007080E_y075354N_l1196_s3787_v23,2017-05-23 13:09:12,7.535421,100.708046,212.897,2014-07-16 19:42:20,2014-07-17 02:42:20,1196,3787,0.354724,4,35301,1.51054,0.135828,0.899857,0.4,0.984484,0.75,0.0513065,0.0001,0.0054751,999999,2.103198e-01,3,Thailand Exclusive Economic Zone,,,SVDNB_npp_d20140716_t1940087_e1945491_b14080_c20140717014549591992_noaa_ops.h5,GDNBO_npp_d20140716_t1940087_e1945491_b14080_c20140717014549591757_noaa_ops.h5,SVI04_npp_d20140716_t1940087_e1945491_b14080_c20140717014549047847_noaa_ops.dspace_rad,VNFF_npp_d20140716_t1940087_e1945491_b14080_v21.csv,World_EEZ_v8_2014.shp,WPP_BFAR_merge.shp,KKP_IDN_merge_20161208.shp,VNF-VBD_npp_20120301-20151231_global_asia-enhanced_c201607211230.bitmask,NCEI_NGA.union.nga_lead2.add_2015ntl.mask,timezone.shp,VBD_platforms-recurring_2015_r20170330.shp,999999,VBD_bridges_c20160811.shp,19.107107;17.397036;14.693351;9.872889;5.028845;0.164623;-4.717433;-2.668029;-0.463942;4.408493;9.296770;14.195400,76.296768;90.732086;104.737396;103.313332;102.017212;100.838966;99.779457;86.144508;72.459229;73.563164;74.566231;75.490944,npp_d20140716_t1940087_e1945491_b14080,135.343,49.1193,65.4086,-79.1465,25.0617,106.145
833,VBD_npp_d20140716_t1942242_x1006758E_y073978N_l1218_s3788_v23,2017-05-23 13:09:12,7.397787,100.675758,13.2454,2014-07-16 19:42:24,2014-07-17 02:42:24,1218,3788,0.318925,8,18913,0.489142,0.186319,0.830045,0.4,0.86749,0.75,0.0513364,0.0001,0.00543307,999999,-2.567029e-01,3,Thailand Exclusive Economic Zone,,,SVDNB_npp_d20140716_t1940087_e1945491_b14080_c20140717014549591992_noaa_ops.h5,GDNBO_npp_d20140716_t1940087_e1945491_b14080_c20140717014549591757_noaa_ops.h5,SVI04_npp_d20140716_t1940087_e1945491_b14080_c20140717014549047847_noaa_ops.dspace_rad,VNFF_npp_d20140716_t1940087_e1945491_b14080_v21.csv,World_EEZ_v8_2014.shp,WPP_BFAR_merge.shp,KKP_IDN_merge_20161208.shp,VNF-VBD_npp_20120301-20151231_global_asia-enhanced_c201607211230.bitmask,NCEI_NGA.union.nga_lead2.add_2015ntl.mask,timezone.shp,VBD_platforms-recurring_2015_r20170330.shp,0.259896,VBD_bridges_c20160811.shp,19.107107;17.397036;14.693351;9.872889;5.028845;0.164623;-4.717433;-2.668029;-0.463942;4.408493;9.296770;14.195400,76.296768;90.732086;104.737396;103.313332;102.017212;100.838966;99.779457;86.144508;72.459229;73.563164;74.566231;75.490944,npp_d20140716_t1940087_e1945491_b14080,135.446,49.2111,65.4301,-79.5179,25.0405,105.843
834,VBD_npp_d20140716_t1944217_x0990190E_y006152N_l2281_s3788_v23,2017-05-23 13:09:12,0.615203,99.018951,6.57579,2014-07-16 19:44:21,2014-07-17 02:44:21,2281,3788,0.315334,2,2465,0.211034,0.142664,0.738437,0.4,0.609323,0.75,0.0511685,0.0001,0.0052445,999999,1.470856e-01,3,Indonesian Exclusive Economic Zone,WPP572,,SVDNB_npp_d20140716_t1940087_e1945491_b14080_c20140717014549591992_noaa_ops.h5,GDNBO_npp_d20140716_t1940087_e1945491_b14080_c20140717014549591757_noaa_ops.h5,SVI04_npp_d20140716_t1940087_e1945491_b14080_c20140717014549047847_noaa_ops.dspace_rad,VNFF_npp_d20140716_t1940087_e1945491_b14080_v21.csv,World_EEZ_v8_2014.shp,WPP_BFAR_merge.shp,KKP_IDN_merge_20161208.shp,VNF-VBD_npp_20120301-20151231_global_asia-enhanced_c201607211230.bitmask,NCEI_NGA.union.nga_lead2.add_2015ntl.mask,timezone.shp,VBD_platforms-recurring_2015_r20170330.shp,999999,VBD_bridges_c20160811.shp,19.107107;17.397036;14.693351;9.872889;5.028845;0.164623;-4.717433;-2.668029;-0.463942;4.408493;9.296770;14.195400,76.296768;90.732086;104.737396;103.313332;102.017212;100.838966;99.779457;86.144508;72.459229;73.563164;74.566231;75.490944,npp_d20140716_t1940087_e1945491_b14080,140.569,54.2511,65.4392,-80.8081,25.2367,90.7348
835,VBD_npp_d20140716_t1944466_x0987090E_y007641S_l2497_s3789_v23,2017-05-23 13:09:12,-0.764136,98.708984,34.8697,2014-07-16 19:44:46,2014-07-17 02:44:46,2497,3789,0.372844,1,2529,0.757911,0.15135,0.836969,0.4,0.856286,0.75,0.051107,0.0001,0.00504922,999999,6.675014e-02,3,Indonesian Exclusive Economic Zone,WPP572,,SVDNB_npp_d20140716_t1940087_e1945491_b14080_c20140717014549591992_noaa_ops.h5,GDNBO_npp_d20140716_t1940087_e1945491_b14080_c20140717014549591757_noaa_ops.h5,SVI04_npp_d20140716_t1940087_e1945491_b14080_c20140717014549047847_noaa_ops.dspace_rad,VNFF_npp_d20140716_t1940087_e1945491_b14080_v21.csv,World_EEZ_v8_2014.shp,WPP_BFAR_merge.shp,KKP_IDN_merge_20161208.shp,VNF-VBD_npp_20120301-20151231_global_asia-enhanced_c201607211230.bitmask,NCEI_NGA.union.nga_lead2.add_2015ntl.mask,timezone.shp,VBD_platforms-recurring_2015_r20170330.shp,999999,VBD_bridges_c20160811.shp,19.107107;17.397036;14.693351;9.872889;5.028845;0.164623;-4.717433;-2.668029;-0.463942;4.408493;9.296770;14.195400,76.296768;90.732086;104.737396;103.313332;102.017212;100.838966;99.779457;86.144508;72.459229;73.563164;74.566231;75.490944,npp_d20140716_t1940087_e1945491_b14080,141.532,55.5003,65.4607,-81.3722,25.4683,87.7702
836,VBD_npp_d20140716_t1942189_x1007556E_y076267N_l1181_s3790_v23,2017-05-23 13:09:12,7.626697,100.755623,13.2032,2014-07-16 19:42:18,2014-07-17 02:42:18,1181,3790,0.254786,1,2529,0.440137,0.178959,0.858516,0.4,0.832835,0.75,0.051309,0.0001,0.00540798,999999,-1.886274e-01,3,Thailand Exclusive Economic Zone,,,SVDNB_npp_d20140716_t1940087_e1945491_b14080_c20140717014549591992_noaa_ops.h5,GDNBO_npp_d20140716_t1940087_e1945491_b14080_c20140717014549591757_noaa_ops.h5,SVI04_npp_d20140716_t1940087_e1945491_b14080_c20140717014549047847_noaa_ops.dspace_rad,VNFF_npp_d20140716_t1940087_e1945491_b14080_v21.csv,World_EEZ_v8_2014.shp,WPP_BFAR_merge.shp,KKP_IDN_merge_20161208.shp,VNF-VBD_npp_20120301-20151231_global_asia-enhanced_c201607211230.bitmask,NCEI_NGA.union.nga_lead2.add_2015ntl.mask,timezone.shp,VBD_platforms-recurring_2015_r20170330.shp,999999,VBD_bridges_c20160811.shp,19.107107;17.397036;14.693351;9.872889;5.028845;0.164623;-4.717433;-2.668029;-0.463942;4.408493;9.296770;14.195400,76.296768;90.732086;104.737396;103.313332;102.017212;100.838966;99.779457;86.144508;72.459229;73.563164;74.566231;75.490944,npp_d20140716_t1940087_e1945491_b14080,135.253,49.0812,65.4674,-79.0893,25.0486,106.366
838,VBD_npp_d20140716_t1942189_x1007754E_y076928N_l1171_s3791_v23,2017-05-23 13:09:12,7.692803,100.775398,7.03937,2014-07-16 19:42:18,2014-07-17 02:42:18,1171,3791,0.267824,7,18849,0.252533,0.167595,0.859213,0.4,0.667722,0.75,0.0513113,0.0001,0.00534843,999999,-8.351701e-02,3,,,,SVDNB_npp_d20140716_t1940087_e1945491_b14080_c20140717014549591992_noaa_ops.h5,GDNBO_npp_d20140716_t1940087_e1945491_b14080_c20140717014549591757_noaa_ops.h5,SVI04_npp_d20140716_t1940087_e1945491_b14080_c20140717014549047847_noaa_ops.dspace_rad,VNFF_npp_d20140716_t1940087_e1945491_b14080_v21.csv,World_EEZ_v8_2014.shp,WPP_BFAR_merge.shp,KKP_IDN_merge_20161208.shp,VNF-VBD_npp_20120301-20151231_global_asia-enhanced_c201607211230.bitmask,NCEI_NGA.union.nga_lead2.add_2015ntl.mask,timezone.shp,VBD_platforms-recurring_2015_r20170330.shp,0.133782,VBD_bridges_c20160811.shp,19.107107;17.397036;14.693351;9.872889;5.028845;0.164623;-4.717433;-2.668029;-0.463942;4.408493;9.296770;14.195400,76.296768;90.732086;104.737396;103.313332;102.017212;100.838966;99.779457;86.144508;72.459229;73.563164;74.566231;75.490944,npp_d20140716_t1940087_e1945491_b14080,135.195,49.0465,65.4857,-79.4116,25.0485,106.519
839,VBD_npp_d20140716_t1942189_x1007728E_y076444N_l1178_s3792_v23,2017-05-23 13:09:12,7.644382,100.772804,39.0367,2014-07-16 19:42:18,2014-07-17 02:42:18,1178,3792,0.250091,1,2529,0.856026,0.153171,0.884541,0.4,0.941334,0.75,0.0513159,0.0001,0.00535964,999999,4.989822e-02,3,Thailand Exclusive Economic Zone,,,SVDNB_npp_d20140716_t1940087_e1945491_b14080_c20140717014549591992_noaa_ops.h5,GDNBO_npp_d20140716_t1940087_e1945491_b14080_c20140717014549591757_noaa_ops.h5,SVI04_npp_d20140716_t1940087_e1945491_b14080_c20140717014549047847_noaa_ops.dspace_rad,VNFF_npp_d20140716_t1940087_e1945491_b14080_v21.csv,World_EEZ_v8_2014.shp,WPP_BFAR_merge.shp,KKP_IDN_merge_20161208.shp,VNF-VBD_npp_20120301-20151231_global_asia-enhanced_c201607211230.bitmask,NCEI_NGA.union.nga_lead2.add_2015ntl.mask,timezone.shp,VBD_platforms-recurring_2015_r20170330.shp,999999,VBD_bridges_c20160811.shp,19.107107;17.397036;14.693351;9.872889;5.028845;0.164623;-4.717433;-2.668029;-0.463942;4.408493;9.296770;14.195400,76.296768;90.732086;104.737396;103.313332;102.017212;100.838966;99.779457;86.144508;72.459229;73.563164;74.566231;75.490944,npp_d20140716_t1940087_e1945491_b14080,135.229,49.0813,65.5026,-79.1846,25.0371,106.416
840,VBD_npp_d20140716_t1942189_x1007834E_y076633N_l1175_s3793_v23,2017-05-23 13:09:12,7.663348,100.783379,24.8058,2014-07-16 19:42:18,2014-07-17 02:42:18,1175,3793,0.261416,1,2529,0.657829,0.171141,0.884541,0.4,0.862523,0.75,0.0513191,0.0001,0.00532923,999999,-1.163112e-01,3,Thailand Exclusive Economic Zone,,,SVDNB_npp_d20140716_t1940087_e1945491_b14080_c20140717014549591992_noaa_ops.h5,GDNBO_npp_d20140716_t1940087_e1945491_b14080_c20140717014549591757_noaa_ops.h5,SVI04_npp_d20140716_t1940087_e1945491_b14080_c20140717014549047847_noaa_ops.dspace_rad,VNFF_npp_d20140716_t1940087_e1945491_b14080_v21.csv,World_EEZ_v8_2014.shp,WPP_BFAR_merge.shp,KKP_IDN_merge_20161208.shp,VNF-VBD_npp_20120301-20151231_global_asia-enhanced_c201607211230.bitmask,NCEI_NGA.union.nga_lead2.add_2015ntl.mask,timezone.shp,VBD_platforms-recurring_2015_r20170330.shp,999999,VBD_bridges_c20160811.shp,19.107107;17.397036;14.693351;9.872889;5.028845;0.164623;-4.717433;-2.668029;-0.463942;4.408493;9.296770;14.195400,76.296768;90.732086;104.737396;103.313332;102.017212;100.838966;99.779457;86.144508;72.459229;73.563164;74.566231;75.490944,npp_d20140716_t1940087_e1945491_b14080,135.208,49.0752,65.5204,-79.2806,25.0323,106.463
841,VBD_npp_d20140716_t1943105_x1000267E_y046604N_l1646_s3794_v23,2017-05-23 13:09:12,4.660369,100.026749,17.0988,2014-07-16 19:43:10,2014-07-17 02:43:10,1646,3794,0.28611,8,18913,0.56217,0.158174,0.791076,0.4,0.875103,0.75,0.0513975,0.0001,0.00545417,999999,3.624350e-03,3,Malaysian Exclusive Economic Zone,,,SVDNB_npp_d20140716_t1940087_e1945491_b14080_c20140717014549591992_noaa_ops.h5,GDNBO_npp_d20140716_t1940087_e1945491_b14080_c20140717014549591757_noaa_ops.h5,SVI04_npp_d20140716_t1940087_e1945491_b14080_c20140717014549047847_noaa_ops.dspace_rad,VNFF_npp_d20140716_t1940087_e1945491_b14080_v21.csv,World_EEZ_v8_2014.shp,WPP_BFAR_merge.shp,KKP_IDN_merge_20161208.shp,VNF-VBD_npp_20120301-20151231_global_asia-enhanced_c201607211230.bitmask,NCEI_NGA.union.nga_lead2.add_2015ntl.mask,timezone.shp,VBD_platforms-recurring_2015_r20170330.shp,0.959218,VBD_bridges_c20160811.shp,19.107107;17.397036;14.693351;9.872889;5.028845;0.164623;-4.717433;-2.668029;-0.463942;4.408493;9.296770;14.195400,76.296768;90.732086;104.737396;103.313332;102.017212;100.838966;99.779457;86.144508;72.459229;73.563164;74.566231;75.490944,npp_d20140716_t1940087_e1945491_b14080,137.549,51.0714,65.5356,-79.7418,24.8807,99.7154
842,VBD_npp_d20140716_t1942189_x1007888E_y076203N_l1181_s3795_v23,2017-05-23 13:09:12,7.620336,100.788803,17.4212,2014-07-16 19:42:18,2014-07-17 02:42:18,1181,3795,0.259869,1,2529,0.556974,0.17223,0.867551,0.4,0.845948,0.75,0.0513271,0.0001,0.00531704,999999,-1.263859e-01,3,Thailand Exclusive Economic Zone,,,SVDNB_npp_d20140716_t1940087_e1945491_b14080_c20140717014549591992_noaa_ops.h5,GDNBO_npp_d20140716_t1940087_e1945491_b14080_c20140717014549591757_noaa_ops.h5,SVI04_npp_d20140716_t1940087_e1945491_b14080_c20140717014549047847_noaa_ops.dspace_rad,VNFF_npp_d20140716_t1940087_e1945491_b14080_v21.csv,World_EEZ_v8_2014.shp,WPP_BFAR_merge.shp,KKP_IDN_merge_20161208.shp,VNF-VBD_npp_20120301-20151231_global_asia-enhanced_c201607211230.bitmask,NCEI_NGA.union.nga_lead2.add_2015ntl.mask,timezone.shp,VBD_platforms-recurring_2015_r20170330.shp,999999,VBD_bridges_c20160811.shp,19.107107;17.397036;14.693351;9.872889;5.028845;0.164623;-4.717433;-2.668029;-0.463942;4.408493;9.296770;14.195400,76.296768;90.732086;104.737396;103.313332;102.017212;100.838966;99.779457;86.144508;72.459229;73.563164;74.566231;75.490944,npp_d20140716_t1940087_e1945491_b14080,135.232,49.1122,65.5553,-79.0851,25.0147,106.377
843,VBD_npp_d20140716_t1943105_x1000498E_y047121N_l1638_s3796_v23,2017-05-23 13:09:12,4.712123,100.049805,14.1936,2014-07-16 19:43:10,2014-07-17 02:43:10,1638,3796,0.276387,8,18913,0.463757,0.15835,0.781485,0.4,0.839971,0.75,0.0514068,0.0001,0.00541896,999999,1.996686e-03,3,Malaysian Exclusive Economic Zone,,,SVDNB_npp_d20140716_t1940087_e1945491_b14080_c20140717014549591992_noaa_ops.h5,GDNBO_npp_d20140716_t1940087_e1945491_b14080_c20140717014549591757_noaa_ops.h5,SVI04_npp_d20140716_t1940087_e1945491_b14080_c20140717014549047847_noaa_ops.dspace_rad,VNFF_npp_d20140716_t1940087_e1945491_b14080_v21.csv,World_EEZ_v8_2014.shp,WPP_BFAR_merge.shp,KKP_IDN_merge_20161208.shp,VNF-VBD_npp_20120301-20151231_global_asia-enhanced_c201607211230.bitmask,NCEI_NGA.union.nga_lead2.add_2015ntl.mask,timezone.shp,VBD_platforms-recurring_2015_r20170330.shp,0.422032,VBD_bridges_c20160811.shp,19.107107;17.397036;14.693351;9.872889;5.028845;0.164623;-4.717433;-2.668029;-0.463942;4.408493;9.296770;14.195400,76.296768;90.732086;104.737396;103.313332;102.017212;100.838966;99.779457;86.144508;72.459229;73.563164;74.566231;75.490944,npp_d20140716_t1940087_e1945491_b14080,137.499,51.0451,65.5711,-79.9997,24.8666,99.838
844,VBD_npp_d20140716_t1942189_x1008074E_y076448N_l1177_s3797_v23,2017-05-23 13:09:12,7.644802,100.807381,7.45535,2014-07-16 19:42:18,2014-07-17 02:42:18,1177,3797,0.249483,7,2465,0.257941,0.153734,0.872212,0.4,0.607314,0.75,0.0513337,0.0001,0.00526521,999999,4.469157e-02,3,,,,SVDNB_npp_d20140716_t1940087_e1945491_b14080_c20140717014549591992_noaa_ops.h5,GDNBO_npp_d20140716_t1940087_e1945491_b14080_c20140717014549591757_noaa_ops.h5,SVI04_npp_d20140716_t1940087_e1945491_b14080_c20140717014549047847_noaa_ops.dspace_rad,VNFF_npp_d20140716_t1940087_e1945491_b14080_v21.csv,World_EEZ_v8_2014.shp,WPP_BFAR_merge.shp,KKP_IDN_merge_20161208.shp,VNF-VBD_npp_20120301-20151231_global_asia-enhanced_c201607211230.bitmask,NCEI_NGA.union.nga_lead2.add_2015ntl.mask,timezone.shp,VBD_platforms-recurring_2015_r20170330.shp,999999,VBD_bridges_c20160811.shp,19.107107;17.397036;14.693351;9.872889;5.028845;0.164623;-4.717433;-2.668029;-0.463942;4.408493;9.296770;14.195400,76.296768;90.732086;104.737396;103.313332;102.017212;100.838966;99.779457;86.144508;72.459229;73.563164;74.566231;75.490944,npp_d20140716_t1940087_e1945491_b14080,135.203,49.1082,65.5906,-79.2125,25.0038,106.442
845,VBD_npp_d20140716_t1943105_x1000710E_y047154N_l1637_s3799_v23,2017-05-23 13:09:12,4.715362,100.070999,11.5655,2014-07-16 19:43:10,2014-07-17 02:43:10,1637,3799,0.269813,8,18913,0.398617,0.172174,0.773647,0.4,0.790401,0.75,0.0514179,0.0001,0.00536387,999999,-1.258674e-01,3,Malaysian Exclusive Economic Zone,,,SVDNB_npp_d20140716_t1940087_e1945491_b14080_c20140717014549591992_noaa_ops.h5,GDNBO_npp_d20140716_t1940087_e1945491_b14080_c20140717014549591757_noaa_ops.h5,SVI04_npp_d20140716_t1940087_e1945491_b14080_c20140717014549047847_noaa_ops.dspace_rad,VNFF_npp_d20140716_t1940087_e1945491_b14080_v21.csv,World_EEZ_v8_2014.shp,WPP_BFAR_merge.shp,KKP_IDN_merge_20161208.shp,VNF-VBD_npp_20120301-20151231_global_asia-enhanced_c201607211230.bitmask,NCEI_NGA.union.nga_lead2.add_2015ntl.mask,timezone.shp,VBD_platforms-recurring_2015_r20170330.shp,0.146235,VBD_bridges_c20160811.shp,19.107107;17.397036;14.693351;9.872889;5.028845;0.164623;-4.717433;-2.668029;-0.463942;4.408493;9.296770;14.195400,76.296768;90.732086;104.737396;103.313332;102.017212;100.838966;99.779457;86.144508;72.459229;73.563164;74.566231;75.490944,npp_d20140716_t1940087_e1945491_b14080,137.48,51.0586,65.624,-80.0304,24.846,99.8547
847,VBD_npp_d20140716_t1943105_x1000856E_y047198N_l1636_s3801_v23,2017-05-23 13:09:12,4.719782,100.085579,7.49992,2014-07-16 19:43:10,2014-07-17 02:43:10,1636,3801,0.265283,2,2465,0.24813,0.183825,0.773647,0.4,0.683563,0.75,0.0514254,0.0001,0.00532726,999999,-2.336350e-01,3,Malaysian Exclusive Economic Zone,,,SVDNB_npp_d20140716_t1940087_e1945491_b14080_c20140717014549591992_noaa_ops.h5,GDNBO_npp_d20140716_t1940087_e1945491_b14080_c20140717014549591757_noaa_ops.h5,SVI04_npp_d20140716_t1940087_e1945491_b14080_c20140717014549047847_noaa_ops.dspace_rad,VNFF_npp_d20140716_t1940087_e1945491_b14080_v21.csv,World_EEZ_v8_2014.shp,WPP_BFAR_merge.shp,KKP_IDN_merge_20161208.shp,VNF-VBD_npp_20120301-20151231_global_asia-enhanced_c201607211230.bitmask,NCEI_NGA.union.nga_lead2.add_2015ntl.mask,timezone.shp,VBD_platforms-recurring_2015_r20170330.shp,999999,VBD_bridges_c20160811.shp,19.107107;17.397036;14.693351;9.872889;5.028845;0.164623;-4.717433;-2.668029;-0.463942;4.408493;9.296770;14.195400,76.296768;90.732086;104.737396;103.313332;102.017212;100.838966;99.779457;86.144508;72.459229;73.563164;74.566231;75.490944,npp_d20140716_t1940087_e1945491_b14080,137.466,51.066,65.6594,-80.0617,24.8323,99.8709
848,VBD_npp_d20140716_t1944306_x0989863E_y000766N_l2363_s3801_v23,2017-05-23 13:09:12,0.076615,98.986290,5.89385,2014-07-16 19:44:30,2014-07-17 02:44:30,2363,3801,0.367264,2,2465,0.240944,0.187719,0.743051,0.4,0.745936,0.75,0.0512484,0.0001,0.00492819,999999,-2.696502e-01,3,Indonesian Exclusive Economic Zone,WPP572,,SVDNB_npp_d20140716_t1940087_e1945491_b14080_c20140717014549591992_noaa_ops.h5,GDNBO_npp_d20140716_t1940087_e1945491_b14080_c20140717014549591757_noaa_ops.h5,SVI04_npp_d20140716_t1940087_e1945491_b14080_c20140717014549047847_noaa_ops.dspace_rad,VNFF_npp_d20140716_t1940087_e1945491_b14080_v21.csv,World_EEZ_v8_2014.shp,WPP_BFAR_merge.shp,KKP_IDN_merge_20161208.shp,VNF-VBD_npp_20120301-20151231_global_asia-enhanced_c201607211230.bitmask,NCEI_NGA.union.nga_lead2.add_2015ntl.mask,timezone.shp,VBD_platforms-recurring_2015_r20170330.shp,999999,VBD_bridges_c20160811.shp,19.107107;17.397036;14.693351;9.872889;5.028845;0.164623;-4.717433;-2.668029;-0.463942;4.408493;9.296770;14.195400,76.296768;90.732086;104.737396;103.313332;102.017212;100.838966;99.779457;86.144508;72.459229;73.563164;74.566231;75.490944,npp_d20140716_t1940087_e1945491_b14080,140.878,54.7905,65.6697,-80.8545,25.2321,89.5688
850,VBD_npp_d20140716_t1942171_x1008691E_y077536N_l1159_s3802_v23,2017-05-23 13:09:12,7.753574,100.869102,19.4362,2014-07-16 19:42:17,2014-07-17 02:42:17,1159,3802,0.279094,8,18913,0.615448,0.175056,0.815994,0.4,0.846865,0.75,0.0513494,0.0001,0.00516068,999999,-1.525284e-01,3,Thailand Exclusive Economic Zone,,,SVDNB_npp_d20140716_t1940087_e1945491_b14080_c20140717014549591992_noaa_ops.h5,GDNBO_npp_d20140716_t1940087_e1945491_b14080_c20140717014549591757_noaa_ops.h5,SVI04_npp_d20140716_t1940087_e1945491_b14080_c20140717014549047847_noaa_ops.dspace_rad,VNFF_npp_d20140716_t1940087_e1945491_b14080_v21.csv,World_EEZ_v8_2014.shp,WPP_BFAR_merge.shp,KKP_IDN_merge_20161208.shp,VNF-VBD_npp_20120301-20151231_global_asia-enhanced_c201607211230.bitmask,NCEI_NGA.union.nga_lead2.add_2015ntl.mask,timezone.shp,VBD_platforms-recurring_2015_r20170330.shp,0.276318,VBD_bridges_c20160811.shp,19.107107;17.397036;14.693351;9.872889;5.028845;0.164623;-4.717433;-2.668029;-0.463942;4.408493;9.296770;14.195400,76.296768;90.732086;104.737396;103.313332;102.017212;100.838966;99.779457;86.144508;72.459229;73.563164;74.566231;75.490944,npp_d20140716_t1940087_e1945491_b14080,135.091,49.0683,65.6761,-79.2468,24.9827,106.712
851,VBD_npp_d20140716_t1944341_x0989427E_y001424S_l2397_s3802_v23,2017-05-23 13:09:12,-0.142372,98.942657,19.2302,2014-07-16 19:44:34,2014-07-17 02:44:34,2397,3802,0.362679,1,2529,0.66109,0.15994,0.80525,0.4,0.924871,0.75,0.051243,0.0001,0.00486969,999999,-1.270640e-02,3,Indonesian Exclusive Economic Zone,WPP572,,SVDNB_npp_d20140716_t1940087_e1945491_b14080_c20140717014549591992_noaa_ops.h5,GDNBO_npp_d20140716_t1940087_e1945491_b14080_c20140717014549591757_noaa_ops.h5,SVI04_npp_d20140716_t1940087_e1945491_b14080_c20140717014549047847_noaa_ops.dspace_rad,VNFF_npp_d20140716_t1940087_e1945491_b14080_v21.csv,World_EEZ_v8_2014.shp,WPP_BFAR_merge.shp,KKP_IDN_merge_20161208.shp,VNF-VBD_npp_20120301-20151231_global_asia-enhanced_c201607211230.bitmask,NCEI_NGA.union.nga_lead2.add_2015ntl.mask,timezone.shp,VBD_platforms-recurring_2015_r20170330.shp,999999,VBD_bridges_c20160811.shp,19.107107;17.397036;14.693351;9.872889;5.028845;0.164623;-4.717433;-2.668029;-0.463942;4.408493;9.296770;14.195400,76.296768;90.732086;104.737396;103.313332;102.017212;100.838966;99.779457;86.144508;72.459229;73.563164;74.566231;75.490944,npp_d20140716_t1940087_e1945491_b14080,141.028,54.9909,65.6834,-80.8336,25.2645,89.0958
855,VBD_npp_d20140716_t1944306_x0990076E_y000382N_l2368_s3805_v23,2017-05-23 13:09:12,0.038173,99.007584,6.04576,2014-07-16 19:44:30,2014-07-17 02:44:30,2368,3805,0.364833,1,2529,0.273531,0.145907,0.852921,0.4,0.757562,0.75,0.0512647,0.0001,0.00482847,999999,1.170937e-01,3,Indonesian Exclusive Economic Zone,WPP572,,SVDNB_npp_d20140716_t1940087_e1945491_b14080_c20140717014549591992_noaa_ops.h5,GDNBO_npp_d20140716_t1940087_e1945491_b14080_c20140717014549591757_noaa_ops.h5,SVI04_npp_d20140716_t1940087_e1945491_b14080_c20140717014549047847_noaa_ops.dspace_rad,VNFF_npp_d20140716_t1940087_e1945491_b14080_v21.csv,World_EEZ_v8_2014.shp,WPP_BFAR_merge.shp,KKP_IDN_merge_20161208.shp,VNF-VBD_npp_20120301-20151231_global_asia-enhanced_c201607211230.bitmask,NCEI_NGA.union.nga_lead2.add_2015ntl.mask,timezone.shp,VBD_platforms-recurring_2015_r20170330.shp,999999,VBD_bridges_c20160811.shp,19.107107;17.397036;14.693351;9.872889;5.028845;0.164623;-4.717433;-2.668029;-0.463942;4.408493;9.296770;14.195400,76.296768;90.732086;104.737396;103.313332;102.017212;100.838966;99.779457;86.144508;72.459229;73.563164;74.566231;75.490944,npp_d20140716_t1940087_e1945491_b14080,140.883,54.8443,65.7403,-80.6925,25.2108,89.4853
857,VBD_npp_d20140716_t1944323_x0990078E_y000367N_l2369_s3806_v23,2017-05-23 13:09:12,0.036721,99.007820,7.88543,2014-07-16 19:44:32,2014-07-17 02:44:32,2369,3806,0.364833,7,2465,0.344159,0.140953,0.852921,0.4,0.567082,0.75,0.0512687,0.0001,0.00488786,999999,1.629109e-01,3,,,,SVDNB_npp_d20140716_t1940087_e1945491_b14080_c20140717014549591992_noaa_ops.h5,GDNBO_npp_d20140716_t1940087_e1945491_b14080_c20140717014549591757_noaa_ops.h5,SVI04_npp_d20140716_t1940087_e1945491_b14080_c20140717014549047847_noaa_ops.dspace_rad,VNFF_npp_d20140716_t1940087_e1945491_b14080_v21.csv,World_EEZ_v8_2014.shp,WPP_BFAR_merge.shp,KKP_IDN_merge_20161208.shp,VNF-VBD_npp_20120301-20151231_global_asia-enhanced_c201607211230.bitmask,NCEI_NGA.union.nga_lead2.add_2015ntl.mask,timezone.shp,VBD_platforms-recurring_2015_r20170330.shp,999999,VBD_bridges_c20160811.shp,19.107107;17.397036;14.693351;9.872889;5.028845;0.164623;-4.717433;-2.668029;-0.463942;4.408493;9.296770;14.195400,76.296768;90.732086;104.737396;103.313332;102.017212;100.838966;99.779457;86.144508;72.459229;73.563164;74.566231;75.490944,npp_d20140716_t1940087_e1945491_b14080,140.878,54.8511,65.7598,-81.1987,25.2033,89.4818
858,VBD_npp_d20140716_t1944323_x0990033E_y000094N_l2373_s3806_v23,2017-05-23 13:09:12,0.009432,99.003342,21.1793,2014-07-16 19:44:32,2014-07-17 02:44:32,2373,3806,0.361905,1,2529,0.707615,0.167494,0.863342,0.4,0.932471,0.75,0.0512703,0.0001,0.00486372,999999,-8.257999e-02,3,Indonesian Exclusive Economic Zone,WPP572,,SVDNB_npp_d20140716_t1940087_e1945491_b14080_c20140717014549591992_noaa_ops.h5,GDNBO_npp_d20140716_t1940087_e1945491_b14080_c20140717014549591757_noaa_ops.h5,SVI04_npp_d20140716_t1940087_e1945491_b14080_c20140717014549047847_noaa_ops.dspace_rad,VNFF_npp_d20140716_t1940087_e1945491_b14080_v21.csv,World_EEZ_v8_2014.shp,WPP_BFAR_merge.shp,KKP_IDN_merge_20161208.shp,VNF-VBD_npp_20120301-20151231_global_asia-enhanced_c201607211230.bitmask,NCEI_NGA.union.nga_lead2.add_2015ntl.mask,timezone.shp,VBD_platforms-recurring_2015_r20170330.shp,999999,VBD_bridges_c20160811.shp,19.107107;17.397036;14.693351;9.872889;5.028845;0.164623;-4.717433;-2.668029;-0.463942;4.408493;9.296770;14.195400,76.296768;90.732086;104.737396;103.313332;102.017212;100.838966;99.779457;86.144508;72.459229;73.563164;74.566231;75.490944,npp_d20140716_t1940087_e1945491_b14080,140.897,54.8754,65.7592,-81.0691,25.2081,89.4228
859,VBD_npp_d20140716_t1944359_x0989490E_y002359S_l2411_s3806_v23,2017-05-23 13:09:12,-0.235942,98.949036,17.2395,2014-07-16 19:44:35,2014-07-17 02:44:35,2411,3806,0.371407,1,2529,0.558349,0.155954,0.735075,0.4,0.882269,0.75,0.0512451,0.0001,0.00479674,999999,2.416210e-02,3,Indonesian Exclusive Economic Zone,WPP572,,SVDNB_npp_d20140716_t1940087_e1945491_b14080_c20140717014549591992_noaa_ops.h5,GDNBO_npp_d20140716_t1940087_e1945491_b14080_c20140717014549591757_noaa_ops.h5,SVI04_npp_d20140716_t1940087_e1945491_b14080_c20140717014549047847_noaa_ops.dspace_rad,VNFF_npp_d20140716_t1940087_e1945491_b14080_v21.csv,World_EEZ_v8_2014.shp,WPP_BFAR_merge.shp,KKP_IDN_merge_20161208.shp,VNF-VBD_npp_20120301-20151231_global_asia-enhanced_c201607211230.bitmask,NCEI_NGA.union.nga_lead2.add_2015ntl.mask,timezone.shp,VBD_platforms-recurring_2015_r20170330.shp,999999,VBD_bridges_c20160811.shp,19.107107;17.397036;14.693351;9.872889;5.028845;0.164623;-4.717433;-2.668029;-0.463942;4.408493;9.296770;14.195400,76.296768;90.732086;104.737396;103.313332;102.017212;100.838966;99.779457;86.144508;72.459229;73.563164;74.566231;75.490944,npp_d20140716_t1940087_e1945491_b14080,141.07,55.0955,65.756,-80.9181,25.2525,88.8929
861,VBD_npp_d20140716_t1942278_x1007470E_y071290N_l1256_s3808_v23,2017-05-23 13:09:12,7.129001,100.746979,8.50012,2014-07-16 19:42:27,2014-07-17 02:42:27,1256,3808,0.282574,2,2465,0.257529,0.182012,0.652333,0.4,0.686839,0.75,0.0514537,0.0001,0.00511574,999999,-2.168676e-01,3,Thailand Exclusive Economic Zone,,,SVDNB_npp_d20140716_t1940087_e1945491_b14080_c20140717014549591992_noaa_ops.h5,GDNBO_npp_d20140716_t1940087_e1945491_b14080_c20140717014549591757_noaa_ops.h5,SVI04_npp_d20140716_t1940087_e1945491_b14080_c20140717014549047847_noaa_ops.dspace_rad,VNFF_npp_d20140716_t1940087_e1945491_b14080_v21.csv,World_EEZ_v8_2014.shp,WPP_BFAR_merge.shp,KKP_IDN_merge_20161208.shp,VNF-VBD_npp_20120301-20151231_global_asia-enhanced_c201607211230.bitmask,NCEI_NGA.union.nga_lead2.add_2015ntl.mask,timezone.shp,VBD_platforms-recurring_2015_r20170330.shp,999999,VBD_bridges_c20160811.shp,19.107107;17.397036;14.693351;9.872889;5.028845;0.164623;-4.717433;-2.668029;-0.463942;4.408493;9.296770;14.195400,76.296768;90.732086;104.737396;103.313332;102.017212;100.838966;99.779457;86.144508;72.459229;73.563164;74.566231;75.490944,npp_d20140716_t1940087_e1945491_b14080,135.556,49.4862,65.778,-79.3557,24.884,105.336
862,VBD_npp_d20140716_t1944466_x0988195E_y008862S_l2512_s3808_v23,2017-05-23 13:09:12,-0.886150,98.819450,12.5311,2014-07-16 19:44:46,2014-07-17 02:44:46,2512,3808,0.366049,1,2529,0.551046,0.159108,0.838347,0.4,0.88862,0.75,0.0511607,0.0001,0.00462181,999999,-5.015570e-03,3,Indonesian Exclusive Economic Zone,WPP572,,SVDNB_npp_d20140716_t1940087_e1945491_b14080_c20140717014549591992_noaa_ops.h5,GDNBO_npp_d20140716_t1940087_e1945491_b14080_c20140717014549591757_noaa_ops.h5,SVI04_npp_d20140716_t1940087_e1945491_b14080_c20140717014549047847_noaa_ops.dspace_rad,VNFF_npp_d20140716_t1940087_e1945491_b14080_v21.csv,World_EEZ_v8_2014.shp,WPP_BFAR_merge.shp,KKP_IDN_merge_20161208.shp,VNF-VBD_npp_20120301-20151231_global_asia-enhanced_c201607211230.bitmask,NCEI_NGA.union.nga_lead2.add_2015ntl.mask,timezone.shp,VBD_platforms-recurring_2015_r20170330.shp,999999,VBD_bridges_c20160811.shp,19.107107;17.397036;14.693351;9.872889;5.028845;0.164623;-4.717433;-2.668029;-0.463942;4.408493;9.296770;14.195400,76.296768;90.732086;104.737396;103.313332;102.017212;100.838966;99.779457;86.144508;72.459229;73.563164;74.566231;75.490944,npp_d20140716_t1940087_e1945491_b14080,141.51,55.7038,65.7945,-80.8872,25.3613,87.4973
863,VBD_npp_d20140716_t1942278_x1007564E_y071413N_l1254_s3809_v23,2017-05-23 13:09:12,7.141313,100.756355,6.56214,2014-07-16 19:42:27,2014-07-17 02:42:27,1254,3809,0.232468,2,2209,0.179786,0.17795,0.642976,0.4,0.654353,0.75,0.0514549,0.0001,0.00509142,999999,-1.792905e-01,3,Thailand Exclusive Economic Zone,,,SVDNB_npp_d20140716_t1940087_e1945491_b14080_c20140717014549591992_noaa_ops.h5,GDNBO_npp_d20140716_t1940087_e1945491_b14080_c20140717014549591757_noaa_ops.h5,SVI04_npp_d20140716_t1940087_e1945491_b14080_c20140717014549047847_noaa_ops.dspace_rad,VNFF_npp_d20140716_t1940087_e1945491_b14080_v21.csv,World_EEZ_v8_2014.shp,WPP_BFAR_merge.shp,KKP_IDN_merge_20161208.shp,VNF-VBD_npp_20120301-20151231_global_asia-enhanced_c201607211230.bitmask,NCEI_NGA.union.nga_lead2.add_2015ntl.mask,timezone.shp,VBD_platforms-recurring_2015_r20170330.shp,999999,VBD_bridges_c20160811.shp,19.107107;17.397036;14.693351;9.872889;5.028845;0.164623;-4.717433;-2.668029;-0.463942;4.408493;9.296770;14.195400,76.296768;90.732086;104.737396;103.313332;102.017212;100.838966;99.779457;86.144508;72.459229;73.563164;74.566231;75.490944,npp_d20140716_t1940087_e1945491_b14080,135.541,49.4839,65.7958,-79.4194,24.8782,105.369
864,VBD_npp_d20140716_t1944306_x0990378E_y000543N_l2365_s3809_v23,2017-05-23 13:09:12,0.054261,99.037796,33.6353,2014-07-16 19:44:30,2014-07-17 02:44:30,2365,3809,0.29401,1,2529,0.75402,0.174899,0.831061,0.4,0.844479,0.75,0.0512779,0.0001,0.00478017,999999,-1.510757e-01,3,Indonesian Exclusive Economic Zone,WPP572,,SVDNB_npp_d20140716_t1940087_e1945491_b14080_c20140717014549591992_noaa_ops.h5,GDNBO_npp_d20140716_t1940087_e1945491_b14080_c20140717014549591757_noaa_ops.h5,SVI04_npp_d20140716_t1940087_e1945491_b14080_c20140717014549047847_noaa_ops.dspace_rad,VNFF_npp_d20140716_t1940087_e1945491_b14080_v21.csv,World_EEZ_v8_2014.shp,WPP_BFAR_merge.shp,KKP_IDN_merge_20161208.shp,VNF-VBD_npp_20120301-20151231_global_asia-enhanced_c201607211230.bitmask,NCEI_NGA.union.nga_lead2.add_2015ntl.mask,timezone.shp,VBD_platforms-recurring_2015_r20170330.shp,999999,VBD_bridges_c20160811.shp,19.107107;17.397036;14.693351;9.872889;5.028845;0.164623;-4.717433;-2.668029;-0.463942;4.408493;9.296770;14.195400,76.296768;90.732086;104.737396;103.313332;102.017212;100.838966;99.779457;86.144508;72.459229;73.563164;74.566231;75.490944,npp_d20140716_t1940087_e1945491_b14080,140.849,54.8495,65.811,-80.7898,25.18,89.5196
865,VBD_npp_d20140716_t1944483_x0988204E_y008866S_l2513_s3809_v23,2017-05-23 13:09:12,-0.886600,98.820427,15.0737,2014-07-16 19:44:48,2014-07-17 02:44:48,2513,3809,0.366049,1,2529,0.578492,0.15091,0.838347,0.4,0.890373,0.75,0.0511633,0.0001,0.00469287,999999,7.081856e-02,3,Indonesian Exclusive Economic Zone,WPP572,,SVDNB_npp_d20140716_t1940087_e1945491_b14080_c20140717014549591992_noaa_ops.h5,GDNBO_npp_d20140716_t1940087_e1945491_b14080_c20140717014549591757_noaa_ops.h5,SVI04_npp_d20140716_t1940087_e1945491_b14080_c20140717014549047847_noaa_ops.dspace_rad,VNFF_npp_d20140716_t1940087_e1945491_b14080_v21.csv,World_EEZ_v8_2014.shp,WPP_BFAR_merge.shp,KKP_IDN_merge_20161208.shp,VNF-VBD_npp_20120301-20151231_global_asia-enhanced_c201607211230.bitmask,NCEI_NGA.union.nga_lead2.add_2015ntl.mask,timezone.shp,VBD_platforms-recurring_2015_r20170330.shp,999999,VBD_bridges_c20160811.shp,19.107107;17.397036;14.693351;9.872889;5.028845;0.164623;-4.717433;-2.668029;-0.463942;4.408493;9.296770;14.195400,76.296768;90.732086;104.737396;103.313332;102.017212;100.838966;99.779457;86.144508;72.459229;73.563164;74.566231;75.490944,npp_d20140716_t1940087_e1945491_b14080,141.503,55.7101,65.8154,-81.3977,25.3531,87.4952
866,VBD_npp_d20140716_t1944483_x0988160E_y009139S_l2517_s3809_v23,2017-05-23 13:09:12,-0.913943,98.816032,13.8192,2014-07-16 19:44:48,2014-07-17 02:44:48,2517,3809,0.360635,1,2529,0.545131,0.172801,0.829524,0.4,0.903776,0.75,0.0511595,0.0001,0.00466501,999999,-1.316639e-01,3,Indonesian Exclusive Economic Zone,WPP572,,SVDNB_npp_d20140716_t1940087_e1945491_b14080_c20140717014549591992_noaa_ops.h5,GDNBO_npp_d20140716_t1940087_e1945491_b14080_c20140717014549591757_noaa_ops.h5,SVI04_npp_d20140716_t1940087_e1945491_b14080_c20140717014549047847_noaa_ops.dspace_rad,VNFF_npp_d20140716_t1940087_e1945491_b14080_v21.csv,World_EEZ_v8_2014.shp,WPP_BFAR_merge.shp,KKP_IDN_merge_20161208.shp,VNF-VBD_npp_20120301-20151231_global_asia-enhanced_c201607211230.bitmask,NCEI_NGA.union.nga_lead2.add_2015ntl.mask,timezone.shp,VBD_platforms-recurring_2015_r20170330.shp,999999,VBD_bridges_c20160811.shp,19.107107;17.397036;14.693351;9.872889;5.028845;0.164623;-4.717433;-2.668029;-0.463942;4.408493;9.296770;14.195400,76.296768;90.732086;104.737396;103.313332;102.017212;100.838966;99.779457;86.144508;72.459229;73.563164;74.566231;75.490944,npp_d20140716_t1940087_e1945491_b14080,141.522,55.7355,65.8148,-81.2681,25.3588,87.4369
871,VBD_npp_d20140716_t1942135_x1009890E_y079442N_l1127_s3812_v23,2017-05-23 13:09:12,7.944235,100.988991,9.59365,2014-07-16 19:42:13,2014-07-17 02:42:13,1127,3812,0.217496,8,18849,0.307836,0.173123,0.61583,0.4,0.73008,0.75,0.0513811,0.0001,0.00496749,999999,-1.346452e-01,3,Thailand Exclusive Economic Zone,,,SVDNB_npp_d20140716_t1940087_e1945491_b14080_c20140717014549591992_noaa_ops.h5,GDNBO_npp_d20140716_t1940087_e1945491_b14080_c20140717014549591757_noaa_ops.h5,SVI04_npp_d20140716_t1940087_e1945491_b14080_c20140717014549047847_noaa_ops.dspace_rad,VNFF_npp_d20140716_t1940087_e1945491_b14080_v21.csv,World_EEZ_v8_2014.shp,WPP_BFAR_merge.shp,KKP_IDN_merge_20161208.shp,VNF-VBD_npp_20120301-20151231_global_asia-enhanced_c201607211230.bitmask,NCEI_NGA.union.nga_lead2.add_2015ntl.mask,timezone.shp,VBD_platforms-recurring_2015_r20170330.shp,0.344132,VBD_bridges_c20160811.shp,19.107107;17.397036;14.693351;9.872889;5.028845;0.164623;-4.717433;-2.668029;-0.463942;4.408493;9.296770;14.195400,76.296768;90.732086;104.737396;103.313332;102.017212;100.838966;99.779457;86.144508;72.459229;73.563164;74.566231;75.490944,npp_d20140716_t1940087_e1945491_b14080,134.887,49.0069,65.8498,-79.188,24.9376,107.193
872,VBD_npp_d20140716_t1943123_x1001286E_y045711N_l1657_s3812_v23,2017-05-23 13:09:12,4.571121,100.128639,5.96927,2014-07-16 19:43:12,2014-07-17 02:43:12,1657,3812,0.34036,8,18593,0.182514,0.158287,0.432875,0.4,0.622583,0.75,0.0514594,0.0001,0.00512627,999999,2.579693e-03,3,Malaysian Exclusive Economic Zone,,,SVDNB_npp_d20140716_t1940087_e1945491_b14080_c20140717014549591992_noaa_ops.h5,GDNBO_npp_d20140716_t1940087_e1945491_b14080_c20140717014549591757_noaa_ops.h5,SVI04_npp_d20140716_t1940087_e1945491_b14080_c20140717014549047847_noaa_ops.dspace_rad,VNFF_npp_d20140716_t1940087_e1945491_b14080_v21.csv,World_EEZ_v8_2014.shp,WPP_BFAR_merge.shp,KKP_IDN_merge_20161208.shp,VNF-VBD_npp_20120301-20151231_global_asia-enhanced_c201607211230.bitmask,NCEI_NGA.union.nga_lead2.add_2015ntl.mask,timezone.shp,VBD_platforms-recurring_2015_r20170330.shp,0.498803,VBD_bridges_c20160811.shp,19.107107;17.397036;14.693351;9.872889;5.028845;0.164623;-4.717433;-2.668029;-0.463942;4.408493;9.296770;14.195400,76.296768;90.732086;104.737396;103.313332;102.017212;100.838966;99.779457;86.144508;72.459229;73.563164;74.566231;75.490944,npp_d20140716_t1940087_e1945491_b14080,137.52,51.2309,65.8548,-79.9199,24.7566,99.5701
875,VBD_npp_d20140716_t1944323_x0990506E_y000019N_l2373_s3813_v23,2017-05-23 13:09:12,0.001937,99.050560,22.8906,2014-07-16 19:44:32,2014-07-17 02:44:32,2373,3813,0.364557,1,2529,0.72599,0.160209,0.871173,0.4,0.92322,0.75,0.0512954,0.0001,0.00474576,999999,-1.519251e-02,3,Indonesian Exclusive Economic Zone,WPP572,,SVDNB_npp_d20140716_t1940087_e1945491_b14080_c20140717014549591992_noaa_ops.h5,GDNBO_npp_d20140716_t1940087_e1945491_b14080_c20140717014549591757_noaa_ops.h5,SVI04_npp_d20140716_t1940087_e1945491_b14080_c20140717014549047847_noaa_ops.dspace_rad,VNFF_npp_d20140716_t1940087_e1945491_b14080_v21.csv,World_EEZ_v8_2014.shp,WPP_BFAR_merge.shp,KKP_IDN_merge_20161208.shp,VNF-VBD_npp_20120301-20151231_global_asia-enhanced_c201607211230.bitmask,NCEI_NGA.union.nga_lead2.add_2015ntl.mask,timezone.shp,VBD_platforms-recurring_2015_r20170330.shp,999999,VBD_bridges_c20160811.shp,19.107107;17.397036;14.693351;9.872889;5.028845;0.164623;-4.717433;-2.668029;-0.463942;4.408493;9.296770;14.195400,76.296768;90.732086;104.737396;103.313332;102.017212;100.838966;99.779457;86.144508;72.459229;73.563164;74.566231;75.490944,npp_d20140716_t1940087_e1945491_b14080,140.863,54.9164,65.8831,-81.0691,25.1603,89.4055
878,VBD_npp_d20140716_t1942189_x1009245E_y076366N_l1175_s3814_v23,2017-05-23 13:09:12,7.636639,100.924507,12.5384,2014-07-16 19:42:18,2014-07-17 02:42:18,1175,3814,0.239428,1,2529,0.411729,0.151503,0.804641,0.4,0.837314,0.75,0.0513947,0.0001,0.00495664,999999,6.533330e-02,3,Thailand Exclusive Economic Zone,,,SVDNB_npp_d20140716_t1940087_e1945491_b14080_c20140717014549591992_noaa_ops.h5,GDNBO_npp_d20140716_t1940087_e1945491_b14080_c20140717014549591757_noaa_ops.h5,SVI04_npp_d20140716_t1940087_e1945491_b14080_c20140717014549047847_noaa_ops.dspace_rad,VNFF_npp_d20140716_t1940087_e1945491_b14080_v21.csv,World_EEZ_v8_2014.shp,WPP_BFAR_merge.shp,KKP_IDN_merge_20161208.shp,VNF-VBD_npp_20120301-20151231_global_asia-enhanced_c201607211230.bitmask,NCEI_NGA.union.nga_lead2.add_2015ntl.mask,timezone.shp,VBD_platforms-recurring_2015_r20170330.shp,999999,VBD_bridges_c20160811.shp,19.107107;17.397036;14.693351;9.872889;5.028845;0.164623;-4.717433;-2.668029;-0.463942;4.408493;9.296770;14.195400,76.296768;90.732086;104.737396;103.313332;102.017212;100.838966;99.779457;86.144508;72.459229;73.563164;74.566231;75.490944,npp_d20140716_t1940087_e1945491_b14080,135.12,49.2063,65.891,-79.2619,24.8884,106.513
880,VBD_npp_d20140716_t1942189_x1009273E_y076149N_l1178_s3815_v23,2017-05-23 13:09:12,7.614934,100.927315,20.1893,2014-07-16 19:42:18,2014-07-17 02:42:18,1178,3815,0.253792,8,18913,0.588689,0.174364,0.817785,0.4,0.859201,0.75,0.0513987,0.0001,0.00495075,999999,-1.461252e-01,3,Thailand Exclusive Economic Zone,,,SVDNB_npp_d20140716_t1940087_e1945491_b14080_c20140717014549591992_noaa_ops.h5,GDNBO_npp_d20140716_t1940087_e1945491_b14080_c20140717014549591757_noaa_ops.h5,SVI04_npp_d20140716_t1940087_e1945491_b14080_c20140717014549047847_noaa_ops.dspace_rad,VNFF_npp_d20140716_t1940087_e1945491_b14080_v21.csv,World_EEZ_v8_2014.shp,WPP_BFAR_merge.shp,KKP_IDN_merge_20161208.shp,VNF-VBD_npp_20120301-20151231_global_asia-enhanced_c201607211230.bitmask,NCEI_NGA.union.nga_lead2.add_2015ntl.mask,timezone.shp,VBD_platforms-recurring_2015_r20170330.shp,0.280623,VBD_bridges_c20160811.shp,19.107107;17.397036;14.693351;9.872889;5.028845;0.164623;-4.717433;-2.668029;-0.463942;4.408493;9.296770;14.195400,76.296768;90.732086;104.737396;103.313332;102.017212;100.838966;99.779457;86.144508;72.459229;73.563164;74.566231;75.490944,npp_d20140716_t1940087_e1945491_b14080,135.132,49.225,65.9086,-79.1645,24.8794,106.469
881,VBD_npp_d20140716_t1944306_x0990884E_y001093N_l2356_s3815_v23,2017-05-23 13:09:12,0.109300,99.088440,14.1886,2014-07-16 19:44:30,2014-07-17 02:44:30,2356,3815,0.33699,1,2529,0.490099,0.183718,0.691636,0.4,0.857622,0.75,0.0512958,0.0001,0.00473369,999999,-2.326440e-01,3,Indonesian Exclusive Economic Zone,WPP572,,SVDNB_npp_d20140716_t1940087_e1945491_b14080_c20140717014549591992_noaa_ops.h5,GDNBO_npp_d20140716_t1940087_e1945491_b14080_c20140717014549591757_noaa_ops.h5,SVI04_npp_d20140716_t1940087_e1945491_b14080_c20140717014549047847_noaa_ops.dspace_rad,VNFF_npp_d20140716_t1940087_e1945491_b14080_v21.csv,World_EEZ_v8_2014.shp,WPP_BFAR_merge.shp,KKP_IDN_merge_20161208.shp,VNF-VBD_npp_20120301-20151231_global_asia-enhanced_c201607211230.bitmask,NCEI_NGA.union.nga_lead2.add_2015ntl.mask,timezone.shp,VBD_platforms-recurring_2015_r20170330.shp,999999,VBD_bridges_c20160811.shp,19.107107;17.397036;14.693351;9.872889;5.028845;0.164623;-4.717433;-2.668029;-0.463942;4.408493;9.296770;14.195400,76.296768;90.732086;104.737396;103.313332;102.017212;100.838966;99.779457;86.144508;72.459229;73.563164;74.566231;75.490944,npp_d20140716_t1940087_e1945491_b14080,140.776,54.8302,65.9181,-81.0812,25.1281,89.6383
884,VBD_npp_d20140716_t1942189_x1009449E_y076328N_l1175_s3817_v23,2017-05-23 13:09:12,7.632770,100.944931,12.395,2014-07-16 19:42:18,2014-07-17 02:42:18,1175,3817,0.222689,7,18849,0.370274,0.150803,0.817785,0.4,0.682834,0.75,0.0514055,0.0001,0.00490465,999999,7.180306e-02,3,,,,SVDNB_npp_d20140716_t1940087_e1945491_b14080_c20140717014549591992_noaa_ops.h5,GDNBO_npp_d20140716_t1940087_e1945491_b14080_c20140717014549591757_noaa_ops.h5,SVI04_npp_d20140716_t1940087_e1945491_b14080_c20140717014549047847_noaa_ops.dspace_rad,VNFF_npp_d20140716_t1940087_e1945491_b14080_v21.csv,World_EEZ_v8_2014.shp,WPP_BFAR_merge.shp,KKP_IDN_merge_20161208.shp,VNF-VBD_npp_20120301-20151231_global_asia-enhanced_c201607211230.bitmask,NCEI_NGA.union.nga_lead2.add_2015ntl.mask,timezone.shp,VBD_platforms-recurring_2015_r20170330.shp,0.767288,VBD_bridges_c20160811.shp,19.107107;17.397036;14.693351;9.872889;5.028845;0.164623;-4.717433;-2.668029;-0.463942;4.408493;9.296770;14.195400,76.296768;90.732086;104.737396;103.313332;102.017212;100.838966;99.779457;86.144508;72.459229;73.563164;74.566231;75.490944,npp_d20140716_t1940087_e1945491_b14080,135.107,49.2252,65.9443,-79.2592,24.8675,106.52
885,VBD_npp_d20140716_t1942189_x1009478E_y076110N_l1178_s3818_v23,2017-05-23 13:09:12,7.611033,100.947754,16.2831,2014-07-16 19:42:18,2014-07-17 02:42:18,1178,3818,0.226722,1,2529,0.494366,0.140846,0.817785,0.4,0.758757,0.75,0.0514095,0.0001,0.00489875,999999,1.639010e-01,3,Thailand Exclusive Economic Zone,,,SVDNB_npp_d20140716_t1940087_e1945491_b14080_c20140717014549591992_noaa_ops.h5,GDNBO_npp_d20140716_t1940087_e1945491_b14080_c20140717014549591757_noaa_ops.h5,SVI04_npp_d20140716_t1940087_e1945491_b14080_c20140717014549047847_noaa_ops.dspace_rad,VNFF_npp_d20140716_t1940087_e1945491_b14080_v21.csv,World_EEZ_v8_2014.shp,WPP_BFAR_merge.shp,KKP_IDN_merge_20161208.shp,VNF-VBD_npp_20120301-20151231_global_asia-enhanced_c201607211230.bitmask,NCEI_NGA.union.nga_lead2.add_2015ntl.mask,timezone.shp,VBD_platforms-recurring_2015_r20170330.shp,999999,VBD_bridges_c20160811.shp,19.107107;17.397036;14.693351;9.872889;5.028845;0.164623;-4.717433;-2.668029;-0.463942;4.408493;9.296770;14.195400,76.296768;90.732086;104.737396;103.313332;102.017212;100.838966;99.779457;86.144508;72.459229;73.563164;74.566231;75.490944,npp_d20140716_t1940087_e1945491_b14080,135.119,49.244,65.9618,-79.1618,24.8585,106.476
886,VBD_npp_d20140716_t1942296_x1007932E_y070352N_l1269_s3818_v23,2017-05-23 13:09:12,7.035240,100.793228,9.25159,2014-07-16 19:42:29,2014-07-17 02:42:29,1269,3818,0.314008,2,2465,0.310888,0.17875,0.6771,0.4,0.52746,0.75,0.0515051,0.0001,0.00493585,999999,-1.866913e-01,3,Thailand Exclusive Economic Zone,,,SVDNB_npp_d20140716_t1940087_e1945491_b14080_c20140717014549591992_noaa_ops.h5,GDNBO_npp_d20140716_t1940087_e1945491_b14080_c20140717014549591757_noaa_ops.h5,SVI04_npp_d20140716_t1940087_e1945491_b14080_c20140717014549047847_noaa_ops.dspace_rad,VNFF_npp_d20140716_t1940087_e1945491_b14080_v21.csv,World_EEZ_v8_2014.shp,WPP_BFAR_merge.shp,KKP_IDN_merge_20161208.shp,VNF-VBD_npp_20120301-20151231_global_asia-enhanced_c201607211230.bitmask,NCEI_NGA.union.nga_lead2.add_2015ntl.mask,timezone.shp,VBD_platforms-recurring_2015_r20170330.shp,999999,VBD_bridges_c20160811.shp,19.107107;17.397036;14.693351;9.872889;5.028845;0.164623;-4.717433;-2.668029;-0.463942;4.408493;9.296770;14.195400,76.296768;90.732086;104.737396;103.313332;102.017212;100.838966;99.779457;86.144508;72.459229;73.563164;74.566231;75.490944,npp_d20140716_t1940087_e1945491_b14080,135.577,49.6008,65.9576,-79.4703,24.807,105.174
888,VBD_npp_d20140716_t1942278_x1008216E_y071150N_l1256_s3819_v23,2017-05-23 13:09:12,7.114975,100.821632,9.11557,2014-07-16 19:42:27,2014-07-17 02:42:27,1256,3819,0.31539,1,2529,0.350599,0.188453,0.686798,0.4,0.79114,0.75,0.0514932,0.0001,0.00492262,999999,-2.764417e-01,3,Thailand Exclusive Economic Zone,,,SVDNB_npp_d20140716_t1940087_e1945491_b14080_c20140717014549591992_noaa_ops.h5,GDNBO_npp_d20140716_t1940087_e1945491_b14080_c20140717014549591757_noaa_ops.h5,SVI04_npp_d20140716_t1940087_e1945491_b14080_c20140717014549047847_noaa_ops.dspace_rad,VNFF_npp_d20140716_t1940087_e1945491_b14080_v21.csv,World_EEZ_v8_2014.shp,WPP_BFAR_merge.shp,KKP_IDN_merge_20161208.shp,VNF-VBD_npp_20120301-20151231_global_asia-enhanced_c201607211230.bitmask,NCEI_NGA.union.nga_lead2.add_2015ntl.mask,timezone.shp,VBD_platforms-recurring_2015_r20170330.shp,999999,VBD_bridges_c20160811.shp,19.107107;17.397036;14.693351;9.872889;5.028845;0.164623;-4.717433;-2.668029;-0.463942;4.408493;9.296770;14.195400,76.296768;90.732086;104.737396;103.313332;102.017212;100.838966;99.779457;86.144508;72.459229;73.563164;74.566231;75.490944,npp_d20140716_t1940087_e1945491_b14080,135.509,49.5553,65.9729,-79.3466,24.8077,105.359
890,VBD_npp_d20140716_t1942278_x1008258E_y071000N_l1258_s3820_v23,2017-05-23 13:09:12,7.100048,100.825829,5.48028,2014-07-16 19:42:27,2014-07-17 02:42:27,1258,3820,0.34268,2,2209,0.191331,0.176039,0.686798,0.4,0.708743,0.75,0.0514991,0.0001,0.00491148,999999,-1.616203e-01,3,Thailand Exclusive Economic Zone,,,SVDNB_npp_d20140716_t1940087_e1945491_b14080_c20140717014549591992_noaa_ops.h5,GDNBO_npp_d20140716_t1940087_e1945491_b14080_c20140717014549591757_noaa_ops.h5,SVI04_npp_d20140716_t1940087_e1945491_b14080_c20140717014549047847_noaa_ops.dspace_rad,VNFF_npp_d20140716_t1940087_e1945491_b14080_v21.csv,World_EEZ_v8_2014.shp,WPP_BFAR_merge.shp,KKP_IDN_merge_20161208.shp,VNF-VBD_npp_20120301-20151231_global_asia-enhanced_c201607211230.bitmask,NCEI_NGA.union.nga_lead2.add_2015ntl.mask,timezone.shp,VBD_platforms-recurring_2015_r20170330.shp,999999,VBD_bridges_c20160811.shp,19.107107;17.397036;14.693351;9.872889;5.028845;0.164623;-4.717433;-2.668029;-0.463942;4.408493;9.296770;14.195400,76.296768;90.732086;104.737396;103.313332;102.017212;100.838966;99.779457;86.144508;72.459229;73.563164;74.566231;75.490944,npp_d20140716_t1940087_e1945491_b14080,135.516,49.5701,65.9906,-79.2814,24.7996,105.33
892,VBD_npp_d20140716_t1942260_x1008548E_y071664N_l1247_s3821_v23,2017-05-23 13:09:12,7.166443,100.854790,18.4446,2014-07-16 19:42:26,2014-07-17 02:42:26,1247,3821,0.231584,1,2529,0.512072,0.156894,0.768903,0.4,0.819006,0.75,0.0514896,0.0001,0.00489649,999999,1.546902e-02,3,Thailand Exclusive Economic Zone,,,SVDNB_npp_d20140716_t1940087_e1945491_b14080_c20140717014549591992_noaa_ops.h5,GDNBO_npp_d20140716_t1940087_e1945491_b14080_c20140717014549591757_noaa_ops.h5,SVI04_npp_d20140716_t1940087_e1945491_b14080_c20140717014549047847_noaa_ops.dspace_rad,VNFF_npp_d20140716_t1940087_e1945491_b14080_v21.csv,World_EEZ_v8_2014.shp,WPP_BFAR_merge.shp,KKP_IDN_merge_20161208.shp,VNF-VBD_npp_20120301-20151231_global_asia-enhanced_c201607211230.bitmask,NCEI_NGA.union.nga_lead2.add_2015ntl.mask,timezone.shp,VBD_platforms-recurring_2015_r20170330.shp,999999,VBD_bridges_c20160811.shp,19.107107;17.397036;14.693351;9.872889;5.028845;0.164623;-4.717433;-2.668029;-0.463942;4.408493;9.296770;14.195400,76.296768;90.732086;104.737396;103.313332;102.017212;100.838966;99.779457;86.144508;72.459229;73.563164;74.566231;75.490944,npp_d20140716_t1940087_e1945491_b14080,135.456,49.5355,66.0138,-79.0973,24.7963,105.487
893,VBD_npp_d20140716_t1944377_x0990487E_y003152S_l2421_s3823_v23,2017-05-23 13:09:12,-0.315179,99.048714,8.98635,2014-07-16 19:44:37,2014-07-17 02:44:37,2421,3823,0.371352,1,2529,0.388619,0.162121,0.727317,0.4,0.833289,0.75,0.0512972,0.0001,0.00453642,999999,-3.287981e-02,3,Indonesian Exclusive Economic Zone,WPP572,,SVDNB_npp_d20140716_t1940087_e1945491_b14080_c20140717014549591992_noaa_ops.h5,GDNBO_npp_d20140716_t1940087_e1945491_b14080_c20140717014549591757_noaa_ops.h5,SVI04_npp_d20140716_t1940087_e1945491_b14080_c20140717014549047847_noaa_ops.dspace_rad,VNFF_npp_d20140716_t1940087_e1945491_b14080_v21.csv,World_EEZ_v8_2014.shp,WPP_BFAR_merge.shp,KKP_IDN_merge_20161208.shp,VNF-VBD_npp_20120301-20151231_global_asia-enhanced_c201607211230.bitmask,NCEI_NGA.union.nga_lead2.add_2015ntl.mask,timezone.shp,VBD_platforms-recurring_2015_r20170330.shp,999999,VBD_bridges_c20160811.shp,19.107107;17.397036;14.693351;9.872889;5.028845;0.164623;-4.717433;-2.668029;-0.463942;4.408493;9.296770;14.195400,76.296768;90.732086;104.737396;103.313332;102.017212;100.838966;99.779457;86.144508;72.459229;73.563164;74.566231;75.490944,npp_d20140716_t1940087_e1945491_b14080,141.028,55.2511,66.0603,-81.137,25.1457,88.7158
897,VBD_npp_d20140716_t1942224_x1009616E_y073949N_l1210_s3828_v23,2017-05-23 13:09:12,7.394877,100.961601,15.7941,2014-07-16 19:42:22,2014-07-17 02:42:22,1210,3828,0.323289,8,18913,0.547995,0.175597,0.857708,0.4,0.797099,0.75,0.0514708,0.0001,0.00474795,999999,-1.575232e-01,3,Thailand Exclusive Economic Zone,,,SVDNB_npp_d20140716_t1940087_e1945491_b14080_c20140717014549591992_noaa_ops.h5,GDNBO_npp_d20140716_t1940087_e1945491_b14080_c20140717014549591757_noaa_ops.h5,SVI04_npp_d20140716_t1940087_e1945491_b14080_c20140717014549047847_noaa_ops.dspace_rad,VNFF_npp_d20140716_t1940087_e1945491_b14080_v21.csv,World_EEZ_v8_2014.shp,WPP_BFAR_merge.shp,KKP_IDN_merge_20161208.shp,VNF-VBD_npp_20120301-20151231_global_asia-enhanced_c201607211230.bitmask,NCEI_NGA.union.nga_lead2.add_2015ntl.mask,timezone.shp,VBD_platforms-recurring_2015_r20170330.shp,0.507287,VBD_bridges_c20160811.shp,19.107107;17.397036;14.693351;9.872889;5.028845;0.164623;-4.717433;-2.668029;-0.463942;4.408493;9.296770;14.195400,76.296768;90.732086;104.737396;103.313332;102.017212;100.838966;99.779457;86.144508;72.459229;73.563164;74.566231;75.490944,npp_d20140716_t1940087_e1945491_b14080,135.239,49.4314,66.136,-79.2025,24.7697,106.04
898,VBD_npp_d20140716_t1942278_x1008900E_y071376N_l1251_s3828_v23,2017-05-23 13:09:12,7.137584,100.890007,27.938,2014-07-16 19:42:27,2014-07-17 02:42:27,1251,3828,0.229705,1,2529,0.673293,0.173618,0.784303,0.4,0.88865,0.75,0.0515195,0.0001,0.00475187,999999,-1.392255e-01,3,Thailand Exclusive Economic Zone,,,SVDNB_npp_d20140716_t1940087_e1945491_b14080_c20140717014549591992_noaa_ops.h5,GDNBO_npp_d20140716_t1940087_e1945491_b14080_c20140717014549591757_noaa_ops.h5,SVI04_npp_d20140716_t1940087_e1945491_b14080_c20140717014549047847_noaa_ops.dspace_rad,VNFF_npp_d20140716_t1940087_e1945491_b14080_v21.csv,World_EEZ_v8_2014.shp,WPP_BFAR_merge.shp,KKP_IDN_merge_20161208.shp,VNF-VBD_npp_20120301-20151231_global_asia-enhanced_c201607211230.bitmask,NCEI_NGA.union.nga_lead2.add_2015ntl.mask,timezone.shp,VBD_platforms-recurring_2015_r20170330.shp,999999,VBD_bridges_c20160811.shp,19.107107;17.397036;14.693351;9.872889;5.028845;0.164623;-4.717433;-2.668029;-0.463942;4.408493;9.296770;14.195400,76.296768;90.732086;104.737396;103.313332;102.017212;100.838966;99.779457;86.144508;72.459229;73.563164;74.566231;75.490944,npp_d20140716_t1940087_e1945491_b14080,135.443,49.591,66.1337,-79.4997,24.7473,105.455
900,VBD_npp_d20140716_t1942207_x1010104E_y075416N_l1187_s3830_v23,2017-05-23 13:09:12,7.541558,101.010368,29.2259,2014-07-16 19:42:20,2014-07-17 02:42:20,1187,3830,0.25788,8,18913,0.765733,0.164719,0.849269,0.4,0.917331,0.75,0.0514539,0.0001,0.00468324,999999,-5.691299e-02,3,Thailand Exclusive Economic Zone,,,SVDNB_npp_d20140716_t1940087_e1945491_b14080_c20140717014549591992_noaa_ops.h5,GDNBO_npp_d20140716_t1940087_e1945491_b14080_c20140717014549591757_noaa_ops.h5,SVI04_npp_d20140716_t1940087_e1945491_b14080_c20140717014549047847_noaa_ops.dspace_rad,VNFF_npp_d20140716_t1940087_e1945491_b14080_v21.csv,World_EEZ_v8_2014.shp,WPP_BFAR_merge.shp,KKP_IDN_merge_20161208.shp,VNF-VBD_npp_20120301-20151231_global_asia-enhanced_c201607211230.bitmask,NCEI_NGA.union.nga_lead2.add_2015ntl.mask,timezone.shp,VBD_platforms-recurring_2015_r20170330.shp,0.683726,VBD_bridges_c20160811.shp,19.107107;17.397036;14.693351;9.872889;5.028845;0.164623;-4.717433;-2.668029;-0.463942;4.408493;9.296770;14.195400,76.296768;90.732086;104.737396;103.313332;102.017212;100.838966;99.779457;86.144508;72.459229;73.563164;74.566231;75.490944,npp_d20140716_t1940087_e1945491_b14080,135.112,49.3515,66.1698,-79.3987,24.7711,106.382
902,VBD_npp_d20140716_t1942224_x1009877E_y074183N_l1206_s3831_v23,2017-05-23 13:09:12,7.418342,100.987679,31.207,2014-07-16 19:42:22,2014-07-17 02:42:22,1206,3831,0.322958,8,18913,0.820593,0.173171,0.847928,0.4,0.950578,0.75,0.0514768,0.0001,0.00468342,999999,-1.350851e-01,3,Thailand Exclusive Economic Zone,,,SVDNB_npp_d20140716_t1940087_e1945491_b14080_c20140717014549591992_noaa_ops.h5,GDNBO_npp_d20140716_t1940087_e1945491_b14080_c20140717014549591757_noaa_ops.h5,SVI04_npp_d20140716_t1940087_e1945491_b14080_c20140717014549047847_noaa_ops.dspace_rad,VNFF_npp_d20140716_t1940087_e1945491_b14080_v21.csv,World_EEZ_v8_2014.shp,WPP_BFAR_merge.shp,KKP_IDN_merge_20161208.shp,VNF-VBD_npp_20120301-20151231_global_asia-enhanced_c201607211230.bitmask,NCEI_NGA.union.nga_lead2.add_2015ntl.mask,timezone.shp,VBD_platforms-recurring_2015_r20170330.shp,0.187375,VBD_bridges_c20160811.shp,19.107107;17.397036;14.693351;9.872889;5.028845;0.164623;-4.717433;-2.668029;-0.463942;4.408493;9.296770;14.195400,76.296768;90.732086;104.737396;103.313332;102.017212;100.838966;99.779457;86.144508;72.459229;73.563164;74.566231;75.490944,npp_d20140716_t1940087_e1945491_b14080,135.204,49.4337,66.1899,-79.3283,24.7511,106.109
903,VBD_npp_d20140716_t1942260_x1009288E_y071807N_l1243_s3831_v23,2017-05-23 13:09:12,7.180692,100.928833,13.4665,2014-07-16 19:42:26,2014-07-17 02:42:26,1243,3831,0.171588,2,2465,0.365489,0.198318,0.695823,0.4,0.749281,0.75,0.0515208,0.0001,0.00471317,999999,-3.676849e-01,3,Thailand Exclusive Economic Zone,,,SVDNB_npp_d20140716_t1940087_e1945491_b14080_c20140717014549591992_noaa_ops.h5,GDNBO_npp_d20140716_t1940087_e1945491_b14080_c20140717014549591757_noaa_ops.h5,SVI04_npp_d20140716_t1940087_e1945491_b14080_c20140717014549047847_noaa_ops.dspace_rad,VNFF_npp_d20140716_t1940087_e1945491_b14080_v21.csv,World_EEZ_v8_2014.shp,WPP_BFAR_merge.shp,KKP_IDN_merge_20161208.shp,VNF-VBD_npp_20120301-20151231_global_asia-enhanced_c201607211230.bitmask,NCEI_NGA.union.nga_lead2.add_2015ntl.mask,timezone.shp,VBD_platforms-recurring_2015_r20170330.shp,999999,VBD_bridges_c20160811.shp,19.107107;17.397036;14.693351;9.872889;5.028845;0.164623;-4.717433;-2.668029;-0.463942;4.408493;9.296770;14.195400,76.296768;90.732086;104.737396;103.313332;102.017212;100.838966;99.779457;86.144508;72.459229;73.563164;74.566231;75.490944,npp_d20140716_t1940087_e1945491_b14080,135.391,49.5821,66.1919,-79.2176,24.7283,105.57
904,VBD_npp_d20140716_t1943229_x1001113E_y039642N_l1749_s3831_v23,2017-05-23 13:09:12,3.964206,100.111336,9.76767,2014-07-16 19:43:22,2014-07-17 02:43:22,1749,3831,0.175345,8,18849,0.253732,0.178122,0.671848,0.4,0.641731,0.75,0.0515734,0.0001,0.00478883,999999,-1.808853e-01,3,Malaysian Exclusive Economic Zone,,,SVDNB_npp_d20140716_t1940087_e1945491_b14080_c20140717014549591992_noaa_ops.h5,GDNBO_npp_d20140716_t1940087_e1945491_b14080_c20140717014549591757_noaa_ops.h5,SVI04_npp_d20140716_t1940087_e1945491_b14080_c20140717014549047847_noaa_ops.dspace_rad,VNFF_npp_d20140716_t1940087_e1945491_b14080_v21.csv,World_EEZ_v8_2014.shp,WPP_BFAR_merge.shp,KKP_IDN_merge_20161208.shp,VNF-VBD_npp_20120301-20151231_global_asia-enhanced_c201607211230.bitmask,NCEI_NGA.union.nga_lead2.add_2015ntl.mask,timezone.shp,VBD_platforms-recurring_2015_r20170330.shp,0.229482,VBD_bridges_c20160811.shp,19.107107;17.397036;14.693351;9.872889;5.028845;0.164623;-4.717433;-2.668029;-0.463942;4.408493;9.296770;14.195400,76.296768;90.732086;104.737396;103.313332;102.017212;100.838966;99.779457;86.144508;72.459229;73.563164;74.566231;75.490944,npp_d20140716_t1940087_e1945491_b14080,137.877,51.7734,66.1902,-80.1801,24.6353,98.2504
905,VBD_npp_d20140716_t1943229_x1001158E_y039493N_l1751_s3832_v23,2017-05-23 13:09:12,3.949251,100.115768,7.89924,2014-07-16 19:43:22,2014-07-17 02:43:22,1751,3832,0.168771,2,2209,0.174198,0.149038,0.569352,0.4,0.421087,0.75,0.0515787,0.0001,0.00476981,999999,8.813371e-02,3,Malaysian Exclusive Economic Zone,,,SVDNB_npp_d20140716_t1940087_e1945491_b14080_c20140717014549591992_noaa_ops.h5,GDNBO_npp_d20140716_t1940087_e1945491_b14080_c20140717014549591757_noaa_ops.h5,SVI04_npp_d20140716_t1940087_e1945491_b14080_c20140717014549047847_noaa_ops.dspace_rad,VNFF_npp_d20140716_t1940087_e1945491_b14080_v21.csv,World_EEZ_v8_2014.shp,WPP_BFAR_merge.shp,KKP_IDN_merge_20161208.shp,VNF-VBD_npp_20120301-20151231_global_asia-enhanced_c201607211230.bitmask,NCEI_NGA.union.nga_lead2.add_2015ntl.mask,timezone.shp,VBD_platforms-recurring_2015_r20170330.shp,999999,VBD_bridges_c20160811.shp,19.107107;17.397036;14.693351;9.872889;5.028845;0.164623;-4.717433;-2.668029;-0.463942;4.408493;9.296770;14.195400,76.296768;90.732086;104.737396;103.313332;102.017212;100.838966;99.779457;86.144508;72.459229;73.563164;74.566231;75.490944,npp_d20140716_t1940087_e1945491_b14080,137.883,51.7898,66.2078,-80.1153,24.6287,98.2193
907,VBD_npp_d20140716_t1944323_x0991889E_y000554S_l2378_s3834_v23,2017-05-23 13:09:12,-0.055445,99.188927,17.967,2014-07-16 19:44:32,2014-07-17 02:44:32,2378,3834,0.364999,1,2529,0.635654,0.151614,0.824828,0.4,0.904528,0.75,0.0513726,0.0001,0.004373,999999,6.430477e-02,3,Indonesian Exclusive Economic Zone,WPP572,,SVDNB_npp_d20140716_t1940087_e1945491_b14080_c20140717014549591992_noaa_ops.h5,GDNBO_npp_d20140716_t1940087_e1945491_b14080_c20140717014549591757_noaa_ops.h5,SVI04_npp_d20140716_t1940087_e1945491_b14080_c20140717014549047847_noaa_ops.dspace_rad,VNFF_npp_d20140716_t1940087_e1945491_b14080_v21.csv,World_EEZ_v8_2014.shp,WPP_BFAR_merge.shp,KKP_IDN_merge_20161208.shp,VNF-VBD_npp_20120301-20151231_global_asia-enhanced_c201607211230.bitmask,NCEI_NGA.union.nga_lead2.add_2015ntl.mask,timezone.shp,VBD_platforms-recurring_2015_r20170330.shp,999999,VBD_bridges_c20160811.shp,19.107107;17.397036;14.693351;9.872889;5.028845;0.164623;-4.717433;-2.668029;-0.463942;4.408493;9.296770;14.195400,76.296768;90.732086;104.737396;103.313332;102.017212;100.838966;99.779457;86.144508;72.459229;73.563164;74.566231;75.490944,npp_d20140716_t1940087_e1945491_b14080,140.782,55.0714,66.2567,-80.9077,25.0204,89.2771
910,VBD_npp_d20140716_t1943212_x1001782E_y040513N_l1734_s3837_v23,2017-05-23 13:09:12,4.051321,100.178230,12.0798,2014-07-16 19:43:21,2014-07-17 02:43:21,1734,3837,0.114852,8,18849,0.311751,0.149252,0.605798,0.4,0.698106,0.75,0.0515824,0.0001,0.00468378,999999,8.615519e-02,3,Malaysian Exclusive Economic Zone,,,SVDNB_npp_d20140716_t1940087_e1945491_b14080_c20140717014549591992_noaa_ops.h5,GDNBO_npp_d20140716_t1940087_e1945491_b14080_c20140717014549591757_noaa_ops.h5,SVI04_npp_d20140716_t1940087_e1945491_b14080_c20140717014549047847_noaa_ops.dspace_rad,VNFF_npp_d20140716_t1940087_e1945491_b14080_v21.csv,World_EEZ_v8_2014.shp,WPP_BFAR_merge.shp,KKP_IDN_merge_20161208.shp,VNF-VBD_npp_20120301-20151231_global_asia-enhanced_c201607211230.bitmask,NCEI_NGA.union.nga_lead2.add_2015ntl.mask,timezone.shp,VBD_platforms-recurring_2015_r20170330.shp,0.333044,VBD_bridges_c20160811.shp,19.107107;17.397036;14.693351;9.872889;5.028845;0.164623;-4.717433;-2.668029;-0.463942;4.408493;9.296770;14.195400,76.296768;90.732086;104.737396;103.313332;102.017212;100.838966;99.779457;86.144508;72.459229;73.563164;74.566231;75.490944,npp_d20140716_t1940087_e1945491_b14080,137.776,51.7426,66.3015,-80.1196,24.5883,98.4659
911,VBD_npp_d20140716_t1942260_x1009895E_y072333N_l1234_s3838_v23,2017-05-23 13:09:12,7.233317,100.989517,11.5533,2014-07-16 19:42:26,2014-07-17 02:42:26,1234,3838,0.350912,8,18913,0.453519,0.164184,0.745439,0.4,0.817959,0.75,0.0515352,0.0001,0.00456691,999999,-5.195984e-02,3,Thailand Exclusive Economic Zone,,,SVDNB_npp_d20140716_t1940087_e1945491_b14080_c20140717014549591992_noaa_ops.h5,GDNBO_npp_d20140716_t1940087_e1945491_b14080_c20140717014549591757_noaa_ops.h5,SVI04_npp_d20140716_t1940087_e1945491_b14080_c20140717014549047847_noaa_ops.dspace_rad,VNFF_npp_d20140716_t1940087_e1945491_b14080_v21.csv,World_EEZ_v8_2014.shp,WPP_BFAR_merge.shp,KKP_IDN_merge_20161208.shp,VNF-VBD_npp_20120301-20151231_global_asia-enhanced_c201607211230.bitmask,NCEI_NGA.union.nga_lead2.add_2015ntl.mask,timezone.shp,VBD_platforms-recurring_2015_r20170330.shp,0.518919,VBD_bridges_c20160811.shp,19.107107;17.397036;14.693351;9.872889;5.028845;0.164623;-4.717433;-2.668029;-0.463942;4.408493;9.296770;14.195400,76.296768;90.732086;104.737396;103.313332;102.017212;100.838966;99.779457;86.144508;72.459229;73.563164;74.566231;75.490944,npp_d20140716_t1940087_e1945491_b14080,135.311,49.5886,66.3181,-79.5004,24.6838,105.726
912,VBD_npp_d20140716_t1942278_x1009811E_y071257N_l1250_s3841_v23,2017-05-23 13:09:12,7.125686,100.981071,18.1314,2014-07-16 19:42:27,2014-07-17 02:42:27,1250,3841,0.234125,1,2529,0.49626,0.181512,0.843161,0.4,0.818968,0.75,0.051565,0.0001,0.00453198,999999,-2.122422e-01,3,Thailand Exclusive Economic Zone,,,SVDNB_npp_d20140716_t1940087_e1945491_b14080_c20140717014549591992_noaa_ops.h5,GDNBO_npp_d20140716_t1940087_e1945491_b14080_c20140717014549591757_noaa_ops.h5,SVI04_npp_d20140716_t1940087_e1945491_b14080_c20140717014549047847_noaa_ops.dspace_rad,VNFF_npp_d20140716_t1940087_e1945491_b14080_v21.csv,World_EEZ_v8_2014.shp,WPP_BFAR_merge.shp,KKP_IDN_merge_20161208.shp,VNF-VBD_npp_20120301-20151231_global_asia-enhanced_c201607211230.bitmask,NCEI_NGA.union.nga_lead2.add_2015ntl.mask,timezone.shp,VBD_platforms-recurring_2015_r20170330.shp,999999,VBD_bridges_c20160811.shp,19.107107;17.397036;14.693351;9.872889;5.028845;0.164623;-4.717433;-2.668029;-0.463942;4.408493;9.296770;14.195400,76.296768;90.732086;104.737396;103.313332;102.017212;100.838966;99.779457;86.144508;72.459229;73.563164;74.566231;75.490944,npp_d20140716_t1940087_e1945491_b14080,135.382,49.6709,66.3657,-79.511,24.6556,105.495
914,VBD_npp_d20140716_t1942118_x1012203E_y079522N_l1119_s3843_v23,2017-05-23 13:09:12,7.952208,101.220291,36.0149,2014-07-16 19:42:11,2014-07-17 02:42:11,1119,3843,0.234125,8,18913,0.773644,0.157446,0.822782,0.4,0.918535,0.75,0.0514916,0.0001,0.00446348,999999,1.035994e-02,3,Thailand Exclusive Economic Zone,,,SVDNB_npp_d20140716_t1940087_e1945491_b14080_c20140717014549591992_noaa_ops.h5,GDNBO_npp_d20140716_t1940087_e1945491_b14080_c20140717014549591757_noaa_ops.h5,SVI04_npp_d20140716_t1940087_e1945491_b14080_c20140717014549047847_noaa_ops.dspace_rad,VNFF_npp_d20140716_t1940087_e1945491_b14080_v21.csv,World_EEZ_v8_2014.shp,WPP_BFAR_merge.shp,KKP_IDN_merge_20161208.shp,VNF-VBD_npp_20120301-20151231_global_asia-enhanced_c201607211230.bitmask,NCEI_NGA.union.nga_lead2.add_2015ntl.mask,timezone.shp,VBD_platforms-recurring_2015_r20170330.shp,0.468627,VBD_bridges_c20160811.shp,19.107107;17.397036;14.693351;9.872889;5.028845;0.164623;-4.717433;-2.668029;-0.463942;4.408493;9.296770;14.195400,76.296768;90.732086;104.737396;103.313332;102.017212;100.838966;99.779457;86.144508;72.459229;73.563164;74.566231;75.490944,npp_d20140716_t1940087_e1945491_b14080,134.714,49.176,66.4044,-78.8887,24.7247,107.386
916,VBD_npp_d20140716_t1942260_x1010219E_y071502N_l1245_s3845_v23,2017-05-23 13:09:12,7.150177,101.021851,23.1329,2014-07-16 19:42:26,2014-07-17 02:42:26,1245,3845,0.33815,1,2529,0.687,0.128477,0.86521,0.4,0.887035,0.75,0.0515734,0.0001,0.0044897,999999,2.783083e-01,3,Thailand Exclusive Economic Zone,,,SVDNB_npp_d20140716_t1940087_e1945491_b14080_c20140717014549591992_noaa_ops.h5,GDNBO_npp_d20140716_t1940087_e1945491_b14080_c20140717014549591757_noaa_ops.h5,SVI04_npp_d20140716_t1940087_e1945491_b14080_c20140717014549047847_noaa_ops.dspace_rad,VNFF_npp_d20140716_t1940087_e1945491_b14080_v21.csv,World_EEZ_v8_2014.shp,WPP_BFAR_merge.shp,KKP_IDN_merge_20161208.shp,VNF-VBD_npp_20120301-20151231_global_asia-enhanced_c201607211230.bitmask,NCEI_NGA.union.nga_lead2.add_2015ntl.mask,timezone.shp,VBD_platforms-recurring_2015_r20170330.shp,999999,VBD_bridges_c20160811.shp,19.107107;17.397036;14.693351;9.872889;5.028845;0.164623;-4.717433;-2.668029;-0.463942;4.408493;9.296770;14.195400,76.296768;90.732086;104.737396;103.313332;102.017212;100.838966;99.779457;86.144508;72.459229;73.563164;74.566231;75.490944,npp_d20140716_t1940087_e1945491_b14080,135.341,49.6778,66.437,-79.1484,24.6296,105.571
917,VBD_npp_d20140716_t1942278_x1010071E_y071208N_l1250_s3845_v23,2017-05-23 13:09:12,7.120846,101.007118,35.3536,2014-07-16 19:42:27,2014-07-17 02:42:27,1250,3845,0.33583,1,2529,0.812268,0.136879,0.872839,0.4,0.894925,0.75,0.0515793,0.0001,0.00447076,999999,2.005933e-01,3,Thailand Exclusive Economic Zone,,,SVDNB_npp_d20140716_t1940087_e1945491_b14080_c20140717014549591992_noaa_ops.h5,GDNBO_npp_d20140716_t1940087_e1945491_b14080_c20140717014549591757_noaa_ops.h5,SVI04_npp_d20140716_t1940087_e1945491_b14080_c20140717014549047847_noaa_ops.dspace_rad,VNFF_npp_d20140716_t1940087_e1945491_b14080_v21.csv,World_EEZ_v8_2014.shp,WPP_BFAR_merge.shp,KKP_IDN_merge_20161208.shp,VNF-VBD_npp_20120301-20151231_global_asia-enhanced_c201607211230.bitmask,NCEI_NGA.union.nga_lead2.add_2015ntl.mask,timezone.shp,VBD_platforms-recurring_2015_r20170330.shp,999999,VBD_bridges_c20160811.shp,19.107107;17.397036;14.693351;9.872889;5.028845;0.164623;-4.717433;-2.668029;-0.463942;4.408493;9.296770;14.195400,76.296768;90.732086;104.737396;103.313332;102.017212;100.838966;99.779457;86.144508;72.459229;73.563164;74.566231;75.490944,npp_d20140716_t1940087_e1945491_b14080,135.365,49.6948,66.4323,-79.5077,24.629,105.503
921,VBD_npp_d20140716_t1942260_x1010311E_y071279N_l1248_s3847_v23,2017-05-23 13:09:12,7.127911,101.031113,12.7414,2014-07-16 19:42:26,2014-07-17 02:42:26,1248,3847,0.338371,1,2529,0.407637,0.126956,0.872617,0.4,0.806135,0.75,0.0515841,0.0001,0.00446705,999999,2.923823e-01,3,Thailand Exclusive Economic Zone,,,SVDNB_npp_d20140716_t1940087_e1945491_b14080_c20140717014549591992_noaa_ops.h5,GDNBO_npp_d20140716_t1940087_e1945491_b14080_c20140717014549591757_noaa_ops.h5,SVI04_npp_d20140716_t1940087_e1945491_b14080_c20140717014549047847_noaa_ops.dspace_rad,VNFF_npp_d20140716_t1940087_e1945491_b14080_v21.csv,World_EEZ_v8_2014.shp,WPP_BFAR_merge.shp,KKP_IDN_merge_20161208.shp,VNF-VBD_npp_20120301-20151231_global_asia-enhanced_c201607211230.bitmask,NCEI_NGA.union.nga_lead2.add_2015ntl.mask,timezone.shp,VBD_platforms-recurring_2015_r20170330.shp,999999,VBD_bridges_c20160811.shp,19.107107;17.397036;14.693351;9.872889;5.028845;0.164623;-4.717433;-2.668029;-0.463942;4.408493;9.296770;14.195400,76.296768;90.732086;104.737396;103.313332;102.017212;100.838966;99.779457;86.144508;72.459229;73.563164;74.566231;75.490944,npp_d20140716_t1940087_e1945491_b14080,135.348,49.7021,66.4705,-79.0551,24.6146,105.53
922,VBD_npp_d20140716_t1942242_x1010775E_y073004N_l1221_s3848_v23,2017-05-23 13:09:12,7.300430,101.077492,63.413,2014-07-16 19:42:24,2014-07-17 02:42:24,1221,3848,0.356602,1,2529,1.08513,0.144958,0.876183,0.4,0.970222,0.75,0.0515557,0.0001,0.00441534,999999,1.258704e-01,3,Thailand Exclusive Economic Zone,,,SVDNB_npp_d20140716_t1940087_e1945491_b14080_c20140717014549591992_noaa_ops.h5,GDNBO_npp_d20140716_t1940087_e1945491_b14080_c20140717014549591757_noaa_ops.h5,SVI04_npp_d20140716_t1940087_e1945491_b14080_c20140717014549047847_noaa_ops.dspace_rad,VNFF_npp_d20140716_t1940087_e1945491_b14080_v21.csv,World_EEZ_v8_2014.shp,WPP_BFAR_merge.shp,KKP_IDN_merge_20161208.shp,VNF-VBD_npp_20120301-20151231_global_asia-enhanced_c201607211230.bitmask,NCEI_NGA.union.nga_lead2.add_2015ntl.mask,timezone.shp,VBD_platforms-recurring_2015_r20170330.shp,999999,VBD_bridges_c20160811.shp,19.107107;17.397036;14.693351;9.872889;5.028845;0.164623;-4.717433;-2.668029;-0.463942;4.408493;9.296770;14.195400,76.296768;90.732086;104.737396;103.313332;102.017212;100.838966;99.779457;86.144508;72.459229;73.563164;74.566231;75.490944,npp_d20140716_t1940087_e1945491_b14080,135.207,49.5995,66.4858,-79.3637,24.6241,105.928
923,VBD_npp_d20140716_t1942278_x1010280E_y071238N_l1249_s3848_v23,2017-05-23 13:09:12,7.123789,101.028015,10.0981,2014-07-16 19:42:27,2014-07-17 02:42:27,1249,3848,0.331521,1,2529,0.353987,0.128613,0.872617,0.4,0.75883,0.75,0.0515889,0.0001,0.00442216,999999,2.770565e-01,3,Thailand Exclusive Economic Zone,,,SVDNB_npp_d20140716_t1940087_e1945491_b14080_c20140717014549591992_noaa_ops.h5,GDNBO_npp_d20140716_t1940087_e1945491_b14080_c20140717014549591757_noaa_ops.h5,SVI04_npp_d20140716_t1940087_e1945491_b14080_c20140717014549047847_noaa_ops.dspace_rad,VNFF_npp_d20140716_t1940087_e1945491_b14080_v21.csv,World_EEZ_v8_2014.shp,WPP_BFAR_merge.shp,KKP_IDN_merge_20161208.shp,VNF-VBD_npp_20120301-20151231_global_asia-enhanced_c201607211230.bitmask,NCEI_NGA.union.nga_lead2.add_2015ntl.mask,timezone.shp,VBD_platforms-recurring_2015_r20170330.shp,999999,VBD_bridges_c20160811.shp,19.107107;17.397036;14.693351;9.872889;5.028845;0.164623;-4.717433;-2.668029;-0.463942;4.408493;9.296770;14.195400,76.296768;90.732086;104.737396;103.313332;102.017212;100.838966;99.779457;86.144508;72.459229;73.563164;74.566231;75.490944,npp_d20140716_t1940087_e1945491_b14080,135.347,49.7087,66.4826,-79.5358,24.6095,105.524
926,VBD_npp_d20140716_t1942260_x1010493E_y071518N_l1244_s3849_v23,2017-05-23 13:09:12,7.151777,101.049286,7.74368,2014-07-16 19:42:26,2014-07-17 02:42:26,1244,3849,0.309865,7,2465,0.265856,0.18217,0.858728,0.4,0.708116,0.75,0.0515865,0.0001,0.00442597,999999,-2.183226e-01,3,,,,SVDNB_npp_d20140716_t1940087_e1945491_b14080_c20140717014549591992_noaa_ops.h5,GDNBO_npp_d20140716_t1940087_e1945491_b14080_c20140717014549591757_noaa_ops.h5,SVI04_npp_d20140716_t1940087_e1945491_b14080_c20140717014549047847_noaa_ops.dspace_rad,VNFF_npp_d20140716_t1940087_e1945491_b14080_v21.csv,World_EEZ_v8_2014.shp,WPP_BFAR_merge.shp,KKP_IDN_merge_20161208.shp,VNF-VBD_npp_20120301-20151231_global_asia-enhanced_c201607211230.bitmask,NCEI_NGA.union.nga_lead2.add_2015ntl.mask,timezone.shp,VBD_platforms-recurring_2015_r20170330.shp,999999,VBD_bridges_c20160811.shp,19.107107;17.397036;14.693351;9.872889;5.028845;0.164623;-4.717433;-2.668029;-0.463942;4.408493;9.296770;14.195400,76.296768;90.732086;104.737396;103.313332;102.017212;100.838966;99.779457;86.144508;72.459229;73.563164;74.566231;75.490944,npp_d20140716_t1940087_e1945491_b14080,135.319,49.6978,66.5038,-79.1759,24.6034,105.594
927,VBD_npp_d20140716_t1942278_x1010478E_y070859N_l1254_s3852_v23,2017-05-23 13:09:12,7.085917,101.047844,23.0253,2014-07-16 19:42:27,2014-07-17 02:42:27,1254,3852,0.27031,8,18913,0.600074,0.143637,0.860936,0.4,0.861653,0.75,0.0516091,0.0001,0.00437619,999999,1.380898e-01,3,Thailand Exclusive Economic Zone,,,SVDNB_npp_d20140716_t1940087_e1945491_b14080_c20140717014549591992_noaa_ops.h5,GDNBO_npp_d20140716_t1940087_e1945491_b14080_c20140717014549591757_noaa_ops.h5,SVI04_npp_d20140716_t1940087_e1945491_b14080_c20140717014549047847_noaa_ops.dspace_rad,VNFF_npp_d20140716_t1940087_e1945491_b14080_v21.csv,World_EEZ_v8_2014.shp,WPP_BFAR_merge.shp,KKP_IDN_merge_20161208.shp,VNF-VBD_npp_20120301-20151231_global_asia-enhanced_c201607211230.bitmask,NCEI_NGA.union.nga_lead2.add_2015ntl.mask,timezone.shp,VBD_platforms-recurring_2015_r20170330.shp,0.676745,VBD_bridges_c20160811.shp,19.107107;17.397036;14.693351;9.872889;5.028845;0.164623;-4.717433;-2.668029;-0.463942;4.408493;9.296770;14.195400,76.296768;90.732086;104.737396;103.313332;102.017212;100.838966;99.779457;86.144508;72.459229;73.563164;74.566231;75.490944,npp_d20140716_t1940087_e1945491_b14080,135.357,49.7533,66.5488,-79.3796,24.5799,105.457
928,VBD_npp_d20140716_t1942135_x1012594E_y078510N_l1133_s3853_v23,2017-05-23 13:09:12,7.851022,101.259392,14.7987,2014-07-16 19:42:13,2014-07-17 02:42:13,1133,3853,0.27147,2,2465,0.472486,0.171441,0.762306,0.4,0.743158,0.75,0.0515295,0.0001,0.00431944,999999,-1.190908e-01,3,Thailand Exclusive Economic Zone,,,SVDNB_npp_d20140716_t1940087_e1945491_b14080_c20140717014549591992_noaa_ops.h5,GDNBO_npp_d20140716_t1940087_e1945491_b14080_c20140717014549591757_noaa_ops.h5,SVI04_npp_d20140716_t1940087_e1945491_b14080_c20140717014549047847_noaa_ops.dspace_rad,VNFF_npp_d20140716_t1940087_e1945491_b14080_v21.csv,World_EEZ_v8_2014.shp,WPP_BFAR_merge.shp,KKP_IDN_merge_20161208.shp,VNF-VBD_npp_20120301-20151231_global_asia-enhanced_c201607211230.bitmask,NCEI_NGA.union.nga_lead2.add_2015ntl.mask,timezone.shp,VBD_platforms-recurring_2015_r20170330.shp,999999,VBD_bridges_c20160811.shp,19.107107;17.397036;14.693351;9.872889;5.028845;0.164623;-4.717433;-2.668029;-0.463942;4.408493;9.296770;14.195400,76.296768;90.732086;104.737396;103.313332;102.017212;100.838966;99.779457;86.144508;72.459229;73.563164;74.566231;75.490944,npp_d20140716_t1940087_e1945491_b14080,134.745,49.2882,66.5663,-78.9644,24.6496,107.208
929,VBD_npp_d20140716_t1944288_x0993603E_y001224N_l2347_s3853_v23,2017-05-23 13:09:12,0.122379,99.360329,11.3757,2014-07-16 19:44:28,2014-07-17 02:44:28,2347,3853,0.346492,8,18913,0.413648,0.158338,0.738178,0.4,0.809201,0.75,0.0514285,0.0001,0.0041142,999999,2.110583e-03,3,Indonesian Exclusive Economic Zone,WPP572,Jorongmaligi District Marine Conservation Area,SVDNB_npp_d20140716_t1940087_e1945491_b14080_c20140717014549591992_noaa_ops.h5,GDNBO_npp_d20140716_t1940087_e1945491_b14080_c20140717014549591757_noaa_ops.h5,SVI04_npp_d20140716_t1940087_e1945491_b14080_c20140717014549047847_noaa_ops.dspace_rad,VNFF_npp_d20140716_t1940087_e1945491_b14080_v21.csv,World_EEZ_v8_2014.shp,WPP_BFAR_merge.shp,KKP_IDN_merge_20161208.shp,VNF-VBD_npp_20120301-20151231_global_asia-enhanced_c201607211230.bitmask,NCEI_NGA.union.nga_lead2.add_2015ntl.mask,timezone.shp,VBD_platforms-recurring_2015_r20170330.shp,0.280673,VBD_bridges_c20160811.shp,19.107107;17.397036;14.693351;9.872889;5.028845;0.164623;-4.717433;-2.668029;-0.463942;4.408493;9.296770;14.195400,76.296768;90.732086;104.737396;103.313332;102.017212;100.838966;99.779457;86.144508;72.459229;73.563164;74.566231;75.490944,npp_d20140716_t1940087_e1945491_b14080,140.552,55.0031,66.579,-80.8344,24.8591,89.6642
933,VBD_npp_d20140716_t1942278_x1010702E_y070954N_l1252_s3855_v23,2017-05-23 13:09:12,7.095423,101.070198,31.76,2014-07-16 19:42:27,2014-07-17 02:42:27,1252,3855,0.310473,1,2529,0.779679,0.170645,0.842606,0.4,0.937502,0.75,0.0516175,0.0001,0.00432544,999999,-1.117195e-01,3,Thailand Exclusive Economic Zone,,,SVDNB_npp_d20140716_t1940087_e1945491_b14080_c20140717014549591992_noaa_ops.h5,GDNBO_npp_d20140716_t1940087_e1945491_b14080_c20140717014549591757_noaa_ops.h5,SVI04_npp_d20140716_t1940087_e1945491_b14080_c20140717014549047847_noaa_ops.dspace_rad,VNFF_npp_d20140716_t1940087_e1945491_b14080_v21.csv,World_EEZ_v8_2014.shp,WPP_BFAR_merge.shp,KKP_IDN_merge_20161208.shp,VNF-VBD_npp_20120301-20151231_global_asia-enhanced_c201607211230.bitmask,NCEI_NGA.union.nga_lead2.add_2015ntl.mask,timezone.shp,VBD_platforms-recurring_2015_r20170330.shp,999999,VBD_bridges_c20160811.shp,19.107107;17.397036;14.693351;9.872889;5.028845;0.164623;-4.717433;-2.668029;-0.463942;4.408493;9.296770;14.195400,76.296768;90.732086;104.737396;103.313332;102.017212;100.838966;99.779457;86.144508;72.459229;73.563164;74.566231;75.490944,npp_d20140716_t1940087_e1945491_b14080,135.334,49.7632,66.5993,-79.4383,24.5608,105.493
934,VBD_npp_d20140716_t1942260_x1011148E_y072079N_l1234_s3857_v23,2017-05-23 13:09:12,7.207893,101.114792,6.43275,2014-07-16 19:42:26,2014-07-17 02:42:26,1234,3857,0.354503,7,2465,0.208956,0.156387,0.875554,0.4,0.725608,0.75,0.0516034,0.0001,0.00427718,999999,2.015639e-02,3,,,,SVDNB_npp_d20140716_t1940087_e1945491_b14080_c20140717014549591992_noaa_ops.h5,GDNBO_npp_d20140716_t1940087_e1945491_b14080_c20140717014549591757_noaa_ops.h5,SVI04_npp_d20140716_t1940087_e1945491_b14080_c20140717014549047847_noaa_ops.dspace_rad,VNFF_npp_d20140716_t1940087_e1945491_b14080_v21.csv,World_EEZ_v8_2014.shp,WPP_BFAR_merge.shp,KKP_IDN_merge_20161208.shp,VNF-VBD_npp_20120301-20151231_global_asia-enhanced_c201607211230.bitmask,NCEI_NGA.union.nga_lead2.add_2015ntl.mask,timezone.shp,VBD_platforms-recurring_2015_r20170330.shp,999999,VBD_bridges_c20160811.shp,19.107107;17.397036;14.693351;9.872889;5.028845;0.164623;-4.717433;-2.668029;-0.463942;4.408493;9.296770;14.195400,76.296768;90.732086;104.737396;103.313332;102.017212;100.838966;99.779457;86.144508;72.459229;73.563164;74.566231;75.490944,npp_d20140716_t1940087_e1945491_b14080,135.233,49.7052,66.6386,-79.4749,24.5553,105.762
936,VBD_npp_d20140716_t1942135_x1013055E_y079107N_l1123_s3858_v23,2017-05-23 13:09:12,7.910748,101.305481,16.2217,2014-07-16 19:42:13,2014-07-17 02:42:13,1123,3858,0.249207,1,2529,0.502219,0.16092,0.748934,0.4,0.838111,0.75,0.0515462,0.0001,0.00420975,999999,-2.177504e-02,3,Thailand Exclusive Economic Zone,,,SVDNB_npp_d20140716_t1940087_e1945491_b14080_c20140717014549591992_noaa_ops.h5,GDNBO_npp_d20140716_t1940087_e1945491_b14080_c20140717014549591757_noaa_ops.h5,SVI04_npp_d20140716_t1940087_e1945491_b14080_c20140717014549047847_noaa_ops.dspace_rad,VNFF_npp_d20140716_t1940087_e1945491_b14080_v21.csv,World_EEZ_v8_2014.shp,WPP_BFAR_merge.shp,KKP_IDN_merge_20161208.shp,VNF-VBD_npp_20120301-20151231_global_asia-enhanced_c201607211230.bitmask,NCEI_NGA.union.nga_lead2.add_2015ntl.mask,timezone.shp,VBD_platforms-recurring_2015_r20170330.shp,999999,VBD_bridges_c20160811.shp,19.107107;17.397036;14.693351;9.872889;5.028845;0.164623;-4.717433;-2.668029;-0.463942;4.408493;9.296770;14.195400,76.296768;90.732086;104.737396;103.313332;102.017212;100.838966;99.779457;86.144508;72.459229;73.563164;74.566231;75.490944,npp_d20140716_t1940087_e1945491_b14080,134.672,49.2791,66.6508,-79.2652,24.6234,107.371
938,VBD_npp_d20140716_t1944323_x0993620E_y000418S_l2372_s3859_v23,2017-05-23 13:09:12,-0.041783,99.361961,12.2478,2014-07-16 19:44:32,2014-07-17 02:44:32,2372,3859,0.21722,2,2465,0.376592,0.166416,0.689993,0.4,0.747823,0.75,0.0514597,0.0001,0.00403512,999999,-7.260776e-02,3,Indonesian Exclusive Economic Zone,WPP572,,SVDNB_npp_d20140716_t1940087_e1945491_b14080_c20140717014549591992_noaa_ops.h5,GDNBO_npp_d20140716_t1940087_e1945491_b14080_c20140717014549591757_noaa_ops.h5,SVI04_npp_d20140716_t1940087_e1945491_b14080_c20140717014549047847_noaa_ops.dspace_rad,VNFF_npp_d20140716_t1940087_e1945491_b14080_v21.csv,World_EEZ_v8_2014.shp,WPP_BFAR_merge.shp,KKP_IDN_merge_20161208.shp,VNF-VBD_npp_20120301-20151231_global_asia-enhanced_c201607211230.bitmask,NCEI_NGA.union.nga_lead2.add_2015ntl.mask,timezone.shp,VBD_platforms-recurring_2015_r20170330.shp,999999,VBD_bridges_c20160811.shp,19.107107;17.397036;14.693351;9.872889;5.028845;0.164623;-4.717433;-2.668029;-0.463942;4.408493;9.296770;14.195400,76.296768;90.732086;104.737396;103.313332;102.017212;100.838966;99.779457;86.144508;72.459229;73.563164;74.566231;75.490944,npp_d20140716_t1940087_e1945491_b14080,140.633,55.1784,66.6831,-81.0946,24.8444,89.3022
942,VBD_npp_d20140716_t1942242_x1011503E_y072181N_l1231_s3861_v23,2017-05-23 13:09:12,7.218050,101.150337,107.126,2014-07-16 19:42:24,2014-07-17 02:42:24,1231,3861,0.354503,1,2529,1.26958,0.147476,0.894692,0.4,0.974883,0.75,0.0516143,0.0001,0.00424909,999999,1.025803e-01,3,Thailand Exclusive Economic Zone,,,SVDNB_npp_d20140716_t1940087_e1945491_b14080_c20140717014549591992_noaa_ops.h5,GDNBO_npp_d20140716_t1940087_e1945491_b14080_c20140717014549591757_noaa_ops.h5,SVI04_npp_d20140716_t1940087_e1945491_b14080_c20140717014549047847_noaa_ops.dspace_rad,VNFF_npp_d20140716_t1940087_e1945491_b14080_v21.csv,World_EEZ_v8_2014.shp,WPP_BFAR_merge.shp,KKP_IDN_merge_20161208.shp,VNF-VBD_npp_20120301-20151231_global_asia-enhanced_c201607211230.bitmask,NCEI_NGA.union.nga_lead2.add_2015ntl.mask,timezone.shp,VBD_platforms-recurring_2015_r20170330.shp,999999,VBD_bridges_c20160811.shp,19.107107;17.397036;14.693351;9.872889;5.028845;0.164623;-4.717433;-2.668029;-0.463942;4.408493;9.296770;14.195400,76.296768;90.732086;104.737396;103.313332;102.017212;100.838966;99.779457;86.144508;72.459229;73.563164;74.566231;75.490944,npp_d20140716_t1940087_e1945491_b14080,135.205,49.7191,66.7031,-79.0476,24.5306,105.805
944,VBD_npp_d20140716_t1942153_x1012959E_y077171N_l1152_s3863_v23,2017-05-23 13:09:12,7.717059,101.295891,20.9885,2014-07-16 19:42:15,2014-07-17 02:42:15,1152,3863,0.306771,1,2529,0.651198,0.171212,0.815669,0.4,0.912629,0.75,0.0515681,0.0001,0.00418704,999999,-1.169692e-01,3,Thailand Exclusive Economic Zone,,,SVDNB_npp_d20140716_t1940087_e1945491_b14080_c20140717014549591992_noaa_ops.h5,GDNBO_npp_d20140716_t1940087_e1945491_b14080_c20140717014549591757_noaa_ops.h5,SVI04_npp_d20140716_t1940087_e1945491_b14080_c20140717014549047847_noaa_ops.dspace_rad,VNFF_npp_d20140716_t1940087_e1945491_b14080_v21.csv,World_EEZ_v8_2014.shp,WPP_BFAR_merge.shp,KKP_IDN_merge_20161208.shp,VNF-VBD_npp_20120301-20151231_global_asia-enhanced_c201607211230.bitmask,NCEI_NGA.union.nga_lead2.add_2015ntl.mask,timezone.shp,VBD_platforms-recurring_2015_r20170330.shp,999999,VBD_bridges_c20160811.shp,19.107107;17.397036;14.693351;9.872889;5.028845;0.164623;-4.717433;-2.668029;-0.463942;4.408493;9.296770;14.195400,76.296768;90.732086;104.737396;103.313332;102.017212;100.838966;99.779457;86.144508;72.459229;73.563164;74.566231;75.490944,npp_d20140716_t1940087_e1945491_b14080,134.8,49.4231,66.7365,-78.8916,24.5676,106.957
945,VBD_npp_d20140716_t1944306_x0994051E_y000165N_l2362_s3863_v23,2017-05-23 13:09:12,0.016532,99.405128,11.8916,2014-07-16 19:44:30,2014-07-17 02:44:30,2362,3863,0.244787,1,2529,0.398037,0.162131,0.701177,0.4,0.820773,0.75,0.0514702,0.0001,0.00396276,999999,-3.296985e-02,3,Indonesian Exclusive Economic Zone,WPP572,,SVDNB_npp_d20140716_t1940087_e1945491_b14080_c20140717014549591992_noaa_ops.h5,GDNBO_npp_d20140716_t1940087_e1945491_b14080_c20140717014549591757_noaa_ops.h5,SVI04_npp_d20140716_t1940087_e1945491_b14080_c20140717014549047847_noaa_ops.dspace_rad,VNFF_npp_d20140716_t1940087_e1945491_b14080_v21.csv,World_EEZ_v8_2014.shp,WPP_BFAR_merge.shp,KKP_IDN_merge_20161208.shp,VNF-VBD_npp_20120301-20151231_global_asia-enhanced_c201607211230.bitmask,NCEI_NGA.union.nga_lead2.add_2015ntl.mask,timezone.shp,VBD_platforms-recurring_2015_r20170330.shp,999999,VBD_bridges_c20160811.shp,19.107107;17.397036;14.693351;9.872889;5.028845;0.164623;-4.717433;-2.668029;-0.463942;4.408493;9.296770;14.195400,76.296768;90.732086;104.737396;103.313332;102.017212;100.838966;99.779457;86.144508;72.459229;73.563164;74.566231;75.490944,npp_d20140716_t1940087_e1945491_b14080,140.57,55.145,66.7493,-80.8898,24.8071,89.43
946,VBD_npp_d20140716_t1942171_x1012955E_y077133N_l1153_s3864_v23,2017-05-23 13:09:12,7.713269,101.295547,6.38437,2014-07-16 19:42:17,2014-07-17 02:42:17,1153,3864,0.306771,7,2465,0.267119,0.200696,0.815669,0.4,0.722044,0.75,0.0515718,0.0001,0.00413064,999999,-3.896819e-01,3,,,,SVDNB_npp_d20140716_t1940087_e1945491_b14080_c20140717014549591992_noaa_ops.h5,GDNBO_npp_d20140716_t1940087_e1945491_b14080_c20140717014549591757_noaa_ops.h5,SVI04_npp_d20140716_t1940087_e1945491_b14080_c20140717014549047847_noaa_ops.dspace_rad,VNFF_npp_d20140716_t1940087_e1945491_b14080_v21.csv,World_EEZ_v8_2014.shp,WPP_BFAR_merge.shp,KKP_IDN_merge_20161208.shp,VNF-VBD_npp_20120301-20151231_global_asia-enhanced_c201607211230.bitmask,NCEI_NGA.union.nga_lead2.add_2015ntl.mask,timezone.shp,VBD_platforms-recurring_2015_r20170330.shp,999999,VBD_bridges_c20160811.shp,19.107107;17.397036;14.693351;9.872889;5.028845;0.164623;-4.717433;-2.668029;-0.463942;4.408493;9.296770;14.195400,76.296768;90.732086;104.737396;103.313332;102.017212;100.838966;99.779457;86.144508;72.459229;73.563164;74.566231;75.490944,npp_d20140716_t1940087_e1945491_b14080,134.797,49.4314,66.755,-79.3716,24.5599,106.954
947,VBD_npp_d20140716_t1942242_x1011754E_y072407N_l1227_s3864_v23,2017-05-23 13:09:12,7.240749,101.175430,30.3616,2014-07-16 19:42:24,2014-07-17 02:42:24,1227,3864,0.346879,1,2529,0.707571,0.165678,0.885091,0.4,0.825801,0.75,0.0516203,0.0001,0.00419401,999999,-6.578399e-02,3,Thailand Exclusive Economic Zone,,,SVDNB_npp_d20140716_t1940087_e1945491_b14080_c20140717014549591992_noaa_ops.h5,GDNBO_npp_d20140716_t1940087_e1945491_b14080_c20140717014549591757_noaa_ops.h5,SVI04_npp_d20140716_t1940087_e1945491_b14080_c20140717014549047847_noaa_ops.dspace_rad,VNFF_npp_d20140716_t1940087_e1945491_b14080_v21.csv,World_EEZ_v8_2014.shp,WPP_BFAR_merge.shp,KKP_IDN_merge_20161208.shp,VNF-VBD_npp_20120301-20151231_global_asia-enhanced_c201607211230.bitmask,NCEI_NGA.union.nga_lead2.add_2015ntl.mask,timezone.shp,VBD_platforms-recurring_2015_r20170330.shp,999999,VBD_bridges_c20160811.shp,19.107107;17.397036;14.693351;9.872889;5.028845;0.164623;-4.717433;-2.668029;-0.463942;4.408493;9.296770;14.195400,76.296768;90.732086;104.737396;103.313332;102.017212;100.838966;99.779457;86.144508;72.459229;73.563164;74.566231;75.490944,npp_d20140716_t1940087_e1945491_b14080,135.171,49.721,66.7535,-79.1672,24.5125,105.872
948,VBD_npp_d20140716_t1945097_x0989132E_y022124S_l2711_s3864_v23,2017-05-23 13:09:12,-2.212420,98.913193,14.5125,2014-07-16 19:45:09,2014-07-17 02:45:09,2711,3864,0.307324,1,2529,0.537021,0.161696,0.805335,0.4,0.873121,0.75,0.051159,0.0001,0.0036284,999999,-2.895282e-02,3,Indonesian Exclusive Economic Zone,WPP572,,SVDNB_npp_d20140716_t1940087_e1945491_b14080_c20140717014549591992_noaa_ops.h5,GDNBO_npp_d20140716_t1940087_e1945491_b14080_c20140717014549591757_noaa_ops.h5,SVI04_npp_d20140716_t1940087_e1945491_b14080_c20140717014549047847_noaa_ops.dspace_rad,VNFF_npp_d20140716_t1940087_e1945491_b14080_v21.csv,World_EEZ_v8_2014.shp,WPP_BFAR_merge.shp,KKP_IDN_merge_20161208.shp,VNF-VBD_npp_20120301-20151231_global_asia-enhanced_c201607211230.bitmask,NCEI_NGA.union.nga_lead2.add_2015ntl.mask,timezone.shp,VBD_platforms-recurring_2015_r20170330.shp,999999,VBD_bridges_c20160811.shp,19.107107;17.397036;14.693351;9.872889;5.028845;0.164623;-4.717433;-2.668029;-0.463942;4.408493;9.296770;14.195400,76.296768;90.732086;104.737396;103.313332;102.017212;100.838966;99.779457;86.144508;72.459229;73.563164;74.566231;75.490944,npp_d20140716_t1940087_e1945491_b14080,142.084,57.2369,66.7719,-81.4744,25.265,84.6096
949,VBD_npp_d20140716_t1942260_x1011693E_y072046N_l1233_s3865_v23,2017-05-23 13:09:12,7.204609,101.169289,5.64684,2014-07-16 19:42:26,2014-07-17 02:42:26,1233,3865,0.344227,2,2209,0.144775,0.140938,0.884956,0.4,0.584421,0.75,0.051631,0.0001,0.00415621,999999,1.630559e-01,3,Thailand Exclusive Economic Zone,,,SVDNB_npp_d20140716_t1940087_e1945491_b14080_c20140717014549591992_noaa_ops.h5,GDNBO_npp_d20140716_t1940087_e1945491_b14080_c20140717014549591757_noaa_ops.h5,SVI04_npp_d20140716_t1940087_e1945491_b14080_c20140717014549047847_noaa_ops.dspace_rad,VNFF_npp_d20140716_t1940087_e1945491_b14080_v21.csv,World_EEZ_v8_2014.shp,WPP_BFAR_merge.shp,KKP_IDN_merge_20161208.shp,VNF-VBD_npp_20120301-20151231_global_asia-enhanced_c201607211230.bitmask,NCEI_NGA.union.nga_lead2.add_2015ntl.mask,timezone.shp,VBD_platforms-recurring_2015_r20170330.shp,999999,VBD_bridges_c20160811.shp,19.107107;17.397036;14.693351;9.872889;5.028845;0.164623;-4.717433;-2.668029;-0.463942;4.408493;9.296770;14.195400,76.296768;90.732086;104.737396;103.313332;102.017212;100.838966;99.779457;86.144508;72.459229;73.563164;74.566231;75.490944,npp_d20140716_t1940087_e1945491_b14080,135.194,49.7498,66.7732,-79.4986,24.5015,105.795
953,VBD_npp_d20140716_t1942171_x1013050E_y076909N_l1156_s3866_v23,2017-05-23 13:09:12,7.690851,101.304955,15.7906,2014-07-16 19:42:17,2014-07-17 02:42:17,1156,3866,0.232247,8,18913,0.515729,0.19176,0.810762,0.4,0.848637,0.75,0.0515794,0.0001,0.00411195,999999,-3.070247e-01,3,Thailand Exclusive Economic Zone,,,SVDNB_npp_d20140716_t1940087_e1945491_b14080_c20140717014549591992_noaa_ops.h5,GDNBO_npp_d20140716_t1940087_e1945491_b14080_c20140717014549591757_noaa_ops.h5,SVI04_npp_d20140716_t1940087_e1945491_b14080_c20140717014549047847_noaa_ops.dspace_rad,VNFF_npp_d20140716_t1940087_e1945491_b14080_v21.csv,World_EEZ_v8_2014.shp,WPP_BFAR_merge.shp,KKP_IDN_merge_20161208.shp,VNF-VBD_npp_20120301-20151231_global_asia-enhanced_c201607211230.bitmask,NCEI_NGA.union.nga_lead2.add_2015ntl.mask,timezone.shp,VBD_platforms-recurring_2015_r20170330.shp,0.553424,VBD_bridges_c20160811.shp,19.107107;17.397036;14.693351;9.872889;5.028845;0.164623;-4.717433;-2.668029;-0.463942;4.408493;9.296770;14.195400,76.296768;90.732086;104.737396;103.313332;102.017212;100.838966;99.779457;86.144508;72.459229;73.563164;74.566231;75.490944,npp_d20140716_t1940087_e1945491_b14080,134.804,49.4556,66.7882,-79.2784,24.5442,106.914
955,VBD_npp_d20140716_t1942135_x1013510E_y078264N_l1134_s3867_v23,2017-05-23 13:09:12,7.826358,101.351013,15.5067,2014-07-16 19:42:13,2014-07-17 02:42:13,1134,3867,0.288265,1,2529,0.497043,0.162568,0.763341,0.4,0.827437,0.75,0.05158,0.0001,0.00411663,999999,-3.701840e-02,3,Thailand Exclusive Economic Zone,,,SVDNB_npp_d20140716_t1940087_e1945491_b14080_c20140717014549591992_noaa_ops.h5,GDNBO_npp_d20140716_t1940087_e1945491_b14080_c20140717014549591757_noaa_ops.h5,SVI04_npp_d20140716_t1940087_e1945491_b14080_c20140717014549047847_noaa_ops.dspace_rad,VNFF_npp_d20140716_t1940087_e1945491_b14080_v21.csv,World_EEZ_v8_2014.shp,WPP_BFAR_merge.shp,KKP_IDN_merge_20161208.shp,VNF-VBD_npp_20120301-20151231_global_asia-enhanced_c201607211230.bitmask,NCEI_NGA.union.nga_lead2.add_2015ntl.mask,timezone.shp,VBD_platforms-recurring_2015_r20170330.shp,999999,VBD_bridges_c20160811.shp,19.107107;17.397036;14.693351;9.872889;5.028845;0.164623;-4.717433;-2.668029;-0.463942;4.408493;9.296770;14.195400,76.296768;90.732086;104.737396;103.313332;102.017212;100.838966;99.779457;86.144508;72.459229;73.563164;74.566231;75.490944,npp_d20140716_t1940087_e1945491_b14080,134.693,49.3777,66.8014,-78.9217,24.5541,107.228
957,VBD_npp_d20140716_t1942135_x1013923E_y078943N_l1123_s3871_v23,2017-05-23 13:09:12,7.894268,101.392296,23.8875,2014-07-16 19:42:13,2014-07-17 02:42:13,1123,3871,0.266222,8,18913,0.636225,0.150512,0.812147,0.4,0.898127,0.75,0.0515926,0.0001,0.00402146,999999,7.450078e-02,3,Thailand Exclusive Economic Zone,,,SVDNB_npp_d20140716_t1940087_e1945491_b14080_c20140717014549591992_noaa_ops.h5,GDNBO_npp_d20140716_t1940087_e1945491_b14080_c20140717014549591757_noaa_ops.h5,SVI04_npp_d20140716_t1940087_e1945491_b14080_c20140717014549047847_noaa_ops.dspace_rad,VNFF_npp_d20140716_t1940087_e1945491_b14080_v21.csv,World_EEZ_v8_2014.shp,WPP_BFAR_merge.shp,KKP_IDN_merge_20161208.shp,VNF-VBD_npp_20120301-20151231_global_asia-enhanced_c201607211230.bitmask,NCEI_NGA.union.nga_lead2.add_2015ntl.mask,timezone.shp,VBD_platforms-recurring_2015_r20170330.shp,0.187351,VBD_bridges_c20160811.shp,19.107107;17.397036;14.693351;9.872889;5.028845;0.164623;-4.717433;-2.668029;-0.463942;4.408493;9.296770;14.195400,76.296768;90.732086;104.737396;103.313332;102.017212;100.838966;99.779457;86.144508;72.459229;73.563164;74.566231;75.490944,npp_d20140716_t1940087_e1945491_b14080,134.617,49.3588,66.8695,-79.2531,24.535,107.406
964,VBD_npp_d20140716_t1942171_x1013697E_y076302N_l1163_s3877_v23,2017-05-23 13:09:12,7.630169,101.369720,14.0222,2014-07-16 19:42:17,2014-07-17 02:42:17,1163,3877,0.276608,1,2529,0.491241,0.156871,0.752701,0.4,0.870589,0.75,0.0516191,0.0001,0.00397636,999999,1.568316e-02,3,Thailand Exclusive Economic Zone,,,SVDNB_npp_d20140716_t1940087_e1945491_b14080_c20140717014549591992_noaa_ops.h5,GDNBO_npp_d20140716_t1940087_e1945491_b14080_c20140717014549591757_noaa_ops.h5,SVI04_npp_d20140716_t1940087_e1945491_b14080_c20140717014549047847_noaa_ops.dspace_rad,VNFF_npp_d20140716_t1940087_e1945491_b14080_v21.csv,World_EEZ_v8_2014.shp,WPP_BFAR_merge.shp,KKP_IDN_merge_20161208.shp,VNF-VBD_npp_20120301-20151231_global_asia-enhanced_c201607211230.bitmask,NCEI_NGA.union.nga_lead2.add_2015ntl.mask,timezone.shp,VBD_platforms-recurring_2015_r20170330.shp,999999,VBD_bridges_c20160811.shp,19.107107;17.397036;14.693351;9.872889;5.028845;0.164623;-4.717433;-2.668029;-0.463942;4.408493;9.296770;14.195400,76.296768;90.732086;104.737396;103.313332;102.017212;100.838966;99.779457;86.144508;72.459229;73.563164;74.566231;75.490944,npp_d20140716_t1940087_e1945491_b14080,134.795,49.5514,66.9734,-79.0554,24.4639,106.834
967,VBD_npp_d20140716_t1942278_x1012741E_y070712N_l1250_s3885_v23,2017-05-23 13:09:12,7.071155,101.274063,7.19117,2014-07-16 19:42:27,2014-07-17 02:42:27,1250,3885,0.261692,8,18849,0.213634,0.205949,0.648825,0.4,0.523326,0.75,0.0517212,0.0001,0.00388426,999999,-4.382684e-01,3,Thailand Exclusive Economic Zone,,,SVDNB_npp_d20140716_t1940087_e1945491_b14080_c20140717014549591992_noaa_ops.h5,GDNBO_npp_d20140716_t1940087_e1945491_b14080_c20140717014549591757_noaa_ops.h5,SVI04_npp_d20140716_t1940087_e1945491_b14080_c20140717014549047847_noaa_ops.dspace_rad,VNFF_npp_d20140716_t1940087_e1945491_b14080_v21.csv,World_EEZ_v8_2014.shp,WPP_BFAR_merge.shp,KKP_IDN_merge_20161208.shp,VNF-VBD_npp_20120301-20151231_global_asia-enhanced_c201607211230.bitmask,NCEI_NGA.union.nga_lead2.add_2015ntl.mask,timezone.shp,VBD_platforms-recurring_2015_r20170330.shp,0.921383,VBD_bridges_c20160811.shp,19.107107;17.397036;14.693351;9.872889;5.028845;0.164623;-4.717433;-2.668029;-0.463942;4.408493;9.296770;14.195400,76.296768;90.732086;104.737396;103.313332;102.017212;100.838966;99.779457;86.144508;72.459229;73.563164;74.566231;75.490944,npp_d20140716_t1940087_e1945491_b14080,135.195,49.9387,67.1056,-79.4741,24.3562,105.588
970,VBD_npp_d20140716_t1942153_x1015079E_y077593N_l1140_s3892_v23,2017-05-23 13:09:12,7.759276,101.507912,39.2814,2014-07-16 19:42:15,2014-07-17 02:42:15,1140,3892,0.237274,8,18913,0.80098,0.192192,0.842361,0.4,0.921522,0.75,0.0516686,0.0001,0.00373732,999999,-3.110200e-01,3,Thailand Exclusive Economic Zone,,,SVDNB_npp_d20140716_t1940087_e1945491_b14080_c20140717014549591992_noaa_ops.h5,GDNBO_npp_d20140716_t1940087_e1945491_b14080_c20140717014549591757_noaa_ops.h5,SVI04_npp_d20140716_t1940087_e1945491_b14080_c20140717014549047847_noaa_ops.dspace_rad,VNFF_npp_d20140716_t1940087_e1945491_b14080_v21.csv,World_EEZ_v8_2014.shp,WPP_BFAR_merge.shp,KKP_IDN_merge_20161208.shp,VNF-VBD_npp_20120301-20151231_global_asia-enhanced_c201607211230.bitmask,NCEI_NGA.union.nga_lead2.add_2015ntl.mask,timezone.shp,VBD_platforms-recurring_2015_r20170330.shp,0.361463,VBD_bridges_c20160811.shp,19.107107;17.397036;14.693351;9.872889;5.028845;0.164623;-4.717433;-2.668029;-0.463942;4.408493;9.296770;14.195400,76.296768;90.732086;104.737396;103.313332;102.017212;100.838966;99.779457;86.144508;72.459229;73.563164;74.566231;75.490944,npp_d20140716_t1940087_e1945491_b14080,134.613,49.5549,67.2278,-79.2307,24.3762,107.214
971,VBD_npp_d20140716_t1942260_x1013365E_y070900N_l1245_s3892_v23,2017-05-23 13:09:12,7.090003,101.336494,27.6172,2014-07-16 19:42:26,2014-07-17 02:42:26,1245,3892,0.287546,8,18913,0.719512,0.16256,0.815074,0.4,0.926032,0.75,0.0517398,0.0001,0.00380277,999999,-3.694587e-02,3,Thailand Exclusive Economic Zone,,,SVDNB_npp_d20140716_t1940087_e1945491_b14080_c20140717014549591992_noaa_ops.h5,GDNBO_npp_d20140716_t1940087_e1945491_b14080_c20140717014549591757_noaa_ops.h5,SVI04_npp_d20140716_t1940087_e1945491_b14080_c20140717014549047847_noaa_ops.dspace_rad,VNFF_npp_d20140716_t1940087_e1945491_b14080_v21.csv,World_EEZ_v8_2014.shp,WPP_BFAR_merge.shp,KKP_IDN_merge_20161208.shp,VNF-VBD_npp_20120301-20151231_global_asia-enhanced_c201607211230.bitmask,NCEI_NGA.union.nga_lead2.add_2015ntl.mask,timezone.shp,VBD_platforms-recurring_2015_r20170330.shp,0.215641,VBD_bridges_c20160811.shp,19.107107;17.397036;14.693351;9.872889;5.028845;0.164623;-4.717433;-2.668029;-0.463942;4.408493;9.296770;14.195400,76.296768;90.732086;104.737396;103.313332;102.017212;100.838966;99.779457;86.144508;72.459229;73.563164;74.566231;75.490944,npp_d20140716_t1940087_e1945491_b14080,135.141,49.9663,67.2293,-79.1107,24.3076,105.669
974,VBD_npp_d20140716_t1942135_x1015329E_y077840N_l1135_s3894_v23,2017-05-23 13:09:12,7.783953,101.532936,31.0729,2014-07-16 19:42:13,2014-07-17 02:42:13,1135,3894,0.281801,8,18913,0.769295,0.155976,0.853031,0.4,0.931514,0.75,0.0516749,0.0001,0.00373821,999999,2.396223e-02,3,Thailand Exclusive Economic Zone,,,SVDNB_npp_d20140716_t1940087_e1945491_b14080_c20140717014549591992_noaa_ops.h5,GDNBO_npp_d20140716_t1940087_e1945491_b14080_c20140717014549591757_noaa_ops.h5,SVI04_npp_d20140716_t1940087_e1945491_b14080_c20140717014549047847_noaa_ops.dspace_rad,VNFF_npp_d20140716_t1940087_e1945491_b14080_v21.csv,World_EEZ_v8_2014.shp,WPP_BFAR_merge.shp,KKP_IDN_merge_20161208.shp,VNF-VBD_npp_20120301-20151231_global_asia-enhanced_c201607211230.bitmask,NCEI_NGA.union.nga_lead2.add_2015ntl.mask,timezone.shp,VBD_platforms-recurring_2015_r20170330.shp,0.507518,VBD_bridges_c20160811.shp,19.107107;17.397036;14.693351;9.872889;5.028845;0.164623;-4.717433;-2.668029;-0.463942;4.408493;9.296770;14.195400,76.296768;90.732086;104.737396;103.313332;102.017212;100.838966;99.779457;86.144508;72.459229;73.563164;74.566231;75.490944,npp_d20140716_t1940087_e1945491_b14080,134.583,49.5499,67.2589,-78.8673,24.3665,107.282
980,VBD_npp_d20140716_t1944412_x0995506E_y006554S_l2460_s3905_v23,2017-05-23 13:09:12,-0.655382,99.550606,7.23642,2014-07-16 19:44:41,2014-07-17 02:44:41,2460,3905,0.280254,10,2177,0.184734,0.171284,0.386761,0.4,0.636513,0.75,0.0515534,0.0001,0.00331623,999999,-1.176322e-01,3,Indonesian Exclusive Economic Zone,WPP572,,SVDNB_npp_d20140716_t1940087_e1945491_b14080_c20140717014549591992_noaa_ops.h5,GDNBO_npp_d20140716_t1940087_e1945491_b14080_c20140717014549591757_noaa_ops.h5,SVI04_npp_d20140716_t1940087_e1945491_b14080_c20140717014549047847_noaa_ops.dspace_rad,VNFF_npp_d20140716_t1940087_e1945491_b14080_v21.csv,World_EEZ_v8_2014.shp,WPP_BFAR_merge.shp,KKP_IDN_merge_20161208.shp,VNF-VBD_npp_20120301-20151231_global_asia-enhanced_c201607211230.bitmask,NCEI_NGA.union.nga_lead2.add_2015ntl.mask,timezone.shp,VBD_platforms-recurring_2015_r20170330.shp,999999,VBD_bridges_c20160811.shp,19.107107;17.397036;14.693351;9.872889;5.028845;0.164623;-4.717433;-2.668029;-0.463942;4.408493;9.296770;14.195400,76.296768;90.732086;104.737396;103.313332;102.017212;100.838966;99.779457;86.144508;72.459229;73.563164;74.566231;75.490944,npp_d20140716_t1940087_e1945491_b14080,140.794,55.9516,67.4653,-80.968,24.6315,87.9306
981,VBD_npp_d20140716_t1942278_x1014116E_y070105N_l1255_s3906_v23,2017-05-23 13:09:12,7.010521,101.411583,7.18524,2014-07-16 19:42:27,2014-07-17 02:42:27,1255,3906,0.305943,7,2465,0.239198,0.184071,0.753294,0.4,0.692111,0.75,0.0518005,0.0001,0.00360892,999999,-2.359081e-01,3,,,,SVDNB_npp_d20140716_t1940087_e1945491_b14080_c20140717014549591992_noaa_ops.h5,GDNBO_npp_d20140716_t1940087_e1945491_b14080_c20140717014549591757_noaa_ops.h5,SVI04_npp_d20140716_t1940087_e1945491_b14080_c20140717014549047847_noaa_ops.dspace_rad,VNFF_npp_d20140716_t1940087_e1945491_b14080_v21.csv,World_EEZ_v8_2014.shp,WPP_BFAR_merge.shp,KKP_IDN_merge_20161208.shp,VNF-VBD_npp_20120301-20151231_global_asia-enhanced_c201607211230.bitmask,NCEI_NGA.union.nga_lead2.add_2015ntl.mask,timezone.shp,VBD_platforms-recurring_2015_r20170330.shp,999999,VBD_bridges_c20160811.shp,19.107107;17.397036;14.693351;9.872889;5.028845;0.164623;-4.717433;-2.668029;-0.463942;4.408493;9.296770;14.195400,76.296768;90.732086;104.737396;103.313332;102.017212;100.838966;99.779457;86.144508;72.459229;73.563164;74.566231;75.490944,npp_d20140716_t1940087_e1945491_b14080,135.129,50.0905,67.4613,-79.3046,24.206,105.555
982,VBD_npp_d20140716_t1944590_x0993273E_y016769S_l2620_s3906_v23,2017-05-23 13:09:12,-1.676897,99.327339,9.30643,2014-07-16 19:44:59,2014-07-17 02:44:59,2620,3906,0.358756,1,2529,0.411098,0.160677,0.736313,0.4,0.837001,0.75,0.0514024,0.0001,0.003171,999999,-1.952152e-02,3,Indonesian Exclusive Economic Zone,WPP572,Kab kep Mentawai District Marine Conservation Area,SVDNB_npp_d20140716_t1940087_e1945491_b14080_c20140717014549591992_noaa_ops.h5,GDNBO_npp_d20140716_t1940087_e1945491_b14080_c20140717014549591757_noaa_ops.h5,SVI04_npp_d20140716_t1940087_e1945491_b14080_c20140717014549047847_noaa_ops.dspace_rad,VNFF_npp_d20140716_t1940087_e1945491_b14080_v21.csv,World_EEZ_v8_2014.shp,WPP_BFAR_merge.shp,KKP_IDN_merge_20161208.shp,VNF-VBD_npp_20120301-20151231_global_asia-enhanced_c201607211230.bitmask,NCEI_NGA.union.nga_lead2.add_2015ntl.mask,timezone.shp,VBD_platforms-recurring_2015_r20170330.shp,999999,VBD_bridges_c20160811.shp,19.107107;17.397036;14.693351;9.872889;5.028845;0.164623;-4.717433;-2.668029;-0.463942;4.408493;9.296770;14.195400,76.296768;90.732086;104.737396;103.313332;102.017212;100.838966;99.779457;86.144508;72.459229;73.563164;74.566231;75.490944,npp_d20140716_t1940087_e1945491_b14080,141.483,56.9086,67.4786,-81.1964,24.8433,85.6936
983,VBD_npp_d20140716_t1942118_x1016667E_y078790N_l1117_s3909_v23,2017-05-23 13:09:12,7.878968,101.666656,16.1167,2014-07-16 19:42:11,2014-07-17 02:42:11,1117,3909,0.274343,1,2529,0.563065,0.161385,0.805309,0.4,0.904645,0.75,0.0517251,0.0001,0.00352267,999999,-2.606890e-02,3,Thailand Exclusive Economic Zone,,,SVDNB_npp_d20140716_t1940087_e1945491_b14080_c20140717014549591992_noaa_ops.h5,GDNBO_npp_d20140716_t1940087_e1945491_b14080_c20140717014549591757_noaa_ops.h5,SVI04_npp_d20140716_t1940087_e1945491_b14080_c20140717014549047847_noaa_ops.dspace_rad,VNFF_npp_d20140716_t1940087_e1945491_b14080_v21.csv,World_EEZ_v8_2014.shp,WPP_BFAR_merge.shp,KKP_IDN_merge_20161208.shp,VNF-VBD_npp_20120301-20151231_global_asia-enhanced_c201607211230.bitmask,NCEI_NGA.union.nga_lead2.add_2015ntl.mask,timezone.shp,VBD_platforms-recurring_2015_r20170330.shp,999999,VBD_bridges_c20160811.shp,19.107107;17.397036;14.693351;9.872889;5.028845;0.164623;-4.717433;-2.668029;-0.463942;4.408493;9.296770;14.195400,76.296768;90.732086;104.737396;103.313332;102.017212;100.838966;99.779457;86.144508;72.459229;73.563164;74.566231;75.490944,npp_d20140716_t1940087_e1945491_b14080,134.426,49.5758,67.515,-78.8905,24.2739,107.588
985,VBD_npp_d20140716_t1942135_x1016492E_y078033N_l1129_s3910_v23,2017-05-23 13:09:12,7.803322,101.649185,7.82077,2014-07-16 19:42:13,2014-07-17 02:42:13,1129,3910,0.313566,8,18913,0.283905,0.174385,0.629914,0.4,0.795978,0.75,0.0517302,0.0001,0.00351044,999999,-1.463130e-01,3,Thailand Exclusive Economic Zone,,,SVDNB_npp_d20140716_t1940087_e1945491_b14080_c20140717014549591992_noaa_ops.h5,GDNBO_npp_d20140716_t1940087_e1945491_b14080_c20140717014549591757_noaa_ops.h5,SVI04_npp_d20140716_t1940087_e1945491_b14080_c20140717014549047847_noaa_ops.dspace_rad,VNFF_npp_d20140716_t1940087_e1945491_b14080_v21.csv,World_EEZ_v8_2014.shp,WPP_BFAR_merge.shp,KKP_IDN_merge_20161208.shp,VNF-VBD_npp_20120301-20151231_global_asia-enhanced_c201607211230.bitmask,NCEI_NGA.union.nga_lead2.add_2015ntl.mask,timezone.shp,VBD_platforms-recurring_2015_r20170330.shp,0.564348,VBD_bridges_c20160811.shp,19.107107;17.397036;14.693351;9.872889;5.028845;0.164623;-4.717433;-2.668029;-0.463942;4.408493;9.296770;14.195400,76.296768;90.732086;104.737396;103.313332;102.017212;100.838966;99.779457;86.144508;72.459229;73.563164;74.566231;75.490944,npp_d20140716_t1940087_e1945491_b14080,134.483,49.6247,67.5255,-79.0348,24.2606,107.417
986,VBD_npp_d20140716_t1942278_x1014477E_y069897N_l1257_s3912_v23,2017-05-23 13:09:12,6.989660,101.447739,49.2987,2014-07-16 19:42:27,2014-07-17 02:42:27,1257,3912,0.23186,8,18913,0.83471,0.154184,0.851526,0.4,0.903559,0.75,0.0518238,0.0001,0.00353915,999999,4.053441e-02,3,Thailand Exclusive Economic Zone,,,SVDNB_npp_d20140716_t1940087_e1945491_b14080_c20140717014549591992_noaa_ops.h5,GDNBO_npp_d20140716_t1940087_e1945491_b14080_c20140717014549591757_noaa_ops.h5,SVI04_npp_d20140716_t1940087_e1945491_b14080_c20140717014549047847_noaa_ops.dspace_rad,VNFF_npp_d20140716_t1940087_e1945491_b14080_v21.csv,World_EEZ_v8_2014.shp,WPP_BFAR_merge.shp,KKP_IDN_merge_20161208.shp,VNF-VBD_npp_20120301-20151231_global_asia-enhanced_c201607211230.bitmask,NCEI_NGA.union.nga_lead2.add_2015ntl.mask,timezone.shp,VBD_platforms-recurring_2015_r20170330.shp,0.959271,VBD_bridges_c20160811.shp,19.107107;17.397036;14.693351;9.872889;5.028845;0.164623;-4.717433;-2.668029;-0.463942;4.408493;9.296770;14.195400,76.296768;90.732086;104.737396;103.313332;102.017212;100.838966;99.779457;86.144508;72.459229;73.563164;74.566231;75.490944,npp_d20140716_t1940087_e1945491_b14080,135.115,50.1341,67.5563,-79.2393,24.1652,105.536
987,VBD_npp_d20140716_t1942100_x1017141E_y079548N_l1104_s3913_v23,2017-05-23 13:09:12,7.954776,101.714127,18.0779,2014-07-16 19:42:10,2014-07-17 02:42:10,1104,3913,0.214568,2,2465,0.565936,0.161357,0.742993,0.4,0.702012,0.75,0.0517373,0.0001,0.00347819,999999,-2.581627e-02,3,Thailand Exclusive Economic Zone,,,SVDNB_npp_d20140716_t1940087_e1945491_b14080_c20140717014549591992_noaa_ops.h5,GDNBO_npp_d20140716_t1940087_e1945491_b14080_c20140717014549591757_noaa_ops.h5,SVI04_npp_d20140716_t1940087_e1945491_b14080_c20140717014549047847_noaa_ops.dspace_rad,VNFF_npp_d20140716_t1940087_e1945491_b14080_v21.csv,World_EEZ_v8_2014.shp,WPP_BFAR_merge.shp,KKP_IDN_merge_20161208.shp,VNF-VBD_npp_20120301-20151231_global_asia-enhanced_c201607211230.bitmask,NCEI_NGA.union.nga_lead2.add_2015ntl.mask,timezone.shp,VBD_platforms-recurring_2015_r20170330.shp,999999,VBD_bridges_c20160811.shp,19.107107;17.397036;14.693351;9.872889;5.028845;0.164623;-4.717433;-2.668029;-0.463942;4.408493;9.296770;14.195400,76.296768;90.732086;104.737396;103.313332;102.017212;100.838966;99.779457;86.144508;72.459229;73.563164;74.566231;75.490944,npp_d20140716_t1940087_e1945491_b14080,134.347,49.5501,67.5752,-78.7684,24.2586,107.785
988,VBD_npp_d20140716_t1942189_x1015839E_y074616N_l1182_s3913_v23,2017-05-23 13:09:12,7.461570,101.583855,28.842,2014-07-16 19:42:18,2014-07-17 02:42:18,1182,3913,0.302131,1,2529,0.763204,0.163908,0.866346,0.4,0.920087,0.75,0.0517481,0.0001,0.00350362,999999,-4.940993e-02,3,Thailand Exclusive Economic Zone,,,SVDNB_npp_d20140716_t1940087_e1945491_b14080_c20140717014549591992_noaa_ops.h5,GDNBO_npp_d20140716_t1940087_e1945491_b14080_c20140717014549591757_noaa_ops.h5,SVI04_npp_d20140716_t1940087_e1945491_b14080_c20140717014549047847_noaa_ops.dspace_rad,VNFF_npp_d20140716_t1940087_e1945491_b14080_v21.csv,World_EEZ_v8_2014.shp,WPP_BFAR_merge.shp,KKP_IDN_merge_20161208.shp,VNF-VBD_npp_20120301-20151231_global_asia-enhanced_c201607211230.bitmask,NCEI_NGA.union.nga_lead2.add_2015ntl.mask,timezone.shp,VBD_platforms-recurring_2015_r20170330.shp,999999,VBD_bridges_c20160811.shp,19.107107;17.397036;14.693351;9.872889;5.028845;0.164623;-4.717433;-2.668029;-0.463942;4.408493;9.296770;14.195400,76.296768;90.732086;104.737396;103.313332;102.017212;100.838966;99.779457;86.144508;72.459229;73.563164;74.566231;75.490944,npp_d20140716_t1940087_e1945491_b14080,134.736,49.849,67.5789,-78.9602,24.2011,106.641
989,VBD_npp_d20140716_t1942278_x1014595E_y070155N_l1253_s3913_v23,2017-05-23 13:09:12,7.015500,101.459511,22.5025,2014-07-16 19:42:27,2014-07-17 02:42:27,1253,3913,0.318428,2,2465,0.584817,0.181786,0.841998,0.4,0.704513,0.75,0.0518226,0.0001,0.00351769,999999,-2.147727e-01,3,Thailand Exclusive Economic Zone,,,SVDNB_npp_d20140716_t1940087_e1945491_b14080_c20140717014549591992_noaa_ops.h5,GDNBO_npp_d20140716_t1940087_e1945491_b14080_c20140717014549591757_noaa_ops.h5,SVI04_npp_d20140716_t1940087_e1945491_b14080_c20140717014549047847_noaa_ops.dspace_rad,VNFF_npp_d20140716_t1940087_e1945491_b14080_v21.csv,World_EEZ_v8_2014.shp,WPP_BFAR_merge.shp,KKP_IDN_merge_20161208.shp,VNF-VBD_npp_20120301-20151231_global_asia-enhanced_c201607211230.bitmask,NCEI_NGA.union.nga_lead2.add_2015ntl.mask,timezone.shp,VBD_platforms-recurring_2015_r20170330.shp,999999,VBD_bridges_c20160811.shp,19.107107;17.397036;14.693351;9.872889;5.028845;0.164623;-4.717433;-2.668029;-0.463942;4.408493;9.296770;14.195400,76.296768;90.732086;104.737396;103.313332;102.017212;100.838966;99.779457;86.144508;72.459229;73.563164;74.566231;75.490944,npp_d20140716_t1940087_e1945491_b14080,135.09,50.1231,67.5725,-79.3596,24.1608,105.601
990,VBD_npp_d20140716_t1943301_x1005716E_y034582N_l1813_s3914_v23,2017-05-23 13:09:12,3.458216,100.571564,8.60221,2014-07-16 19:43:30,2014-07-17 02:43:30,1813,3914,0.363176,1,2529,0.307716,0.149727,0.632312,0.4,0.794957,0.75,0.0518849,0.0001,0.00355167,999999,8.176084e-02,3,Malaysian Exclusive Economic Zone,,,SVDNB_npp_d20140716_t1940087_e1945491_b14080_c20140717014549591992_noaa_ops.h5,GDNBO_npp_d20140716_t1940087_e1945491_b14080_c20140717014549591757_noaa_ops.h5,SVI04_npp_d20140716_t1940087_e1945491_b14080_c20140717014549047847_noaa_ops.dspace_rad,VNFF_npp_d20140716_t1940087_e1945491_b14080_v21.csv,World_EEZ_v8_2014.shp,WPP_BFAR_merge.shp,KKP_IDN_merge_20161208.shp,VNF-VBD_npp_20120301-20151231_global_asia-enhanced_c201607211230.bitmask,NCEI_NGA.union.nga_lead2.add_2015ntl.mask,timezone.shp,VBD_platforms-recurring_2015_r20170330.shp,999999,VBD_bridges_c20160811.shp,19.107107;17.397036;14.693351;9.872889;5.028845;0.164623;-4.717433;-2.668029;-0.463942;4.408493;9.296770;14.195400,76.296768;90.732086;104.737396;103.313332;102.017212;100.838966;99.779457;86.144508;72.459229;73.563164;74.566231;75.490944,npp_d20140716_t1940087_e1945491_b14080,137.801,52.5776,67.6005,-80.2334,24.0745,97.301
992,VBD_npp_d20140716_t1942278_x1014685E_y069927N_l1256_s3915_v23,2017-05-23 13:09:12,6.992735,101.468544,35.5206,2014-07-16 19:42:27,2014-07-17 02:42:27,1256,3915,0.236998,1,2529,0.720162,0.139199,0.839031,0.4,0.903132,0.75,0.0518331,0.0001,0.00350007,999999,1.791331e-01,3,Thailand Exclusive Economic Zone,,,SVDNB_npp_d20140716_t1940087_e1945491_b14080_c20140717014549591992_noaa_ops.h5,GDNBO_npp_d20140716_t1940087_e1945491_b14080_c20140717014549591757_noaa_ops.h5,SVI04_npp_d20140716_t1940087_e1945491_b14080_c20140717014549047847_noaa_ops.dspace_rad,VNFF_npp_d20140716_t1940087_e1945491_b14080_v21.csv,World_EEZ_v8_2014.shp,WPP_BFAR_merge.shp,KKP_IDN_merge_20161208.shp,VNF-VBD_npp_20120301-20151231_global_asia-enhanced_c201607211230.bitmask,NCEI_NGA.union.nga_lead2.add_2015ntl.mask,timezone.shp,VBD_platforms-recurring_2015_r20170330.shp,999999,VBD_bridges_c20160811.shp,19.107107;17.397036;14.693351;9.872889;5.028845;0.164623;-4.717433;-2.668029;-0.463942;4.408493;9.296770;14.195400,76.296768;90.732086;104.737396;103.313332;102.017212;100.838966;99.779457;86.144508;72.459229;73.563164;74.566231;75.490944,npp_d20140716_t1940087_e1945491_b14080,135.097,50.1475,67.604,-79.2672,24.1458,105.558
993,VBD_npp_d20140716_t1942278_x1014777E_y070051N_l1254_s3916_v23,2017-05-23 13:09:12,7.005053,101.477699,9.78112,2014-07-16 19:42:27,2014-07-17 02:42:27,1254,3916,0.189211,7,18849,0.252893,0.144386,0.828642,0.4,0.66351,0.75,0.0518343,0.0001,0.00348331,999999,1.311643e-01,3,,,,SVDNB_npp_d20140716_t1940087_e1945491_b14080_c20140717014549591992_noaa_ops.h5,GDNBO_npp_d20140716_t1940087_e1945491_b14080_c20140717014549591757_noaa_ops.h5,SVI04_npp_d20140716_t1940087_e1945491_b14080_c20140717014549047847_noaa_ops.dspace_rad,VNFF_npp_d20140716_t1940087_e1945491_b14080_v21.csv,World_EEZ_v8_2014.shp,WPP_BFAR_merge.shp,KKP_IDN_merge_20161208.shp,VNF-VBD_npp_20120301-20151231_global_asia-enhanced_c201607211230.bitmask,NCEI_NGA.union.nga_lead2.add_2015ntl.mask,timezone.shp,VBD_platforms-recurring_2015_r20170330.shp,0.843716,VBD_bridges_c20160811.shp,19.107107;17.397036;14.693351;9.872889;5.028845;0.164623;-4.717433;-2.668029;-0.463942;4.408493;9.296770;14.195400,76.296768;90.732086;104.737396;103.313332;102.017212;100.838966;99.779457;86.144508;72.459229;73.563164;74.566231;75.490944,npp_d20140716_t1940087_e1945491_b14080,135.082,50.145,67.6201,-79.327,24.1403,105.591
994,VBD_npp_d20140716_t1944448_x0995829E_y008159S_l2484_s3916_v23,2017-05-23 13:09:12,-0.815906,99.582932,8.81728,2014-07-16 19:44:44,2014-07-17 02:44:44,2484,3916,0.238324,2,2465,0.243662,0.209682,0.433448,0.4,0.698116,0.75,0.0515704,0.0001,0.003206,999999,-4.728005e-01,3,Indonesian Exclusive Economic Zone,WPP572,,SVDNB_npp_d20140716_t1940087_e1945491_b14080_c20140717014549591992_noaa_ops.h5,GDNBO_npp_d20140716_t1940087_e1945491_b14080_c20140717014549591757_noaa_ops.h5,SVI04_npp_d20140716_t1940087_e1945491_b14080_c20140717014549047847_noaa_ops.dspace_rad,VNFF_npp_d20140716_t1940087_e1945491_b14080_v21.csv,World_EEZ_v8_2014.shp,WPP_BFAR_merge.shp,KKP_IDN_merge_20161208.shp,VNF-VBD_npp_20120301-20151231_global_asia-enhanced_c201607211230.bitmask,NCEI_NGA.union.nga_lead2.add_2015ntl.mask,timezone.shp,VBD_platforms-recurring_2015_r20170330.shp,999999,VBD_bridges_c20160811.shp,19.107107;17.397036;14.693351;9.872889;5.028845;0.164623;-4.717433;-2.668029;-0.463942;4.408493;9.296770;14.195400,76.296768;90.732086;104.737396;103.313332;102.017212;100.838966;99.779457;86.144508;72.459229;73.563164;74.566231;75.490944,npp_d20140716_t1940087_e1945491_b14080,140.844,56.1467,67.6367,-81.2588,24.5906,87.5686
995,VBD_npp_d20140716_t1942189_x1016256E_y074675N_l1180_s3919_v23,2017-05-23 13:09:12,7.467549,101.625603,32.8068,2014-07-16 19:42:18,2014-07-17 02:42:18,1180,3919,0.31782,1,2529,0.805621,0.14735,0.892246,0.4,0.924907,0.75,0.0517689,0.0001,0.00342566,999999,1.037399e-01,3,Thailand Exclusive Economic Zone,,,SVDNB_npp_d20140716_t1940087_e1945491_b14080_c20140717014549591992_noaa_ops.h5,GDNBO_npp_d20140716_t1940087_e1945491_b14080_c20140717014549591757_noaa_ops.h5,SVI04_npp_d20140716_t1940087_e1945491_b14080_c20140717014549047847_noaa_ops.dspace_rad,VNFF_npp_d20140716_t1940087_e1945491_b14080_v21.csv,World_EEZ_v8_2014.shp,WPP_BFAR_merge.shp,KKP_IDN_merge_20161208.shp,VNF-VBD_npp_20120301-20151231_global_asia-enhanced_c201607211230.bitmask,NCEI_NGA.union.nga_lead2.add_2015ntl.mask,timezone.shp,VBD_platforms-recurring_2015_r20170330.shp,999999,VBD_bridges_c20160811.shp,19.107107;17.397036;14.693351;9.872889;5.028845;0.164623;-4.717433;-2.668029;-0.463942;4.408493;9.296770;14.195400,76.296768;90.732086;104.737396;103.313332;102.017212;100.838966;99.779457;86.144508;72.459229;73.563164;74.566231;75.490944,npp_d20140716_t1940087_e1945491_b14080,134.701,49.8763,67.6743,-79.0158,24.1625,106.687
996,VBD_npp_d20140716_t1942207_x1016000E_y073865N_l1193_s3919_v23,2017-05-23 13:09:12,7.386524,101.600044,37.27,2014-07-16 19:42:20,2014-07-17 02:42:20,1193,3919,0.337487,1,2529,0.839968,0.167527,0.895701,0.4,0.939349,0.75,0.0517736,0.0001,0.00342955,999999,-8.288810e-02,3,Thailand Exclusive Economic Zone,,,SVDNB_npp_d20140716_t1940087_e1945491_b14080_c20140717014549591992_noaa_ops.h5,GDNBO_npp_d20140716_t1940087_e1945491_b14080_c20140717014549591757_noaa_ops.h5,SVI04_npp_d20140716_t1940087_e1945491_b14080_c20140717014549047847_noaa_ops.dspace_rad,VNFF_npp_d20140716_t1940087_e1945491_b14080_v21.csv,World_EEZ_v8_2014.shp,WPP_BFAR_merge.shp,KKP_IDN_merge_20161208.shp,VNF-VBD_npp_20120301-20151231_global_asia-enhanced_c201607211230.bitmask,NCEI_NGA.union.nga_lead2.add_2015ntl.mask,timezone.shp,VBD_platforms-recurring_2015_r20170330.shp,999999,VBD_bridges_c20160811.shp,19.107107;17.397036;14.693351;9.872889;5.028845;0.164623;-4.717433;-2.668029;-0.463942;4.408493;9.296770;14.195400,76.296768;90.732086;104.737396;103.313332;102.017212;100.838966;99.779457;86.144508;72.459229;73.563164;74.566231;75.490944,npp_d20140716_t1940087_e1945491_b14080,134.767,49.9239,67.6679,-79.1304,24.1567,106.496
997,VBD_npp_d20140716_t1942207_x1015999E_y073513N_l1198_s3920_v23,2017-05-23 13:09:12,7.351345,101.599937,21.6861,2014-07-16 19:42:20,2014-07-17 02:42:20,1198,3920,0.348039,1,2529,0.675666,0.156314,0.88133,0.4,0.912573,0.75,0.051783,0.0001,0.00342984,999999,2.083093e-02,3,Thailand Exclusive Economic Zone,,,SVDNB_npp_d20140716_t1940087_e1945491_b14080_c20140717014549591992_noaa_ops.h5,GDNBO_npp_d20140716_t1940087_e1945491_b14080_c20140717014549591757_noaa_ops.h5,SVI04_npp_d20140716_t1940087_e1945491_b14080_c20140717014549047847_noaa_ops.dspace_rad,VNFF_npp_d20140716_t1940087_e1945491_b14080_v21.csv,World_EEZ_v8_2014.shp,WPP_BFAR_merge.shp,KKP_IDN_merge_20161208.shp,VNF-VBD_npp_20120301-20151231_global_asia-enhanced_c201607211230.bitmask,NCEI_NGA.union.nga_lead2.add_2015ntl.mask,timezone.shp,VBD_platforms-recurring_2015_r20170330.shp,999999,VBD_bridges_c20160811.shp,19.107107;17.397036;14.693351;9.872889;5.028845;0.164623;-4.717433;-2.668029;-0.463942;4.408493;9.296770;14.195400,76.296768;90.732086;104.737396;103.313332;102.017212;100.838966;99.779457;86.144508;72.459229;73.563164;74.566231;75.490944,npp_d20140716_t1940087_e1945491_b14080,134.79,49.9505,67.6837,-78.9784,24.1467,106.419
998,VBD_npp_d20140716_t1942278_x1014972E_y069662N_l1259_s3920_v23,2017-05-23 13:09:12,6.966195,101.497192,8.28637,2014-07-16 19:42:27,2014-07-17 02:42:27,1259,3920,0.216723,2,2465,0.202372,0.154236,0.749413,0.4,0.686155,0.75,0.0518541,0.0001,0.00344571,999999,4.005287e-02,3,Thailand Exclusive Economic Zone,,,SVDNB_npp_d20140716_t1940087_e1945491_b14080_c20140717014549591992_noaa_ops.h5,GDNBO_npp_d20140716_t1940087_e1945491_b14080_c20140717014549591757_noaa_ops.h5,SVI04_npp_d20140716_t1940087_e1945491_b14080_c20140717014549047847_noaa_ops.dspace_rad,VNFF_npp_d20140716_t1940087_e1945491_b14080_v21.csv,World_EEZ_v8_2014.shp,WPP_BFAR_merge.shp,KKP_IDN_merge_20161208.shp,VNF-VBD_npp_20120301-20151231_global_asia-enhanced_c201607211230.bitmask,NCEI_NGA.union.nga_lead2.add_2015ntl.mask,timezone.shp,VBD_platforms-recurring_2015_r20170330.shp,999999,VBD_bridges_c20160811.shp,19.107107;17.397036;14.693351;9.872889;5.028845;0.164623;-4.717433;-2.668029;-0.463942;4.408493;9.296770;14.195400,76.296768;90.732086;104.737396;103.313332;102.017212;100.838966;99.779457;86.144508;72.459229;73.563164;74.566231;75.490944,npp_d20140716_t1940087_e1945491_b14080,135.092,50.1897,67.6834,-79.1725,24.1108,105.52
999,VBD_npp_d20140716_t1945044_x0993478E_y020251S_l2672_s3920_v23,2017-05-23 13:09:12,-2.025133,99.347824,22.749,2014-07-16 19:45:04,2014-07-17 02:45:04,2672,3920,0.340691,1,2529,0.724147,0.138397,0.821308,0.4,0.926441,0.75,0.0513979,0.0001,0.00295045,999999,1.865548e-01,3,Indonesian Exclusive Economic Zone,WPP572,,SVDNB_npp_d20140716_t1940087_e1945491_b14080_c20140717014549591992_noaa_ops.h5,GDNBO_npp_d20140716_t1940087_e1945491_b14080_c20140717014549591757_noaa_ops.h5,SVI04_npp_d20140716_t1940087_e1945491_b14080_c20140717014549047847_noaa_ops.dspace_rad,VNFF_npp_d20140716_t1940087_e1945491_b14080_v21.csv,World_EEZ_v8_2014.shp,WPP_BFAR_merge.shp,KKP_IDN_merge_20161208.shp,VNF-VBD_npp_20120301-20151231_global_asia-enhanced_c201607211230.bitmask,NCEI_NGA.union.nga_lead2.add_2015ntl.mask,timezone.shp,VBD_platforms-recurring_2015_r20170330.shp,999999,VBD_bridges_c20160811.shp,19.107107;17.397036;14.693351;9.872889;5.028845;0.164623;-4.717433;-2.668029;-0.463942;4.408493;9.296770;14.195400,76.296768;90.732086;104.737396;103.313332;102.017212;100.838966;99.779457;86.144508;72.459229;73.563164;74.566231;75.490944,npp_d20140716_t1940087_e1945491_b14080,141.636,57.3048,67.7049,-81.1448,24.8298,84.9196
1000,VBD_npp_d20140716_t1942189_x1016454E_y074990N_l1175_s3921_v23,2017-05-23 13:09:12,7.498956,101.645386,24.2528,2014-07-16 19:42:18,2014-07-17 02:42:18,1175,3921,0.312462,1,2529,0.699055,0.159454,0.890124,0.4,0.913088,0.75,0.0517752,0.0001,0.00338853,999999,-8.208548e-03,3,Thailand Exclusive Economic Zone,,,SVDNB_npp_d20140716_t1940087_e1945491_b14080_c20140717014549591992_noaa_ops.h5,GDNBO_npp_d20140716_t1940087_e1945491_b14080_c20140717014549591757_noaa_ops.h5,SVI04_npp_d20140716_t1940087_e1945491_b14080_c20140717014549047847_noaa_ops.dspace_rad,VNFF_npp_d20140716_t1940087_e1945491_b14080_v21.csv,World_EEZ_v8_2014.shp,WPP_BFAR_merge.shp,KKP_IDN_merge_20161208.shp,VNF-VBD_npp_20120301-20151231_global_asia-enhanced_c201607211230.bitmask,NCEI_NGA.union.nga_lead2.add_2015ntl.mask,timezone.shp,VBD_platforms-recurring_2015_r20170330.shp,999999,VBD_bridges_c20160811.shp,19.107107;17.397036;14.693351;9.872889;5.028845;0.164623;-4.717433;-2.668029;-0.463942;4.408493;9.296770;14.195400,76.296768;90.732086;104.737396;103.313332;102.017212;100.838966;99.779457;86.144508;72.459229;73.563164;74.566231;75.490944,npp_d20140716_t1940087_e1945491_b14080,134.666,49.8676,67.7065,-79.1653,24.1526,106.771
1001,VBD_npp_d20140716_t1942207_x1016158E_y073976N_l1191_s3921_v23,2017-05-23 13:09:12,7.397591,101.615807,8.78972,2014-07-16 19:42:20,2014-07-17 02:42:20,1191,3921,0.340802,1,2529,0.317662,0.173128,0.895701,0.4,0.768723,0.75,0.0517783,0.0001,0.00340033,999999,-1.346895e-01,3,Thailand Exclusive Economic Zone,,,SVDNB_npp_d20140716_t1940087_e1945491_b14080_c20140717014549591992_noaa_ops.h5,GDNBO_npp_d20140716_t1940087_e1945491_b14080_c20140717014549591757_noaa_ops.h5,SVI04_npp_d20140716_t1940087_e1945491_b14080_c20140717014549047847_noaa_ops.dspace_rad,VNFF_npp_d20140716_t1940087_e1945491_b14080_v21.csv,World_EEZ_v8_2014.shp,WPP_BFAR_merge.shp,KKP_IDN_merge_20161208.shp,VNF-VBD_npp_20120301-20151231_global_asia-enhanced_c201607211230.bitmask,NCEI_NGA.union.nga_lead2.add_2015ntl.mask,timezone.shp,VBD_platforms-recurring_2015_r20170330.shp,999999,VBD_bridges_c20160811.shp,19.107107;17.397036;14.693351;9.872889;5.028845;0.164623;-4.717433;-2.668029;-0.463942;4.408493;9.296770;14.195400,76.296768;90.732086;104.737396;103.313332;102.017212;100.838966;99.779457;86.144508;72.459229;73.563164;74.566231;75.490944,npp_d20140716_t1940087_e1945491_b14080,134.748,49.9275,67.6999,-79.1892,24.1447,106.532
1002,VBD_npp_d20140716_t1945061_x0993459E_y020247S_l2673_s3921_v23,2017-05-23 13:09:12,-2.024734,99.345863,10.6819,2014-07-16 19:45:06,2014-07-17 02:45:06,2673,3921,0.340691,7,2465,0.405493,0.150444,0.821308,0.4,0.733827,0.75,0.0514004,0.0001,0.00301052,999999,7.513006e-02,3,,,,SVDNB_npp_d20140716_t1940087_e1945491_b14080_c20140717014549591992_noaa_ops.h5,GDNBO_npp_d20140716_t1940087_e1945491_b14080_c20140717014549591757_noaa_ops.h5,SVI04_npp_d20140716_t1940087_e1945491_b14080_c20140717014549047847_noaa_ops.dspace_rad,VNFF_npp_d20140716_t1940087_e1945491_b14080_v21.csv,World_EEZ_v8_2014.shp,WPP_BFAR_merge.shp,KKP_IDN_merge_20161208.shp,VNF-VBD_npp_20120301-20151231_global_asia-enhanced_c201607211230.bitmask,NCEI_NGA.union.nga_lead2.add_2015ntl.mask,timezone.shp,VBD_platforms-recurring_2015_r20170330.shp,999999,VBD_bridges_c20160811.shp,19.107107;17.397036;14.693351;9.872889;5.028845;0.164623;-4.717433;-2.668029;-0.463942;4.408493;9.296770;14.195400,76.296768;90.732086;104.737396;103.313332;102.017212;100.838966;99.779457;86.144508;72.459229;73.563164;74.566231;75.490944,npp_d20140716_t1940087_e1945491_b14080,141.631,57.3079,67.717,-81.6267,24.8245,84.9191
1003,VBD_npp_d20140716_t1942207_x1016264E_y074167N_l1188_s3922_v23,2017-05-23 13:09:12,7.416705,101.626389,59.8113,2014-07-16 19:42:20,2014-07-17 02:42:20,1188,3922,0.330913,1,2529,1.06403,0.156945,0.894031,0.4,0.962721,0.75,0.0517805,0.0001,0.00338045,999999,1.499306e-02,3,Thailand Exclusive Economic Zone,,,SVDNB_npp_d20140716_t1940087_e1945491_b14080_c20140717014549591992_noaa_ops.h5,GDNBO_npp_d20140716_t1940087_e1945491_b14080_c20140717014549591757_noaa_ops.h5,SVI04_npp_d20140716_t1940087_e1945491_b14080_c20140717014549047847_noaa_ops.dspace_rad,VNFF_npp_d20140716_t1940087_e1945491_b14080_v21.csv,World_EEZ_v8_2014.shp,WPP_BFAR_merge.shp,KKP_IDN_merge_20161208.shp,VNF-VBD_npp_20120301-20151231_global_asia-enhanced_c201607211230.bitmask,NCEI_NGA.union.nga_lead2.add_2015ntl.mask,timezone.shp,VBD_platforms-recurring_2015_r20170330.shp,999999,VBD_bridges_c20160811.shp,19.107107;17.397036;14.693351;9.872889;5.028845;0.164623;-4.717433;-2.668029;-0.463942;4.408493;9.296770;14.195400,76.296768;90.732086;104.737396;103.313332;102.017212;100.838966;99.779457;86.144508;72.459229;73.563164;74.566231;75.490944,npp_d20140716_t1940087_e1945491_b14080,134.727,49.9211,67.7162,-79.2791,24.14,106.582
1004,VBD_npp_d20140716_t1942207_x1016183E_y073760N_l1194_s3922_v23,2017-05-23 13:09:12,7.375971,101.618347,10.8216,2014-07-16 19:42:20,2014-07-17 02:42:20,1194,3922,0.338261,1,2529,0.422426,0.174431,0.895701,0.4,0.820721,0.75,0.0517853,0.0001,0.00339596,999999,-1.467423e-01,3,Thailand Exclusive Economic Zone,,,SVDNB_npp_d20140716_t1940087_e1945491_b14080_c20140717014549591992_noaa_ops.h5,GDNBO_npp_d20140716_t1940087_e1945491_b14080_c20140717014549591757_noaa_ops.h5,SVI04_npp_d20140716_t1940087_e1945491_b14080_c20140717014549047847_noaa_ops.dspace_rad,VNFF_npp_d20140716_t1940087_e1945491_b14080_v21.csv,World_EEZ_v8_2014.shp,WPP_BFAR_merge.shp,KKP_IDN_merge_20161208.shp,VNF-VBD_npp_20120301-20151231_global_asia-enhanced_c201607211230.bitmask,NCEI_NGA.union.nga_lead2.add_2015ntl.mask,timezone.shp,VBD_platforms-recurring_2015_r20170330.shp,999999,VBD_bridges_c20160811.shp,19.107107;17.397036;14.693351;9.872889;5.028845;0.164623;-4.717433;-2.668029;-0.463942;4.408493;9.296770;14.195400,76.296768;90.732086;104.737396;103.313332;102.017212;100.838966;99.779457;86.144508;72.459229;73.563164;74.566231;75.490944,npp_d20140716_t1940087_e1945491_b14080,134.76,49.9458,67.7156,-79.0977,24.136,106.487
1005,VBD_npp_d20140716_t1945008_x0994101E_y017888S_l2635_s3922_v23,2017-05-23 13:09:12,-1.788754,99.410095,10.5719,2014-07-16 19:45:00,2014-07-17 02:45:00,2635,3922,0.347542,1,2529,0.43929,0.155881,0.73764,0.4,0.851765,0.75,0.051443,0.0001,0.00298631,999999,2.484006e-02,3,Indonesian Exclusive Economic Zone,WPP572,,SVDNB_npp_d20140716_t1940087_e1945491_b14080_c20140717014549591992_noaa_ops.h5,GDNBO_npp_d20140716_t1940087_e1945491_b14080_c20140717014549591757_noaa_ops.h5,SVI04_npp_d20140716_t1940087_e1945491_b14080_c20140717014549047847_noaa_ops.dspace_rad,VNFF_npp_d20140716_t1940087_e1945491_b14080_v21.csv,World_EEZ_v8_2014.shp,WPP_BFAR_merge.shp,KKP_IDN_merge_20161208.shp,VNF-VBD_npp_20120301-20151231_global_asia-enhanced_c201607211230.bitmask,NCEI_NGA.union.nga_lead2.add_2015ntl.mask,timezone.shp,VBD_platforms-recurring_2015_r20170330.shp,999999,VBD_bridges_c20160811.shp,19.107107;17.397036;14.693351;9.872889;5.028845;0.164623;-4.717433;-2.668029;-0.463942;4.408493;9.296770;14.195400,76.296768;90.732086;104.737396;103.313332;102.017212;100.838966;99.779457;86.144508;72.459229;73.563164;74.566231;75.490944,npp_d20140716_t1940087_e1945491_b14080,141.468,57.0853,67.7338,-81.2512,24.7611,85.4293
1006,VBD_npp_d20140716_t1942189_x1016651E_y074952N_l1175_s3924_v23,2017-05-23 13:09:12,7.495189,101.665092,15.8851,2014-07-16 19:42:18,2014-07-17 02:42:18,1175,3924,0.317489,1,2529,0.576843,0.179669,0.876719,0.4,0.885231,0.75,0.0517858,0.0001,0.00335273,999999,-1.951964e-01,3,Thailand Exclusive Economic Zone,,,SVDNB_npp_d20140716_t1940087_e1945491_b14080_c20140717014549591992_noaa_ops.h5,GDNBO_npp_d20140716_t1940087_e1945491_b14080_c20140717014549591757_noaa_ops.h5,SVI04_npp_d20140716_t1940087_e1945491_b14080_c20140717014549047847_noaa_ops.dspace_rad,VNFF_npp_d20140716_t1940087_e1945491_b14080_v21.csv,World_EEZ_v8_2014.shp,WPP_BFAR_merge.shp,KKP_IDN_merge_20161208.shp,VNF-VBD_npp_20120301-20151231_global_asia-enhanced_c201607211230.bitmask,NCEI_NGA.union.nga_lead2.add_2015ntl.mask,timezone.shp,VBD_platforms-recurring_2015_r20170330.shp,999999,VBD_bridges_c20160811.shp,19.107107;17.397036;14.693351;9.872889;5.028845;0.164623;-4.717433;-2.668029;-0.463942;4.408493;9.296770;14.195400,76.296768;90.732086;104.737396;103.313332;102.017212;100.838966;99.779457;86.144508;72.459229;73.563164;74.566231;75.490944,npp_d20140716_t1940087_e1945491_b14080,134.653,49.8855,67.7543,-79.1627,24.1325,106.778
1007,VBD_npp_d20140716_t1943301_x1006283E_y033992N_l1820_s3924_v23,2017-05-23 13:09:12,3.399158,100.628273,19.4192,2014-07-16 19:43:30,2014-07-17 02:43:30,1820,3924,0.367982,1,2529,0.598586,0.156281,0.75769,0.4,0.839637,0.75,0.0519171,0.0001,0.00342119,999999,2.114031e-02,3,Malaysian Exclusive Economic Zone,,,SVDNB_npp_d20140716_t1940087_e1945491_b14080_c20140717014549591992_noaa_ops.h5,GDNBO_npp_d20140716_t1940087_e1945491_b14080_c20140717014549591757_noaa_ops.h5,SVI04_npp_d20140716_t1940087_e1945491_b14080_c20140717014549047847_noaa_ops.dspace_rad,VNFF_npp_d20140716_t1940087_e1945491_b14080_v21.csv,World_EEZ_v8_2014.shp,WPP_BFAR_merge.shp,KKP_IDN_merge_20161208.shp,VNF-VBD_npp_20120301-20151231_global_asia-enhanced_c201607211230.bitmask,NCEI_NGA.union.nga_lead2.add_2015ntl.mask,timezone.shp,VBD_platforms-recurring_2015_r20170330.shp,999999,VBD_bridges_c20160811.shp,19.107107;17.397036;14.693351;9.872889;5.028845;0.164623;-4.717433;-2.668029;-0.463942;4.408493;9.296770;14.195400,76.296768;90.732086;104.737396;103.313332;102.017212;100.838966;99.779457;86.144508;72.459229;73.563164;74.566231;75.490944,npp_d20140716_t1940087_e1945491_b14080,137.792,52.6707,67.7592,-80.0173,24.0099,97.1868
1008,VBD_npp_d20140716_t1942118_x1017896E_y078832N_l1113_s3927_v23,2017-05-23 13:09:12,7.883200,101.789642,20.0488,2014-07-16 19:42:11,2014-07-17 02:42:11,1113,3927,0.256554,8,18913,0.581531,0.16077,0.776034,0.4,0.885608,0.75,0.0517877,0.0001,0.00329505,999999,-2.038239e-02,3,Thailand Exclusive Economic Zone,,,SVDNB_npp_d20140716_t1940087_e1945491_b14080_c20140717014549591992_noaa_ops.h5,GDNBO_npp_d20140716_t1940087_e1945491_b14080_c20140717014549591757_noaa_ops.h5,SVI04_npp_d20140716_t1940087_e1945491_b14080_c20140717014549047847_noaa_ops.dspace_rad,VNFF_npp_d20140716_t1940087_e1945491_b14080_v21.csv,World_EEZ_v8_2014.shp,WPP_BFAR_merge.shp,KKP_IDN_merge_20161208.shp,VNF-VBD_npp_20120301-20151231_global_asia-enhanced_c201607211230.bitmask,NCEI_NGA.union.nga_lead2.add_2015ntl.mask,timezone.shp,VBD_platforms-recurring_2015_r20170330.shp,0.223468,VBD_bridges_c20160811.shp,19.107107;17.397036;14.693351;9.872889;5.028845;0.164623;-4.717433;-2.668029;-0.463942;4.408493;9.296770;14.195400,76.296768;90.732086;104.737396;103.313332;102.017212;100.838966;99.779457;86.144508;72.459229;73.563164;74.566231;75.490944,npp_d20140716_t1940087_e1945491_b14080,134.331,49.6668,67.8016,-78.9956,24.1572,107.698
1009,VBD_npp_d20140716_t1942278_x1015391E_y069370N_l1262_s3927_v23,2017-05-23 13:09:12,6.937014,101.539146,13.1215,2014-07-16 19:42:27,2014-07-17 02:42:27,1262,3927,0.183024,1,2529,0.362079,0.173508,0.634439,0.4,0.772318,0.75,0.051882,0.0001,0.00336757,999999,-1.382020e-01,3,Thailand Exclusive Economic Zone,,,SVDNB_npp_d20140716_t1940087_e1945491_b14080_c20140717014549591992_noaa_ops.h5,GDNBO_npp_d20140716_t1940087_e1945491_b14080_c20140717014549591757_noaa_ops.h5,SVI04_npp_d20140716_t1940087_e1945491_b14080_c20140717014549047847_noaa_ops.dspace_rad,VNFF_npp_d20140716_t1940087_e1945491_b14080_v21.csv,World_EEZ_v8_2014.shp,WPP_BFAR_merge.shp,KKP_IDN_merge_20161208.shp,VNF-VBD_npp_20120301-20151231_global_asia-enhanced_c201607211230.bitmask,NCEI_NGA.union.nga_lead2.add_2015ntl.mask,timezone.shp,VBD_platforms-recurring_2015_r20170330.shp,999999,VBD_bridges_c20160811.shp,19.107107;17.397036;14.693351;9.872889;5.028845;0.164623;-4.717433;-2.668029;-0.463942;4.408493;9.296770;14.195400,76.296768;90.732086;104.737396;103.313332;102.017212;100.838966;99.779457;86.144508;72.459229;73.563164;74.566231;75.490944,npp_d20140716_t1940087_e1945491_b14080,135.079,50.244,67.7949,-79.0764,24.0621,105.487
1010,VBD_npp_d20140716_t1942224_x1016495E_y072852N_l1207_s3930_v23,2017-05-23 13:09:12,7.285204,101.649483,19.3549,2014-07-16 19:42:22,2014-07-17 02:42:22,1207,3930,0.33699,8,18913,0.594369,0.162799,0.722103,0.4,0.772101,0.75,0.0518285,0.0001,0.00329743,999999,-3.914851e-02,3,Thailand Exclusive Economic Zone,,,SVDNB_npp_d20140716_t1940087_e1945491_b14080_c20140717014549591992_noaa_ops.h5,GDNBO_npp_d20140716_t1940087_e1945491_b14080_c20140717014549591757_noaa_ops.h5,SVI04_npp_d20140716_t1940087_e1945491_b14080_c20140717014549047847_noaa_ops.dspace_rad,VNFF_npp_d20140716_t1940087_e1945491_b14080_v21.csv,World_EEZ_v8_2014.shp,WPP_BFAR_merge.shp,KKP_IDN_merge_20161208.shp,VNF-VBD_npp_20120301-20151231_global_asia-enhanced_c201607211230.bitmask,NCEI_NGA.union.nga_lead2.add_2015ntl.mask,timezone.shp,VBD_platforms-recurring_2015_r20170330.shp,0.215775,VBD_bridges_c20160811.shp,19.107107;17.397036;14.693351;9.872889;5.028845;0.164623;-4.717433;-2.668029;-0.463942;4.408493;9.296770;14.195400,76.296768;90.732086;104.737396;103.313332;102.017212;100.838966;99.779457;86.144508;72.459229;73.563164;74.566231;75.490944,npp_d20140716_t1940087_e1945491_b14080,134.789,50.0441,67.8463,-79.2096,24.0729,106.318
1011,VBD_npp_d20140716_t1942207_x1017017E_y074166N_l1186_s3933_v23,2017-05-23 13:09:12,7.416578,101.701675,23.1013,2014-07-16 19:42:20,2014-07-17 02:42:20,1186,3933,0.340415,1,2529,0.709414,0.145097,0.849219,0.4,0.927944,0.75,0.0518189,0.0001,0.00324527,999999,1.245824e-01,3,Thailand Exclusive Economic Zone,,,SVDNB_npp_d20140716_t1940087_e1945491_b14080_c20140717014549591992_noaa_ops.h5,GDNBO_npp_d20140716_t1940087_e1945491_b14080_c20140717014549591757_noaa_ops.h5,SVI04_npp_d20140716_t1940087_e1945491_b14080_c20140717014549047847_noaa_ops.dspace_rad,VNFF_npp_d20140716_t1940087_e1945491_b14080_v21.csv,World_EEZ_v8_2014.shp,WPP_BFAR_merge.shp,KKP_IDN_merge_20161208.shp,VNF-VBD_npp_20120301-20151231_global_asia-enhanced_c201607211230.bitmask,NCEI_NGA.union.nga_lead2.add_2015ntl.mask,timezone.shp,VBD_platforms-recurring_2015_r20170330.shp,999999,VBD_bridges_c20160811.shp,19.107107;17.397036;14.693351;9.872889;5.028845;0.164623;-4.717433;-2.668029;-0.463942;4.408493;9.296770;14.195400,76.296768;90.732086;104.737396;103.313332;102.017212;100.838966;99.779457;86.144508;72.459229;73.563164;74.566231;75.490944,npp_d20140716_t1940087_e1945491_b14080,134.67,49.9784,67.8922,-79.33,24.0673,106.64
1012,VBD_npp_d20140716_t1945204_x0992779E_y029423S_l2813_s3939_v23,2017-05-23 13:09:12,-2.942296,99.277870,9.94559,2014-07-16 19:45:20,2014-07-17 02:45:20,2813,3939,0.299369,1,2529,0.390974,0.160229,0.727093,0.4,0.857753,0.75,0.0513528,0.0001,0.0026395,999999,-1.537712e-02,3,Indonesian Exclusive Economic Zone,WPP572,,SVDNB_npp_d20140716_t1940087_e1945491_b14080_c20140717014549591992_noaa_ops.h5,GDNBO_npp_d20140716_t1940087_e1945491_b14080_c20140717014549591757_noaa_ops.h5,SVI04_npp_d20140716_t1940087_e1945491_b14080_c20140717014549047847_noaa_ops.dspace_rad,VNFF_npp_d20140716_t1940087_e1945491_b14080_v21.csv,World_EEZ_v8_2014.shp,WPP_BFAR_merge.shp,KKP_IDN_merge_20161208.shp,VNF-VBD_npp_20120301-20151231_global_asia-enhanced_c201607211230.bitmask,NCEI_NGA.union.nga_lead2.add_2015ntl.mask,timezone.shp,VBD_platforms-recurring_2015_r20170330.shp,999999,VBD_bridges_c20160811.shp,19.107107;17.397036;14.693351;9.872889;5.028845;0.164623;-4.717433;-2.668029;-0.463942;4.408493;9.296770;14.195400,76.296768;90.732086;104.737396;103.313332;102.017212;100.838966;99.779457;86.144508;72.459229;73.563164;74.566231;75.490944,npp_d20140716_t1940087_e1945491_b14080,142.128,58.2918,68.0138,-81.4493,24.9344,82.9147
1013,VBD_npp_d20140716_t1942207_x1017456E_y073941N_l1188_s3940_v23,2017-05-23 13:09:12,7.394096,101.745583,16.1926,2014-07-16 19:42:20,2014-07-17 02:42:20,1188,3940,0.303181,8,18913,0.522841,0.205264,0.843771,0.4,0.802257,0.75,0.0518438,0.0001,0.00316938,999999,-4.319325e-01,3,Thailand Exclusive Economic Zone,,,SVDNB_npp_d20140716_t1940087_e1945491_b14080_c20140717014549591992_noaa_ops.h5,GDNBO_npp_d20140716_t1940087_e1945491_b14080_c20140717014549591757_noaa_ops.h5,SVI04_npp_d20140716_t1940087_e1945491_b14080_c20140717014549047847_noaa_ops.dspace_rad,VNFF_npp_d20140716_t1940087_e1945491_b14080_v21.csv,World_EEZ_v8_2014.shp,WPP_BFAR_merge.shp,KKP_IDN_merge_20161208.shp,VNF-VBD_npp_20120301-20151231_global_asia-enhanced_c201607211230.bitmask,NCEI_NGA.union.nga_lead2.add_2015ntl.mask,timezone.shp,VBD_platforms-recurring_2015_r20170330.shp,0.851179,VBD_bridges_c20160811.shp,19.107107;17.397036;14.693351;9.872889;5.028845;0.164623;-4.717433;-2.668029;-0.463942;4.408493;9.296770;14.195400,76.296768;90.732086;104.737396;103.313332;102.017212;100.838966;99.779457;86.144508;72.459229;73.563164;74.566231;75.490944,npp_d20140716_t1940087_e1945491_b14080,134.651,50.0287,68.0042,-79.2636,24.0184,106.625
1014,VBD_npp_d20140716_t1942207_x1017415E_y073381N_l1196_s3941_v23,2017-05-23 13:09:12,7.338105,101.741463,14.5624,2014-07-16 19:42:20,2014-07-17 02:42:20,1196,3941,0.334117,1,2529,0.532446,0.149624,0.787874,0.4,0.85918,0.75,0.0518544,0.0001,0.00317716,999999,8.271490e-02,3,Thailand Exclusive Economic Zone,,,SVDNB_npp_d20140716_t1940087_e1945491_b14080_c20140717014549591992_noaa_ops.h5,GDNBO_npp_d20140716_t1940087_e1945491_b14080_c20140717014549591757_noaa_ops.h5,SVI04_npp_d20140716_t1940087_e1945491_b14080_c20140717014549047847_noaa_ops.dspace_rad,VNFF_npp_d20140716_t1940087_e1945491_b14080_v21.csv,World_EEZ_v8_2014.shp,WPP_BFAR_merge.shp,KKP_IDN_merge_20161208.shp,VNF-VBD_npp_20120301-20151231_global_asia-enhanced_c201607211230.bitmask,NCEI_NGA.union.nga_lead2.add_2015ntl.mask,timezone.shp,VBD_platforms-recurring_2015_r20170330.shp,999999,VBD_bridges_c20160811.shp,19.107107;17.397036;14.693351;9.872889;5.028845;0.164623;-4.717433;-2.668029;-0.463942;4.408493;9.296770;14.195400,76.296768;90.732086;104.737396;103.313332;102.017212;100.838966;99.779457;86.144508;72.459229;73.563164;74.566231;75.490944,npp_d20140716_t1940087_e1945491_b14080,134.691,50.0681,68.0197,-79.0216,24.0061,106.499
1015,VBD_npp_d20140716_t1943318_x1007359E_y032878N_l1834_s3944_v23,2017-05-23 13:09:12,3.287757,100.735870,10.3045,2014-07-16 19:43:31,2014-07-17 02:43:31,1834,3944,0.325389,1,2529,0.357525,0.191245,0.577632,0.4,0.766496,0.75,0.0519814,0.0001,0.00318721,999999,-3.022618e-01,3,Malaysian Exclusive Economic Zone,,,SVDNB_npp_d20140716_t1940087_e1945491_b14080_c20140717014549591992_noaa_ops.h5,GDNBO_npp_d20140716_t1940087_e1945491_b14080_c20140717014549591757_noaa_ops.h5,SVI04_npp_d20140716_t1940087_e1945491_b14080_c20140717014549047847_noaa_ops.dspace_rad,VNFF_npp_d20140716_t1940087_e1945491_b14080_v21.csv,World_EEZ_v8_2014.shp,WPP_BFAR_merge.shp,KKP_IDN_merge_20161208.shp,VNF-VBD_npp_20120301-20151231_global_asia-enhanced_c201607211230.bitmask,NCEI_NGA.union.nga_lead2.add_2015ntl.mask,timezone.shp,VBD_platforms-recurring_2015_r20170330.shp,999999,VBD_bridges_c20160811.shp,19.107107;17.397036;14.693351;9.872889;5.028845;0.164623;-4.717433;-2.668029;-0.463942;4.408493;9.296770;14.195400,76.296768;90.732086;104.737396;103.313332;102.017212;100.838966;99.779457;86.144508;72.459229;73.563164;74.566231;75.490944,npp_d20140716_t1940087_e1945491_b14080,137.768,52.8517,68.0742,-80.0927,23.8804,96.972
1018,VBD_npp_d20140716_t1944466_x0997817E_y009811S_l2504_s3950_v23,2017-05-23 13:09:12,-0.981091,99.781677,13.413,2014-07-16 19:44:46,2014-07-17 02:44:46,2504,3950,0.350359,2,2465,0.346601,0.174323,0.599594,0.4,0.645521,0.75,0.0516702,0.0001,0.00280428,999999,-1.457480e-01,3,Indonesian Exclusive Economic Zone,WPP572,,SVDNB_npp_d20140716_t1940087_e1945491_b14080_c20140717014549591992_noaa_ops.h5,GDNBO_npp_d20140716_t1940087_e1945491_b14080_c20140717014549591757_noaa_ops.h5,SVI04_npp_d20140716_t1940087_e1945491_b14080_c20140717014549047847_noaa_ops.dspace_rad,VNFF_npp_d20140716_t1940087_e1945491_b14080_v21.csv,World_EEZ_v8_2014.shp,WPP_BFAR_merge.shp,KKP_IDN_merge_20161208.shp,VNF-VBD_npp_20120301-20151231_global_asia-enhanced_c201607211230.bitmask,NCEI_NGA.union.nga_lead2.add_2015ntl.mask,timezone.shp,VBD_platforms-recurring_2015_r20170330.shp,999999,VBD_bridges_c20160811.shp,19.107107;17.397036;14.693351;9.872889;5.028845;0.164623;-4.717433;-2.668029;-0.463942;4.408493;9.296770;14.195400,76.296768;90.732086;104.737396;103.313332;102.017212;100.838966;99.779457;86.144508;72.459229;73.563164;74.566231;75.490944,npp_d20140716_t1940087_e1945491_b14080,140.764,56.4522,68.1828,-81.1621,24.3894,87.1748
1019,VBD_npp_d20140716_t1942278_x1017182E_y068954N_l1263_s3954_v23,2017-05-23 13:09:12,6.895433,101.718185,20.7261,2014-07-16 19:42:27,2014-07-17 02:42:27,1263,3954,0.199984,8,18913,0.590718,0.188086,0.794876,0.4,0.863327,0.75,0.0519776,0.0001,0.00305532,999999,-2.730447e-01,3,Thailand Exclusive Economic Zone,,,SVDNB_npp_d20140716_t1940087_e1945491_b14080_c20140717014549591992_noaa_ops.h5,GDNBO_npp_d20140716_t1940087_e1945491_b14080_c20140717014549591757_noaa_ops.h5,SVI04_npp_d20140716_t1940087_e1945491_b14080_c20140717014549047847_noaa_ops.dspace_rad,VNFF_npp_d20140716_t1940087_e1945491_b14080_v21.csv,World_EEZ_v8_2014.shp,WPP_BFAR_merge.shp,KKP_IDN_merge_20161208.shp,VNF-VBD_npp_20120301-20151231_global_asia-enhanced_c201607211230.bitmask,NCEI_NGA.union.nga_lead2.add_2015ntl.mask,timezone.shp,VBD_platforms-recurring_2015_r20170330.shp,0.510752,VBD_bridges_c20160811.shp,19.107107;17.397036;14.693351;9.872889;5.028845;0.164623;-4.717433;-2.668029;-0.463942;4.408493;9.296770;14.195400,76.296768;90.732086;104.737396;103.313332;102.017212;100.838966;99.779457;86.144508;72.459229;73.563164;74.566231;75.490944,npp_d20140716_t1940087_e1945491_b14080,134.969,50.4112,68.2289,-79.0254,23.8767,105.525
1020,VBD_npp_d20140716_t1942296_x1016967E_y068150N_l1276_s3954_v23,2017-05-23 13:09:12,6.814992,101.696732,39.2601,2014-07-16 19:42:29,2014-07-17 02:42:29,1276,3954,0.278044,1,2529,0.826632,0.156485,0.830123,0.4,0.885972,0.75,0.0519926,0.0001,0.00305257,999999,1.924836e-02,3,Thailand Exclusive Economic Zone,,,SVDNB_npp_d20140716_t1940087_e1945491_b14080_c20140717014549591992_noaa_ops.h5,GDNBO_npp_d20140716_t1940087_e1945491_b14080_c20140717014549591757_noaa_ops.h5,SVI04_npp_d20140716_t1940087_e1945491_b14080_c20140717014549047847_noaa_ops.dspace_rad,VNFF_npp_d20140716_t1940087_e1945491_b14080_v21.csv,World_EEZ_v8_2014.shp,WPP_BFAR_merge.shp,KKP_IDN_merge_20161208.shp,VNF-VBD_npp_20120301-20151231_global_asia-enhanced_c201607211230.bitmask,NCEI_NGA.union.nga_lead2.add_2015ntl.mask,timezone.shp,VBD_platforms-recurring_2015_r20170330.shp,999999,VBD_bridges_c20160811.shp,19.107107;17.397036;14.693351;9.872889;5.028845;0.164623;-4.717433;-2.668029;-0.463942;4.408493;9.296770;14.195400,76.296768;90.732086;104.737396;103.313332;102.017212;100.838966;99.779457;86.144508;72.459229;73.563164;74.566231;75.490944,npp_d20140716_t1940087_e1945491_b14080,135.031,50.4626,68.2313,-79.1435,23.8689,105.336
1021,VBD_npp_d20140716_t1944466_x0998079E_y010349S_l2511_s3955_v23,2017-05-23 13:09:12,-1.034934,99.807884,5.73886,2014-07-16 19:44:46,2014-07-17 02:44:46,2511,3955,0.363397,2,2209,0.165969,0.153141,0.602604,0.4,0.573023,0.75,0.0516811,0.0001,0.00272213,999999,5.017596e-02,3,Indonesian Exclusive Economic Zone,WPP572,,SVDNB_npp_d20140716_t1940087_e1945491_b14080_c20140717014549591992_noaa_ops.h5,GDNBO_npp_d20140716_t1940087_e1945491_b14080_c20140717014549591757_noaa_ops.h5,SVI04_npp_d20140716_t1940087_e1945491_b14080_c20140717014549047847_noaa_ops.dspace_rad,VNFF_npp_d20140716_t1940087_e1945491_b14080_v21.csv,World_EEZ_v8_2014.shp,WPP_BFAR_merge.shp,KKP_IDN_merge_20161208.shp,VNF-VBD_npp_20120301-20151231_global_asia-enhanced_c201607211230.bitmask,NCEI_NGA.union.nga_lead2.add_2015ntl.mask,timezone.shp,VBD_platforms-recurring_2015_r20170330.shp,999999,VBD_bridges_c20160811.shp,19.107107;17.397036;14.693351;9.872889;5.028845;0.164623;-4.717433;-2.668029;-0.463942;4.408493;9.296770;14.195400,76.296768;90.732086;104.737396;103.313332;102.017212;100.838966;99.779457;86.144508;72.459229;73.563164;74.566231;75.490944,npp_d20140716_t1940087_e1945491_b14080,140.772,56.5245,68.2635,-80.9508,24.3655,87.0504
1022,VBD_npp_d20140716_t1944483_x0998084E_y010404S_l2513_s3956_v23,2017-05-23 13:09:12,-1.040445,99.808365,10.6567,2014-07-16 19:44:48,2014-07-17 02:44:48,2513,3956,0.360745,1,2529,0.389222,0.150046,0.602604,0.4,0.843597,0.75,0.0516827,0.0001,0.00275915,999999,7.880647e-02,3,Indonesian Exclusive Economic Zone,WPP572,,SVDNB_npp_d20140716_t1940087_e1945491_b14080_c20140717014549591992_noaa_ops.h5,GDNBO_npp_d20140716_t1940087_e1945491_b14080_c20140717014549591757_noaa_ops.h5,SVI04_npp_d20140716_t1940087_e1945491_b14080_c20140717014549047847_noaa_ops.dspace_rad,VNFF_npp_d20140716_t1940087_e1945491_b14080_v21.csv,World_EEZ_v8_2014.shp,WPP_BFAR_merge.shp,KKP_IDN_merge_20161208.shp,VNF-VBD_npp_20120301-20151231_global_asia-enhanced_c201607211230.bitmask,NCEI_NGA.union.nga_lead2.add_2015ntl.mask,timezone.shp,VBD_platforms-recurring_2015_r20170330.shp,999999,VBD_bridges_c20160811.shp,19.107107;17.397036;14.693351;9.872889;5.028845;0.164623;-4.717433;-2.668029;-0.463942;4.408493;9.296770;14.195400,76.296768;90.732086;104.737396;103.313332;102.017212;100.838966;99.779457;86.144508;72.459229;73.563164;74.566231;75.490944,npp_d20140716_t1940087_e1945491_b14080,140.769,56.5353,68.2832,-81.4007,24.3581,87.0367
1023,VBD_npp_d20140716_t1942296_x1017265E_y068593N_l1269_s3957_v23,2017-05-23 13:09:12,6.859312,101.726517,11.7612,2014-07-16 19:42:29,2014-07-17 02:42:29,1269,3957,0.29738,1,2529,0.40407,0.139897,0.823533,0.4,0.794133,0.75,0.051995,0.0001,0.00300567,999999,1.726836e-01,3,Thailand Exclusive Economic Zone,,,SVDNB_npp_d20140716_t1940087_e1945491_b14080_c20140717014549591992_noaa_ops.h5,GDNBO_npp_d20140716_t1940087_e1945491_b14080_c20140717014549591757_noaa_ops.h5,SVI04_npp_d20140716_t1940087_e1945491_b14080_c20140717014549047847_noaa_ops.dspace_rad,VNFF_npp_d20140716_t1940087_e1945491_b14080_v21.csv,World_EEZ_v8_2014.shp,WPP_BFAR_merge.shp,KKP_IDN_merge_20161208.shp,VNF-VBD_npp_20120301-20151231_global_asia-enhanced_c201607211230.bitmask,NCEI_NGA.union.nga_lead2.add_2015ntl.mask,timezone.shp,VBD_platforms-recurring_2015_r20170330.shp,999999,VBD_bridges_c20160811.shp,19.107107;17.397036;14.693351;9.872889;5.028845;0.164623;-4.717433;-2.668029;-0.463942;4.408493;9.296770;14.195400,76.296768;90.732086;104.737396;103.313332;102.017212;100.838966;99.779457;86.144508;72.459229;73.563164;74.566231;75.490944,npp_d20140716_t1940087_e1945491_b14080,134.98,50.4508,68.2803,-79.3518,23.8518,105.456
1024,VBD_npp_d20140716_t1942207_x1018753E_y073408N_l1192_s3960_v23,2017-05-23 13:09:12,7.340846,101.875320,20.9323,2014-07-16 19:42:20,2014-07-17 02:42:20,1192,3960,0.322129,8,18913,0.660773,0.165051,0.815803,0.4,0.920218,0.75,0.0519164,0.0001,0.00295357,999999,-5.998423e-02,3,Thailand Exclusive Economic Zone,,,SVDNB_npp_d20140716_t1940087_e1945491_b14080_c20140717014549591992_noaa_ops.h5,GDNBO_npp_d20140716_t1940087_e1945491_b14080_c20140717014549591757_noaa_ops.h5,SVI04_npp_d20140716_t1940087_e1945491_b14080_c20140717014549047847_noaa_ops.dspace_rad,VNFF_npp_d20140716_t1940087_e1945491_b14080_v21.csv,World_EEZ_v8_2014.shp,WPP_BFAR_merge.shp,KKP_IDN_merge_20161208.shp,VNF-VBD_npp_20120301-20151231_global_asia-enhanced_c201607211230.bitmask,NCEI_NGA.union.nga_lead2.add_2015ntl.mask,timezone.shp,VBD_platforms-recurring_2015_r20170330.shp,0.743249,VBD_bridges_c20160811.shp,19.107107;17.397036;14.693351;9.872889;5.028845;0.164623;-4.717433;-2.668029;-0.463942;4.408493;9.296770;14.195400,76.296768;90.732086;104.737396;103.313332;102.017212;100.838966;99.779457;86.144508;72.459229;73.563164;74.566231;75.490944,npp_d20140716_t1940087_e1945491_b14080,134.587,50.1671,68.3266,-79.1259,23.8776,106.609
1025,VBD_npp_d20140716_t1942171_x1019499E_y075682N_l1156_s3962_v23,2017-05-23 13:09:12,7.568168,101.949860,8.68431,2014-07-16 19:42:17,2014-07-17 02:42:17,1156,3962,0.311467,1,2529,0.307849,0.199398,0.629715,0.4,0.792376,0.75,0.0519165,0.0001,0.00290732,999999,-3.776811e-01,3,Thailand Exclusive Economic Zone,,,SVDNB_npp_d20140716_t1940087_e1945491_b14080_c20140717014549591992_noaa_ops.h5,GDNBO_npp_d20140716_t1940087_e1945491_b14080_c20140717014549591757_noaa_ops.h5,SVI04_npp_d20140716_t1940087_e1945491_b14080_c20140717014549047847_noaa_ops.dspace_rad,VNFF_npp_d20140716_t1940087_e1945491_b14080_v21.csv,World_EEZ_v8_2014.shp,WPP_BFAR_merge.shp,KKP_IDN_merge_20161208.shp,VNF-VBD_npp_20120301-20151231_global_asia-enhanced_c201607211230.bitmask,NCEI_NGA.union.nga_lead2.add_2015ntl.mask,timezone.shp,VBD_platforms-recurring_2015_r20170330.shp,999999,VBD_bridges_c20160811.shp,19.107107;17.397036;14.693351;9.872889;5.028845;0.164623;-4.717433;-2.668029;-0.463942;4.408493;9.296770;14.195400,76.296768;90.732086;104.737396;103.313332;102.017212;100.838966;99.779457;86.144508;72.459229;73.563164;74.566231;75.490944,npp_d20140716_t1940087_e1945491_b14080,134.396,50.0409,68.3633,-79.1921,23.8867,107.158
1028,VBD_npp_d20140716_t1942313_x1017940E_y067660N_l1281_s3970_v23,2017-05-23 13:09:12,6.766026,101.793961,16.8187,2014-07-16 19:42:31,2014-07-17 02:42:31,1281,3970,0.285337,8,18913,0.506328,0.171918,0.683684,0.4,0.853986,0.75,0.0520399,0.0001,0.00286057,999999,-1.234993e-01,3,Thailand Exclusive Economic Zone,,,SVDNB_npp_d20140716_t1940087_e1945491_b14080_c20140717014549591992_noaa_ops.h5,GDNBO_npp_d20140716_t1940087_e1945491_b14080_c20140717014549591757_noaa_ops.h5,SVI04_npp_d20140716_t1940087_e1945491_b14080_c20140717014549047847_noaa_ops.dspace_rad,VNFF_npp_d20140716_t1940087_e1945491_b14080_v21.csv,World_EEZ_v8_2014.shp,WPP_BFAR_merge.shp,KKP_IDN_merge_20161208.shp,VNF-VBD_npp_20120301-20151231_global_asia-enhanced_c201607211230.bitmask,NCEI_NGA.union.nga_lead2.add_2015ntl.mask,timezone.shp,VBD_platforms-recurring_2015_r20170330.shp,0.466805,VBD_bridges_c20160811.shp,19.107107;17.397036;14.693351;9.872889;5.028845;0.164623;-4.717433;-2.668029;-0.463942;4.408493;9.296770;14.195400,76.296768;90.732086;104.737396;103.313332;102.017212;100.838966;99.779457;86.144508;72.459229;73.563164;74.566231;75.490944,npp_d20140716_t1940087_e1945491_b14080,134.982,50.5789,68.4919,-79.4749,23.7541,105.303
1029,VBD_npp_d20140716_t1944483_x0998982E_y011385S_l2525_s3971_v23,2017-05-23 13:09:12,-1.138464,99.898186,14.629,2014-07-16 19:44:48,2014-07-17 02:44:48,2525,3971,0.283679,2,2465,0.392632,0.186923,0.591203,0.4,0.743106,0.75,0.0517058,0.0001,0.00255847,999999,-2.622848e-01,3,Indonesian Exclusive Economic Zone,WPP572,,SVDNB_npp_d20140716_t1940087_e1945491_b14080_c20140717014549591992_noaa_ops.h5,GDNBO_npp_d20140716_t1940087_e1945491_b14080_c20140717014549591757_noaa_ops.h5,SVI04_npp_d20140716_t1940087_e1945491_b14080_c20140717014549047847_noaa_ops.dspace_rad,VNFF_npp_d20140716_t1940087_e1945491_b14080_v21.csv,World_EEZ_v8_2014.shp,WPP_BFAR_merge.shp,KKP_IDN_merge_20161208.shp,VNF-VBD_npp_20120301-20151231_global_asia-enhanced_c201607211230.bitmask,NCEI_NGA.union.nga_lead2.add_2015ntl.mask,timezone.shp,VBD_platforms-recurring_2015_r20170330.shp,999999,VBD_bridges_c20160811.shp,19.107107;17.397036;14.693351;9.872889;5.028845;0.164623;-4.717433;-2.668029;-0.463942;4.408493;9.296770;14.195400,76.296768;90.732086;104.737396;103.313332;102.017212;100.838966;99.779457;86.144508;72.459229;73.563164;74.566231;75.490944,npp_d20140716_t1940087_e1945491_b14080,140.748,56.6943,68.526,-81.0462,24.2723,86.8034
1033,VBD_npp_d20140716_t1945186_x0995611E_y028650S_l2795_s3977_v23,2017-05-23 13:09:12,-2.864991,99.561096,5.00043,2014-07-16 19:45:18,2014-07-17 02:45:18,2795,3977,0.342294,1,2273,0.189985,0.160618,0.507931,0.4,0.8132,0.75,0.051447,0.0001,0.00230643,999999,-1.898024e-02,3,Indonesian Exclusive Economic Zone,WPP572,,SVDNB_npp_d20140716_t1940087_e1945491_b14080_c20140717014549591992_noaa_ops.h5,GDNBO_npp_d20140716_t1940087_e1945491_b14080_c20140717014549591757_noaa_ops.h5,SVI04_npp_d20140716_t1940087_e1945491_b14080_c20140717014549047847_noaa_ops.dspace_rad,VNFF_npp_d20140716_t1940087_e1945491_b14080_v21.csv,World_EEZ_v8_2014.shp,WPP_BFAR_merge.shp,KKP_IDN_merge_20161208.shp,VNF-VBD_npp_20120301-20151231_global_asia-enhanced_c201607211230.bitmask,NCEI_NGA.union.nga_lead2.add_2015ntl.mask,timezone.shp,VBD_platforms-recurring_2015_r20170330.shp,999999,VBD_bridges_c20160811.shp,19.107107;17.397036;14.693351;9.872889;5.028845;0.164623;-4.717433;-2.668029;-0.463942;4.408493;9.296770;14.195400,76.296768;90.732086;104.737396;103.313332;102.017212;100.838966;99.779457;86.144508;72.459229;73.563164;74.566231;75.490944,npp_d20140716_t1940087_e1945491_b14080,141.852,58.3787,68.6282,-81.5021,24.6467,82.9956
1034,VBD_npp_d20140716_t1942278_x1019032E_y068550N_l1264_s3981_v23,2017-05-23 13:09:12,6.855030,101.903175,34.225,2014-07-16 19:42:27,2014-07-17 02:42:27,1264,3981,0.331687,8,18913,0.830351,0.152468,0.832203,0.4,0.93318,0.75,0.0520202,0.0001,0.00276031,999999,5.640106e-02,3,Thailand Exclusive Economic Zone,,,SVDNB_npp_d20140716_t1940087_e1945491_b14080_c20140717014549591992_noaa_ops.h5,GDNBO_npp_d20140716_t1940087_e1945491_b14080_c20140717014549591757_noaa_ops.h5,SVI04_npp_d20140716_t1940087_e1945491_b14080_c20140717014549047847_noaa_ops.dspace_rad,VNFF_npp_d20140716_t1940087_e1945491_b14080_v21.csv,World_EEZ_v8_2014.shp,WPP_BFAR_merge.shp,KKP_IDN_merge_20161208.shp,VNF-VBD_npp_20120301-20151231_global_asia-enhanced_c201607211230.bitmask,NCEI_NGA.union.nga_lead2.add_2015ntl.mask,timezone.shp,VBD_platforms-recurring_2015_r20170330.shp,0.145616,VBD_bridges_c20160811.shp,19.107107;17.397036;14.693351;9.872889;5.028845;0.164623;-4.717433;-2.668029;-0.463942;4.408493;9.296770;14.195400,76.296768;90.732086;104.737396;103.313332;102.017212;100.838966;99.779457;86.144508;72.459229;73.563164;74.566231;75.490944,npp_d20140716_t1940087_e1945491_b14080,134.853,50.5809,68.6685,-78.9846,23.6859,105.571
1035,VBD_npp_d20140716_t1942296_x1019041E_y068521N_l1265_s3982_v23,2017-05-23 13:09:12,6.852136,101.904144,46.9281,2014-07-16 19:42:29,2014-07-17 02:42:29,1265,3982,0.331687,8,18913,0.957653,0.150652,0.832203,0.4,0.900477,0.75,0.0520214,0.0001,0.00272725,999999,7.320581e-02,3,Thailand Exclusive Economic Zone,,,SVDNB_npp_d20140716_t1940087_e1945491_b14080_c20140717014549591992_noaa_ops.h5,GDNBO_npp_d20140716_t1940087_e1945491_b14080_c20140717014549591757_noaa_ops.h5,SVI04_npp_d20140716_t1940087_e1945491_b14080_c20140717014549047847_noaa_ops.dspace_rad,VNFF_npp_d20140716_t1940087_e1945491_b14080_v21.csv,World_EEZ_v8_2014.shp,WPP_BFAR_merge.shp,KKP_IDN_merge_20161208.shp,VNF-VBD_npp_20120301-20151231_global_asia-enhanced_c201607211230.bitmask,NCEI_NGA.union.nga_lead2.add_2015ntl.mask,timezone.shp,VBD_platforms-recurring_2015_r20170330.shp,0.225813,VBD_bridges_c20160811.shp,19.107107;17.397036;14.693351;9.872889;5.028845;0.164623;-4.717433;-2.668029;-0.463942;4.408493;9.296770;14.195400,76.296768;90.732086;104.737396;103.313332;102.017212;100.838966;99.779457;86.144508;72.459229;73.563164;74.566231;75.490944,npp_d20140716_t1940087_e1945491_b14080,134.848,50.5894,68.6882,-79.4405,23.6772,105.571
1036,VBD_npp_d20140716_t1942313_x1018767E_y067093N_l1287_s3983_v23,2017-05-23 13:09:12,6.709340,101.876663,31.7821,2014-07-16 19:42:31,2014-07-17 02:42:31,1287,3983,0.333123,8,18913,0.780825,0.151284,0.833478,0.4,0.921942,0.75,0.0520468,0.0001,0.00273165,999999,6.736117e-02,3,Thailand Exclusive Economic Zone,,,SVDNB_npp_d20140716_t1940087_e1945491_b14080_c20140717014549591992_noaa_ops.h5,GDNBO_npp_d20140716_t1940087_e1945491_b14080_c20140717014549591757_noaa_ops.h5,SVI04_npp_d20140716_t1940087_e1945491_b14080_c20140717014549047847_noaa_ops.dspace_rad,VNFF_npp_d20140716_t1940087_e1945491_b14080_v21.csv,World_EEZ_v8_2014.shp,WPP_BFAR_merge.shp,KKP_IDN_merge_20161208.shp,VNF-VBD_npp_20120301-20151231_global_asia-enhanced_c201607211230.bitmask,NCEI_NGA.union.nga_lead2.add_2015ntl.mask,timezone.shp,VBD_platforms-recurring_2015_r20170330.shp,0.298275,VBD_bridges_c20160811.shp,19.107107;17.397036;14.693351;9.872889;5.028845;0.164623;-4.717433;-2.668029;-0.463942;4.408493;9.296770;14.195400,76.296768;90.732086;104.737396;103.313332;102.017212;100.838966;99.779457;86.144508;72.459229;73.563164;74.566231;75.490944,npp_d20140716_t1940087_e1945491_b14080,134.954,50.6844,68.7037,-79.2927,23.6584,105.236
1037,VBD_npp_d20140716_t1942313_x1018889E_y067346N_l1283_s3984_v23,2017-05-23 13:09:12,6.734554,101.888885,22.6157,2014-07-16 19:42:31,2014-07-17 02:42:31,1283,3984,0.336714,8,18913,0.668857,0.145447,0.853914,0.4,0.910378,0.75,0.0520422,0.0001,0.00271455,999999,1.213480e-01,3,Thailand Exclusive Economic Zone,,,SVDNB_npp_d20140716_t1940087_e1945491_b14080_c20140717014549591992_noaa_ops.h5,GDNBO_npp_d20140716_t1940087_e1945491_b14080_c20140717014549591757_noaa_ops.h5,SVI04_npp_d20140716_t1940087_e1945491_b14080_c20140717014549047847_noaa_ops.dspace_rad,VNFF_npp_d20140716_t1940087_e1945491_b14080_v21.csv,World_EEZ_v8_2014.shp,WPP_BFAR_merge.shp,KKP_IDN_merge_20161208.shp,VNF-VBD_npp_20120301-20151231_global_asia-enhanced_c201607211230.bitmask,NCEI_NGA.union.nga_lead2.add_2015ntl.mask,timezone.shp,VBD_platforms-recurring_2015_r20170330.shp,0.204566,VBD_bridges_c20160811.shp,19.107107;17.397036;14.693351;9.872889;5.028845;0.164623;-4.717433;-2.668029;-0.463942;4.408493;9.296770;14.195400,76.296768;90.732086;104.737396;103.313332;102.017212;100.838966;99.779457;86.144508;72.459229;73.563164;74.566231;75.490944,npp_d20140716_t1940087_e1945491_b14080,134.929,50.674,68.7206,-79.4061,23.6533,105.301
1038,VBD_npp_d20140716_t1942296_x1019067E_y067553N_l1279_s3985_v23,2017-05-23 13:09:12,6.755309,101.906746,10.6911,2014-07-16 19:42:29,2014-07-17 02:42:29,1279,3985,0.310694,8,18913,0.400865,0.169159,0.833159,0.4,0.841559,0.75,0.0520375,0.0001,0.00271914,999999,-9.797881e-02,3,Thailand Exclusive Economic Zone,,,SVDNB_npp_d20140716_t1940087_e1945491_b14080_c20140717014549591992_noaa_ops.h5,GDNBO_npp_d20140716_t1940087_e1945491_b14080_c20140717014549591757_noaa_ops.h5,SVI04_npp_d20140716_t1940087_e1945491_b14080_c20140717014549047847_noaa_ops.dspace_rad,VNFF_npp_d20140716_t1940087_e1945491_b14080_v21.csv,World_EEZ_v8_2014.shp,WPP_BFAR_merge.shp,KKP_IDN_merge_20161208.shp,VNF-VBD_npp_20120301-20151231_global_asia-enhanced_c201607211230.bitmask,NCEI_NGA.union.nga_lead2.add_2015ntl.mask,timezone.shp,VBD_platforms-recurring_2015_r20170330.shp,0.379239,VBD_bridges_c20160811.shp,19.107107;17.397036;14.693351;9.872889;5.028845;0.164623;-4.717433;-2.668029;-0.463942;4.408493;9.296770;14.195400,76.296768;90.732086;104.737396;103.313332;102.017212;100.838966;99.779457;86.144508;72.459229;73.563164;74.566231;75.490944,npp_d20140716_t1940087_e1945491_b14080,134.908,50.6658,68.7357,-79.0382,23.6484,105.356
1039,VBD_npp_d20140716_t1942331_x1018714E_y066390N_l1298_s3985_v23,2017-05-23 13:09:12,6.638968,101.871414,8.55352,2014-07-16 19:42:33,2014-07-17 02:42:33,1298,3985,0.194349,2,2209,0.178147,0.172896,0.676903,0.4,0.589463,0.75,0.0520494,0.0001,0.00270576,999999,-1.325449e-01,3,Thailand Exclusive Economic Zone,,,SVDNB_npp_d20140716_t1940087_e1945491_b14080_c20140717014549591992_noaa_ops.h5,GDNBO_npp_d20140716_t1940087_e1945491_b14080_c20140717014549591757_noaa_ops.h5,SVI04_npp_d20140716_t1940087_e1945491_b14080_c20140717014549047847_noaa_ops.dspace_rad,VNFF_npp_d20140716_t1940087_e1945491_b14080_v21.csv,World_EEZ_v8_2014.shp,WPP_BFAR_merge.shp,KKP_IDN_merge_20161208.shp,VNF-VBD_npp_20120301-20151231_global_asia-enhanced_c201607211230.bitmask,NCEI_NGA.union.nga_lead2.add_2015ntl.mask,timezone.shp,VBD_platforms-recurring_2015_r20170330.shp,999999,VBD_bridges_c20160811.shp,19.107107;17.397036;14.693351;9.872889;5.028845;0.164623;-4.717433;-2.668029;-0.463942;4.408493;9.296770;14.195400,76.296768;90.732086;104.737396;103.313332;102.017212;100.838966;99.779457;86.144508;72.459229;73.563164;74.566231;75.490944,npp_d20140716_t1940087_e1945491_b14080,134.997,50.7404,68.7386,-79.4621,23.6378,105.079
1040,VBD_npp_d20140716_t1942331_x1018688E_y066257N_l1300_s3985_v23,2017-05-23 13:09:12,6.625692,101.868805,11.6328,2014-07-16 19:42:33,2014-07-17 02:42:33,1300,3985,0.156562,2,2465,0.22833,0.144025,0.613683,0.4,0.684231,0.75,0.0520495,0.0001,0.00270897,999999,1.345028e-01,3,Thailand Exclusive Economic Zone,,,SVDNB_npp_d20140716_t1940087_e1945491_b14080_c20140717014549591992_noaa_ops.h5,GDNBO_npp_d20140716_t1940087_e1945491_b14080_c20140717014549591757_noaa_ops.h5,SVI04_npp_d20140716_t1940087_e1945491_b14080_c20140717014549047847_noaa_ops.dspace_rad,VNFF_npp_d20140716_t1940087_e1945491_b14080_v21.csv,World_EEZ_v8_2014.shp,WPP_BFAR_merge.shp,KKP_IDN_merge_20161208.shp,VNF-VBD_npp_20120301-20151231_global_asia-enhanced_c201607211230.bitmask,NCEI_NGA.union.nga_lead2.add_2015ntl.mask,timezone.shp,VBD_platforms-recurring_2015_r20170330.shp,999999,VBD_bridges_c20160811.shp,19.107107;17.397036;14.693351;9.872889;5.028845;0.164623;-4.717433;-2.668029;-0.463942;4.408493;9.296770;14.195400,76.296768;90.732086;104.737396;103.313332;102.017212;100.838966;99.779457;86.144508;72.459229;73.563164;74.566231;75.490944,npp_d20140716_t1940087_e1945491_b14080,135.007,50.7488,68.7383,-79.405,23.6369,105.047
1041,VBD_npp_d20140716_t1944483_x1000009E_y011204S_l2520_s3985_v23,2017-05-23 13:09:12,-1.120414,100.000870,28.0135,2014-07-16 19:44:48,2014-07-17 02:44:48,2520,3985,0.266553,1,2529,0.647499,0.186977,0.767915,0.4,0.878695,0.75,0.0517106,0.0001,0.00244172,999999,-2.627842e-01,3,Indonesian Exclusive Economic Zone,WPP572,,SVDNB_npp_d20140716_t1940087_e1945491_b14080_c20140717014549591992_noaa_ops.h5,GDNBO_npp_d20140716_t1940087_e1945491_b14080_c20140717014549591757_noaa_ops.h5,SVI04_npp_d20140716_t1940087_e1945491_b14080_c20140717014549047847_noaa_ops.dspace_rad,VNFF_npp_d20140716_t1940087_e1945491_b14080_v21.csv,World_EEZ_v8_2014.shp,WPP_BFAR_merge.shp,KKP_IDN_merge_20161208.shp,VNF-VBD_npp_20120301-20151231_global_asia-enhanced_c201607211230.bitmask,NCEI_NGA.union.nga_lead2.add_2015ntl.mask,timezone.shp,VBD_platforms-recurring_2015_r20170330.shp,999999,VBD_bridges_c20160811.shp,19.107107;17.397036;14.693351;9.872889;5.028845;0.164623;-4.717433;-2.668029;-0.463942;4.408493;9.296770;14.195400,76.296768;90.732086;104.737396;103.313332;102.017212;100.838966;99.779457;86.144508;72.459229;73.563164;74.566231;75.490944,npp_d20140716_t1940087_e1945491_b14080,140.652,56.7427,68.7549,-81.1922,24.1671,86.8292
1043,VBD_npp_d20140716_t1942189_x1020859E_y074140N_l1175_s3986_v23,2017-05-23 13:09:12,7.413994,102.085907,7.56373,2014-07-16 19:42:18,2014-07-17 02:42:18,1175,3986,0.311578,8,18849,0.240136,0.147467,0.464284,0.4,0.678921,0.75,0.0519328,0.0001,0.00266436,999999,1.026603e-01,3,Thailand Exclusive Economic Zone,,,SVDNB_npp_d20140716_t1940087_e1945491_b14080_c20140717014549591992_noaa_ops.h5,GDNBO_npp_d20140716_t1940087_e1945491_b14080_c20140717014549591757_noaa_ops.h5,SVI04_npp_d20140716_t1940087_e1945491_b14080_c20140717014549047847_noaa_ops.dspace_rad,VNFF_npp_d20140716_t1940087_e1945491_b14080_v21.csv,World_EEZ_v8_2014.shp,WPP_BFAR_merge.shp,KKP_IDN_merge_20161208.shp,VNF-VBD_npp_20120301-20151231_global_asia-enhanced_c201607211230.bitmask,NCEI_NGA.union.nga_lead2.add_2015ntl.mask,timezone.shp,VBD_platforms-recurring_2015_r20170330.shp,0.345205,VBD_bridges_c20160811.shp,19.107107;17.397036;14.693351;9.872889;5.028845;0.164623;-4.717433;-2.668029;-0.463942;4.408493;9.296770;14.195400,76.296768;90.732086;104.737396;103.313332;102.017212;100.838966;99.779457;86.144508;72.459229;73.563164;74.566231;75.490944,npp_d20140716_t1940087_e1945491_b14080,134.385,50.2647,68.7559,-79.1062,23.7028,106.932
1044,VBD_npp_d20140716_t1942331_x1018908E_y066354N_l1298_s3988_v23,2017-05-23 13:09:12,6.635352,101.890778,12.8032,2014-07-16 19:42:33,2014-07-17 02:42:33,1298,3988,0.206834,8,18913,0.343421,0.184137,0.704428,0.4,0.772154,0.75,0.0520494,0.0001,0.00267698,999999,-2.365176e-01,3,Thailand Exclusive Economic Zone,,,SVDNB_npp_d20140716_t1940087_e1945491_b14080_c20140717014549591992_noaa_ops.h5,GDNBO_npp_d20140716_t1940087_e1945491_b14080_c20140717014549591757_noaa_ops.h5,SVI04_npp_d20140716_t1940087_e1945491_b14080_c20140717014549047847_noaa_ops.dspace_rad,VNFF_npp_d20140716_t1940087_e1945491_b14080_v21.csv,World_EEZ_v8_2014.shp,WPP_BFAR_merge.shp,KKP_IDN_merge_20161208.shp,VNF-VBD_npp_20120301-20151231_global_asia-enhanced_c201607211230.bitmask,NCEI_NGA.union.nga_lead2.add_2015ntl.mask,timezone.shp,VBD_platforms-recurring_2015_r20170330.shp,0.425973,VBD_bridges_c20160811.shp,19.107107;17.397036;14.693351;9.872889;5.028845;0.164623;-4.717433;-2.668029;-0.463942;4.408493;9.296770;14.195400,76.296768;90.732086;104.737396;103.313332;102.017212;100.838966;99.779457;86.144508;72.459229;73.563164;74.566231;75.490944,npp_d20140716_t1940087_e1945491_b14080,134.984,50.7576,68.7838,-79.4598,23.618,105.084
1045,VBD_npp_d20140716_t1944483_x1000245E_y010967S_l2516_s3988_v23,2017-05-23 13:09:12,-1.096656,100.024513,19.0228,2014-07-16 19:44:48,2014-07-17 02:44:48,2516,3988,0.34025,1,2529,0.59088,0.177712,0.785707,0.4,0.911557,0.75,0.0517144,0.0001,0.00242993,999999,-1.770907e-01,3,Indonesian Exclusive Economic Zone,WPP572,,SVDNB_npp_d20140716_t1940087_e1945491_b14080_c20140717014549591992_noaa_ops.h5,GDNBO_npp_d20140716_t1940087_e1945491_b14080_c20140717014549591757_noaa_ops.h5,SVI04_npp_d20140716_t1940087_e1945491_b14080_c20140717014549047847_noaa_ops.dspace_rad,VNFF_npp_d20140716_t1940087_e1945491_b14080_v21.csv,World_EEZ_v8_2014.shp,WPP_BFAR_merge.shp,KKP_IDN_merge_20161208.shp,VNF-VBD_npp_20120301-20151231_global_asia-enhanced_c201607211230.bitmask,NCEI_NGA.union.nga_lead2.add_2015ntl.mask,timezone.shp,VBD_platforms-recurring_2015_r20170330.shp,999999,VBD_bridges_c20160811.shp,19.107107;17.397036;14.693351;9.872889;5.028845;0.164623;-4.717433;-2.668029;-0.463942;4.408493;9.296770;14.195400,76.296768;90.732086;104.737396;103.313332;102.017212;100.838966;99.779457;86.144508;72.459229;73.563164;74.566231;75.490944,npp_d20140716_t1940087_e1945491_b14080,140.619,56.7338,68.8005,-81.3074,24.1418,86.8798
1047,VBD_npp_d20140716_t1944572_x0999053E_y016674S_l2605_s3989_v23,2017-05-23 13:09:12,-1.667415,99.905319,7.81714,2014-07-16 19:44:57,2014-07-17 02:44:57,2605,3989,0.284011,2,2465,0.212524,0.165313,0.459704,0.4,0.741054,0.75,0.0516278,0.0001,0.00233802,999999,-6.240914e-02,3,Indonesian Exclusive Economic Zone,WPP572,,SVDNB_npp_d20140716_t1940087_e1945491_b14080_c20140717014549591992_noaa_ops.h5,GDNBO_npp_d20140716_t1940087_e1945491_b14080_c20140717014549591757_noaa_ops.h5,SVI04_npp_d20140716_t1940087_e1945491_b14080_c20140717014549047847_noaa_ops.dspace_rad,VNFF_npp_d20140716_t1940087_e1945491_b14080_v21.csv,World_EEZ_v8_2014.shp,WPP_BFAR_merge.shp,KKP_IDN_merge_20161208.shp,VNF-VBD_npp_20120301-20151231_global_asia-enhanced_c201607211230.bitmask,NCEI_NGA.union.nga_lead2.add_2015ntl.mask,timezone.shp,VBD_platforms-recurring_2015_r20170330.shp,999999,VBD_bridges_c20160811.shp,19.107107;17.397036;14.693351;9.872889;5.028845;0.164623;-4.717433;-2.668029;-0.463942;4.408493;9.296770;14.195400,76.296768;90.732086;104.737396;103.313332;102.017212;100.838966;99.779457;86.144508;72.459229;73.563164;74.566231;75.490944,npp_d20140716_t1940087_e1945491_b14080,140.999,57.268,68.8095,-81.1654,24.2645,85.6016
1049,VBD_npp_d20140716_t1942313_x1019279E_y066582N_l1293_s3992_v23,2017-05-23 13:09:12,6.658223,101.927917,13.2418,2014-07-16 19:42:31,2014-07-17 02:42:31,1293,3992,0.244787,8,18849,0.37238,0.163645,0.7571,0.4,0.666644,0.75,0.0520494,0.0001,0.00265297,999999,-4.697921e-02,3,Thailand Exclusive Economic Zone,,,SVDNB_npp_d20140716_t1940087_e1945491_b14080_c20140717014549591992_noaa_ops.h5,GDNBO_npp_d20140716_t1940087_e1945491_b14080_c20140717014549591757_noaa_ops.h5,SVI04_npp_d20140716_t1940087_e1945491_b14080_c20140717014549047847_noaa_ops.dspace_rad,VNFF_npp_d20140716_t1940087_e1945491_b14080_v21.csv,World_EEZ_v8_2014.shp,WPP_BFAR_merge.shp,KKP_IDN_merge_20161208.shp,VNF-VBD_npp_20120301-20151231_global_asia-enhanced_c201607211230.bitmask,NCEI_NGA.union.nga_lead2.add_2015ntl.mask,timezone.shp,VBD_platforms-recurring_2015_r20170330.shp,0.574406,VBD_bridges_c20160811.shp,19.107107;17.397036;14.693351;9.872889;5.028845;0.164623;-4.717433;-2.668029;-0.463942;4.408493;9.296770;14.195400,76.296768;90.732086;104.737396;103.313332;102.017212;100.838966;99.779457;86.144508;72.459229;73.563164;74.566231;75.490944,npp_d20140716_t1940087_e1945491_b14080,134.947,50.762,68.8412,-79.1146,23.5949,105.158
1050,VBD_npp_d20140716_t1942224_x1020968E_y072407N_l1201_s3995_v23,2017-05-23 13:09:12,7.240746,102.096756,16.9307,2014-07-16 19:42:22,2014-07-17 02:42:22,1201,3995,0.31213,2,2465,0.49475,0.148798,0.770471,0.4,0.648784,0.75,0.0519475,0.0001,0.00258092,999999,9.035319e-02,3,Thailand Exclusive Economic Zone,,,SVDNB_npp_d20140716_t1940087_e1945491_b14080_c20140717014549591992_noaa_ops.h5,GDNBO_npp_d20140716_t1940087_e1945491_b14080_c20140717014549591757_noaa_ops.h5,SVI04_npp_d20140716_t1940087_e1945491_b14080_c20140717014549047847_noaa_ops.dspace_rad,VNFF_npp_d20140716_t1940087_e1945491_b14080_v21.csv,World_EEZ_v8_2014.shp,WPP_BFAR_merge.shp,KKP_IDN_merge_20161208.shp,VNF-VBD_npp_20120301-20151231_global_asia-enhanced_c201607211230.bitmask,NCEI_NGA.union.nga_lead2.add_2015ntl.mask,timezone.shp,VBD_platforms-recurring_2015_r20170330.shp,999999,VBD_bridges_c20160811.shp,19.107107;17.397036;14.693351;9.872889;5.028845;0.164623;-4.717433;-2.668029;-0.463942;4.408493;9.296770;14.195400,76.296768;90.732086;104.737396;103.313332;102.017212;100.838966;99.779457;86.144508;72.459229;73.563164;74.566231;75.490944,npp_d20140716_t1940087_e1945491_b14080,134.476,50.4146,68.8882,-79.3234,23.6277,106.566
1053,VBD_npp_d20140716_t1942313_x1019592E_y066453N_l1294_s3997_v23,2017-05-23 13:09:12,6.645312,101.959152,15.2946,2014-07-16 19:42:31,2014-07-17 02:42:31,1294,3997,0.245561,1,2529,0.417202,0.140179,0.745246,0.4,0.793784,0.75,0.0520494,0.0001,0.002607,999999,1.700711e-01,3,Thailand Exclusive Economic Zone,,,SVDNB_npp_d20140716_t1940087_e1945491_b14080_c20140717014549591992_noaa_ops.h5,GDNBO_npp_d20140716_t1940087_e1945491_b14080_c20140717014549591757_noaa_ops.h5,SVI04_npp_d20140716_t1940087_e1945491_b14080_c20140717014549047847_noaa_ops.dspace_rad,VNFF_npp_d20140716_t1940087_e1945491_b14080_v21.csv,World_EEZ_v8_2014.shp,WPP_BFAR_merge.shp,KKP_IDN_merge_20161208.shp,VNF-VBD_npp_20120301-20151231_global_asia-enhanced_c201607211230.bitmask,NCEI_NGA.union.nga_lead2.add_2015ntl.mask,timezone.shp,VBD_platforms-recurring_2015_r20170330.shp,999999,VBD_bridges_c20160811.shp,19.107107;17.397036;14.693351;9.872889;5.028845;0.164623;-4.717433;-2.668029;-0.463942;4.408493;9.296770;14.195400,76.296768;90.732086;104.737396;103.313332;102.017212;100.838966;99.779457;86.144508;72.459229;73.563164;74.566231;75.490944,npp_d20140716_t1940087_e1945491_b14080,134.931,50.7952,68.9168,-79.0824,23.561,105.151
1054,VBD_npp_d20140716_t1944555_x0999925E_y015132S_l2580_s3997_v23,2017-05-23 13:09:12,-1.513174,99.992500,14.4856,2014-07-16 19:44:55,2014-07-17 02:44:55,2580,3997,0.260974,1,2529,0.455228,0.163256,0.671045,0.4,0.839406,0.75,0.0516536,0.0001,0.00231148,999999,-4.338249e-02,3,Indonesian Exclusive Economic Zone,WPP572,,SVDNB_npp_d20140716_t1940087_e1945491_b14080_c20140717014549591992_noaa_ops.h5,GDNBO_npp_d20140716_t1940087_e1945491_b14080_c20140717014549591757_noaa_ops.h5,SVI04_npp_d20140716_t1940087_e1945491_b14080_c20140717014549047847_noaa_ops.dspace_rad,VNFF_npp_d20140716_t1940087_e1945491_b14080_v21.csv,World_EEZ_v8_2014.shp,WPP_BFAR_merge.shp,KKP_IDN_merge_20161208.shp,VNF-VBD_npp_20120301-20151231_global_asia-enhanced_c201607211230.bitmask,NCEI_NGA.union.nga_lead2.add_2015ntl.mask,timezone.shp,VBD_platforms-recurring_2015_r20170330.shp,999999,VBD_bridges_c20160811.shp,19.107107;17.397036;14.693351;9.872889;5.028845;0.164623;-4.717433;-2.668029;-0.463942;4.408493;9.296770;14.195400,76.296768;90.732086;104.737396;103.313332;102.017212;100.838966;99.779457;86.144508;72.459229;73.563164;74.566231;75.490944,npp_d20140716_t1940087_e1945491_b14080,140.848,57.1593,68.9379,-81.4036,24.1718,85.9348
1055,VBD_npp_d20140716_t1942171_x1021946E_y074575N_l1165_s4000_v23,2017-05-23 13:09:12,7.457465,102.194557,6.51004,2014-07-16 19:42:17,2014-07-17 02:42:17,1165,4000,0.329919,2,2465,0.217288,0.152411,0.808045,0.4,0.68019,0.75,0.0519314,0.0001,0.00254183,999999,5.693440e-02,3,Thailand Exclusive Economic Zone,,,SVDNB_npp_d20140716_t1940087_e1945491_b14080_c20140717014549591992_noaa_ops.h5,GDNBO_npp_d20140716_t1940087_e1945491_b14080_c20140717014549591757_noaa_ops.h5,SVI04_npp_d20140716_t1940087_e1945491_b14080_c20140717014549047847_noaa_ops.dspace_rad,VNFF_npp_d20140716_t1940087_e1945491_b14080_v21.csv,World_EEZ_v8_2014.shp,WPP_BFAR_merge.shp,KKP_IDN_merge_20161208.shp,VNF-VBD_npp_20120301-20151231_global_asia-enhanced_c201607211230.bitmask,NCEI_NGA.union.nga_lead2.add_2015ntl.mask,timezone.shp,VBD_platforms-recurring_2015_r20170330.shp,999999,VBD_bridges_c20160811.shp,19.107107;17.397036;14.693351;9.872889;5.028845;0.164623;-4.717433;-2.668029;-0.463942;4.408493;9.296770;14.195400,76.296768;90.732086;104.737396;103.313332;102.017212;100.838966;99.779457;86.144508;72.459229;73.563164;74.566231;75.490944,npp_d20140716_t1940087_e1945491_b14080,134.28,50.3078,68.9642,-78.8955,23.6179,107.11
1056,VBD_npp_d20140716_t1942260_x1020824E_y070243N_l1234_s4001_v23,2017-05-23 13:09:12,7.024257,102.082405,23.4429,2014-07-16 19:42:26,2014-07-17 02:42:26,1234,4001,0.346989,8,18913,0.652047,0.196735,0.663684,0.4,0.898352,0.75,0.0519856,0.0001,0.00253558,999999,-3.530437e-01,3,Thailand Exclusive Economic Zone,,,SVDNB_npp_d20140716_t1940087_e1945491_b14080_c20140717014549591992_noaa_ops.h5,GDNBO_npp_d20140716_t1940087_e1945491_b14080_c20140717014549591757_noaa_ops.h5,SVI04_npp_d20140716_t1940087_e1945491_b14080_c20140717014549047847_noaa_ops.dspace_rad,VNFF_npp_d20140716_t1940087_e1945491_b14080_v21.csv,World_EEZ_v8_2014.shp,WPP_BFAR_merge.shp,KKP_IDN_merge_20161208.shp,VNF-VBD_npp_20120301-20151231_global_asia-enhanced_c201607211230.bitmask,NCEI_NGA.union.nga_lead2.add_2015ntl.mask,timezone.shp,VBD_platforms-recurring_2015_r20170330.shp,0.366806,VBD_bridges_c20160811.shp,19.107107;17.397036;14.693351;9.872889;5.028845;0.164623;-4.717433;-2.668029;-0.463942;4.408493;9.296770;14.195400,76.296768;90.732086;104.737396;103.313332;102.017212;100.838966;99.779457;86.144508;72.459229;73.563164;74.566231;75.490944,npp_d20140716_t1940087_e1945491_b14080,134.614,50.5794,68.9818,-79.3438,23.5658,106.08
1057,VBD_npp_d20140716_t1944590_x0999696E_y017340S_l2614_s4001_v23,2017-05-23 13:09:12,-1.734027,99.969559,7.49828,2014-07-16 19:44:59,2014-07-17 02:44:59,2614,4001,0.186615,10,2177,0.200854,0.194913,0.379537,0.4,0.644315,0.75,0.0516186,0.0001,0.00225221,999999,-3.361962e-01,3,Indonesian Exclusive Economic Zone,WPP572,,SVDNB_npp_d20140716_t1940087_e1945491_b14080_c20140717014549591992_noaa_ops.h5,GDNBO_npp_d20140716_t1940087_e1945491_b14080_c20140717014549591757_noaa_ops.h5,SVI04_npp_d20140716_t1940087_e1945491_b14080_c20140717014549047847_noaa_ops.dspace_rad,VNFF_npp_d20140716_t1940087_e1945491_b14080_v21.csv,World_EEZ_v8_2014.shp,WPP_BFAR_merge.shp,KKP_IDN_merge_20161208.shp,VNF-VBD_npp_20120301-20151231_global_asia-enhanced_c201607211230.bitmask,NCEI_NGA.union.nga_lead2.add_2015ntl.mask,timezone.shp,VBD_platforms-recurring_2015_r20170330.shp,999999,VBD_bridges_c20160811.shp,19.107107;17.397036;14.693351;9.872889;5.028845;0.164623;-4.717433;-2.668029;-0.463942;4.408493;9.296770;14.195400,76.296768;90.732086;104.737396;103.313332;102.017212;100.838966;99.779457;86.144508;72.459229;73.563164;74.566231;75.490944,npp_d20140716_t1940087_e1945491_b14080,140.974,57.3828,68.9943,-81.3946,24.1975,85.4362
1058,VBD_npp_d20140716_t1942189_x1021900E_y073940N_l1175_s4002_v23,2017-05-23 13:09:12,7.393958,102.190048,6.13631,2014-07-16 19:42:18,2014-07-17 02:42:18,1175,4002,0.340415,2,2209,0.186513,0.153643,0.652906,0.4,0.722207,0.75,0.0519328,0.0001,0.00251498,999999,4.553370e-02,3,Thailand Exclusive Economic Zone,,,SVDNB_npp_d20140716_t1940087_e1945491_b14080_c20140717014549591992_noaa_ops.h5,GDNBO_npp_d20140716_t1940087_e1945491_b14080_c20140717014549591757_noaa_ops.h5,SVI04_npp_d20140716_t1940087_e1945491_b14080_c20140717014549047847_noaa_ops.dspace_rad,VNFF_npp_d20140716_t1940087_e1945491_b14080_v21.csv,World_EEZ_v8_2014.shp,WPP_BFAR_merge.shp,KKP_IDN_merge_20161208.shp,VNF-VBD_npp_20120301-20151231_global_asia-enhanced_c201607211230.bitmask,NCEI_NGA.union.nga_lead2.add_2015ntl.mask,timezone.shp,VBD_platforms-recurring_2015_r20170330.shp,999999,VBD_bridges_c20160811.shp,19.107107;17.397036;14.693351;9.872889;5.028845;0.164623;-4.717433;-2.668029;-0.463942;4.408493;9.296770;14.195400,76.296768;90.732086;104.737396;103.313332;102.017212;100.838966;99.779457;86.144508;72.459229;73.563164;74.566231;75.490944,npp_d20140716_t1940087_e1945491_b14080,134.319,50.3576,68.9977,-79.0929,23.5965,106.971
1059,VBD_npp_d20140716_t1942313_x1019957E_y066591N_l1291_s4002_v23,2017-05-23 13:09:12,6.659083,101.995712,7.73967,2014-07-16 19:42:31,2014-07-17 02:42:31,1291,4002,0.238047,8,18593,0.157085,0.15573,0.695842,0.4,0.649565,0.75,0.0520494,0.0001,0.00255597,999999,2.623729e-02,3,Thailand Exclusive Economic Zone,,,SVDNB_npp_d20140716_t1940087_e1945491_b14080_c20140717014549591992_noaa_ops.h5,GDNBO_npp_d20140716_t1940087_e1945491_b14080_c20140717014549591757_noaa_ops.h5,SVI04_npp_d20140716_t1940087_e1945491_b14080_c20140717014549047847_noaa_ops.dspace_rad,VNFF_npp_d20140716_t1940087_e1945491_b14080_v21.csv,World_EEZ_v8_2014.shp,WPP_BFAR_merge.shp,KKP_IDN_merge_20161208.shp,VNF-VBD_npp_20120301-20151231_global_asia-enhanced_c201607211230.bitmask,NCEI_NGA.union.nga_lead2.add_2015ntl.mask,timezone.shp,VBD_platforms-recurring_2015_r20170330.shp,0.45453,VBD_bridges_c20160811.shp,19.107107;17.397036;14.693351;9.872889;5.028845;0.164623;-4.717433;-2.668029;-0.463942;4.408493;9.296770;14.195400,76.296768;90.732086;104.737396;103.313332;102.017212;100.838966;99.779457;86.144508;72.459229;73.563164;74.566231;75.490944,npp_d20140716_t1940087_e1945491_b14080,134.894,50.8117,68.9927,-79.1643,23.5291,105.209
1060,VBD_npp_d20140716_t1942224_x1021385E_y071774N_l1209_s4003_v23,2017-05-23 13:09:12,7.177397,102.138496,31.7946,2014-07-16 19:42:22,2014-07-17 02:42:22,1209,4003,0.350359,8,18913,0.807596,0.158357,0.843178,0.4,0.939797,0.75,0.0519567,0.0001,0.002522,999999,1.933868e-03,3,Thailand Exclusive Economic Zone,,,SVDNB_npp_d20140716_t1940087_e1945491_b14080_c20140717014549591992_noaa_ops.h5,GDNBO_npp_d20140716_t1940087_e1945491_b14080_c20140717014549591757_noaa_ops.h5,SVI04_npp_d20140716_t1940087_e1945491_b14080_c20140717014549047847_noaa_ops.dspace_rad,VNFF_npp_d20140716_t1940087_e1945491_b14080_v21.csv,World_EEZ_v8_2014.shp,WPP_BFAR_merge.shp,KKP_IDN_merge_20161208.shp,VNF-VBD_npp_20120301-20151231_global_asia-enhanced_c201607211230.bitmask,NCEI_NGA.union.nga_lead2.add_2015ntl.mask,timezone.shp,VBD_platforms-recurring_2015_r20170330.shp,0.225383,VBD_bridges_c20160811.shp,19.107107;17.397036;14.693351;9.872889;5.028845;0.164623;-4.717433;-2.668029;-0.463942;4.408493;9.296770;14.195400,76.296768;90.732086;104.737396;103.313332;102.017212;100.838966;99.779457;86.144508;72.459229;73.563164;74.566231;75.490944,npp_d20140716_t1940087_e1945491_b14080,134.485,50.4937,69.0086,-79.0889,23.5691,106.457
1061,VBD_npp_d20140716_t1944501_x1000903E_y012540S_l2538_s4003_v23,2017-05-23 13:09:12,-1.254024,100.090279,10.7334,2014-07-16 19:44:50,2014-07-17 02:44:50,2538,4003,0.347431,1,2529,0.389281,0.157783,0.76144,0.4,0.850608,0.75,0.0516935,0.0001,0.00227285,999999,7.241268e-03,3,Indonesian Exclusive Economic Zone,WPP572,,SVDNB_npp_d20140716_t1940087_e1945491_b14080_c20140717014549591992_noaa_ops.h5,GDNBO_npp_d20140716_t1940087_e1945491_b14080_c20140717014549591757_noaa_ops.h5,SVI04_npp_d20140716_t1940087_e1945491_b14080_c20140717014549047847_noaa_ops.dspace_rad,VNFF_npp_d20140716_t1940087_e1945491_b14080_v21.csv,World_EEZ_v8_2014.shp,WPP_BFAR_merge.shp,KKP_IDN_merge_20161208.shp,VNF-VBD_npp_20120301-20151231_global_asia-enhanced_c201607211230.bitmask,NCEI_NGA.union.nga_lead2.add_2015ntl.mask,timezone.shp,VBD_platforms-recurring_2015_r20170330.shp,999999,VBD_bridges_c20160811.shp,19.107107;17.397036;14.693351;9.872889;5.028845;0.164623;-4.717433;-2.668029;-0.463942;4.408493;9.296770;14.195400,76.296768;90.732086;104.737396;103.313332;102.017212;100.838966;99.779457;86.144508;72.459229;73.563164;74.566231;75.490944,npp_d20140716_t1940087_e1945491_b14080,140.644,56.9416,69.0208,-81.1591,24.0771,86.5107
1062,VBD_npp_d20140716_t1942224_x1021517E_y072096N_l1204_s4004_v23,2017-05-23 13:09:12,7.209551,102.151703,21.7778,2014-07-16 19:42:22,2014-07-17 02:42:22,1204,4004,0.349586,8,18913,0.685101,0.158289,0.855813,0.4,0.926015,0.75,0.0519509,0.0001,0.00250361,999999,2.564075e-03,3,Thailand Exclusive Economic Zone,,,SVDNB_npp_d20140716_t1940087_e1945491_b14080_c20140717014549591992_noaa_ops.h5,GDNBO_npp_d20140716_t1940087_e1945491_b14080_c20140717014549591757_noaa_ops.h5,SVI04_npp_d20140716_t1940087_e1945491_b14080_c20140717014549047847_noaa_ops.dspace_rad,VNFF_npp_d20140716_t1940087_e1945491_b14080_v21.csv,World_EEZ_v8_2014.shp,WPP_BFAR_merge.shp,KKP_IDN_merge_20161208.shp,VNF-VBD_npp_20120301-20151231_global_asia-enhanced_c201607211230.bitmask,NCEI_NGA.union.nga_lead2.add_2015ntl.mask,timezone.shp,VBD_platforms-recurring_2015_r20170330.shp,0.303673,VBD_bridges_c20160811.shp,19.107107;17.397036;14.693351;9.872889;5.028845;0.164623;-4.717433;-2.668029;-0.463942;4.408493;9.296770;14.195400,76.296768;90.732086;104.737396;103.313332;102.017212;100.838966;99.779457;86.144508;72.459229;73.563164;74.566231;75.490944,npp_d20140716_t1940087_e1945491_b14080,134.454,50.4792,69.0242,-79.2304,23.5656,106.539
1063,VBD_npp_d20140716_t1942313_x1020220E_y066888N_l1286_s4005_v23,2017-05-23 13:09:12,6.688766,102.021965,8.51794,2014-07-16 19:42:31,2014-07-17 02:42:31,1286,4005,0.216226,8,18849,0.234395,0.180734,0.685808,0.4,0.69189,0.75,0.0520456,0.0001,0.00252083,999999,-2.050382e-01,3,Thailand Exclusive Economic Zone,,,SVDNB_npp_d20140716_t1940087_e1945491_b14080_c20140717014549591992_noaa_ops.h5,GDNBO_npp_d20140716_t1940087_e1945491_b14080_c20140717014549591757_noaa_ops.h5,SVI04_npp_d20140716_t1940087_e1945491_b14080_c20140717014549047847_noaa_ops.dspace_rad,VNFF_npp_d20140716_t1940087_e1945491_b14080_v21.csv,World_EEZ_v8_2014.shp,WPP_BFAR_merge.shp,KKP_IDN_merge_20161208.shp,VNF-VBD_npp_20120301-20151231_global_asia-enhanced_c201607211230.bitmask,NCEI_NGA.union.nga_lead2.add_2015ntl.mask,timezone.shp,VBD_platforms-recurring_2015_r20170330.shp,0.363585,VBD_bridges_c20160811.shp,19.107107;17.397036;14.693351;9.872889;5.028845;0.164623;-4.717433;-2.668029;-0.463942;4.408493;9.296770;14.195400,76.296768;90.732086;104.737396;103.313332;102.017212;100.838966;99.779457;86.144508;72.459229;73.563164;74.566231;75.490944,npp_d20140716_t1940087_e1945491_b14080,134.855,50.8082,69.0385,-79.3045,23.5114,105.295
1064,VBD_npp_d20140716_t1942171_x1022327E_y074431N_l1166_s4006_v23,2017-05-23 13:09:12,7.443068,102.232674,24.975,2014-07-16 19:42:17,2014-07-17 02:42:17,1166,4006,0.337984,1,2529,0.696868,0.166328,0.853152,0.4,0.929016,0.75,0.0519316,0.0001,0.0024886,999999,-7.179390e-02,3,Thailand Exclusive Economic Zone,,,SVDNB_npp_d20140716_t1940087_e1945491_b14080_c20140717014549591992_noaa_ops.h5,GDNBO_npp_d20140716_t1940087_e1945491_b14080_c20140717014549591757_noaa_ops.h5,SVI04_npp_d20140716_t1940087_e1945491_b14080_c20140717014549047847_noaa_ops.dspace_rad,VNFF_npp_d20140716_t1940087_e1945491_b14080_v21.csv,World_EEZ_v8_2014.shp,WPP_BFAR_merge.shp,KKP_IDN_merge_20161208.shp,VNF-VBD_npp_20120301-20151231_global_asia-enhanced_c201607211230.bitmask,NCEI_NGA.union.nga_lead2.add_2015ntl.mask,timezone.shp,VBD_platforms-recurring_2015_r20170330.shp,999999,VBD_bridges_c20160811.shp,19.107107;17.397036;14.693351;9.872889;5.028845;0.164623;-4.717433;-2.668029;-0.463942;4.408493;9.296770;14.195400,76.296768;90.732086;104.737396;103.313332;102.017212;100.838966;99.779457;86.144508;72.459229;73.563164;74.566231;75.490944,npp_d20140716_t1940087_e1945491_b14080,134.26,50.347,69.0553,-78.862,23.5769,107.109
1065,VBD_npp_d20140716_t1944501_x1001111E_y012504S_l2537_s4006_v23,2017-05-23 13:09:12,-1.250367,100.111076,12.8781,2014-07-16 19:44:50,2014-07-17 02:44:50,2537,4006,0.326217,1,2529,0.443211,0.162153,0.76144,0.4,0.850015,0.75,0.0516945,0.0001,0.00225125,999999,-3.317226e-02,3,Indonesian Exclusive Economic Zone,WPP572,,SVDNB_npp_d20140716_t1940087_e1945491_b14080_c20140717014549591992_noaa_ops.h5,GDNBO_npp_d20140716_t1940087_e1945491_b14080_c20140717014549591757_noaa_ops.h5,SVI04_npp_d20140716_t1940087_e1945491_b14080_c20140717014549047847_noaa_ops.dspace_rad,VNFF_npp_d20140716_t1940087_e1945491_b14080_v21.csv,World_EEZ_v8_2014.shp,WPP_BFAR_merge.shp,KKP_IDN_merge_20161208.shp,VNF-VBD_npp_20120301-20151231_global_asia-enhanced_c201607211230.bitmask,NCEI_NGA.union.nga_lead2.add_2015ntl.mask,timezone.shp,VBD_platforms-recurring_2015_r20170330.shp,999999,VBD_bridges_c20160811.shp,19.107107;17.397036;14.693351;9.872889;5.028845;0.164623;-4.717433;-2.668029;-0.463942;4.408493;9.296770;14.195400,76.296768;90.732086;104.737396;103.313332;102.017212;100.838966;99.779457;86.144508;72.459229;73.563164;74.566231;75.490944,npp_d20140716_t1940087_e1945491_b14080,140.624,56.9513,69.0664,-81.1882,24.0557,86.5156
1066,VBD_npp_d20140716_t1942189_x1022283E_y074144N_l1171_s4007_v23,2017-05-23 13:09:12,7.414380,102.228333,18.1035,2014-07-16 19:42:18,2014-07-17 02:42:18,1171,4007,0.346934,1,2529,0.594064,0.152587,0.842208,0.4,0.880311,0.75,0.0519323,0.0001,0.00246143,999999,5.530817e-02,3,Thailand Exclusive Economic Zone,,,SVDNB_npp_d20140716_t1940087_e1945491_b14080_c20140717014549591992_noaa_ops.h5,GDNBO_npp_d20140716_t1940087_e1945491_b14080_c20140717014549591757_noaa_ops.h5,SVI04_npp_d20140716_t1940087_e1945491_b14080_c20140717014549047847_noaa_ops.dspace_rad,VNFF_npp_d20140716_t1940087_e1945491_b14080_v21.csv,World_EEZ_v8_2014.shp,WPP_BFAR_merge.shp,KKP_IDN_merge_20161208.shp,VNF-VBD_npp_20120301-20151231_global_asia-enhanced_c201607211230.bitmask,NCEI_NGA.union.nga_lead2.add_2015ntl.mask,timezone.shp,VBD_platforms-recurring_2015_r20170330.shp,999999,VBD_bridges_c20160811.shp,19.107107;17.397036;14.693351;9.872889;5.028845;0.164623;-4.717433;-2.668029;-0.463942;4.408493;9.296770;14.195400,76.296768;90.732086;104.737396;103.313332;102.017212;100.838966;99.779457;86.144508;72.459229;73.563164;74.566231;75.490944,npp_d20140716_t1940087_e1945491_b14080,134.276,50.3708,69.0741,-79.2025,23.5656,107.047
1067,VBD_npp_d20140716_t1942296_x1020487E_y067210N_l1280_s4007_v23,2017-05-23 13:09:12,6.720954,102.048698,7.72881,2014-07-16 19:42:29,2014-07-17 02:42:29,1280,4007,0.256941,7,2465,0.256157,0.174255,0.715684,0.4,0.718216,0.75,0.0520387,0.0001,0.00251299,999999,-1.451115e-01,3,,,,SVDNB_npp_d20140716_t1940087_e1945491_b14080_c20140717014549591992_noaa_ops.h5,GDNBO_npp_d20140716_t1940087_e1945491_b14080_c20140717014549591757_noaa_ops.h5,SVI04_npp_d20140716_t1940087_e1945491_b14080_c20140717014549047847_noaa_ops.dspace_rad,VNFF_npp_d20140716_t1940087_e1945491_b14080_v21.csv,World_EEZ_v8_2014.shp,WPP_BFAR_merge.shp,KKP_IDN_merge_20161208.shp,VNF-VBD_npp_20120301-20151231_global_asia-enhanced_c201607211230.bitmask,NCEI_NGA.union.nga_lead2.add_2015ntl.mask,timezone.shp,VBD_platforms-recurring_2015_r20170330.shp,999999,VBD_bridges_c20160811.shp,19.107107;17.397036;14.693351;9.872889;5.028845;0.164623;-4.717433;-2.668029;-0.463942;4.408493;9.296770;14.195400,76.296768;90.732086;104.737396;103.313332;102.017212;100.838966;99.779457;86.144508;72.459229;73.563164;74.566231;75.490944,npp_d20140716_t1940087_e1945491_b14080,134.82,50.7977,69.0685,-78.9935,23.5011,105.382
1068,VBD_npp_d20140716_t1942313_x1020483E_y067185N_l1281_s4008_v23,2017-05-23 13:09:12,6.718510,102.048325,19.3551,2014-07-16 19:42:31,2014-07-17 02:42:31,1281,4008,0.24777,1,2529,0.511016,0.168929,0.715684,0.4,0.773649,0.75,0.0520399,0.0001,0.00248553,999999,-9.585283e-02,3,Thailand Exclusive Economic Zone,,,SVDNB_npp_d20140716_t1940087_e1945491_b14080_c20140717014549591992_noaa_ops.h5,GDNBO_npp_d20140716_t1940087_e1945491_b14080_c20140717014549591757_noaa_ops.h5,SVI04_npp_d20140716_t1940087_e1945491_b14080_c20140717014549047847_noaa_ops.dspace_rad,VNFF_npp_d20140716_t1940087_e1945491_b14080_v21.csv,World_EEZ_v8_2014.shp,WPP_BFAR_merge.shp,KKP_IDN_merge_20161208.shp,VNF-VBD_npp_20120301-20151231_global_asia-enhanced_c201607211230.bitmask,NCEI_NGA.union.nga_lead2.add_2015ntl.mask,timezone.shp,VBD_platforms-recurring_2015_r20170330.shp,999999,VBD_bridges_c20160811.shp,19.107107;17.397036;14.693351;9.872889;5.028845;0.164623;-4.717433;-2.668029;-0.463942;4.408493;9.296770;14.195400,76.296768;90.732086;104.737396;103.313332;102.017212;100.838966;99.779457;86.144508;72.459229;73.563164;74.566231;75.490944,npp_d20140716_t1940087_e1945491_b14080,134.816,50.8048,69.0848,-79.4445,23.4938,105.381
1073,VBD_npp_d20140716_t1944430_x1002354E_y008070S_l2467_s4010_v23,2017-05-23 13:09:12,-0.807000,100.235443,5.97388,2014-07-16 19:44:43,2014-07-17 02:44:43,2467,4010,0.34489,2,2209,0.18297,0.171344,0.682936,0.4,0.727506,0.75,0.0517599,0.0001,0.00227457,999999,-1.181868e-01,3,Indonesian Exclusive Economic Zone,WPP572,,SVDNB_npp_d20140716_t1940087_e1945491_b14080_c20140717014549591992_noaa_ops.h5,GDNBO_npp_d20140716_t1940087_e1945491_b14080_c20140717014549591757_noaa_ops.h5,SVI04_npp_d20140716_t1940087_e1945491_b14080_c20140717014549047847_noaa_ops.dspace_rad,VNFF_npp_d20140716_t1940087_e1945491_b14080_v21.csv,World_EEZ_v8_2014.shp,WPP_BFAR_merge.shp,KKP_IDN_merge_20161208.shp,VNF-VBD_npp_20120301-20151231_global_asia-enhanced_c201607211230.bitmask,NCEI_NGA.union.nga_lead2.add_2015ntl.mask,timezone.shp,VBD_platforms-recurring_2015_r20170330.shp,999999,VBD_bridges_c20160811.shp,19.107107;17.397036;14.693351;9.872889;5.028845;0.164623;-4.717433;-2.668029;-0.463942;4.408493;9.296770;14.195400,76.296768;90.732086;104.737396;103.313332;102.017212;100.838966;99.779457;86.144508;72.459229;73.563164;74.566231;75.490944,npp_d20140716_t1940087_e1945491_b14080,140.302,56.5633,69.1277,-81.2638,23.9351,87.5172
1074,VBD_npp_d20140716_t1944501_x1001332E_y012815S_l2541_s4010_v23,2017-05-23 13:09:12,-1.281499,100.133224,9.13064,2014-07-16 19:44:50,2014-07-17 02:44:50,2541,4010,0.158606,2,2465,0.224409,0.194601,0.712402,0.4,0.660326,0.75,0.0516907,0.0001,0.00220392,999999,-3.333046e-01,3,Indonesian Exclusive Economic Zone,WPP572,,SVDNB_npp_d20140716_t1940087_e1945491_b14080_c20140717014549591992_noaa_ops.h5,GDNBO_npp_d20140716_t1940087_e1945491_b14080_c20140717014549591757_noaa_ops.h5,SVI04_npp_d20140716_t1940087_e1945491_b14080_c20140717014549047847_noaa_ops.dspace_rad,VNFF_npp_d20140716_t1940087_e1945491_b14080_v21.csv,World_EEZ_v8_2014.shp,WPP_BFAR_merge.shp,KKP_IDN_merge_20161208.shp,VNF-VBD_npp_20120301-20151231_global_asia-enhanced_c201607211230.bitmask,NCEI_NGA.union.nga_lead2.add_2015ntl.mask,timezone.shp,VBD_platforms-recurring_2015_r20170330.shp,999999,VBD_bridges_c20160811.shp,19.107107;17.397036;14.693351;9.872889;5.028845;0.164623;-4.717433;-2.668029;-0.463942;4.408493;9.296770;14.195400,76.296768;90.732086;104.737396;103.313332;102.017212;100.838966;99.779457;86.144508;72.459229;73.563164;74.566231;75.490944,npp_d20140716_t1940087_e1945491_b14080,140.623,56.9973,69.1272,-81.0743,24.0352,86.4411
1075,VBD_npp_d20140716_t1944430_x1002399E_y008215S_l2469_s4011_v23,2017-05-23 13:09:12,-0.821531,100.239876,8.01735,2014-07-16 19:44:43,2014-07-17 02:44:43,2469,4011,0.342791,7,2465,0.232727,0.163657,0.735293,0.4,0.74157,0.75,0.0517582,0.0001,0.00225971,999999,-4.708899e-02,3,,,,SVDNB_npp_d20140716_t1940087_e1945491_b14080_c20140717014549591992_noaa_ops.h5,GDNBO_npp_d20140716_t1940087_e1945491_b14080_c20140717014549591757_noaa_ops.h5,SVI04_npp_d20140716_t1940087_e1945491_b14080_c20140717014549047847_noaa_ops.dspace_rad,VNFF_npp_d20140716_t1940087_e1945491_b14080_v21.csv,World_EEZ_v8_2014.shp,WPP_BFAR_merge.shp,KKP_IDN_merge_20161208.shp,VNF-VBD_npp_20120301-20151231_global_asia-enhanced_c201607211230.bitmask,NCEI_NGA.union.nga_lead2.add_2015ntl.mask,timezone.shp,VBD_platforms-recurring_2015_r20170330.shp,999999,VBD_bridges_c20160811.shp,19.107107;17.397036;14.693351;9.872889;5.028845;0.164623;-4.717433;-2.668029;-0.463942;4.408493;9.296770;14.195400,76.296768;90.732086;104.737396;103.313332;102.017212;100.838966;99.779457;86.144508;72.459229;73.563164;74.566231;75.490944,npp_d20140716_t1940087_e1945491_b14080,140.306,56.5807,69.1427,-81.2066,23.9312,87.4834
1076,VBD_npp_d20140716_t1944466_x1001925E_y010456S_l2504_s4011_v23,2017-05-23 13:09:12,-1.045554,100.192505,9.94443,2014-07-16 19:44:46,2014-07-17 02:44:46,2504,4011,0.350249,1,2529,0.394715,0.153042,0.740585,0.4,0.854536,0.75,0.0517257,0.0001,0.00222968,999999,5.109294e-02,3,Indonesian Exclusive Economic Zone,WPP572,Pulau Pieh dan perariran Marine Nature Recreational Park,SVDNB_npp_d20140716_t1940087_e1945491_b14080_c20140717014549591992_noaa_ops.h5,GDNBO_npp_d20140716_t1940087_e1945491_b14080_c20140717014549591757_noaa_ops.h5,SVI04_npp_d20140716_t1940087_e1945491_b14080_c20140717014549047847_noaa_ops.dspace_rad,VNFF_npp_d20140716_t1940087_e1945491_b14080_v21.csv,World_EEZ_v8_2014.shp,WPP_BFAR_merge.shp,KKP_IDN_merge_20161208.shp,VNF-VBD_npp_20120301-20151231_global_asia-enhanced_c201607211230.bitmask,NCEI_NGA.union.nga_lead2.add_2015ntl.mask,timezone.shp,VBD_platforms-recurring_2015_r20170330.shp,999999,VBD_bridges_c20160811.shp,19.107107;17.397036;14.693351;9.872889;5.028845;0.164623;-4.717433;-2.668029;-0.463942;4.408493;9.296770;14.195400,76.296768;90.732086;104.737396;103.313332;102.017212;100.838966;99.779457;86.144508;72.459229;73.563164;74.566231;75.490944,npp_d20140716_t1940087_e1945491_b14080,140.457,56.7858,69.1464,-81.1692,23.9758,86.9738
1078,VBD_npp_d20140716_t1944430_x1002499E_y008439S_l2472_s4013_v23,2017-05-23 13:09:12,-0.843874,100.249878,17.754,2014-07-16 19:44:43,2014-07-17 02:44:43,2472,4013,0.33699,1,2529,0.540169,0.154113,0.765841,0.4,0.895467,0.75,0.0517555,0.0001,0.00223324,999999,4.119073e-02,3,Indonesian Exclusive Economic Zone,WPP572,,SVDNB_npp_d20140716_t1940087_e1945491_b14080_c20140717014549591992_noaa_ops.h5,GDNBO_npp_d20140716_t1940087_e1945491_b14080_c20140717014549591757_noaa_ops.h5,SVI04_npp_d20140716_t1940087_e1945491_b14080_c20140717014549047847_noaa_ops.dspace_rad,VNFF_npp_d20140716_t1940087_e1945491_b14080_v21.csv,World_EEZ_v8_2014.shp,WPP_BFAR_merge.shp,KKP_IDN_merge_20161208.shp,VNF-VBD_npp_20120301-20151231_global_asia-enhanced_c201607211230.bitmask,NCEI_NGA.union.nga_lead2.add_2015ntl.mask,timezone.shp,VBD_platforms-recurring_2015_r20170330.shp,999999,VBD_bridges_c20160811.shp,19.107107;17.397036;14.693351;9.872889;5.028845;0.164623;-4.717433;-2.668029;-0.463942;4.408493;9.296770;14.195400,76.296768;90.732086;104.737396;103.313332;102.017212;100.838966;99.779457;86.144508;72.459229;73.563164;74.566231;75.490944,npp_d20140716_t1940087_e1945491_b14080,140.31,56.6097,69.1729,-81.1209,23.9221,87.4309
1079,VBD_npp_d20140716_t1944590_x1000520E_y017258S_l2611_s4013_v23,2017-05-23 13:09:12,-1.725828,100.052025,11.1539,2014-07-16 19:44:59,2014-07-17 02:44:59,2611,4013,0.177831,2,2465,0.302986,0.152726,0.600565,0.4,0.739476,0.75,0.0516217,0.0001,0.00216448,999999,5.402124e-02,3,Indonesian Exclusive Economic Zone,WPP572,,SVDNB_npp_d20140716_t1940087_e1945491_b14080_c20140717014549591992_noaa_ops.h5,GDNBO_npp_d20140716_t1940087_e1945491_b14080_c20140717014549591757_noaa_ops.h5,SVI04_npp_d20140716_t1940087_e1945491_b14080_c20140717014549047847_noaa_ops.dspace_rad,VNFF_npp_d20140716_t1940087_e1945491_b14080_v21.csv,World_EEZ_v8_2014.shp,WPP_BFAR_merge.shp,KKP_IDN_merge_20161208.shp,VNF-VBD_npp_20120301-20151231_global_asia-enhanced_c201607211230.bitmask,NCEI_NGA.union.nga_lead2.add_2015ntl.mask,timezone.shp,VBD_platforms-recurring_2015_r20170330.shp,999999,VBD_bridges_c20160811.shp,19.107107;17.397036;14.693351;9.872889;5.028845;0.164623;-4.717433;-2.668029;-0.463942;4.408493;9.296770;14.195400,76.296768;90.732086;104.737396;103.313332;102.017212;100.838966;99.779457;86.144508;72.459229;73.563164;74.566231;75.490944,npp_d20140716_t1940087_e1945491_b14080,140.901,57.4265,69.1773,-81.4829,24.1133,85.4374
1083,VBD_npp_d20140716_t1942189_x1022787E_y073560N_l1178_s4016_v23,2017-05-23 13:09:12,7.355968,102.278679,42.8994,2014-07-16 19:42:18,2014-07-17 02:42:18,1178,4016,0.352514,1,2529,0.915171,0.148542,0.858933,0.4,0.950823,0.75,0.0519333,0.0001,0.00239405,999999,9.271783e-02,3,Thailand Exclusive Economic Zone,,,SVDNB_npp_d20140716_t1940087_e1945491_b14080_c20140717014549591992_noaa_ops.h5,GDNBO_npp_d20140716_t1940087_e1945491_b14080_c20140717014549591757_noaa_ops.h5,SVI04_npp_d20140716_t1940087_e1945491_b14080_c20140717014549047847_noaa_ops.dspace_rad,VNFF_npp_d20140716_t1940087_e1945491_b14080_v21.csv,World_EEZ_v8_2014.shp,WPP_BFAR_merge.shp,KKP_IDN_merge_20161208.shp,VNF-VBD_npp_20120301-20151231_global_asia-enhanced_c201607211230.bitmask,NCEI_NGA.union.nga_lead2.add_2015ntl.mask,timezone.shp,VBD_platforms-recurring_2015_r20170330.shp,999999,VBD_bridges_c20160811.shp,19.107107;17.397036;14.693351;9.872889;5.028845;0.164623;-4.717433;-2.668029;-0.463942;4.408493;9.296770;14.195400,76.296768;90.732086;104.737396;103.313332;102.017212;100.838966;99.779457;86.144508;72.459229;73.563164;74.566231;75.490944,npp_d20140716_t1940087_e1945491_b14080,134.275,50.4522,69.2107,-78.9958,23.4998,106.957
1084,VBD_npp_d20140716_t1942260_x1021723E_y069585N_l1241_s4016_v23,2017-05-23 13:09:12,6.958513,102.172302,17.5425,2014-07-16 19:42:26,2014-07-17 02:42:26,1241,4016,0.34036,8,18913,0.500417,0.159251,0.715104,0.4,0.869666,0.75,0.0519937,0.0001,0.002411,999999,-6.333409e-03,3,Thailand Exclusive Economic Zone,,,SVDNB_npp_d20140716_t1940087_e1945491_b14080_c20140717014549591992_noaa_ops.h5,GDNBO_npp_d20140716_t1940087_e1945491_b14080_c20140717014549591757_noaa_ops.h5,SVI04_npp_d20140716_t1940087_e1945491_b14080_c20140717014549047847_noaa_ops.dspace_rad,VNFF_npp_d20140716_t1940087_e1945491_b14080_v21.csv,World_EEZ_v8_2014.shp,WPP_BFAR_merge.shp,KKP_IDN_merge_20161208.shp,VNF-VBD_npp_20120301-20151231_global_asia-enhanced_c201607211230.bitmask,NCEI_NGA.union.nga_lead2.add_2015ntl.mask,timezone.shp,VBD_platforms-recurring_2015_r20170330.shp,0.471983,VBD_bridges_c20160811.shp,19.107107;17.397036;14.693351;9.872889;5.028845;0.164623;-4.717433;-2.668029;-0.463942;4.408493;9.296770;14.195400,76.296768;90.732086;104.737396;103.313332;102.017212;100.838966;99.779457;86.144508;72.459229;73.563164;74.566231;75.490944,npp_d20140716_t1940087_e1945491_b14080,134.586,50.6963,69.2094,-79.1325,23.4602,106.001
1085,VBD_npp_d20140716_t1944430_x1002623E_y008944S_l2479_s4016_v23,2017-05-23 13:09:12,-0.894380,100.262268,12.0746,2014-07-16 19:44:43,2014-07-17 02:44:43,2479,4016,0.345111,1,2529,0.453393,0.155228,0.762808,0.4,0.857104,0.75,0.0517494,0.0001,0.00218544,999999,3.087423e-02,3,Indonesian Exclusive Economic Zone,WPP572,,SVDNB_npp_d20140716_t1940087_e1945491_b14080_c20140717014549591992_noaa_ops.h5,GDNBO_npp_d20140716_t1940087_e1945491_b14080_c20140717014549591757_noaa_ops.h5,SVI04_npp_d20140716_t1940087_e1945491_b14080_c20140717014549047847_noaa_ops.dspace_rad,VNFF_npp_d20140716_t1940087_e1945491_b14080_v21.csv,World_EEZ_v8_2014.shp,WPP_BFAR_merge.shp,KKP_IDN_merge_20161208.shp,VNF-VBD_npp_20120301-20151231_global_asia-enhanced_c201607211230.bitmask,NCEI_NGA.union.nga_lead2.add_2015ntl.mask,timezone.shp,VBD_platforms-recurring_2015_r20170330.shp,999999,VBD_bridges_c20160811.shp,19.107107;17.397036;14.693351;9.872889;5.028845;0.164623;-4.717433;-2.668029;-0.463942;4.408493;9.296770;14.195400,76.296768;90.732086;104.737396;103.313332;102.017212;100.838966;99.779457;86.144508;72.459229;73.563164;74.566231;75.490944,npp_d20140716_t1940087_e1945491_b14080,140.328,56.6686,69.2185,-80.9209,23.9118,87.3135
1086,VBD_npp_d20140716_t1944501_x1001795E_y012472S_l2535_s4016_v23,2017-05-23 13:09:12,-1.247167,100.179512,10.9861,2014-07-16 19:44:50,2014-07-17 02:44:50,2535,4016,0.214845,2,2465,0.301139,0.188679,0.657848,0.4,0.72314,0.75,0.0516964,0.0001,0.00217534,999999,-2.785309e-01,3,Indonesian Exclusive Economic Zone,WPP572,,SVDNB_npp_d20140716_t1940087_e1945491_b14080_c20140717014549591992_noaa_ops.h5,GDNBO_npp_d20140716_t1940087_e1945491_b14080_c20140717014549591757_noaa_ops.h5,SVI04_npp_d20140716_t1940087_e1945491_b14080_c20140717014549047847_noaa_ops.dspace_rad,VNFF_npp_d20140716_t1940087_e1945491_b14080_v21.csv,World_EEZ_v8_2014.shp,WPP_BFAR_merge.shp,KKP_IDN_merge_20161208.shp,VNF-VBD_npp_20120301-20151231_global_asia-enhanced_c201607211230.bitmask,NCEI_NGA.union.nga_lead2.add_2015ntl.mask,timezone.shp,VBD_platforms-recurring_2015_r20170330.shp,999999,VBD_bridges_c20160811.shp,19.107107;17.397036;14.693351;9.872889;5.028845;0.164623;-4.717433;-2.668029;-0.463942;4.408493;9.296770;14.195400,76.296768;90.732086;104.737396;103.313332;102.017212;100.838966;99.779457;86.144508;72.459229;73.563164;74.566231;75.490944,npp_d20140716_t1940087_e1945491_b14080,140.565,56.9919,69.2191,-81.247,23.9861,86.5119
1087,VBD_npp_d20140716_t1944430_x1002754E_y008548S_l2473_s4017_v23,2017-05-23 13:09:12,-0.854824,100.275375,6.7437,2014-07-16 19:44:43,2014-07-17 02:44:43,2473,4017,0.336051,8,18913,0.201872,0.152968,0.736548,0.4,0.750595,0.75,0.0517547,0.0001,0.00219675,999999,5.177794e-02,3,Indonesian Exclusive Economic Zone,WPP572,,SVDNB_npp_d20140716_t1940087_e1945491_b14080_c20140717014549591992_noaa_ops.h5,GDNBO_npp_d20140716_t1940087_e1945491_b14080_c20140717014549591757_noaa_ops.h5,SVI04_npp_d20140716_t1940087_e1945491_b14080_c20140717014549047847_noaa_ops.dspace_rad,VNFF_npp_d20140716_t1940087_e1945491_b14080_v21.csv,World_EEZ_v8_2014.shp,WPP_BFAR_merge.shp,KKP_IDN_merge_20161208.shp,VNF-VBD_npp_20120301-20151231_global_asia-enhanced_c201607211230.bitmask,NCEI_NGA.union.nga_lead2.add_2015ntl.mask,timezone.shp,VBD_platforms-recurring_2015_r20170330.shp,0.638189,VBD_bridges_c20160811.shp,19.107107;17.397036;14.693351;9.872889;5.028845;0.164623;-4.717433;-2.668029;-0.463942;4.408493;9.296770;14.195400,76.296768;90.732086;104.737396;103.313332;102.017212;100.838966;99.779457;86.144508;72.459229;73.563164;74.566231;75.490944,npp_d20140716_t1940087_e1945491_b14080,140.295,56.6373,69.2339,-81.0927,23.8967,87.4027
1088,VBD_npp_d20140716_t1944430_x1002721E_y008751S_l2476_s4017_v23,2017-05-23 13:09:12,-0.875132,100.272125,9.3207,2014-07-16 19:44:43,2014-07-17 02:44:43,2476,4017,0.347708,1,2529,0.342433,0.161953,0.760588,0.4,0.855412,0.75,0.0517521,0.0001,0.00218705,999999,-3.132705e-02,3,Indonesian Exclusive Economic Zone,WPP572,,SVDNB_npp_d20140716_t1940087_e1945491_b14080_c20140717014549591992_noaa_ops.h5,GDNBO_npp_d20140716_t1940087_e1945491_b14080_c20140717014549591757_noaa_ops.h5,SVI04_npp_d20140716_t1940087_e1945491_b14080_c20140717014549047847_noaa_ops.dspace_rad,VNFF_npp_d20140716_t1940087_e1945491_b14080_v21.csv,World_EEZ_v8_2014.shp,WPP_BFAR_merge.shp,KKP_IDN_merge_20161208.shp,VNF-VBD_npp_20120301-20151231_global_asia-enhanced_c201607211230.bitmask,NCEI_NGA.union.nga_lead2.add_2015ntl.mask,timezone.shp,VBD_platforms-recurring_2015_r20170330.shp,999999,VBD_bridges_c20160811.shp,19.107107;17.397036;14.693351;9.872889;5.028845;0.164623;-4.717433;-2.668029;-0.463942;4.408493;9.296770;14.195400,76.296768;90.732086;104.737396;103.313332;102.017212;100.838966;99.779457;86.144508;72.459229;73.563164;74.566231;75.490944,npp_d20140716_t1940087_e1945491_b14080,140.309,56.6556,69.2338,-81.0069,23.9009,87.3565
1089,VBD_npp_d20140716_t1944501_x1001864E_y012899S_l2541_s4018_v23,2017-05-23 13:09:12,-1.289882,100.186432,11.1723,2014-07-16 19:44:50,2014-07-17 02:44:50,2541,4018,0.171202,2,2465,0.253462,0.168504,0.657103,0.4,0.733867,0.75,0.0516907,0.0001,0.00213858,999999,-9.192080e-02,3,Indonesian Exclusive Economic Zone,WPP572,,SVDNB_npp_d20140716_t1940087_e1945491_b14080_c20140717014549591992_noaa_ops.h5,GDNBO_npp_d20140716_t1940087_e1945491_b14080_c20140717014549591757_noaa_ops.h5,SVI04_npp_d20140716_t1940087_e1945491_b14080_c20140717014549047847_noaa_ops.dspace_rad,VNFF_npp_d20140716_t1940087_e1945491_b14080_v21.csv,World_EEZ_v8_2014.shp,WPP_BFAR_merge.shp,KKP_IDN_merge_20161208.shp,VNF-VBD_npp_20120301-20151231_global_asia-enhanced_c201607211230.bitmask,NCEI_NGA.union.nga_lead2.add_2015ntl.mask,timezone.shp,VBD_platforms-recurring_2015_r20170330.shp,999999,VBD_bridges_c20160811.shp,19.107107;17.397036;14.693351;9.872889;5.028845;0.164623;-4.717433;-2.668029;-0.463942;4.408493;9.296770;14.195400,76.296768;90.732086;104.737396;103.313332;102.017212;100.838966;99.779457;86.144508;72.459229;73.563164;74.566231;75.490944,npp_d20140716_t1940087_e1945491_b14080,140.583,57.0399,69.2493,-81.0757,23.9818,86.4131
1092,VBD_npp_d20140716_t1944448_x1002714E_y009729S_l2491_s4020_v23,2017-05-23 13:09:12,-0.972947,100.271439,7.02961,2014-07-16 19:44:44,2014-07-17 02:44:44,2491,4020,0.350856,1,2529,0.257435,0.151899,0.711446,0.4,0.785843,0.75,0.051738,0.0001,0.00215571,999999,6.167126e-02,3,Indonesian Exclusive Economic Zone,WPP572,,SVDNB_npp_d20140716_t1940087_e1945491_b14080_c20140717014549591992_noaa_ops.h5,GDNBO_npp_d20140716_t1940087_e1945491_b14080_c20140717014549591757_noaa_ops.h5,SVI04_npp_d20140716_t1940087_e1945491_b14080_c20140717014549047847_noaa_ops.dspace_rad,VNFF_npp_d20140716_t1940087_e1945491_b14080_v21.csv,World_EEZ_v8_2014.shp,WPP_BFAR_merge.shp,KKP_IDN_merge_20161208.shp,VNF-VBD_npp_20120301-20151231_global_asia-enhanced_c201607211230.bitmask,NCEI_NGA.union.nga_lead2.add_2015ntl.mask,timezone.shp,VBD_platforms-recurring_2015_r20170330.shp,999999,VBD_bridges_c20160811.shp,19.107107;17.397036;14.693351;9.872889;5.028845;0.164623;-4.717433;-2.668029;-0.463942;4.408493;9.296770;14.195400,76.296768;90.732086;104.737396;103.313332;102.017212;100.838966;99.779457;86.144508;72.459229;73.563164;74.566231;75.490944,npp_d20140716_t1940087_e1945491_b14080,140.357,56.7585,69.2821,-81.0622,23.8991,87.1307
1093,VBD_npp_d20140716_t1945222_x0998054E_y030841S_l2823_s4020_v23,2017-05-23 13:09:12,-3.084051,99.805428,10.9225,2014-07-16 19:45:22,2014-07-17 02:45:22,2823,4020,0.342956,1,2529,0.439989,0.176871,0.766751,0.4,0.867214,0.75,0.051447,0.0001,0.00195741,999999,-1.693136e-01,3,Indonesian Exclusive Economic Zone,WPP572,,SVDNB_npp_d20140716_t1940087_e1945491_b14080_c20140717014549591992_noaa_ops.h5,GDNBO_npp_d20140716_t1940087_e1945491_b14080_c20140717014549591757_noaa_ops.h5,SVI04_npp_d20140716_t1940087_e1945491_b14080_c20140717014549047847_noaa_ops.dspace_rad,VNFF_npp_d20140716_t1940087_e1945491_b14080_v21.csv,World_EEZ_v8_2014.shp,WPP_BFAR_merge.shp,KKP_IDN_merge_20161208.shp,VNF-VBD_npp_20120301-20151231_global_asia-enhanced_c201607211230.bitmask,NCEI_NGA.union.nga_lead2.add_2015ntl.mask,timezone.shp,VBD_platforms-recurring_2015_r20170330.shp,999999,VBD_bridges_c20160811.shp,19.107107;17.397036;14.693351;9.872889;5.028845;0.164623;-4.717433;-2.668029;-0.463942;4.408493;9.296770;14.195400,76.296768;90.732086;104.737396;103.313332;102.017212;100.838966;99.779457;86.144508;72.459229;73.563164;74.566231;75.490944,npp_d20140716_t1940087_e1945491_b14080,141.746,58.7743,69.286,-81.6795,24.4146,82.4232
1094,VBD_npp_d20140716_t1942260_x1022083E_y069656N_l1239_s4021_v23,2017-05-23 13:09:12,6.965572,102.208336,7.98125,2014-07-16 19:42:26,2014-07-17 02:42:26,1239,4021,0.316273,2,2465,0.216905,0.204566,0.690614,0.4,0.701557,0.75,0.0519914,0.0001,0.00236328,999999,-4.254751e-01,3,Thailand Exclusive Economic Zone,,,SVDNB_npp_d20140716_t1940087_e1945491_b14080_c20140717014549591992_noaa_ops.h5,GDNBO_npp_d20140716_t1940087_e1945491_b14080_c20140717014549591757_noaa_ops.h5,SVI04_npp_d20140716_t1940087_e1945491_b14080_c20140717014549047847_noaa_ops.dspace_rad,VNFF_npp_d20140716_t1940087_e1945491_b14080_v21.csv,World_EEZ_v8_2014.shp,WPP_BFAR_merge.shp,KKP_IDN_merge_20161208.shp,VNF-VBD_npp_20120301-20151231_global_asia-enhanced_c201607211230.bitmask,NCEI_NGA.union.nga_lead2.add_2015ntl.mask,timezone.shp,VBD_platforms-recurring_2015_r20170330.shp,999999,VBD_bridges_c20160811.shp,19.107107;17.397036;14.693351;9.872889;5.028845;0.164623;-4.717433;-2.668029;-0.463942;4.408493;9.296770;14.195400,76.296768;90.732086;104.737396;103.313332;102.017212;100.838966;99.779457;86.144508;72.459229;73.563164;74.566231;75.490944,npp_d20140716_t1940087_e1945491_b14080,134.554,50.7176,69.286,-79.1853,23.4273,106.045
1095,VBD_npp_d20140716_t1944466_x1002702E_y010299S_l2500_s4022_v23,2017-05-23 13:09:12,-1.029895,100.270218,4.63396,2014-07-16 19:44:46,2014-07-17 02:44:46,2500,4022,0.348702,2,2209,0.154447,0.149051,0.689762,0.4,0.697906,0.75,0.0517295,0.0001,0.00215194,999999,8.801395e-02,3,Indonesian Exclusive Economic Zone,WPP572,,SVDNB_npp_d20140716_t1940087_e1945491_b14080_c20140717014549591992_noaa_ops.h5,GDNBO_npp_d20140716_t1940087_e1945491_b14080_c20140717014549591757_noaa_ops.h5,SVI04_npp_d20140716_t1940087_e1945491_b14080_c20140717014549047847_noaa_ops.dspace_rad,VNFF_npp_d20140716_t1940087_e1945491_b14080_v21.csv,World_EEZ_v8_2014.shp,WPP_BFAR_merge.shp,KKP_IDN_merge_20161208.shp,VNF-VBD_npp_20120301-20151231_global_asia-enhanced_c201607211230.bitmask,NCEI_NGA.union.nga_lead2.add_2015ntl.mask,timezone.shp,VBD_platforms-recurring_2015_r20170330.shp,999999,VBD_bridges_c20160811.shp,19.107107;17.397036;14.693351;9.872889;5.028845;0.164623;-4.717433;-2.668029;-0.463942;4.408493;9.296770;14.195400,76.296768;90.732086;104.737396;103.313332;102.017212;100.838966;99.779457;86.144508;72.459229;73.563164;74.566231;75.490944,npp_d20140716_t1940087_e1945491_b14080,140.383,56.82,69.315,-81.2849,23.8961,86.9989
1096,VBD_npp_d20140716_t1942260_x1022284E_y069967N_l1234_s4023_v23,2017-05-23 13:09:12,6.996684,102.228416,11.1654,2014-07-16 19:42:26,2014-07-17 02:42:26,1234,4023,0.339366,8,18913,0.411807,0.161374,0.660365,0.4,0.86158,0.75,0.0519856,0.0001,0.0023374,999999,-2.597030e-02,3,Thailand Exclusive Economic Zone,,,SVDNB_npp_d20140716_t1940087_e1945491_b14080_c20140717014549591992_noaa_ops.h5,GDNBO_npp_d20140716_t1940087_e1945491_b14080_c20140717014549591757_noaa_ops.h5,SVI04_npp_d20140716_t1940087_e1945491_b14080_c20140717014549047847_noaa_ops.dspace_rad,VNFF_npp_d20140716_t1940087_e1945491_b14080_v21.csv,World_EEZ_v8_2014.shp,WPP_BFAR_merge.shp,KKP_IDN_merge_20161208.shp,VNF-VBD_npp_20120301-20151231_global_asia-enhanced_c201607211230.bitmask,NCEI_NGA.union.nga_lead2.add_2015ntl.mask,timezone.shp,VBD_platforms-recurring_2015_r20170330.shp,0.125753,VBD_bridges_c20160811.shp,19.107107;17.397036;14.693351;9.872889;5.028845;0.164623;-4.717433;-2.668029;-0.463942;4.408493;9.296770;14.195400,76.296768;90.732086;104.737396;103.313332;102.017212;100.838966;99.779457;86.144508;72.459229;73.563164;74.566231;75.490944,npp_d20140716_t1940087_e1945491_b14080,134.519,50.7087,69.3172,-79.3258,23.4166,106.13
1097,VBD_npp_d20140716_t1944448_x1002991E_y009286S_l2484_s4023_v23,2017-05-23 13:09:12,-0.928623,100.299141,10.1356,2014-07-16 19:44:44,2014-07-17 02:44:44,2484,4023,0.345884,1,2529,0.344293,0.148867,0.610959,0.4,0.807624,0.75,0.0517447,0.0001,0.0021535,999999,8.971637e-02,3,Indonesian Exclusive Economic Zone,WPP572,,SVDNB_npp_d20140716_t1940087_e1945491_b14080_c20140717014549591992_noaa_ops.h5,GDNBO_npp_d20140716_t1940087_e1945491_b14080_c20140717014549591757_noaa_ops.h5,SVI04_npp_d20140716_t1940087_e1945491_b14080_c20140717014549047847_noaa_ops.dspace_rad,VNFF_npp_d20140716_t1940087_e1945491_b14080_v21.csv,World_EEZ_v8_2014.shp,WPP_BFAR_merge.shp,KKP_IDN_merge_20161208.shp,VNF-VBD_npp_20120301-20151231_global_asia-enhanced_c201607211230.bitmask,NCEI_NGA.union.nga_lead2.add_2015ntl.mask,timezone.shp,VBD_platforms-recurring_2015_r20170330.shp,999999,VBD_bridges_c20160811.shp,19.107107;17.397036;14.693351;9.872889;5.028845;0.164623;-4.717433;-2.668029;-0.463942;4.408493;9.296770;14.195400,76.296768;90.732086;104.737396;103.313332;102.017212;100.838966;99.779457;86.144508;72.459229;73.563164;74.566231;75.490944,npp_d20140716_t1940087_e1945491_b14080,140.31,56.7317,69.3286,-81.2627,23.8688,87.229
1098,VBD_npp_d20140716_t1945044_x1000394E_y021302S_l2672_s4023_v23,2017-05-23 13:09:12,-2.130160,100.039398,9.54168,2014-07-16 19:45:04,2014-07-17 02:45:04,2672,4023,0.19015,1,2529,0.289809,0.142558,0.596076,0.4,0.765404,0.75,0.0515589,0.0001,0.00200527,999999,1.480657e-01,3,Indonesian Exclusive Economic Zone,WPP572,,SVDNB_npp_d20140716_t1940087_e1945491_b14080_c20140717014549591992_noaa_ops.h5,GDNBO_npp_d20140716_t1940087_e1945491_b14080_c20140717014549591757_noaa_ops.h5,SVI04_npp_d20140716_t1940087_e1945491_b14080_c20140717014549047847_noaa_ops.dspace_rad,VNFF_npp_d20140716_t1940087_e1945491_b14080_v21.csv,World_EEZ_v8_2014.shp,WPP_BFAR_merge.shp,KKP_IDN_merge_20161208.shp,VNF-VBD_npp_20120301-20151231_global_asia-enhanced_c201607211230.bitmask,NCEI_NGA.union.nga_lead2.add_2015ntl.mask,timezone.shp,VBD_platforms-recurring_2015_r20170330.shp,999999,VBD_bridges_c20160811.shp,19.107107;17.397036;14.693351;9.872889;5.028845;0.164623;-4.717433;-2.668029;-0.463942;4.408493;9.296770;14.195400,76.296768;90.732086;104.737396;103.313332;102.017212;100.838966;99.779457;86.144508;72.459229;73.563164;74.566231;75.490944,npp_d20140716_t1940087_e1945491_b14080,141.109,57.8543,69.3337,-81.184,24.1404,84.5181
1099,VBD_npp_d20140716_t1944448_x1003026E_y009500S_l2487_s4024_v23,2017-05-23 13:09:12,-0.950027,100.302582,7.38643,2014-07-16 19:44:44,2014-07-17 02:44:44,2487,4024,0.345221,1,2273,0.197027,0.167734,0.647532,0.4,0.751253,0.75,0.0517418,0.0001,0.00213594,999999,-8.479738e-02,3,Indonesian Exclusive Economic Zone,WPP572,,SVDNB_npp_d20140716_t1940087_e1945491_b14080_c20140717014549591992_noaa_ops.h5,GDNBO_npp_d20140716_t1940087_e1945491_b14080_c20140717014549591757_noaa_ops.h5,SVI04_npp_d20140716_t1940087_e1945491_b14080_c20140717014549047847_noaa_ops.dspace_rad,VNFF_npp_d20140716_t1940087_e1945491_b14080_v21.csv,World_EEZ_v8_2014.shp,WPP_BFAR_merge.shp,KKP_IDN_merge_20161208.shp,VNF-VBD_npp_20120301-20151231_global_asia-enhanced_c201607211230.bitmask,NCEI_NGA.union.nga_lead2.add_2015ntl.mask,timezone.shp,VBD_platforms-recurring_2015_r20170330.shp,999999,VBD_bridges_c20160811.shp,19.107107;17.397036;14.693351;9.872889;5.028845;0.164623;-4.717433;-2.668029;-0.463942;4.408493;9.296770;14.195400,76.296768;90.732086;104.737396;103.313332;102.017212;100.838966;99.779457;86.144508;72.459229;73.563164;74.566231;75.490944,npp_d20140716_t1940087_e1945491_b14080,140.318,56.7555,69.3436,-81.1771,23.8664,87.1793
1100,VBD_npp_d20140716_t1945061_x1000373E_y021302S_l2673_s4024_v23,2017-05-23 13:09:12,-2.130161,100.037270,6.74455,2014-07-16 19:45:06,2014-07-17 02:45:06,2673,4024,0.19015,2,2209,0.173023,0.166689,0.596076,0.4,0.521892,0.75,0.0515578,0.0001,0.0020455,999999,-7.513727e-02,3,Indonesian Exclusive Economic Zone,WPP572,,SVDNB_npp_d20140716_t1940087_e1945491_b14080_c20140717014549591992_noaa_ops.h5,GDNBO_npp_d20140716_t1940087_e1945491_b14080_c20140717014549591757_noaa_ops.h5,SVI04_npp_d20140716_t1940087_e1945491_b14080_c20140717014549047847_noaa_ops.dspace_rad,VNFF_npp_d20140716_t1940087_e1945491_b14080_v21.csv,World_EEZ_v8_2014.shp,WPP_BFAR_merge.shp,KKP_IDN_merge_20161208.shp,VNF-VBD_npp_20120301-20151231_global_asia-enhanced_c201607211230.bitmask,NCEI_NGA.union.nga_lead2.add_2015ntl.mask,timezone.shp,VBD_platforms-recurring_2015_r20170330.shp,999999,VBD_bridges_c20160811.shp,19.107107;17.397036;14.693351;9.872889;5.028845;0.164623;-4.717433;-2.668029;-0.463942;4.408493;9.296770;14.195400,76.296768;90.732086;104.737396;103.313332;102.017212;100.838966;99.779457;86.144508;72.459229;73.563164;74.566231;75.490944,npp_d20140716_t1940087_e1945491_b14080,141.104,57.8576,69.3448,-81.6396,24.1353,84.5166
1101,VBD_npp_d20140716_t1945239_x0998166E_y032042S_l2841_s4025_v23,2017-05-23 13:09:12,-3.204237,99.816559,25.9937,2014-07-16 19:45:23,2014-07-17 02:45:23,2841,4025,0.357541,1,2529,0.763683,0.149136,0.862915,0.4,0.94471,0.75,0.051447,0.0001,0.00189989,999999,8.722623e-02,3,Indonesian Exclusive Economic Zone,WPP572,,SVDNB_npp_d20140716_t1940087_e1945491_b14080_c20140717014549591992_noaa_ops.h5,GDNBO_npp_d20140716_t1940087_e1945491_b14080_c20140717014549591757_noaa_ops.h5,SVI04_npp_d20140716_t1940087_e1945491_b14080_c20140717014549047847_noaa_ops.dspace_rad,VNFF_npp_d20140716_t1940087_e1945491_b14080_v21.csv,World_EEZ_v8_2014.shp,WPP_BFAR_merge.shp,KKP_IDN_merge_20161208.shp,VNF-VBD_npp_20120301-20151231_global_asia-enhanced_c201607211230.bitmask,NCEI_NGA.union.nga_lead2.add_2015ntl.mask,timezone.shp,VBD_platforms-recurring_2015_r20170330.shp,999999,VBD_bridges_c20160811.shp,19.107107;17.397036;14.693351;9.872889;5.028845;0.164623;-4.717433;-2.668029;-0.463942;4.408493;9.296770;14.195400,76.296768;90.732086;104.737396;103.313332;102.017212;100.838966;99.779457;86.144508;72.459229;73.563164;74.566231;75.490944,npp_d20140716_t1940087_e1945491_b14080,141.792,58.916,69.3659,-81.6498,24.4126,82.1491
1102,VBD_npp_d20140716_t1942296_x1021910E_y067774N_l1268_s4026_v23,2017-05-23 13:09:12,6.777400,102.190971,19.2723,2014-07-16 19:42:29,2014-07-17 02:42:29,1268,4026,0.319975,8,18913,0.546556,0.172023,0.777213,0.4,0.886692,0.75,0.0520248,0.0001,0.00232493,999999,-1.244734e-01,3,Thailand Exclusive Economic Zone,,,SVDNB_npp_d20140716_t1940087_e1945491_b14080_c20140717014549591992_noaa_ops.h5,GDNBO_npp_d20140716_t1940087_e1945491_b14080_c20140717014549591757_noaa_ops.h5,SVI04_npp_d20140716_t1940087_e1945491_b14080_c20140717014549047847_noaa_ops.dspace_rad,VNFF_npp_d20140716_t1940087_e1945491_b14080_v21.csv,World_EEZ_v8_2014.shp,WPP_BFAR_merge.shp,KKP_IDN_merge_20161208.shp,VNF-VBD_npp_20120301-20151231_global_asia-enhanced_c201607211230.bitmask,NCEI_NGA.union.nga_lead2.add_2015ntl.mask,timezone.shp,VBD_platforms-recurring_2015_r20170330.shp,0.210929,VBD_bridges_c20160811.shp,19.107107;17.397036;14.693351;9.872889;5.028845;0.164623;-4.717433;-2.668029;-0.463942;4.408493;9.296770;14.195400,76.296768;90.732086;104.737396;103.313332;102.017212;100.838966;99.779457;86.144508;72.459229;73.563164;74.566231;75.490944,npp_d20140716_t1940087_e1945491_b14080,134.675,50.8596,69.3593,-79.3201,23.378,105.616
1103,VBD_npp_d20140716_t1944448_x1003130E_y010144S_l2496_s4027_v23,2017-05-23 13:09:12,-1.014362,100.313042,14.7704,2014-07-16 19:44:44,2014-07-17 02:44:44,2496,4027,0.345608,1,2529,0.530349,0.175472,0.80694,0.4,0.902845,0.75,0.0517333,0.0001,0.002083,999999,-1.563691e-01,3,Indonesian Exclusive Economic Zone,WPP572,,SVDNB_npp_d20140716_t1940087_e1945491_b14080_c20140717014549591992_noaa_ops.h5,GDNBO_npp_d20140716_t1940087_e1945491_b14080_c20140717014549591757_noaa_ops.h5,SVI04_npp_d20140716_t1940087_e1945491_b14080_c20140717014549047847_noaa_ops.dspace_rad,VNFF_npp_d20140716_t1940087_e1945491_b14080_v21.csv,World_EEZ_v8_2014.shp,WPP_BFAR_merge.shp,KKP_IDN_merge_20161208.shp,VNF-VBD_npp_20120301-20151231_global_asia-enhanced_c201607211230.bitmask,NCEI_NGA.union.nga_lead2.add_2015ntl.mask,timezone.shp,VBD_platforms-recurring_2015_r20170330.shp,999999,VBD_bridges_c20160811.shp,19.107107;17.397036;14.693351;9.872889;5.028845;0.164623;-4.717433;-2.668029;-0.463942;4.408493;9.296770;14.195400,76.296768;90.732086;104.737396;103.313332;102.017212;100.838966;99.779457;86.144508;72.459229;73.563164;74.566231;75.490944,npp_d20140716_t1940087_e1945491_b14080,140.345,56.8271,69.3894,-80.9203,23.8591,87.0299
1104,VBD_npp_d20140716_t1944466_x1003139E_y010157S_l2497_s4028_v23,2017-05-23 13:09:12,-1.015749,100.313889,13.3584,2014-07-16 19:44:46,2014-07-17 02:44:46,2497,4028,0.346216,1,2529,0.48008,0.169999,0.80694,0.4,0.860258,0.75,0.0517324,0.0001,0.00211255,999999,-1.057502e-01,3,Indonesian Exclusive Economic Zone,WPP572,,SVDNB_npp_d20140716_t1940087_e1945491_b14080_c20140717014549591992_noaa_ops.h5,GDNBO_npp_d20140716_t1940087_e1945491_b14080_c20140717014549591757_noaa_ops.h5,SVI04_npp_d20140716_t1940087_e1945491_b14080_c20140717014549047847_noaa_ops.dspace_rad,VNFF_npp_d20140716_t1940087_e1945491_b14080_v21.csv,World_EEZ_v8_2014.shp,WPP_BFAR_merge.shp,KKP_IDN_merge_20161208.shp,VNF-VBD_npp_20120301-20151231_global_asia-enhanced_c201607211230.bitmask,NCEI_NGA.union.nga_lead2.add_2015ntl.mask,timezone.shp,VBD_platforms-recurring_2015_r20170330.shp,999999,VBD_bridges_c20160811.shp,19.107107;17.397036;14.693351;9.872889;5.028845;0.164623;-4.717433;-2.668029;-0.463942;4.408493;9.296770;14.195400,76.296768;90.732086;104.737396;103.313332;102.017212;100.838966;99.779457;86.144508;72.459229;73.563164;74.566231;75.490944,npp_d20140716_t1940087_e1945491_b14080,140.339,56.8338,69.4076,-81.3714,23.851,87.0254
1106,VBD_npp_d20140716_t1942296_x1022139E_y067871N_l1266_s4029_v23,2017-05-23 13:09:12,6.787076,102.213875,32.7291,2014-07-16 19:42:29,2014-07-17 02:42:29,1266,4029,0.27263,8,18913,0.713992,0.171601,0.798953,0.4,0.896605,0.75,0.0520225,0.0001,0.00229567,999999,-1.205640e-01,3,Thailand Exclusive Economic Zone,,,SVDNB_npp_d20140716_t1940087_e1945491_b14080_c20140717014549591992_noaa_ops.h5,GDNBO_npp_d20140716_t1940087_e1945491_b14080_c20140717014549591757_noaa_ops.h5,SVI04_npp_d20140716_t1940087_e1945491_b14080_c20140717014549047847_noaa_ops.dspace_rad,VNFF_npp_d20140716_t1940087_e1945491_b14080_v21.csv,World_EEZ_v8_2014.shp,WPP_BFAR_merge.shp,KKP_IDN_merge_20161208.shp,VNF-VBD_npp_20120301-20151231_global_asia-enhanced_c201607211230.bitmask,NCEI_NGA.union.nga_lead2.add_2015ntl.mask,timezone.shp,VBD_platforms-recurring_2015_r20170330.shp,0.158932,VBD_bridges_c20160811.shp,19.107107;17.397036;14.693351;9.872889;5.028845;0.164623;-4.717433;-2.668029;-0.463942;4.408493;9.296770;14.195400,76.296768;90.732086;104.737396;103.313332;102.017212;100.838966;99.779457;86.144508;72.459229;73.563164;74.566231;75.490944,npp_d20140716_t1940087_e1945491_b14080,134.651,50.869,69.4056,-79.3745,23.3584,105.655
1107,VBD_npp_d20140716_t1944537_x1002201E_y014850S_l2570_s4029_v23,2017-05-23 13:09:12,-1.484967,100.220055,15.3254,2014-07-16 19:44:53,2014-07-17 02:44:53,2570,4029,0.264951,1,2529,0.450111,0.168318,0.798723,0.4,0.834821,0.75,0.0516632,0.0001,0.00204007,999999,-9.020185e-02,3,Indonesian Exclusive Economic Zone,WPP572,,SVDNB_npp_d20140716_t1940087_e1945491_b14080_c20140717014549591992_noaa_ops.h5,GDNBO_npp_d20140716_t1940087_e1945491_b14080_c20140717014549591757_noaa_ops.h5,SVI04_npp_d20140716_t1940087_e1945491_b14080_c20140717014549047847_noaa_ops.dspace_rad,VNFF_npp_d20140716_t1940087_e1945491_b14080_v21.csv,World_EEZ_v8_2014.shp,WPP_BFAR_merge.shp,KKP_IDN_merge_20161208.shp,VNF-VBD_npp_20120301-20151231_global_asia-enhanced_c201607211230.bitmask,NCEI_NGA.union.nga_lead2.add_2015ntl.mask,timezone.shp,VBD_platforms-recurring_2015_r20170330.shp,999999,VBD_bridges_c20160811.shp,19.107107;17.397036;14.693351;9.872889;5.028845;0.164623;-4.717433;-2.668029;-0.463942;4.408493;9.296770;14.195400,76.296768;90.732086;104.737396;103.313332;102.017212;100.838966;99.779457;86.144508;72.459229;73.563164;74.566231;75.490944,npp_d20140716_t1940087_e1945491_b14080,140.648,57.2704,69.4227,-81.2115,23.9464,85.9579
1111,VBD_npp_d20140716_t1942082_x1025394E_y079781N_l1077_s4030_v23,2017-05-23 13:09:12,7.978071,102.539391,31.2356,2014-07-16 19:42:08,2014-07-17 02:42:08,1077,4030,0.17761,1,2529,0.613433,0.175639,0.724955,0.4,0.817278,0.75,0.0519181,0.0001,0.00223355,999999,-1.579149e-01,3,Thailand Exclusive Economic Zone,,,SVDNB_npp_d20140716_t1940087_e1945491_b14080_c20140717014549591992_noaa_ops.h5,GDNBO_npp_d20140716_t1940087_e1945491_b14080_c20140717014549591757_noaa_ops.h5,SVI04_npp_d20140716_t1940087_e1945491_b14080_c20140717014549047847_noaa_ops.dspace_rad,VNFF_npp_d20140716_t1940087_e1945491_b14080_v21.csv,World_EEZ_v8_2014.shp,WPP_BFAR_merge.shp,KKP_IDN_merge_20161208.shp,VNF-VBD_npp_20120301-20151231_global_asia-enhanced_c201607211230.bitmask,NCEI_NGA.union.nga_lead2.add_2015ntl.mask,timezone.shp,VBD_platforms-recurring_2015_r20170330.shp,999999,VBD_bridges_c20160811.shp,19.107107;17.397036;14.693351;9.872889;5.028845;0.164623;-4.717433;-2.668029;-0.463942;4.408493;9.296770;14.195400,76.296768;90.732086;104.737396;103.313332;102.017212;100.838966;99.779457;86.144508;72.459229;73.563164;74.566231;75.490944,npp_d20140716_t1940087_e1945491_b14080,133.713,50.1511,69.4198,-78.9624,23.4837,108.531
1112,VBD_npp_d20140716_t1944537_x1002344E_y014384S_l2563_s4030_v23,2017-05-23 13:09:12,-1.438365,100.234352,10.8285,2014-07-16 19:44:53,2014-07-17 02:44:53,2563,4030,0.207387,1,2529,0.326886,0.172226,0.800295,0.4,0.773885,0.75,0.0516699,0.0001,0.00205536,999999,-1.263489e-01,3,Indonesian Exclusive Economic Zone,WPP572,,SVDNB_npp_d20140716_t1940087_e1945491_b14080_c20140717014549591992_noaa_ops.h5,GDNBO_npp_d20140716_t1940087_e1945491_b14080_c20140717014549591757_noaa_ops.h5,SVI04_npp_d20140716_t1940087_e1945491_b14080_c20140717014549047847_noaa_ops.dspace_rad,VNFF_npp_d20140716_t1940087_e1945491_b14080_v21.csv,World_EEZ_v8_2014.shp,WPP_BFAR_merge.shp,KKP_IDN_merge_20161208.shp,VNF-VBD_npp_20120301-20151231_global_asia-enhanced_c201607211230.bitmask,NCEI_NGA.union.nga_lead2.add_2015ntl.mask,timezone.shp,VBD_platforms-recurring_2015_r20170330.shp,999999,VBD_bridges_c20160811.shp,19.107107;17.397036;14.693351;9.872889;5.028845;0.164623;-4.717433;-2.668029;-0.463942;4.408493;9.296770;14.195400,76.296768;90.732086;104.737396;103.313332;102.017212;100.838966;99.779457;86.144508;72.459229;73.563164;74.566231;75.490944,npp_d20140716_t1940087_e1945491_b14080,140.611,57.2317,69.4387,-81.4117,23.9286,86.062
1113,VBD_npp_d20140716_t1944466_x1003298E_y010461S_l2501_s4031_v23,2017-05-23 13:09:12,-1.046090,100.329788,8.57203,2014-07-16 19:44:46,2014-07-17 02:44:46,2501,4031,0.346989,1,2529,0.267643,0.165326,0.85218,0.4,0.839939,0.75,0.0517286,0.0001,0.00207611,999999,-6.252967e-02,3,Indonesian Exclusive Economic Zone,WPP572,,SVDNB_npp_d20140716_t1940087_e1945491_b14080_c20140717014549591992_noaa_ops.h5,GDNBO_npp_d20140716_t1940087_e1945491_b14080_c20140717014549591757_noaa_ops.h5,SVI04_npp_d20140716_t1940087_e1945491_b14080_c20140717014549047847_noaa_ops.dspace_rad,VNFF_npp_d20140716_t1940087_e1945491_b14080_v21.csv,World_EEZ_v8_2014.shp,WPP_BFAR_merge.shp,KKP_IDN_merge_20161208.shp,VNF-VBD_npp_20120301-20151231_global_asia-enhanced_c201607211230.bitmask,NCEI_NGA.union.nga_lead2.add_2015ntl.mask,timezone.shp,VBD_platforms-recurring_2015_r20170330.shp,999999,VBD_bridges_c20160811.shp,19.107107;17.397036;14.693351;9.872889;5.028845;0.164623;-4.717433;-2.668029;-0.463942;4.408493;9.296770;14.195400,76.296768;90.732086;104.737396;103.313332;102.017212;100.838966;99.779457;86.144508;72.459229;73.563164;74.566231;75.490944,npp_d20140716_t1940087_e1945491_b14080,140.342,56.8746,69.4532,-81.2574,23.8365,86.9533
1117,VBD_npp_d20140716_t1944466_x1003444E_y010414S_l2500_s4033_v23,2017-05-23 13:09:12,-1.041382,100.344444,11.3761,2014-07-16 19:44:46,2014-07-17 02:44:46,2500,4033,0.340802,1,2529,0.381386,0.156778,0.85218,0.4,0.794403,0.75,0.0517295,0.0001,0.00206326,999999,1.653570e-02,3,Indonesian Exclusive Economic Zone,WPP572,,SVDNB_npp_d20140716_t1940087_e1945491_b14080_c20140717014549591992_noaa_ops.h5,GDNBO_npp_d20140716_t1940087_e1945491_b14080_c20140717014549591757_noaa_ops.h5,SVI04_npp_d20140716_t1940087_e1945491_b14080_c20140717014549047847_noaa_ops.dspace_rad,VNFF_npp_d20140716_t1940087_e1945491_b14080_v21.csv,World_EEZ_v8_2014.shp,WPP_BFAR_merge.shp,KKP_IDN_merge_20161208.shp,VNF-VBD_npp_20120301-20151231_global_asia-enhanced_c201607211230.bitmask,NCEI_NGA.union.nga_lead2.add_2015ntl.mask,timezone.shp,VBD_platforms-recurring_2015_r20170330.shp,999999,VBD_bridges_c20160811.shp,19.107107;17.397036;14.693351;9.872889;5.028845;0.164623;-4.717433;-2.668029;-0.463942;4.408493;9.296770;14.195400,76.296768;90.732086;104.737396;103.313332;102.017212;100.838966;99.779457;86.144508;72.459229;73.563164;74.566231;75.490944,npp_d20140716_t1940087_e1945491_b14080,140.327,56.8793,69.4841,-81.2862,23.8214,86.9621
1118,VBD_npp_d20140716_t1944466_x1003412E_y010618S_l2503_s4033_v23,2017-05-23 13:09:12,-1.061820,100.341164,13.5855,2014-07-16 19:44:46,2014-07-17 02:44:46,2503,4033,0.346603,7,2465,0.314705,0.14736,0.843425,0.4,0.734446,0.75,0.0517267,0.0001,0.00205401,999999,1.036498e-01,3,,,,SVDNB_npp_d20140716_t1940087_e1945491_b14080_c20140717014549591992_noaa_ops.h5,GDNBO_npp_d20140716_t1940087_e1945491_b14080_c20140717014549591757_noaa_ops.h5,SVI04_npp_d20140716_t1940087_e1945491_b14080_c20140717014549047847_noaa_ops.dspace_rad,VNFF_npp_d20140716_t1940087_e1945491_b14080_v21.csv,World_EEZ_v8_2014.shp,WPP_BFAR_merge.shp,KKP_IDN_merge_20161208.shp,VNF-VBD_npp_20120301-20151231_global_asia-enhanced_c201607211230.bitmask,NCEI_NGA.union.nga_lead2.add_2015ntl.mask,timezone.shp,VBD_platforms-recurring_2015_r20170330.shp,999999,VBD_bridges_c20160811.shp,19.107107;17.397036;14.693351;9.872889;5.028845;0.164623;-4.717433;-2.668029;-0.463942;4.408493;9.296770;14.195400,76.296768;90.732086;104.737396;103.313332;102.017212;100.838966;99.779457;86.144508;72.459229;73.563164;74.566231;75.490944,npp_d20140716_t1940087_e1945491_b14080,140.341,56.8978,69.4837,-81.2006,23.8258,86.9154
1121,VBD_npp_d20140716_t1944537_x1002582E_y014630S_l2566_s4034_v23,2017-05-23 13:09:12,-1.462957,100.258240,11.2399,2014-07-16 19:44:53,2014-07-17 02:44:53,2566,4034,0.271084,1,2529,0.352032,0.1576,0.847942,0.4,0.81081,0.75,0.051667,0.0001,0.0020142,999999,8.938102e-03,3,Indonesian Exclusive Economic Zone,WPP572,,SVDNB_npp_d20140716_t1940087_e1945491_b14080_c20140717014549591992_noaa_ops.h5,GDNBO_npp_d20140716_t1940087_e1945491_b14080_c20140717014549591757_noaa_ops.h5,SVI04_npp_d20140716_t1940087_e1945491_b14080_c20140717014549047847_noaa_ops.dspace_rad,VNFF_npp_d20140716_t1940087_e1945491_b14080_v21.csv,World_EEZ_v8_2014.shp,WPP_BFAR_merge.shp,KKP_IDN_merge_20161208.shp,VNF-VBD_npp_20120301-20151231_global_asia-enhanced_c201607211230.bitmask,NCEI_NGA.union.nga_lead2.add_2015ntl.mask,timezone.shp,VBD_platforms-recurring_2015_r20170330.shp,999999,VBD_bridges_c20160811.shp,19.107107;17.397036;14.693351;9.872889;5.028845;0.164623;-4.717433;-2.668029;-0.463942;4.408493;9.296770;14.195400,76.296768;90.732086;104.737396;103.313332;102.017212;100.838966;99.779457;86.144508;72.459229;73.563164;74.566231;75.490944,npp_d20140716_t1940087_e1945491_b14080,140.604,57.272,69.5,-81.3267,23.9062,86.0012
1122,VBD_npp_d20140716_t1942296_x1022439E_y067253N_l1274_s4035_v23,2017-05-23 13:09:12,6.725273,102.243912,19.3922,2014-07-16 19:42:29,2014-07-17 02:42:29,1274,4035,0.310031,1,2529,0.543646,0.146315,0.8027,0.4,0.879398,0.75,0.0520318,0.0001,0.0022553,999999,1.133181e-01,3,Thailand Exclusive Economic Zone,,,SVDNB_npp_d20140716_t1940087_e1945491_b14080_c20140717014549591992_noaa_ops.h5,GDNBO_npp_d20140716_t1940087_e1945491_b14080_c20140717014549591757_noaa_ops.h5,SVI04_npp_d20140716_t1940087_e1945491_b14080_c20140717014549047847_noaa_ops.dspace_rad,VNFF_npp_d20140716_t1940087_e1945491_b14080_v21.csv,World_EEZ_v8_2014.shp,WPP_BFAR_merge.shp,KKP_IDN_merge_20161208.shp,VNF-VBD_npp_20120301-20151231_global_asia-enhanced_c201607211230.bitmask,NCEI_NGA.union.nga_lead2.add_2015ntl.mask,timezone.shp,VBD_platforms-recurring_2015_r20170330.shp,999999,VBD_bridges_c20160811.shp,19.107107;17.397036;14.693351;9.872889;5.028845;0.164623;-4.717433;-2.668029;-0.463942;4.408493;9.296770;14.195400,76.296768;90.732086;104.737396;103.313332;102.017212;100.838966;99.779457;86.144508;72.459229;73.563164;74.566231;75.490944,npp_d20140716_t1940087_e1945491_b14080,134.667,50.9385,69.4973,-79.1427,23.3123,105.537
1123,VBD_npp_d20140716_t1944466_x1003569E_y010503S_l2501_s4035_v23,2017-05-23 13:09:12,-1.050303,100.356941,44.5375,2014-07-16 19:44:46,2014-07-17 02:44:46,2501,4035,0.347487,1,2529,0.804029,0.20132,0.856854,0.4,0.882066,0.75,0.0517286,0.0001,0.00204434,999999,-3.954580e-01,3,Indonesian Exclusive Economic Zone,WPP572,,SVDNB_npp_d20140716_t1940087_e1945491_b14080_c20140717014549591992_noaa_ops.h5,GDNBO_npp_d20140716_t1940087_e1945491_b14080_c20140717014549591757_noaa_ops.h5,SVI04_npp_d20140716_t1940087_e1945491_b14080_c20140717014549047847_noaa_ops.dspace_rad,VNFF_npp_d20140716_t1940087_e1945491_b14080_v21.csv,World_EEZ_v8_2014.shp,WPP_BFAR_merge.shp,KKP_IDN_merge_20161208.shp,VNF-VBD_npp_20120301-20151231_global_asia-enhanced_c201607211230.bitmask,NCEI_NGA.union.nga_lead2.add_2015ntl.mask,timezone.shp,VBD_platforms-recurring_2015_r20170330.shp,999999,VBD_bridges_c20160811.shp,19.107107;17.397036;14.693351;9.872889;5.028845;0.164623;-4.717433;-2.668029;-0.463942;4.408493;9.296770;14.195400,76.296768;90.732086;104.737396;103.313332;102.017212;100.838966;99.779457;86.144508;72.459229;73.563164;74.566231;75.490944,npp_d20140716_t1940087_e1945491_b14080,140.322,56.8963,69.5148,-81.2579,23.8092,86.9397
1124,VBD_npp_d20140716_t1944537_x1002622E_y015265S_l2575_s4036_v23,2017-05-23 13:09:12,-1.526472,100.262192,10.1447,2014-07-16 19:44:53,2014-07-17 02:44:53,2575,4036,0.313843,1,2529,0.319533,0.177391,0.814407,0.4,0.806103,0.75,0.0516585,0.0001,0.00196907,999999,-1.741193e-01,3,Indonesian Exclusive Economic Zone,WPP572,,SVDNB_npp_d20140716_t1940087_e1945491_b14080_c20140717014549591992_noaa_ops.h5,GDNBO_npp_d20140716_t1940087_e1945491_b14080_c20140717014549591757_noaa_ops.h5,SVI04_npp_d20140716_t1940087_e1945491_b14080_c20140717014549047847_noaa_ops.dspace_rad,VNFF_npp_d20140716_t1940087_e1945491_b14080_v21.csv,World_EEZ_v8_2014.shp,WPP_BFAR_merge.shp,KKP_IDN_merge_20161208.shp,VNF-VBD_npp_20120301-20151231_global_asia-enhanced_c201607211230.bitmask,NCEI_NGA.union.nga_lead2.add_2015ntl.mask,timezone.shp,VBD_platforms-recurring_2015_r20170330.shp,999999,VBD_bridges_c20160811.shp,19.107107;17.397036;14.693351;9.872889;5.028845;0.164623;-4.717433;-2.668029;-0.463942;4.408493;9.296770;14.195400,76.296768;90.732086;104.737396;103.313332;102.017212;100.838966;99.779457;86.144508;72.459229;73.563164;74.566231;75.490944,npp_d20140716_t1940087_e1945491_b14080,140.635,57.3396,69.5304,-81.0701,23.9067,85.8548
1125,VBD_npp_d20140716_t1942296_x1022602E_y067362N_l1272_s4037_v23,2017-05-23 13:09:12,6.736213,102.260178,16.837,2014-07-16 19:42:29,2014-07-17 02:42:29,1272,4037,0.304341,1,2529,0.505051,0.169503,0.8027,0.4,0.862622,0.75,0.0520295,0.0001,0.00223537,999999,-1.011629e-01,3,Thailand Exclusive Economic Zone,,,SVDNB_npp_d20140716_t1940087_e1945491_b14080_c20140717014549591992_noaa_ops.h5,GDNBO_npp_d20140716_t1940087_e1945491_b14080_c20140717014549591757_noaa_ops.h5,SVI04_npp_d20140716_t1940087_e1945491_b14080_c20140717014549047847_noaa_ops.dspace_rad,VNFF_npp_d20140716_t1940087_e1945491_b14080_v21.csv,World_EEZ_v8_2014.shp,WPP_BFAR_merge.shp,KKP_IDN_merge_20161208.shp,VNF-VBD_npp_20120301-20151231_global_asia-enhanced_c201607211230.bitmask,NCEI_NGA.union.nga_lead2.add_2015ntl.mask,timezone.shp,VBD_platforms-recurring_2015_r20170330.shp,999999,VBD_bridges_c20160811.shp,19.107107;17.397036;14.693351;9.872889;5.028845;0.164623;-4.717433;-2.668029;-0.463942;4.408493;9.296770;14.195400,76.296768;90.732086;104.737396;103.313332;102.017212;100.838966;99.779457;86.144508;72.459229;73.563164;74.566231;75.490944,npp_d20140716_t1940087_e1945491_b14080,134.648,50.9421,69.5282,-79.1978,23.2995,105.574
1126,VBD_npp_d20140716_t1944466_x1003727E_y010388S_l2499_s4037_v23,2017-05-23 13:09:12,-1.038761,100.372711,8.80013,2014-07-16 19:44:46,2014-07-17 02:44:46,2499,4037,0.347597,7,2465,0.222595,0.155452,0.856854,0.4,0.564858,0.75,0.0517305,0.0001,0.0020346,999999,2.880505e-02,3,,,,SVDNB_npp_d20140716_t1940087_e1945491_b14080_c20140717014549591992_noaa_ops.h5,GDNBO_npp_d20140716_t1940087_e1945491_b14080_c20140717014549591757_noaa_ops.h5,SVI04_npp_d20140716_t1940087_e1945491_b14080_c20140717014549047847_noaa_ops.dspace_rad,VNFF_npp_d20140716_t1940087_e1945491_b14080_v21.csv,World_EEZ_v8_2014.shp,WPP_BFAR_merge.shp,KKP_IDN_merge_20161208.shp,VNF-VBD_npp_20120301-20151231_global_asia-enhanced_c201607211230.bitmask,NCEI_NGA.union.nga_lead2.add_2015ntl.mask,timezone.shp,VBD_platforms-recurring_2015_r20170330.shp,999999,VBD_bridges_c20160811.shp,19.107107;17.397036;14.693351;9.872889;5.028845;0.164623;-4.717433;-2.668029;-0.463942;4.408493;9.296770;14.195400,76.296768;90.732086;104.737396;103.313332;102.017212;100.838966;99.779457;86.144508;72.459229;73.563164;74.566231;75.490944,npp_d20140716_t1940087_e1945491_b14080,140.302,56.8948,69.5459,-81.3153,23.7925,86.9641
1127,VBD_npp_d20140716_t1944555_x1002618E_y015403S_l2578_s4037_v23,2017-05-23 13:09:12,-1.540276,100.261848,9.57381,2014-07-16 19:44:55,2014-07-17 02:44:55,2578,4037,0.303346,1,2529,0.319779,0.175018,0.814407,0.4,0.783608,0.75,0.0516556,0.0001,0.00199355,999999,-1.521753e-01,3,Indonesian Exclusive Economic Zone,WPP572,,SVDNB_npp_d20140716_t1940087_e1945491_b14080_c20140717014549591992_noaa_ops.h5,GDNBO_npp_d20140716_t1940087_e1945491_b14080_c20140717014549591757_noaa_ops.h5,SVI04_npp_d20140716_t1940087_e1945491_b14080_c20140717014549047847_noaa_ops.dspace_rad,VNFF_npp_d20140716_t1940087_e1945491_b14080_v21.csv,World_EEZ_v8_2014.shp,WPP_BFAR_merge.shp,KKP_IDN_merge_20161208.shp,VNF-VBD_npp_20120301-20151231_global_asia-enhanced_c201607211230.bitmask,NCEI_NGA.union.nga_lead2.add_2015ntl.mask,timezone.shp,VBD_platforms-recurring_2015_r20170330.shp,999999,VBD_bridges_c20160811.shp,19.107107;17.397036;14.693351;9.872889;5.028845;0.164623;-4.717433;-2.668029;-0.463942;4.408493;9.296770;14.195400,76.296768;90.732086;104.737396;103.313332;102.017212;100.838966;99.779457;86.144508;72.459229;73.563164;74.566231;75.490944,npp_d20140716_t1940087_e1945491_b14080,140.636,57.3582,69.55,-81.4677,23.9009,85.8215
1130,VBD_npp_d20140716_t1944537_x1002967E_y014409S_l2562_s4039_v23,2017-05-23 13:09:12,-1.440874,100.296677,11.8726,2014-07-16 19:44:53,2014-07-17 02:44:53,2562,4039,0.298816,1,2529,0.416842,0.167237,0.819925,0.4,0.824489,0.75,0.0516708,0.0001,0.00198813,999999,-8.019702e-02,3,Indonesian Exclusive Economic Zone,WPP572,,SVDNB_npp_d20140716_t1940087_e1945491_b14080_c20140717014549591992_noaa_ops.h5,GDNBO_npp_d20140716_t1940087_e1945491_b14080_c20140717014549591757_noaa_ops.h5,SVI04_npp_d20140716_t1940087_e1945491_b14080_c20140717014549047847_noaa_ops.dspace_rad,VNFF_npp_d20140716_t1940087_e1945491_b14080_v21.csv,World_EEZ_v8_2014.shp,WPP_BFAR_merge.shp,KKP_IDN_merge_20161208.shp,VNF-VBD_npp_20120301-20151231_global_asia-enhanced_c201607211230.bitmask,NCEI_NGA.union.nga_lead2.add_2015ntl.mask,timezone.shp,VBD_platforms-recurring_2015_r20170330.shp,999999,VBD_bridges_c20160811.shp,19.107107;17.397036;14.693351;9.872889;5.028845;0.164623;-4.717433;-2.668029;-0.463942;4.408493;9.296770;14.195400,76.296768;90.732086;104.737396;103.313332;102.017212;100.838966;99.779457;86.144508;72.459229;73.563164;74.566231;75.490944,npp_d20140716_t1940087_e1945491_b14080,140.56,57.2737,69.5776,-81.4417,23.8656,86.0447
1132,VBD_npp_d20140716_t1944537_x1002959E_y014898S_l2569_s4040_v23,2017-05-23 13:09:12,-1.489758,100.295944,16.9796,2014-07-16 19:44:53,2014-07-17 02:44:53,2569,4040,0.327543,1,2529,0.571594,0.145757,0.878706,0.4,0.901838,0.75,0.0516642,0.0001,0.00195813,999999,1.184761e-01,3,Indonesian Exclusive Economic Zone,WPP572,,SVDNB_npp_d20140716_t1940087_e1945491_b14080_c20140717014549591992_noaa_ops.h5,GDNBO_npp_d20140716_t1940087_e1945491_b14080_c20140717014549591757_noaa_ops.h5,SVI04_npp_d20140716_t1940087_e1945491_b14080_c20140717014549047847_noaa_ops.dspace_rad,VNFF_npp_d20140716_t1940087_e1945491_b14080_v21.csv,World_EEZ_v8_2014.shp,WPP_BFAR_merge.shp,KKP_IDN_merge_20161208.shp,VNF-VBD_npp_20120301-20151231_global_asia-enhanced_c201607211230.bitmask,NCEI_NGA.union.nga_lead2.add_2015ntl.mask,timezone.shp,VBD_platforms-recurring_2015_r20170330.shp,999999,VBD_bridges_c20160811.shp,19.107107;17.397036;14.693351;9.872889;5.028845;0.164623;-4.717433;-2.668029;-0.463942;4.408493;9.296770;14.195400,76.296768;90.732086;104.737396;103.313332;102.017212;100.838966;99.779457;86.144508;72.459229;73.563164;74.566231;75.490944,npp_d20140716_t1940087_e1945491_b14080,140.587,57.3232,69.5924,-81.2422,23.8699,85.9326
1133,VBD_npp_d20140716_t1944537_x1002974E_y015250S_l2574_s4041_v23,2017-05-23 13:09:12,-1.525014,100.297432,17.5535,2014-07-16 19:44:53,2014-07-17 02:44:53,2574,4041,0.326162,1,2529,0.572847,0.158826,0.86465,0.4,0.908687,0.75,0.0516594,0.0001,0.00193427,999999,-2.404592e-03,3,Indonesian Exclusive Economic Zone,WPP572,,SVDNB_npp_d20140716_t1940087_e1945491_b14080_c20140717014549591992_noaa_ops.h5,GDNBO_npp_d20140716_t1940087_e1945491_b14080_c20140717014549591757_noaa_ops.h5,SVI04_npp_d20140716_t1940087_e1945491_b14080_c20140717014549047847_noaa_ops.dspace_rad,VNFF_npp_d20140716_t1940087_e1945491_b14080_v21.csv,World_EEZ_v8_2014.shp,WPP_BFAR_merge.shp,KKP_IDN_merge_20161208.shp,VNF-VBD_npp_20120301-20151231_global_asia-enhanced_c201607211230.bitmask,NCEI_NGA.union.nga_lead2.add_2015ntl.mask,timezone.shp,VBD_platforms-recurring_2015_r20170330.shp,999999,VBD_bridges_c20160811.shp,19.107107;17.397036;14.693351;9.872889;5.028845;0.164623;-4.717433;-2.668029;-0.463942;4.408493;9.296770;14.195400,76.296768;90.732086;104.737396;103.313332;102.017212;100.838966;99.779457;86.144508;72.459229;73.563164;74.566231;75.490944,npp_d20140716_t1940087_e1945491_b14080,140.604,57.3603,69.6077,-81.0997,23.8709,85.8513
1136,VBD_npp_d20140716_t1944537_x1003198E_y014724S_l2566_s4043_v23,2017-05-23 13:09:12,-1.472416,100.319763,19.0804,2014-07-16 19:44:53,2014-07-17 02:44:53,2566,4043,0.333786,1,2529,0.590342,0.145462,0.816352,0.4,0.88695,0.75,0.051667,0.0001,0.00194475,999999,1.212116e-01,3,Indonesian Exclusive Economic Zone,WPP572,,SVDNB_npp_d20140716_t1940087_e1945491_b14080_c20140717014549591992_noaa_ops.h5,GDNBO_npp_d20140716_t1940087_e1945491_b14080_c20140717014549591757_noaa_ops.h5,SVI04_npp_d20140716_t1940087_e1945491_b14080_c20140717014549047847_noaa_ops.dspace_rad,VNFF_npp_d20140716_t1940087_e1945491_b14080_v21.csv,World_EEZ_v8_2014.shp,WPP_BFAR_merge.shp,KKP_IDN_merge_20161208.shp,VNF-VBD_npp_20120301-20151231_global_asia-enhanced_c201607211230.bitmask,NCEI_NGA.union.nga_lead2.add_2015ntl.mask,timezone.shp,VBD_platforms-recurring_2015_r20170330.shp,999999,VBD_bridges_c20160811.shp,19.107107;17.397036;14.693351;9.872889;5.028845;0.164623;-4.717433;-2.668029;-0.463942;4.408493;9.296770;14.195400,76.296768;90.732086;104.737396;103.313332;102.017212;100.838966;99.779457;86.144508;72.459229;73.563164;74.566231;75.490944,npp_d20140716_t1940087_e1945491_b14080,140.557,57.3205,69.6391,-81.3283,23.8445,85.9679
1137,VBD_npp_d20140716_t1944519_x1003424E_y014123S_l2556_s4044_v23,2017-05-23 13:09:12,-1.412270,100.342384,11.5527,2014-07-16 19:44:51,2014-07-17 02:44:51,2556,4044,0.339034,1,2529,0.413442,0.145422,0.733647,0.4,0.815053,0.75,0.0516765,0.0001,0.00192767,999999,1.215804e-01,3,Indonesian Exclusive Economic Zone,WPP572,,SVDNB_npp_d20140716_t1940087_e1945491_b14080_c20140717014549591992_noaa_ops.h5,GDNBO_npp_d20140716_t1940087_e1945491_b14080_c20140717014549591757_noaa_ops.h5,SVI04_npp_d20140716_t1940087_e1945491_b14080_c20140717014549047847_noaa_ops.dspace_rad,VNFF_npp_d20140716_t1940087_e1945491_b14080_v21.csv,World_EEZ_v8_2014.shp,WPP_BFAR_merge.shp,KKP_IDN_merge_20161208.shp,VNF-VBD_npp_20120301-20151231_global_asia-enhanced_c201607211230.bitmask,NCEI_NGA.union.nga_lead2.add_2015ntl.mask,timezone.shp,VBD_platforms-recurring_2015_r20170330.shp,999999,VBD_bridges_c20160811.shp,19.107107;17.397036;14.693351;9.872889;5.028845;0.164623;-4.717433;-2.668029;-0.463942;4.408493;9.296770;14.195400,76.296768;90.732086;104.737396;103.313332;102.017212;100.838966;99.779457;86.144508;72.459229;73.563164;74.566231;75.490944,npp_d20140716_t1940087_e1945491_b14080,140.512,57.2687,69.653,-81.135,23.8245,86.1037
1138,VBD_npp_d20140716_t1944483_x1003918E_y012375S_l2528_s4045_v23,2017-05-23 13:09:12,-1.237510,100.391785,10.5624,2014-07-16 19:44:48,2014-07-17 02:44:48,2528,4045,0.222468,2,2209,0.167732,0.130029,0.707534,0.4,0.602184,0.75,0.051703,0.0001,0.00192343,999999,2.639516e-01,3,Indonesian Exclusive Economic Zone,WPP572,,SVDNB_npp_d20140716_t1940087_e1945491_b14080_c20140717014549591992_noaa_ops.h5,GDNBO_npp_d20140716_t1940087_e1945491_b14080_c20140717014549591757_noaa_ops.h5,SVI04_npp_d20140716_t1940087_e1945491_b14080_c20140717014549047847_noaa_ops.dspace_rad,VNFF_npp_d20140716_t1940087_e1945491_b14080_v21.csv,World_EEZ_v8_2014.shp,WPP_BFAR_merge.shp,KKP_IDN_merge_20161208.shp,VNF-VBD_npp_20120301-20151231_global_asia-enhanced_c201607211230.bitmask,NCEI_NGA.union.nga_lead2.add_2015ntl.mask,timezone.shp,VBD_platforms-recurring_2015_r20170330.shp,999999,VBD_bridges_c20160811.shp,19.107107;17.397036;14.693351;9.872889;5.028845;0.164623;-4.717433;-2.668029;-0.463942;4.408493;9.296770;14.195400,76.296768;90.732086;104.737396;103.313332;102.017212;100.838966;99.779457;86.144508;72.459229;73.563164;74.566231;75.490944,npp_d20140716_t1940087_e1945491_b14080,140.388,57.1127,69.6714,-80.9725,23.7775,86.5011
1139,VBD_npp_d20140716_t1942367_x1022234E_y063611N_l1330_s4046_v23,2017-05-23 13:09:12,6.361074,102.223396,27.2169,2014-07-16 19:42:36,2014-07-17 02:42:36,1330,4046,0.331355,1,2529,0.703116,0.15027,0.744739,0.4,0.915023,0.75,0.0520497,0.0001,0.00216538,999999,7.673793e-02,3,Malaysian Exclusive Economic Zone,,,SVDNB_npp_d20140716_t1940087_e1945491_b14080_c20140717014549591992_noaa_ops.h5,GDNBO_npp_d20140716_t1940087_e1945491_b14080_c20140717014549591757_noaa_ops.h5,SVI04_npp_d20140716_t1940087_e1945491_b14080_c20140717014549047847_noaa_ops.dspace_rad,VNFF_npp_d20140716_t1940087_e1945491_b14080_v21.csv,World_EEZ_v8_2014.shp,WPP_BFAR_merge.shp,KKP_IDN_merge_20161208.shp,VNF-VBD_npp_20120301-20151231_global_asia-enhanced_c201607211230.bitmask,NCEI_NGA.union.nga_lead2.add_2015ntl.mask,timezone.shp,VBD_platforms-recurring_2015_r20170330.shp,999999,VBD_bridges_c20160811.shp,19.107107;17.397036;14.693351;9.872889;5.028845;0.164623;-4.717433;-2.668029;-0.463942;4.408493;9.296770;14.195400,76.296768;90.732086;104.737396;103.313332;102.017212;100.838966;99.779457;86.144508;72.459229;73.563164;74.566231;75.490944,npp_d20140716_t1940087_e1945491_b14080,134.889,51.2265,69.6673,-79.469,23.2078,104.708
1140,VBD_npp_d20140716_t1944501_x1003817E_y012855S_l2536_s4046_v23,2017-05-23 13:09:12,-1.285534,100.381676,7.04108,2014-07-16 19:44:50,2014-07-17 02:44:50,2536,4046,0.324118,7,2209,0.161948,0.153503,0.766484,0.4,0.709164,0.75,0.0516954,0.0001,0.00193493,999999,4.683419e-02,3,,,,SVDNB_npp_d20140716_t1940087_e1945491_b14080_c20140717014549591992_noaa_ops.h5,GDNBO_npp_d20140716_t1940087_e1945491_b14080_c20140717014549591757_noaa_ops.h5,SVI04_npp_d20140716_t1940087_e1945491_b14080_c20140717014549047847_noaa_ops.dspace_rad,VNFF_npp_d20140716_t1940087_e1945491_b14080_v21.csv,World_EEZ_v8_2014.shp,WPP_BFAR_merge.shp,KKP_IDN_merge_20161208.shp,VNF-VBD_npp_20120301-20151231_global_asia-enhanced_c201607211230.bitmask,NCEI_NGA.union.nga_lead2.add_2015ntl.mask,timezone.shp,VBD_platforms-recurring_2015_r20170330.shp,999999,VBD_bridges_c20160811.shp,19.107107;17.397036;14.693351;9.872889;5.028845;0.164623;-4.717433;-2.668029;-0.463942;4.408493;9.296770;14.195400,76.296768;90.732086;104.737396;103.313332;102.017212;100.838966;99.779457;86.144508;72.459229;73.563164;74.566231;75.490944,npp_d20140716_t1940087_e1945491_b14080,140.416,57.1598,69.6809,-81.2231,23.7835,86.3905
1141,VBD_npp_d20140716_t1944501_x1003795E_y012992S_l2538_s4046_v23,2017-05-23 13:09:12,-1.299233,100.379509,18.1435,2014-07-16 19:44:50,2014-07-17 02:44:50,2538,4046,0.330361,1,2529,0.596078,0.16248,0.766484,0.4,0.88358,0.75,0.0516935,0.0001,0.00192878,999999,-3.619879e-02,3,Indonesian Exclusive Economic Zone,WPP572,,SVDNB_npp_d20140716_t1940087_e1945491_b14080_c20140717014549591992_noaa_ops.h5,GDNBO_npp_d20140716_t1940087_e1945491_b14080_c20140717014549591757_noaa_ops.h5,SVI04_npp_d20140716_t1940087_e1945491_b14080_c20140717014549047847_noaa_ops.dspace_rad,VNFF_npp_d20140716_t1940087_e1945491_b14080_v21.csv,World_EEZ_v8_2014.shp,WPP_BFAR_merge.shp,KKP_IDN_merge_20161208.shp,VNF-VBD_npp_20120301-20151231_global_asia-enhanced_c201607211230.bitmask,NCEI_NGA.union.nga_lead2.add_2015ntl.mask,timezone.shp,VBD_platforms-recurring_2015_r20170330.shp,999999,VBD_bridges_c20160811.shp,19.107107;17.397036;14.693351;9.872889;5.028845;0.164623;-4.717433;-2.668029;-0.463942;4.408493;9.296770;14.195400,76.296768;90.732086;104.737396;103.313332;102.017212;100.838966;99.779457;86.144508;72.459229;73.563164;74.566231;75.490944,npp_d20140716_t1940087_e1945491_b14080,140.426,57.1723,69.6807,-81.1661,23.7866,86.3593
1142,VBD_npp_d20140716_t1945079_x1001650E_y022617S_l2690_s4046_v23,2017-05-23 13:09:12,-2.261719,100.165009,8.73518,2014-07-16 19:45:07,2014-07-17 02:45:07,2690,4046,0.133801,2,2465,0.213724,0.166301,0.473612,0.4,0.695825,0.75,0.0515397,0.0001,0.00186368,999999,-7.154622e-02,3,Indonesian Exclusive Economic Zone,WPP572,,SVDNB_npp_d20140716_t1940087_e1945491_b14080_c20140717014549591992_noaa_ops.h5,GDNBO_npp_d20140716_t1940087_e1945491_b14080_c20140717014549591757_noaa_ops.h5,SVI04_npp_d20140716_t1940087_e1945491_b14080_c20140717014549047847_noaa_ops.dspace_rad,VNFF_npp_d20140716_t1940087_e1945491_b14080_v21.csv,World_EEZ_v8_2014.shp,WPP_BFAR_merge.shp,KKP_IDN_merge_20161208.shp,VNF-VBD_npp_20120301-20151231_global_asia-enhanced_c201607211230.bitmask,NCEI_NGA.union.nga_lead2.add_2015ntl.mask,timezone.shp,VBD_platforms-recurring_2015_r20170330.shp,999999,VBD_bridges_c20160811.shp,19.107107;17.397036;14.693351;9.872889;5.028845;0.164623;-4.717433;-2.668029;-0.463942;4.408493;9.296770;14.195400,76.296768;90.732086;104.737396;103.313332;102.017212;100.838966;99.779457;86.144508;72.459229;73.563164;74.566231;75.490944,npp_d20140716_t1940087_e1945491_b14080,141.06,58.0793,69.6869,-81.6386,24.0122,84.1822
1144,VBD_npp_d20140716_t1944483_x1004066E_y012328S_l2527_s4047_v23,2017-05-23 13:09:12,-1.232842,100.406609,10.6896,2014-07-16 19:44:48,2014-07-17 02:44:48,2527,4047,0.30865,1,2529,0.289408,0.174172,0.721024,0.4,0.77443,0.75,0.051704,0.0001,0.00191143,999999,-1.443428e-01,3,Indonesian Exclusive Economic Zone,WPP572,,SVDNB_npp_d20140716_t1940087_e1945491_b14080_c20140717014549591992_noaa_ops.h5,GDNBO_npp_d20140716_t1940087_e1945491_b14080_c20140717014549591757_noaa_ops.h5,SVI04_npp_d20140716_t1940087_e1945491_b14080_c20140717014549047847_noaa_ops.dspace_rad,VNFF_npp_d20140716_t1940087_e1945491_b14080_v21.csv,World_EEZ_v8_2014.shp,WPP_BFAR_merge.shp,KKP_IDN_merge_20161208.shp,VNF-VBD_npp_20120301-20151231_global_asia-enhanced_c201607211230.bitmask,NCEI_NGA.union.nga_lead2.add_2015ntl.mask,timezone.shp,VBD_platforms-recurring_2015_r20170330.shp,999999,VBD_bridges_c20160811.shp,19.107107;17.397036;14.693351;9.872889;5.028845;0.164623;-4.717433;-2.668029;-0.463942;4.408493;9.296770;14.195400,76.296768;90.732086;104.737396;103.313332;102.017212;100.838966;99.779457;86.144508;72.459229;73.563164;74.566231;75.490944,npp_d20140716_t1940087_e1945491_b14080,140.373,57.1174,69.7024,-81.0014,23.7621,86.5095
1145,VBD_npp_d20140716_t1944501_x1003951E_y012455S_l2530_s4047_v23,2017-05-23 13:09:12,-1.245498,100.395149,9.6796,2014-07-16 19:44:50,2014-07-17 02:44:50,2530,4047,0.262686,2,2465,0.27401,0.178571,0.721024,0.4,0.702169,0.75,0.0517011,0.0001,0.00194543,999999,-1.850375e-01,3,Indonesian Exclusive Economic Zone,WPP572,,SVDNB_npp_d20140716_t1940087_e1945491_b14080_c20140717014549591992_noaa_ops.h5,GDNBO_npp_d20140716_t1940087_e1945491_b14080_c20140717014549591757_noaa_ops.h5,SVI04_npp_d20140716_t1940087_e1945491_b14080_c20140717014549047847_noaa_ops.dspace_rad,VNFF_npp_d20140716_t1940087_e1945491_b14080_v21.csv,World_EEZ_v8_2014.shp,WPP_BFAR_merge.shp,KKP_IDN_merge_20161208.shp,VNF-VBD_npp_20120301-20151231_global_asia-enhanced_c201607211230.bitmask,NCEI_NGA.union.nga_lead2.add_2015ntl.mask,timezone.shp,VBD_platforms-recurring_2015_r20170330.shp,999999,VBD_bridges_c20160811.shp,19.107107;17.397036;14.693351;9.872889;5.028845;0.164623;-4.717433;-2.668029;-0.463942;4.408493;9.296770;14.195400,76.296768;90.732086;104.737396;103.313332;102.017212;100.838966;99.779457;86.144508;72.459229;73.563164;74.566231;75.490944,npp_d20140716_t1940087_e1945491_b14080,140.383,57.1276,69.6971,-81.3943,23.7673,86.4807
1146,VBD_npp_d20140716_t1944501_x1003929E_y012592S_l2532_s4047_v23,2017-05-23 13:09:12,-1.259199,100.392944,9.78625,2014-07-16 19:44:50,2014-07-17 02:44:50,2532,4047,0.280033,1,2529,0.327135,0.190114,0.766416,0.4,0.792009,0.75,0.0516992,0.0001,0.00193945,999999,-2.918014e-01,3,Indonesian Exclusive Economic Zone,WPP572,,SVDNB_npp_d20140716_t1940087_e1945491_b14080_c20140717014549591992_noaa_ops.h5,GDNBO_npp_d20140716_t1940087_e1945491_b14080_c20140717014549591757_noaa_ops.h5,SVI04_npp_d20140716_t1940087_e1945491_b14080_c20140717014549047847_noaa_ops.dspace_rad,VNFF_npp_d20140716_t1940087_e1945491_b14080_v21.csv,World_EEZ_v8_2014.shp,WPP_BFAR_merge.shp,KKP_IDN_merge_20161208.shp,VNF-VBD_npp_20120301-20151231_global_asia-enhanced_c201607211230.bitmask,NCEI_NGA.union.nga_lead2.add_2015ntl.mask,timezone.shp,VBD_platforms-recurring_2015_r20170330.shp,999999,VBD_bridges_c20160811.shp,19.107107;17.397036;14.693351;9.872889;5.028845;0.164623;-4.717433;-2.668029;-0.463942;4.408493;9.296770;14.195400,76.296768;90.732086;104.737396;103.313332;102.017212;100.838966;99.779457;86.144508;72.459229;73.563164;74.566231;75.490944,npp_d20140716_t1940087_e1945491_b14080,140.393,57.1402,69.6968,-81.3373,23.7704,86.4494
1147,VBD_npp_d20140716_t1944501_x1004418E_y013090S_l2538_s4055_v23,2017-05-23 13:09:12,-1.308965,100.441795,13.3899,2014-07-16 19:44:50,2014-07-17 02:44:50,2538,4055,0.333123,1,2529,0.400363,0.146569,0.740668,0.4,0.858213,0.75,0.0516935,0.0001,0.0018612,999999,1.109640e-01,3,Indonesian Exclusive Economic Zone,WPP572,,SVDNB_npp_d20140716_t1940087_e1945491_b14080_c20140717014549591992_noaa_ops.h5,GDNBO_npp_d20140716_t1940087_e1945491_b14080_c20140717014549591757_noaa_ops.h5,SVI04_npp_d20140716_t1940087_e1945491_b14080_c20140717014549047847_noaa_ops.dspace_rad,VNFF_npp_d20140716_t1940087_e1945491_b14080_v21.csv,World_EEZ_v8_2014.shp,WPP_BFAR_merge.shp,KKP_IDN_merge_20161208.shp,VNF-VBD_npp_20120301-20151231_global_asia-enhanced_c201607211230.bitmask,NCEI_NGA.union.nga_lead2.add_2015ntl.mask,timezone.shp,VBD_platforms-recurring_2015_r20170330.shp,999999,VBD_bridges_c20160811.shp,19.107107;17.397036;14.693351;9.872889;5.028845;0.164623;-4.717433;-2.668029;-0.463942;4.408493;9.296770;14.195400,76.296768;90.732086;104.737396;103.313332;102.017212;100.838966;99.779457;86.144508;72.459229;73.563164;74.566231;75.490944,npp_d20140716_t1940087_e1945491_b14080,140.379,57.2216,69.8206,-81.1676,23.7241,86.3261
1150,VBD_npp_d20140716_t1944501_x1004498E_y013032S_l2537_s4056_v23,2017-05-23 13:09:12,-1.303172,100.449829,5.39817,2014-07-16 19:44:50,2014-07-17 02:44:50,2537,4056,0.32351,2,2209,0.179332,0.132715,0.740668,0.4,0.641463,0.75,0.0516945,0.0001,0.00185675,999999,2.391093e-01,3,Indonesian Exclusive Economic Zone,WPP572,,SVDNB_npp_d20140716_t1940087_e1945491_b14080_c20140717014549591992_noaa_ops.h5,GDNBO_npp_d20140716_t1940087_e1945491_b14080_c20140717014549591757_noaa_ops.h5,SVI04_npp_d20140716_t1940087_e1945491_b14080_c20140717014549047847_noaa_ops.dspace_rad,VNFF_npp_d20140716_t1940087_e1945491_b14080_v21.csv,World_EEZ_v8_2014.shp,WPP_BFAR_merge.shp,KKP_IDN_merge_20161208.shp,VNF-VBD_npp_20120301-20151231_global_asia-enhanced_c201607211230.bitmask,NCEI_NGA.union.nga_lead2.add_2015ntl.mask,timezone.shp,VBD_platforms-recurring_2015_r20170330.shp,999999,VBD_bridges_c20160811.shp,19.107107;17.397036;14.693351;9.872889;5.028845;0.164623;-4.717433;-2.668029;-0.463942;4.408493;9.296770;14.195400,76.296768;90.732086;104.737396;103.313332;102.017212;100.838966;99.779457;86.144508;72.459229;73.563164;74.566231;75.490944,npp_d20140716_t1940087_e1945491_b14080,140.369,57.2208,69.8362,-81.1963,23.7155,86.3382
1152,VBD_npp_d20140716_t1944501_x1004546E_y013180S_l2539_s4057_v23,2017-05-23 13:09:12,-1.318020,100.454628,8.69367,2014-07-16 19:44:50,2014-07-17 02:44:50,2539,4057,0.327212,1,2529,0.302852,0.142493,0.700283,0.4,0.843269,0.75,0.0516926,0.0001,0.0018434,999999,1.486674e-01,3,Indonesian Exclusive Economic Zone,WPP572,,SVDNB_npp_d20140716_t1940087_e1945491_b14080_c20140717014549591992_noaa_ops.h5,GDNBO_npp_d20140716_t1940087_e1945491_b14080_c20140717014549591757_noaa_ops.h5,SVI04_npp_d20140716_t1940087_e1945491_b14080_c20140717014549047847_noaa_ops.dspace_rad,VNFF_npp_d20140716_t1940087_e1945491_b14080_v21.csv,World_EEZ_v8_2014.shp,WPP_BFAR_merge.shp,KKP_IDN_merge_20161208.shp,VNF-VBD_npp_20120301-20151231_global_asia-enhanced_c201607211230.bitmask,NCEI_NGA.union.nga_lead2.add_2015ntl.mask,timezone.shp,VBD_platforms-recurring_2015_r20170330.shp,999999,VBD_bridges_c20160811.shp,19.107107;17.397036;14.693351;9.872889;5.028845;0.164623;-4.717433;-2.668029;-0.463942;4.408493;9.296770;14.195400,76.296768;90.732086;104.737396;103.313332;102.017212;100.838966;99.779457;86.144508;72.459229;73.563164;74.566231;75.490944,npp_d20140716_t1940087_e1945491_b14080,140.373,57.2389,69.8517,-81.1395,23.7116,86.303
1153,VBD_npp_d20140716_t1942153_x1026161E_y074957N_l1147_s4058_v23,2017-05-23 13:09:12,7.495722,102.616066,16.1188,2014-07-16 19:42:15,2014-07-17 02:42:15,1147,4058,0.117559,4,100773,0.314487,0.180708,0.641087,0.4,0.628722,0.75,0.0519289,0.0001,0.00203267,999999,-2.048054e-01,3,Thailand Exclusive Economic Zone,,,SVDNB_npp_d20140716_t1940087_e1945491_b14080_c20140717014549591992_noaa_ops.h5,GDNBO_npp_d20140716_t1940087_e1945491_b14080_c20140717014549591757_noaa_ops.h5,SVI04_npp_d20140716_t1940087_e1945491_b14080_c20140717014549047847_noaa_ops.dspace_rad,VNFF_npp_d20140716_t1940087_e1945491_b14080_v21.csv,World_EEZ_v8_2014.shp,WPP_BFAR_merge.shp,KKP_IDN_merge_20161208.shp,VNF-VBD_npp_20120301-20151231_global_asia-enhanced_c201607211230.bitmask,NCEI_NGA.union.nga_lead2.add_2015ntl.mask,timezone.shp,VBD_platforms-recurring_2015_r20170330.shp,999999,VBD_bridges_c20160811.shp,19.107107;17.397036;14.693351;9.872889;5.028845;0.164623;-4.717433;-2.668029;-0.463942;4.408493;9.296770;14.195400,76.296768;90.732086;104.737396;103.313332;102.017212;100.838966;99.779457;86.144508;72.459229;73.563164;74.566231;75.490944,npp_d20140716_t1940087_e1945491_b14080,133.939,50.5865,69.855,-78.8767,23.231,107.538
1154,VBD_npp_d20140716_t1942153_x1026232E_y074588N_l1152_s4060_v23,2017-05-23 13:09:12,7.458815,102.623245,19.0138,2014-07-16 19:42:15,2014-07-17 02:42:15,1152,4060,0.183908,1,35297,0.455541,0.168478,0.749094,0.4,0.796571,0.75,0.0519296,0.0001,0.00202472,999999,-9.168186e-02,3,Thailand Exclusive Economic Zone,,,SVDNB_npp_d20140716_t1940087_e1945491_b14080_c20140717014549591992_noaa_ops.h5,GDNBO_npp_d20140716_t1940087_e1945491_b14080_c20140717014549591757_noaa_ops.h5,SVI04_npp_d20140716_t1940087_e1945491_b14080_c20140717014549047847_noaa_ops.dspace_rad,VNFF_npp_d20140716_t1940087_e1945491_b14080_v21.csv,World_EEZ_v8_2014.shp,WPP_BFAR_merge.shp,KKP_IDN_merge_20161208.shp,VNF-VBD_npp_20120301-20151231_global_asia-enhanced_c201607211230.bitmask,NCEI_NGA.union.nga_lead2.add_2015ntl.mask,timezone.shp,VBD_platforms-recurring_2015_r20170330.shp,999999,VBD_bridges_c20160811.shp,19.107107;17.397036;14.693351;9.872889;5.028845;0.164623;-4.717433;-2.668029;-0.463942;4.408493;9.296770;14.195400,76.296768;90.732086;104.737396;103.313332;102.017212;100.838966;99.779457;86.144508;72.459229;73.563164;74.566231;75.490944,npp_d20140716_t1940087_e1945491_b14080,133.957,50.6193,69.8862,-78.7336,23.2128,107.461
1155,VBD_npp_d20140716_t1942171_x1026241E_y074586N_l1153_s4061_v23,2017-05-23 13:09:12,7.458568,102.624069,28.0125,2014-07-16 19:42:17,2014-07-17 02:42:17,1153,4061,0.183908,1,35297,0.621567,0.170596,0.749094,0.4,0.862246,0.75,0.0519297,0.0001,0.00199571,999999,-1.112668e-01,3,Thailand Exclusive Economic Zone,,,SVDNB_npp_d20140716_t1940087_e1945491_b14080_c20140717014549591992_noaa_ops.h5,GDNBO_npp_d20140716_t1940087_e1945491_b14080_c20140717014549591757_noaa_ops.h5,SVI04_npp_d20140716_t1940087_e1945491_b14080_c20140717014549047847_noaa_ops.dspace_rad,VNFF_npp_d20140716_t1940087_e1945491_b14080_v21.csv,World_EEZ_v8_2014.shp,WPP_BFAR_merge.shp,KKP_IDN_merge_20161208.shp,VNF-VBD_npp_20120301-20151231_global_asia-enhanced_c201607211230.bitmask,NCEI_NGA.union.nga_lead2.add_2015ntl.mask,timezone.shp,VBD_platforms-recurring_2015_r20170330.shp,999999,VBD_bridges_c20160811.shp,19.107107;17.397036;14.693351;9.872889;5.028845;0.164623;-4.717433;-2.668029;-0.463942;4.408493;9.296770;14.195400,76.296768;90.732086;104.737396;103.313332;102.017212;100.838966;99.779457;86.144508;72.459229;73.563164;74.566231;75.490944,npp_d20140716_t1940087_e1945491_b14080,133.951,50.6255,69.9036,-79.1825,23.205,107.467
1158,VBD_npp_d20140716_t1942082_x1027449E_y078598N_l1088_s4062_v23,2017-05-23 13:09:12,7.859842,102.744850,8.60037,2014-07-16 19:42:08,2014-07-17 02:42:08,1088,4062,0.322627,8,18849,0.322108,0.201811,0.696595,0.4,0.745789,0.75,0.0519203,0.0001,0.00199231,999999,999999,3,Thailand Exclusive Economic Zone,,,SVDNB_npp_d20140716_t1940087_e1945491_b14080_c20140717014549591992_noaa_ops.h5,GDNBO_npp_d20140716_t1940087_e1945491_b14080_c20140717014549591757_noaa_ops.h5,SVI04_npp_d20140716_t1940087_e1945491_b14080_c20140717014549047847_noaa_ops.dspace_rad,VNFF_npp_d20140716_t1940087_e1945491_b14080_v21.csv,World_EEZ_v8_2014.shp,WPP_BFAR_merge.shp,KKP_IDN_merge_20161208.shp,VNF-VBD_npp_20120301-20151231_global_asia-enhanced_c201607211230.bitmask,NCEI_NGA.union.nga_lead2.add_2015ntl.mask,timezone.shp,VBD_platforms-recurring_2015_r20170330.shp,0.721961,VBD_bridges_c20160811.shp,19.107107;17.397036;14.693351;9.872889;5.028845;0.164623;-4.717433;-2.668029;-0.463942;4.408493;9.296770;14.195400,76.296768;90.732086;104.737396;103.313332;102.017212;100.838966;99.779457;86.144508;72.459229;73.563164;74.566231;75.490944,npp_d20140716_t1940087_e1945491_b14080,133.632,50.3904,69.9154,-78.6212,23.2495,108.447
1160,VBD_npp_d20140716_t1942100_x1027461E_y078594N_l1089_s4063_v23,2017-05-23 13:09:12,7.859432,102.746063,6.20887,2014-07-16 19:42:10,2014-07-17 02:42:10,1089,4063,0.322627,8,18849,0.211653,0.201811,0.743494,0.4,0.630085,0.75,0.0519206,0.0001,0.00196062,999999,999999,3,Thailand Exclusive Economic Zone,,,SVDNB_npp_d20140716_t1940087_e1945491_b14080_c20140717014549591992_noaa_ops.h5,GDNBO_npp_d20140716_t1940087_e1945491_b14080_c20140717014549591757_noaa_ops.h5,SVI04_npp_d20140716_t1940087_e1945491_b14080_c20140717014549047847_noaa_ops.dspace_rad,VNFF_npp_d20140716_t1940087_e1945491_b14080_v21.csv,World_EEZ_v8_2014.shp,WPP_BFAR_merge.shp,KKP_IDN_merge_20161208.shp,VNF-VBD_npp_20120301-20151231_global_asia-enhanced_c201607211230.bitmask,NCEI_NGA.union.nga_lead2.add_2015ntl.mask,timezone.shp,VBD_platforms-recurring_2015_r20170330.shp,0.759855,VBD_bridges_c20160811.shp,19.107107;17.397036;14.693351;9.872889;5.028845;0.164623;-4.717433;-2.668029;-0.463942;4.408493;9.296770;14.195400,76.296768;90.732086;104.737396;103.313332;102.017212;100.838966;99.779457;86.144508;72.459229;73.563164;74.566231;75.490944,npp_d20140716_t1940087_e1945491_b14080,133.626,50.3971,69.9337,-79.0693,23.2413,108.453
2,VBD_npp_d20140716_t1946120_x0942533E_y052101S_l0194_s3289_v23,2017-05-23 13:08:17,-5.210111,94.253273,5.17924,2014-07-16 19:46:12,2014-07-17 01:46:12,194,3289,0.406709,1,2529,0.308745,0.155586,0.687386,0.4,0.834187,0.75,0.0483648,0.0001,0.0190973,999999,1.345500e-01,3,,,,SVDNB_npp_d20140716_t1945503_e1951290_b14080_c20140717015130656008_noaa_ops.h5,GDNBO_npp_d20140716_t1945503_e1951290_b14080_c20140717015130655712_noaa_ops.h5,SVI04_npp_d20140716_t1945503_e1951290_b14080_c20140717015130081749_noaa_ops.dspace_rad,VNFF_npp_d20140716_t1945503_e1951290_b14080_v21.csv,World_EEZ_v8_2014.shp,WPP_BFAR_merge.shp,KKP_IDN_merge_20161208.shp,VNF-VBD_npp_20120301-20151231_global_asia-enhanced_c201607211230.bitmask,NCEI_NGA.union.nga_lead2.add_2015ntl.mask,timezone.shp,VBD_platforms-recurring_2015_r20170330.shp,999999,VBD_bridges_c20160811.shp,-0.461461;-2.673660;-4.715898;-9.582170;-14.455520;-19.333700;-24.225046;-22.603115;-19.609562;-14.862299;-10.090533;-5.289284,72.452850;86.136497;99.773483;98.815598;97.945412;97.164742;96.482628;81.467415;66.835869;68.456345;69.923195;71.251541,npp_d20140716_t1945503_e1951290_b14080,147.398,57.7584,54.6333,-82.092,30.102,80.2386
3,VBD_npp_d20140716_t1946422_x0940789E_y070257S_l0470_s3319_v23,2017-05-23 13:08:17,-7.025733,94.078934,13.6684,2014-07-16 19:46:42,2014-07-17 01:46:42,470,3319,0.393118,1,2529,0.618537,0.163349,0.854392,0.4,0.932316,0.75,0.0481678,0.0001,0.0158152,999999,6.807931e-02,3,,,,SVDNB_npp_d20140716_t1945503_e1951290_b14080_c20140717015130656008_noaa_ops.h5,GDNBO_npp_d20140716_t1945503_e1951290_b14080_c20140717015130655712_noaa_ops.h5,SVI04_npp_d20140716_t1945503_e1951290_b14080_c20140717015130081749_noaa_ops.dspace_rad,VNFF_npp_d20140716_t1945503_e1951290_b14080_v21.csv,World_EEZ_v8_2014.shp,WPP_BFAR_merge.shp,KKP_IDN_merge_20161208.shp,VNF-VBD_npp_20120301-20151231_global_asia-enhanced_c201607211230.bitmask,NCEI_NGA.union.nga_lead2.add_2015ntl.mask,timezone.shp,VBD_platforms-recurring_2015_r20170330.shp,999999,VBD_bridges_c20160811.shp,-0.461461;-2.673660;-4.715898;-9.582170;-14.455520;-19.333700;-24.225046;-22.603115;-19.609562;-14.862299;-10.090533;-5.289284,72.452850;86.136497;99.773483;98.815598;97.945412;97.164742;96.482628;81.467415;66.835869;68.456345;69.923195;71.251541,npp_d20140716_t1945503_e1951290_b14080,148.375,60.2036,55.3953,-82.1772,30.516,77.151
4,VBD_npp_d20140716_t1946049_x0949566E_y049399S_l0138_s3381_v23,2017-05-23 13:08:17,-4.939929,94.956627,4.17694,2014-07-16 19:46:04,2014-07-17 01:46:04,138,3381,0.386876,1,2529,0.254524,0.160123,0.620087,0.4,0.822774,0.75,0.0488165,0.0001,0.0148571,999999,9.569840e-02,3,,,,SVDNB_npp_d20140716_t1945503_e1951290_b14080_c20140717015130656008_noaa_ops.h5,GDNBO_npp_d20140716_t1945503_e1951290_b14080_c20140717015130655712_noaa_ops.h5,SVI04_npp_d20140716_t1945503_e1951290_b14080_c20140717015130081749_noaa_ops.dspace_rad,VNFF_npp_d20140716_t1945503_e1951290_b14080_v21.csv,World_EEZ_v8_2014.shp,WPP_BFAR_merge.shp,KKP_IDN_merge_20161208.shp,VNF-VBD_npp_20120301-20151231_global_asia-enhanced_c201607211230.bitmask,NCEI_NGA.union.nga_lead2.add_2015ntl.mask,timezone.shp,VBD_platforms-recurring_2015_r20170330.shp,999999,VBD_bridges_c20160811.shp,-0.461461;-2.673660;-4.715898;-9.582170;-14.455520;-19.333700;-24.225046;-22.603115;-19.609562;-14.862299;-10.090533;-5.289284,72.452850;86.136497;99.773483;98.815598;97.945412;97.164742;96.482628;81.467415;66.835869;68.456345;69.923195;71.251541,npp_d20140716_t1945503_e1951290_b14080,146.686,57.8972,56.9519,-81.7314,29.3832,80.454
5,VBD_npp_d20140716_t1946102_x0954939E_y053633S_l0190_s3470_v23,2017-05-23 13:08:17,-5.363256,95.493942,15.6151,2014-07-16 19:46:10,2014-07-17 01:46:10,190,3470,0.38566,1,2529,0.644735,0.166299,0.822707,0.4,0.930442,0.75,0.0490914,0.0001,0.0110994,999999,4.282409e-02,3,,,,SVDNB_npp_d20140716_t1945503_e1951290_b14080_c20140717015130656008_noaa_ops.h5,GDNBO_npp_d20140716_t1945503_e1951290_b14080_c20140717015130655712_noaa_ops.h5,SVI04_npp_d20140716_t1945503_e1951290_b14080_c20140717015130081749_noaa_ops.dspace_rad,VNFF_npp_d20140716_t1945503_e1951290_b14080_v21.csv,World_EEZ_v8_2014.shp,WPP_BFAR_merge.shp,KKP_IDN_merge_20161208.shp,VNF-VBD_npp_20120301-20151231_global_asia-enhanced_c201607211230.bitmask,NCEI_NGA.union.nga_lead2.add_2015ntl.mask,timezone.shp,VBD_platforms-recurring_2015_r20170330.shp,999999,VBD_bridges_c20160811.shp,-0.461461;-2.673660;-4.715898;-9.582170;-14.455520;-19.333700;-24.225046;-22.603115;-19.609562;-14.862299;-10.090533;-5.289284,72.452850;86.136497;99.773483;98.815598;97.945412;97.164742;96.482628;81.467415;66.835869;68.456345;69.923195;71.251541,npp_d20140716_t1945503_e1951290_b14080,146.434,58.8353,59.0507,-81.6861,28.9017,79.4631
6,VBD_npp_d20140716_t1946422_x0957004E_y072215S_l0466_s3555_v23,2017-05-23 13:08:17,-7.221464,95.700386,5.39613,2014-07-16 19:46:42,2014-07-17 01:46:42,466,3555,0.387152,1,2529,0.33367,0.16815,0.71808,0.4,0.873281,0.75,0.0490994,0.0001,0.0077949,999999,2.697535e-02,3,,,,SVDNB_npp_d20140716_t1945503_e1951290_b14080_c20140717015130656008_noaa_ops.h5,GDNBO_npp_d20140716_t1945503_e1951290_b14080_c20140717015130655712_noaa_ops.h5,SVI04_npp_d20140716_t1945503_e1951290_b14080_c20140717015130081749_noaa_ops.dspace_rad,VNFF_npp_d20140716_t1945503_e1951290_b14080_v21.csv,World_EEZ_v8_2014.shp,WPP_BFAR_merge.shp,KKP_IDN_merge_20161208.shp,VNF-VBD_npp_20120301-20151231_global_asia-enhanced_c201607211230.bitmask,NCEI_NGA.union.nga_lead2.add_2015ntl.mask,timezone.shp,VBD_platforms-recurring_2015_r20170330.shp,999999,VBD_bridges_c20160811.shp,-0.461461;-2.673660;-4.715898;-9.582170;-14.455520;-19.333700;-24.225046;-22.603115;-19.609562;-14.862299;-10.090533;-5.289284,72.452850;86.136497;99.773483;98.815598;97.945412;97.164742;96.482628;81.467415;66.835869;68.456345;69.923195;71.251541,npp_d20140716_t1945503_e1951290_b14080,147.065,61.5135,60.9239,-82.5141,28.9734,75.9416
0,,,999999.000000,999999.000000,999999,,,999999,999999,999999,999999,999999,999999,999999,999999,999999,999999,999999,999999,999999,999999,999999,999999,999999,,,,SVDNB_npp_d20140716_t1615175_e1620579_b14078_c20140716222059178871_noaa_ops.h5,GDNBO_npp_d20140716_t1615175_e1620579_b14078_c20140716222059178585_noaa_ops.h5,SVI04_npp_d20140716_t1615175_e1620579_b14078_c20140716222058737178_noaa_ops.dspace_rad,VNFF_npp_d20140716_t1615175_e1620579_b14078_v21.csv,World_EEZ_v8_2014.shp,WPP_BFAR_merge.shp,KKP_IDN_merge_20161208.shp,VNF-VBD_npp_20120301-20151231_global_asia-enhanced_c201607211230.bitmask,NCEI_NGA.union.nga_lead2.add_2015ntl.mask,timezone.shp,VBD_platforms-recurring_2015_r20170330.shp,999999,VBD_bridges_c20160811.shp,25.505713;23.915071;20.916197;16.139736;11.329913;6.491830;1.632247;3.864733;5.880423;10.772775;15.676961;20.587721,127.971848;143.092026;157.594055;155.952896;154.472366;153.140320;151.929855;138.361389;124.632050;125.607208;126.485077;127.277145,npp_d20140716_t1615175_e1620579_b14078,999999,999999,999999,999999,999999,999999
0,,,999999.000000,999999.000000,999999,,,999999,999999,999999,999999,999999,999999,999999,999999,999999,999999,999999,999999,999999,999999,999999,999999,999999,,,,SVDNB_npp_d20140716_t1626408_e1632212_b14078_c20140716223221302972_noaa_ops.h5,GDNBO_npp_d20140716_t1626408_e1632212_b14078_c20140716223221302711_noaa_ops.h5,SVI04_npp_d20140716_t1626408_e1632212_b14078_c20140716223221808610_noaa_ops.dspace_rad,VNFF_npp_d20140716_t1626408_e1632212_b14078_v21.csv,World_EEZ_v8_2014.shp,WPP_BFAR_merge.shp,KKP_IDN_merge_20161208.shp,VNF-VBD_npp_20120301-20151231_global_asia-enhanced_c201607211230.bitmask,NCEI_NGA.union.nga_lead2.add_2015ntl.mask,timezone.shp,VBD_platforms-recurring_2015_r20170330.shp,999999,VBD_bridges_c20160811.shp,-13.499956;-16.204130;-17.937309;-22.847622;-27.757599;-32.665363;-37.568241;-36.146130;-32.316013;-27.696953;-23.013338;-18.277754,119.642403;133.772583;148.117508;147.392395;146.778336;146.253799;145.826477;128.464691;112.062325;114.317444;116.301582;118.061661,npp_d20140716_t1626408_e1632212_b14078,999999,999999,999999,999999,999999,999999
